2024-07-17 23:30:21.797377 INFO: eventNum: 1
2024-07-17 23:30:21.797437 INFO: fd: 13, events: 1

2024-07-17 23:30:21.797443 INFO: HandleListenEvent 13
2024-07-17 23:30:21.797453 INFO: HttpConn 37 init success
2024-07-17 23:30:21.797458 INFO: addTimer id:37 expireTime:1721230721
2024-07-17 23:30:21.797467 INFO: Client[37] in!
2024-07-17 23:30:21.797471 INFO: HandleListenEvent 13
2024-07-17 23:30:21.797479 ERROR: Accept failure -1
2024-07-17 23:30:21.797560 INFO: eventNum: 1
2024-07-17 23:30:21.797585 INFO: fd: 13, events: 1

2024-07-17 23:30:21.797590 INFO: HandleListenEvent 13
2024-07-17 23:30:21.797601 INFO: HttpConn 38 init success
2024-07-17 23:30:21.797606 INFO: addTimer id:38 expireTime:1721230721
2024-07-17 23:30:21.797614 INFO: Client[38] in!
2024-07-17 23:30:21.797619 INFO: HandleListenEvent 13
2024-07-17 23:30:21.797629 INFO: HttpConn 39 init success
2024-07-17 23:30:21.797634 INFO: addTimer id:39 expireTime:1721230721
2024-07-17 23:30:21.797641 INFO: Client[39] in!
2024-07-17 23:30:21.797646 INFO: HandleListenEvent 13
2024-07-17 23:30:21.797653 ERROR: Accept failure -1
2024-07-17 23:30:21.797732 INFO: eventNum: 1
2024-07-17 23:30:21.797749 INFO: fd: 13, events: 1

2024-07-17 23:30:21.797754 INFO: HandleListenEvent 13
2024-07-17 23:30:21.797761 INFO: HttpConn 40 init success
2024-07-17 23:30:21.797766 INFO: addTimer id:40 expireTime:1721230721
2024-07-17 23:30:21.797774 INFO: Client[40] in!
2024-07-17 23:30:21.797779 INFO: HandleListenEvent 13
2024-07-17 23:30:21.797786 ERROR: Accept failure -1
2024-07-17 23:30:21.797958 INFO: eventNum: 1
2024-07-17 23:30:21.797969 INFO: fd: 13, events: 1

2024-07-17 23:30:21.797973 INFO: HandleListenEvent 13
2024-07-17 23:30:21.797984 INFO: HttpConn 41 init success
2024-07-17 23:30:21.797989 INFO: addTimer id:41 expireTime:1721230721
2024-07-17 23:30:21.797997 INFO: Client[41] in!
2024-07-17 23:30:21.798002 INFO: HandleListenEvent 13
2024-07-17 23:30:21.798009 ERROR: Accept failure -1
2024-07-17 23:30:21.798139 INFO: eventNum: 1
2024-07-17 23:30:21.798151 INFO: fd: 13, events: 1

2024-07-17 23:30:21.798155 INFO: HandleListenEvent 13
2024-07-17 23:30:21.798166 INFO: HttpConn 42 init success
2024-07-17 23:30:21.798171 INFO: addTimer id:42 expireTime:1721230721
2024-07-17 23:30:21.798179 INFO: Client[42] in!
2024-07-17 23:30:21.798184 INFO: HandleListenEvent 13
2024-07-17 23:30:21.798191 ERROR: Accept failure -1
2024-07-17 23:30:21.798374 INFO: eventNum: 1
2024-07-17 23:30:21.798388 INFO: fd: 13, events: 1

2024-07-17 23:30:21.798393 INFO: HandleListenEvent 13
2024-07-17 23:30:21.798407 INFO: HttpConn 43 init success
2024-07-17 23:30:21.798412 INFO: addTimer id:43 expireTime:1721230721
2024-07-17 23:30:21.798420 INFO: Client[43] in!
2024-07-17 23:30:21.798428 INFO: HandleListenEvent 13
2024-07-17 23:30:21.798435 ERROR: Accept failure -1
2024-07-17 23:30:21.798589 INFO: eventNum: 1
2024-07-17 23:30:21.798600 INFO: fd: 13, events: 1

2024-07-17 23:30:21.798604 INFO: HandleListenEvent 13
2024-07-17 23:30:21.798614 INFO: HttpConn 44 init success
2024-07-17 23:30:21.798620 INFO: addTimer id:44 expireTime:1721230721
2024-07-17 23:30:21.798628 INFO: Client[44] in!
2024-07-17 23:30:21.798633 INFO: HandleListenEvent 13
2024-07-17 23:30:21.798640 ERROR: Accept failure -1
2024-07-17 23:30:21.798693 INFO: eventNum: 1
2024-07-17 23:30:21.798699 INFO: fd: 13, events: 1

2024-07-17 23:30:21.798703 INFO: HandleListenEvent 13
2024-07-17 23:30:21.798716 INFO: HttpConn 45 init success
2024-07-17 23:30:21.798721 INFO: addTimer id:45 expireTime:1721230721
2024-07-17 23:30:21.798730 INFO: Client[45] in!
2024-07-17 23:30:21.798735 INFO: HandleListenEvent 13
2024-07-17 23:30:21.798744 INFO: HttpConn 46 init success
2024-07-17 23:30:21.798749 INFO: addTimer id:46 expireTime:1721230721
2024-07-17 23:30:21.798757 INFO: Client[46] in!
2024-07-17 23:30:21.798761 INFO: HandleListenEvent 13
2024-07-17 23:30:21.798770 INFO: HttpConn 47 init success
2024-07-17 23:30:21.798775 INFO: addTimer id:47 expireTime:1721230721
2024-07-17 23:30:21.798783 INFO: Client[47] in!
2024-07-17 23:30:21.798787 INFO: HandleListenEvent 13
2024-07-17 23:30:21.798803 INFO: HttpConn 48 init success
2024-07-17 23:30:21.798808 INFO: addTimer id:48 expireTime:1721230721
2024-07-17 23:30:21.798815 INFO: Client[48] in!
2024-07-17 23:30:21.798820 INFO: HandleListenEvent 13
2024-07-17 23:30:21.798827 ERROR: Accept failure -1
2024-07-17 23:30:21.799344 INFO: eventNum: 1
2024-07-17 23:30:21.799356 INFO: fd: 30, events: 8193

2024-07-17 23:30:21.799375 INFO: HttpConn 30 close success
2024-07-17 23:30:21.799384 INFO: Client[30] quit!
2024-07-17 23:30:21.799389 INFO: eventNum: 1
2024-07-17 23:30:21.799394 INFO: fd: 13, events: 1

2024-07-17 23:30:21.799398 INFO: HandleListenEvent 13
2024-07-17 23:30:21.799409 INFO: HttpConn 30 init success
2024-07-17 23:30:21.799415 INFO: addTimer id:30 expireTime:1721230721
2024-07-17 23:30:21.799423 INFO: Client[30] in!
2024-07-17 23:30:21.799428 INFO: HandleListenEvent 13
2024-07-17 23:30:21.799438 ERROR: Accept failure -1
2024-07-17 23:30:21.799752 INFO: eventNum: 1
2024-07-17 23:30:21.799768 INFO: fd: 16, events: 8193

2024-07-17 23:30:21.799786 INFO: HttpConn 16 close success
2024-07-17 23:30:21.799794 INFO: Client[16] quit!
2024-07-17 23:30:21.801057 INFO: eventNum: 1
2024-07-17 23:30:21.801081 INFO: fd: 41, events: 1

2024-07-17 23:30:21.801096 INFO: HttpConn 41 read success
2024-07-17 23:30:21.801112 INFO: GET / HTTP/1.1
2024-07-17 23:30:21.801121 INFO: Host: 39.98.202.182:9006
2024-07-17 23:30:21.801126 INFO: User-Agent: Go-http-client/1.1
2024-07-17 23:30:21.801130 INFO: oop!unknow header: User-Agent: Go-http-client/1.1
2024-07-17 23:30:21.801135 INFO: X-Vegeta-Seq: 2541
2024-07-17 23:30:21.801139 INFO: oop!unknow header: X-Vegeta-Seq: 2541
2024-07-17 23:30:21.801144 INFO: Accept-Encoding: gzip
2024-07-17 23:30:21.801148 INFO: oop!unknow header: Accept-Encoding: gzip
2024-07-17 23:30:21.801152 INFO: 
2024-07-17 23:30:21.801174 INFO: request:HTTP/1.1 200 OK

2024-07-17 23:30:21.801180 INFO: request:HTTP/1.1 200 OK
Content-Length:542

2024-07-17 23:30:21.801184 INFO: request:HTTP/1.1 200 OK
Content-Length:542
Connection:close

2024-07-17 23:30:21.801188 INFO: request:HTTP/1.1 200 OK
Content-Length:542
Connection:close


2024-07-17 23:30:21.801205 INFO: Thread 140246131258944 is running task

2024-07-17 23:30:21.801215 INFO: eventNum: 1
2024-07-17 23:30:21.801219 INFO: fd: 41, events: 4

2024-07-17 23:30:21.801257 INFO: Thread 140246106080832 is running task

2024-07-17 23:30:21.801698 INFO: eventNum: 1
2024-07-17 23:30:21.801730 INFO: fd: 35, events: 1

2024-07-17 23:30:21.801753 INFO: HttpConn 35 read success
2024-07-17 23:30:21.801768 INFO: GET / HTTP/1.1
2024-07-17 23:30:21.801773 INFO: Host: 39.98.202.182:9006
2024-07-17 23:30:21.801778 INFO: User-Agent: Go-http-client/1.1
2024-07-17 23:30:21.801782 INFO: oop!unknow header: User-Agent: Go-http-client/1.1
2024-07-17 23:30:21.801787 INFO: X-Vegeta-Seq: 2533
2024-07-17 23:30:21.801791 INFO: oop!unknow header: X-Vegeta-Seq: 2533
2024-07-17 23:30:21.801796 INFO: Accept-Encoding: gzip
2024-07-17 23:30:21.801800 INFO: oop!unknow header: Accept-Encoding: gzip
2024-07-17 23:30:21.801804 INFO: 
2024-07-17 23:30:21.801820 INFO: request:HTTP/1.1 200 OK

2024-07-17 23:30:21.801825 INFO: request:HTTP/1.1 200 OK
Content-Length:542

2024-07-17 23:30:21.801829 INFO: request:HTTP/1.1 200 OK
Content-Length:542
Connection:close

2024-07-17 23:30:21.801830 INFO: eventNum: 1
2024-07-17 23:30:21.801835 INFO: request:HTTP/1.1 200 OK
Content-Length:542
Connection:close


2024-07-17 23:30:21.801881 INFO: fd: 31, events: 8193

2024-07-17 23:30:21.801893 INFO: Thread 140246097688128 is running task

2024-07-17 23:30:21.801940 INFO: HttpConn 31 close success
2024-07-17 23:30:21.801950 INFO: Client[31] quit!
2024-07-17 23:30:21.801957 INFO: eventNum: 3
2024-07-17 23:30:21.801961 INFO: fd: 35, events: 4

2024-07-17 23:30:21.801974 INFO: fd: 40, events: 1

2024-07-17 23:30:21.801989 INFO: HttpConn 40 read success
2024-07-17 23:30:21.802003 INFO: GET / HTTP/1.1
2024-07-17 23:30:21.802003 INFO: Thread 140246139651648 is running task

2024-07-17 23:30:21.802020 INFO: fd: 37, events: 1

2024-07-17 23:30:21.802013 INFO: Host: 39.98.202.182:9006
2024-07-17 23:30:21.802056 INFO: User-Agent: Go-http-client/1.1
2024-07-17 23:30:21.802064 INFO: oop!unknow header: User-Agent: Go-http-client/1.1
2024-07-17 23:30:21.802071 INFO: X-Vegeta-Seq: 2535
2024-07-17 23:30:21.802077 INFO: oop!unknow header: X-Vegeta-Seq: 2535
2024-07-17 23:30:21.802083 INFO: Accept-Encoding: gzip
2024-07-17 23:30:21.802091 INFO: oop!unknow header: Accept-Encoding: gzip
2024-07-17 23:30:21.802096 INFO: 
2024-07-17 23:30:21.802151 INFO: request:HTTP/1.1 200 OK

2024-07-17 23:30:21.802158 INFO: request:HTTP/1.1 200 OK
Content-Length:542

2024-07-17 23:30:21.802163 INFO: request:HTTP/1.1 200 OK
Content-Length:542
Connection:close

2024-07-17 23:30:21.802167 INFO: request:HTTP/1.1 200 OK
Content-Length:542
Connection:close


2024-07-17 23:30:21.802180 INFO: Thread 140246114473536 is running task

2024-07-17 23:30:21.802197 INFO: eventNum: 2
2024-07-17 23:30:21.802201 INFO: HttpConn 37 read success
2024-07-17 23:30:21.802203 INFO: fd: 36, events: 1

2024-07-17 23:30:21.802219 INFO: GET / HTTP/1.1
2024-07-17 23:30:21.802246 INFO: Host: 39.98.202.182:9006
2024-07-17 23:30:21.802248 INFO: HttpConn 36 read success
2024-07-17 23:30:21.802267 INFO: GET / HTTP/1.1
2024-07-17 23:30:21.802275 INFO: Host: 39.98.202.182:9006
2024-07-17 23:30:21.802282 INFO: User-Agent: Go-http-client/1.1
2024-07-17 23:30:21.802289 INFO: oop!unknow header: User-Agent: Go-http-client/1.1
2024-07-17 23:30:21.802295 INFO: X-Vegeta-Seq: 2531
2024-07-17 23:30:21.802302 INFO: oop!unknow header: X-Vegeta-Seq: 2531
2024-07-17 23:30:21.802308 INFO: Accept-Encoding: gzip
2024-07-17 23:30:21.802314 INFO: oop!unknow header: Accept-Encoding: gzip
2024-07-17 23:30:21.802320 INFO: 
2024-07-17 23:30:21.802352 INFO: request:HTTP/1.1 200 OK

2024-07-17 23:30:21.802360 INFO: request:HTTP/1.1 200 OK
Content-Length:542

2024-07-17 23:30:21.802364 INFO: request:HTTP/1.1 200 OK
Content-Length:542
Connection:close

2024-07-17 23:30:21.802368 INFO: request:HTTP/1.1 200 OK
Content-Length:542
Connection:close


2024-07-17 23:30:21.802379 INFO: Thread 140246156437056 is running task

2024-07-17 23:30:21.802251 INFO: User-Agent: Go-http-client/1.1
2024-07-17 23:30:21.802396 INFO: oop!unknow header: User-Agent: Go-http-client/1.1
2024-07-17 23:30:21.802401 INFO: X-Vegeta-Seq: 2534
2024-07-17 23:30:21.802406 INFO: oop!unknow header: X-Vegeta-Seq: 2534
2024-07-17 23:30:21.802410 INFO: Accept-Encoding: gzip
2024-07-17 23:30:21.802415 INFO: oop!unknow header: Accept-Encoding: gzip
2024-07-17 23:30:21.802419 INFO: 
2024-07-17 23:30:21.802431 INFO: request:HTTP/1.1 200 OK

2024-07-17 23:30:21.802448 INFO: request:HTTP/1.1 200 OK
Content-Length:542

2024-07-17 23:30:21.802453 INFO: request:HTTP/1.1 200 OK
Content-Length:542
Connection:close

2024-07-17 23:30:21.802464 INFO: request:HTTP/1.1 200 OK
Content-Length:542
Connection:close


2024-07-17 23:30:21.802473 INFO: Thread 140246148044352 is running task

2024-07-17 23:30:21.802481 INFO: fd: 40, events: 4

2024-07-17 23:30:21.802571 INFO: Thread 140246122866240 is running task

2024-07-17 23:30:21.802594 INFO: eventNum: 8
2024-07-17 23:30:21.802602 INFO: fd: 32, events: 8193

2024-07-17 23:30:21.802628 INFO: HttpConn 32 close success
2024-07-17 23:30:21.802633 INFO: Client[32] quit!
2024-07-17 23:30:21.802638 INFO: fd: 36, events: 4

2024-07-17 23:30:21.802649 INFO: fd: 38, events: 1

2024-07-17 23:30:21.802657 INFO: fd: 34, events: 1

2024-07-17 23:30:21.802673 INFO: fd: 37, events: 4

2024-07-17 23:30:21.802678 INFO: Thread 140246131258944 is running task

2024-07-17 23:30:21.802691 INFO: HttpConn 38 read success
2024-07-17 23:30:21.802698 INFO: GET / HTTP/1.1
2024-07-17 23:30:21.802704 INFO: Host: 39.98.202.182:9006
2024-07-17 23:30:21.802708 INFO: User-Agent: Go-http-client/1.1
2024-07-17 23:30:21.802712 INFO: oop!unknow header: User-Agent: Go-http-client/1.1
2024-07-17 23:30:21.802717 INFO: X-Vegeta-Seq: 2538
2024-07-17 23:30:21.802721 INFO: oop!unknow header: X-Vegeta-Seq: 2538
2024-07-17 23:30:21.802725 INFO: Accept-Encoding: gzip
2024-07-17 23:30:21.802735 INFO: oop!unknow header: Accept-Encoding: gzip
2024-07-17 23:30:21.802739 INFO: 
2024-07-17 23:30:21.802754 INFO: request:HTTP/1.1 200 OK

2024-07-17 23:30:21.802758 INFO: request:HTTP/1.1 200 OK
Content-Length:542

2024-07-17 23:30:21.802763 INFO: request:HTTP/1.1 200 OK
Content-Length:542
Connection:close

2024-07-17 23:30:21.802767 INFO: request:HTTP/1.1 200 OK
Content-Length:542
Connection:close


2024-07-17 23:30:21.802774 INFO: Thread 140246131258944 is running task

2024-07-17 23:30:21.802779 INFO: HttpConn 34 read success
2024-07-17 23:30:21.802786 INFO: GET / HTTP/1.1
2024-07-17 23:30:21.802790 INFO: Host: 39.98.202.182:9006
2024-07-17 23:30:21.802795 INFO: User-Agent: Go-http-client/1.1
2024-07-17 23:30:21.802799 INFO: oop!unknow header: User-Agent: Go-http-client/1.1
2024-07-17 23:30:21.802803 INFO: X-Vegeta-Seq: 2529
2024-07-17 23:30:21.802807 INFO: oop!unknow header: X-Vegeta-Seq: 2529
2024-07-17 23:30:21.802811 INFO: Accept-Encoding: gzip
2024-07-17 23:30:21.802815 INFO: oop!unknow header: Accept-Encoding: gzip
2024-07-17 23:30:21.802820 INFO: 
2024-07-17 23:30:21.802830 INFO: request:HTTP/1.1 200 OK

2024-07-17 23:30:21.802835 INFO: request:HTTP/1.1 200 OK
Content-Length:542

2024-07-17 23:30:21.802839 INFO: request:HTTP/1.1 200 OK
Content-Length:542
Connection:close

2024-07-17 23:30:21.802846 INFO: request:HTTP/1.1 200 OK
Content-Length:542
Connection:close


2024-07-17 23:30:21.802855 INFO: Thread 140246131258944 is running task

2024-07-17 23:30:21.802875 INFO: Thread 140246131258944 is running task

2024-07-17 23:30:21.802916 INFO: fd: 39, events: 1

2024-07-17 23:30:21.802973 INFO: HttpConn 39 read success
2024-07-17 23:30:21.802987 INFO: GET / HTTP/1.1
2024-07-17 23:30:21.802993 INFO: Host: 39.98.202.182:9006
2024-07-17 23:30:21.802998 INFO: User-Agent: Go-http-client/1.1
2024-07-17 23:30:21.803002 INFO: oop!unknow header: User-Agent: Go-http-client/1.1
2024-07-17 23:30:21.803006 INFO: X-Vegeta-Seq: 2537
2024-07-17 23:30:21.803011 INFO: oop!unknow header: X-Vegeta-Seq: 2537
2024-07-17 23:30:21.803015 INFO: Accept-Encoding: gzip
2024-07-17 23:30:21.803019 INFO: oop!unknow header: Accept-Encoding: gzip
2024-07-17 23:30:21.803023 INFO: 
2024-07-17 23:30:21.803040 INFO: request:HTTP/1.1 200 OK

2024-07-17 23:30:21.803045 INFO: request:HTTP/1.1 200 OK
Content-Length:542

2024-07-17 23:30:21.803049 INFO: request:HTTP/1.1 200 OK
Content-Length:542
Connection:close

2024-07-17 23:30:21.803053 INFO: request:HTTP/1.1 200 OK
Content-Length:542
Connection:close


2024-07-17 23:30:21.803063 INFO: Thread 140246114473536 is running task

2024-07-17 23:30:21.803071 INFO: fd: 26, events: 8193

2024-07-17 23:30:21.803089 INFO: HttpConn 26 close success
2024-07-17 23:30:21.803096 INFO: Client[26] quit!
2024-07-17 23:30:21.803103 INFO: fd: 33, events: 8193

2024-07-17 23:30:21.803116 INFO: HttpConn 33 close success
2024-07-17 23:30:21.803121 INFO: Client[33] quit!
2024-07-17 23:30:21.803130 INFO: eventNum: 9
2024-07-17 23:30:21.803134 INFO: fd: 18, events: 8193

2024-07-17 23:30:21.803145 INFO: HttpConn 18 close success
2024-07-17 23:30:21.803153 INFO: Client[18] quit!
2024-07-17 23:30:21.803157 INFO: fd: 28, events: 8193

2024-07-17 23:30:21.803170 INFO: HttpConn 28 close success
2024-07-17 23:30:21.803175 INFO: Client[28] quit!
2024-07-17 23:30:21.803180 INFO: fd: 38, events: 4

2024-07-17 23:30:21.803207 INFO: Thread 140246156437056 is running task

2024-07-17 23:30:21.803217 INFO: fd: 45, events: 1

2024-07-17 23:30:21.803231 INFO: HttpConn 45 read success
2024-07-17 23:30:21.803242 INFO: GET / HTTP/1.1
2024-07-17 23:30:21.803249 INFO: Host: 39.98.202.182:9006
2024-07-17 23:30:21.803255 INFO: User-Agent: Go-http-client/1.1
2024-07-17 23:30:21.803261 INFO: oop!unknow header: User-Agent: Go-http-client/1.1
2024-07-17 23:30:21.803268 INFO: X-Vegeta-Seq: 2548
2024-07-17 23:30:21.803274 INFO: oop!unknow header: X-Vegeta-Seq: 2548
2024-07-17 23:30:21.803280 INFO: Accept-Encoding: gzip
2024-07-17 23:30:21.803286 INFO: oop!unknow header: Accept-Encoding: gzip
2024-07-17 23:30:21.803300 INFO: 
2024-07-17 23:30:21.803320 INFO: request:HTTP/1.1 200 OK

2024-07-17 23:30:21.803325 INFO: request:HTTP/1.1 200 OK
Content-Length:542

2024-07-17 23:30:21.803329 INFO: request:HTTP/1.1 200 OK
Content-Length:542
Connection:close

2024-07-17 23:30:21.803334 INFO: request:HTTP/1.1 200 OK
Content-Length:542
Connection:close


2024-07-17 23:30:21.803343 INFO: Thread 140246148044352 is running task

2024-07-17 23:30:21.803352 INFO: fd: 46, events: 1

2024-07-17 23:30:21.803365 INFO: HttpConn 46 read success
2024-07-17 23:30:21.803373 INFO: GET / HTTP/1.1
2024-07-17 23:30:21.803379 INFO: Host: 39.98.202.182:9006
2024-07-17 23:30:21.803383 INFO: User-Agent: Go-http-client/1.1
2024-07-17 23:30:21.803387 INFO: oop!unknow header: User-Agent: Go-http-client/1.1
2024-07-17 23:30:21.803391 INFO: X-Vegeta-Seq: 2546
2024-07-17 23:30:21.803395 INFO: oop!unknow header: X-Vegeta-Seq: 2546
2024-07-17 23:30:21.803400 INFO: Accept-Encoding: gzip
2024-07-17 23:30:21.803404 INFO: oop!unknow header: Accept-Encoding: gzip
2024-07-17 23:30:21.803408 INFO: 
2024-07-17 23:30:21.803421 INFO: request:HTTP/1.1 200 OK

2024-07-17 23:30:21.803425 INFO: request:HTTP/1.1 200 OK
Content-Length:542

2024-07-17 23:30:21.803430 INFO: request:HTTP/1.1 200 OK
Content-Length:542
Connection:close

2024-07-17 23:30:21.803434 INFO: request:HTTP/1.1 200 OK
Content-Length:542
Connection:close


2024-07-17 23:30:21.803440 INFO: Thread 140246122866240 is running task

2024-07-17 23:30:21.803447 INFO: fd: 34, events: 4

2024-07-17 23:30:21.803459 INFO: fd: 47, events: 1

2024-07-17 23:30:21.803467 INFO: fd: 42, events: 1

2024-07-17 23:30:21.803477 INFO: fd: 39, events: 4

2024-07-17 23:30:21.803482 INFO: Thread 140246131258944 is running task

2024-07-17 23:30:21.803493 INFO: HttpConn 47 read success
2024-07-17 23:30:21.803519 INFO: GET / HTTP/1.1
2024-07-17 23:30:21.803524 INFO: Host: 39.98.202.182:9006
2024-07-17 23:30:21.803528 INFO: User-Agent: Go-http-client/1.1
2024-07-17 23:30:21.803533 INFO: oop!unknow header: User-Agent: Go-http-client/1.1
2024-07-17 23:30:21.803537 INFO: X-Vegeta-Seq: 2547
2024-07-17 23:30:21.803541 INFO: oop!unknow header: X-Vegeta-Seq: 2547
2024-07-17 23:30:21.803545 INFO: Accept-Encoding: gzip
2024-07-17 23:30:21.803549 INFO: oop!unknow header: Accept-Encoding: gzip
2024-07-17 23:30:21.803553 INFO: 
2024-07-17 23:30:21.803566 INFO: request:HTTP/1.1 200 OK

2024-07-17 23:30:21.803571 INFO: request:HTTP/1.1 200 OK
Content-Length:542

2024-07-17 23:30:21.803575 INFO: request:HTTP/1.1 200 OK
Content-Length:542
Connection:close

2024-07-17 23:30:21.803579 INFO: request:HTTP/1.1 200 OK
Content-Length:542
Connection:close


2024-07-17 23:30:21.803585 INFO: Thread 140246131258944 is running task

2024-07-17 23:30:21.803591 INFO: HttpConn 42 read success
2024-07-17 23:30:21.803597 INFO: GET / HTTP/1.1
2024-07-17 23:30:21.803601 INFO: Host: 39.98.202.182:9006
2024-07-17 23:30:21.803606 INFO: User-Agent: Go-http-client/1.1
2024-07-17 23:30:21.803610 INFO: oop!unknow header: User-Agent: Go-http-client/1.1
2024-07-17 23:30:21.803614 INFO: X-Vegeta-Seq: 2536
2024-07-17 23:30:21.803618 INFO: oop!unknow header: X-Vegeta-Seq: 2536
2024-07-17 23:30:21.803622 INFO: Accept-Encoding: gzip
2024-07-17 23:30:21.803626 INFO: oop!unknow header: Accept-Encoding: gzip
2024-07-17 23:30:21.803631 INFO: 
2024-07-17 23:30:21.803642 INFO: request:HTTP/1.1 200 OK

2024-07-17 23:30:21.803647 INFO: request:HTTP/1.1 200 OK
Content-Length:542

2024-07-17 23:30:21.803651 INFO: request:HTTP/1.1 200 OK
Content-Length:542
Connection:close

2024-07-17 23:30:21.803655 INFO: request:HTTP/1.1 200 OK
Content-Length:542
Connection:close


2024-07-17 23:30:21.803661 INFO: Thread 140246131258944 is running task

2024-07-17 23:30:21.803678 INFO: Thread 140246131258944 is running task

2024-07-17 23:30:21.803722 INFO: eventNum: 4
2024-07-17 23:30:21.803735 INFO: fd: 45, events: 4

2024-07-17 23:30:21.803769 INFO: Thread 140246114473536 is running task

2024-07-17 23:30:21.803779 INFO: fd: 46, events: 4

2024-07-17 23:30:21.803801 INFO: Thread 140246156437056 is running task

2024-07-17 23:30:21.803815 INFO: fd: 47, events: 4

2024-07-17 23:30:21.803837 INFO: Thread 140246148044352 is running task

2024-07-17 23:30:21.803845 INFO: fd: 42, events: 4

2024-07-17 23:30:21.803866 INFO: Thread 140246122866240 is running task

2024-07-17 23:30:21.804136 INFO: eventNum: 1
2024-07-17 23:30:21.804153 INFO: fd: 17, events: 8193

2024-07-17 23:30:21.804170 INFO: HttpConn 17 close success
2024-07-17 23:30:21.804175 INFO: Client[17] quit!
2024-07-17 23:30:21.804995 INFO: eventNum: 1
2024-07-17 23:30:21.805018 INFO: fd: 44, events: 1

2024-07-17 23:30:21.805037 INFO: HttpConn 44 read success
2024-07-17 23:30:21.805054 INFO: GET / HTTP/1.1
2024-07-17 23:30:21.805060 INFO: Host: 39.98.202.182:9006
2024-07-17 23:30:21.805064 INFO: User-Agent: Go-http-client/1.1
2024-07-17 23:30:21.805069 INFO: oop!unknow header: User-Agent: Go-http-client/1.1
2024-07-17 23:30:21.805073 INFO: X-Vegeta-Seq: 2544
2024-07-17 23:30:21.805077 INFO: oop!unknow header: X-Vegeta-Seq: 2544
2024-07-17 23:30:21.805081 INFO: Accept-Encoding: gzip
2024-07-17 23:30:21.805085 INFO: oop!unknow header: Accept-Encoding: gzip
2024-07-17 23:30:21.805089 INFO: 
2024-07-17 23:30:21.805104 INFO: request:HTTP/1.1 200 OK

2024-07-17 23:30:21.805109 INFO: request:HTTP/1.1 200 OK
Content-Length:542

2024-07-17 23:30:21.805113 INFO: request:HTTP/1.1 200 OK
Content-Length:542
Connection:close

2024-07-17 23:30:21.805117 INFO: request:HTTP/1.1 200 OK
Content-Length:542
Connection:close


2024-07-17 23:30:21.805127 INFO: Thread 140246131258944 is running task

2024-07-17 23:30:21.805130 INFO: eventNum: 2
2024-07-17 23:30:21.805141 INFO: fd: 43, events: 1

2024-07-17 23:30:21.805154 INFO: fd: 44, events: 4

2024-07-17 23:30:21.805158 INFO: HttpConn 43 read success
2024-07-17 23:30:21.805168 INFO: GET / HTTP/1.1
2024-07-17 23:30:21.805173 INFO: Host: 39.98.202.182:9006
2024-07-17 23:30:21.805178 INFO: User-Agent: Go-http-client/1.1
2024-07-17 23:30:21.805182 INFO: oop!unknow header: User-Agent: Go-http-client/1.1
2024-07-17 23:30:21.805186 INFO: X-Vegeta-Seq: 2540
2024-07-17 23:30:21.805190 INFO: oop!unknow header: X-Vegeta-Seq: 2540
2024-07-17 23:30:21.805195 INFO: Accept-Encoding: gzip
2024-07-17 23:30:21.805199 INFO: oop!unknow header: Accept-Encoding: gzip
2024-07-17 23:30:21.805203 INFO: 
2024-07-17 23:30:21.805214 INFO: request:HTTP/1.1 200 OK

2024-07-17 23:30:21.805219 INFO: request:HTTP/1.1 200 OK
Content-Length:542

2024-07-17 23:30:21.805223 INFO: request:HTTP/1.1 200 OK
Content-Length:542
Connection:close

2024-07-17 23:30:21.805228 INFO: request:HTTP/1.1 200 OK
Content-Length:542
Connection:close


2024-07-17 23:30:21.805240 INFO: Thread 140246106080832 is running task

2024-07-17 23:30:21.805247 INFO: eventNum: 1
2024-07-17 23:30:21.805260 INFO: fd: 43, events: 4

2024-07-17 23:30:21.805272 INFO: Thread 140246106080832 is running task

2024-07-17 23:30:21.805289 INFO: Thread 140246106080832 is running task

2024-07-17 23:30:21.805552 INFO: eventNum: 1
2024-07-17 23:30:21.805567 INFO: fd: 48, events: 1

2024-07-17 23:30:21.805579 INFO: HttpConn 48 read success
2024-07-17 23:30:21.805589 INFO: GET / HTTP/1.1
2024-07-17 23:30:21.805594 INFO: Host: 39.98.202.182:9006
2024-07-17 23:30:21.805599 INFO: User-Agent: Go-http-client/1.1
2024-07-17 23:30:21.805603 INFO: oop!unknow header: User-Agent: Go-http-client/1.1
2024-07-17 23:30:21.805607 INFO: X-Vegeta-Seq: 2545
2024-07-17 23:30:21.805611 INFO: oop!unknow header: X-Vegeta-Seq: 2545
2024-07-17 23:30:21.805616 INFO: Accept-Encoding: gzip
2024-07-17 23:30:21.805620 INFO: oop!unknow header: Accept-Encoding: gzip
2024-07-17 23:30:21.805624 INFO: 
2024-07-17 23:30:21.805641 INFO: request:HTTP/1.1 200 OK

2024-07-17 23:30:21.805646 INFO: request:HTTP/1.1 200 OK
Content-Length:542

2024-07-17 23:30:21.805651 INFO: request:HTTP/1.1 200 OK
Content-Length:542
Connection:close

2024-07-17 23:30:21.805657 INFO: request:HTTP/1.1 200 OK
Content-Length:542
Connection:close


2024-07-17 23:30:21.805671 INFO: Thread 140246114473536 is running task

2024-07-17 23:30:21.805689 INFO: eventNum: 1
2024-07-17 23:30:21.805696 INFO: fd: 48, events: 4

2024-07-17 23:30:21.805732 INFO: Thread 140246156437056 is running task

2024-07-17 23:30:21.806496 INFO: eventNum: 1
2024-07-17 23:30:21.806554 INFO: fd: 30, events: 1

2024-07-17 23:30:21.806573 INFO: HttpConn 30 read success
2024-07-17 23:30:21.806587 INFO: GET / HTTP/1.1
2024-07-17 23:30:21.806595 INFO: Host: 39.98.202.182:9006
2024-07-17 23:30:21.806600 INFO: User-Agent: Go-http-client/1.1
2024-07-17 23:30:21.806604 INFO: oop!unknow header: User-Agent: Go-http-client/1.1
2024-07-17 23:30:21.806609 INFO: X-Vegeta-Seq: 2542
2024-07-17 23:30:21.806613 INFO: oop!unknow header: X-Vegeta-Seq: 2542
2024-07-17 23:30:21.806617 INFO: Accept-Encoding: gzip
2024-07-17 23:30:21.806621 INFO: oop!unknow header: Accept-Encoding: gzip
2024-07-17 23:30:21.806625 INFO: 
2024-07-17 23:30:21.806641 INFO: request:HTTP/1.1 200 OK

2024-07-17 23:30:21.806646 INFO: request:HTTP/1.1 200 OK
Content-Length:542

2024-07-17 23:30:21.806651 INFO: request:HTTP/1.1 200 OK
Content-Length:542
Connection:close

2024-07-17 23:30:21.806655 INFO: request:HTTP/1.1 200 OK
Content-Length:542
Connection:close


2024-07-17 23:30:21.806665 INFO: Thread 140246148044352 is running task

2024-07-17 23:30:21.806675 INFO: eventNum: 1
2024-07-17 23:30:21.806680 INFO: fd: 30, events: 4

2024-07-17 23:30:21.806709 INFO: Thread 140246122866240 is running task

2024-07-17 23:30:21.820771 INFO: eventNum: 1
2024-07-17 23:30:21.820841 INFO: fd: 29, events: 8193

2024-07-17 23:30:21.820877 INFO: HttpConn 29 close success
2024-07-17 23:30:21.820885 INFO: Client[29] quit!
2024-07-17 23:30:21.823748 INFO: eventNum: 1
2024-07-17 23:30:21.823780 INFO: fd: 13, events: 1

2024-07-17 23:30:21.823788 INFO: HandleListenEvent 13
2024-07-17 23:30:21.823819 INFO: HttpConn 16 init success
2024-07-17 23:30:21.823829 INFO: addTimer id:16 expireTime:1721230721
2024-07-17 23:30:21.823849 INFO: Client[16] in!
2024-07-17 23:30:21.823856 INFO: HandleListenEvent 13
2024-07-17 23:30:21.823869 ERROR: Accept failure -1
2024-07-17 23:30:21.824409 INFO: eventNum: 1
2024-07-17 23:30:21.824426 INFO: fd: 13, events: 1

2024-07-17 23:30:21.824434 INFO: HandleListenEvent 13
2024-07-17 23:30:21.824448 INFO: HttpConn 17 init success
2024-07-17 23:30:21.824457 INFO: addTimer id:17 expireTime:1721230721
2024-07-17 23:30:21.824487 INFO: Client[17] in!
2024-07-17 23:30:21.824534 INFO: HandleListenEvent 13
2024-07-17 23:30:21.824547 ERROR: Accept failure -1
2024-07-17 23:30:21.826991 INFO: eventNum: 1
2024-07-17 23:30:21.827017 INFO: fd: 13, events: 1

2024-07-17 23:30:21.827024 INFO: HandleListenEvent 13
2024-07-17 23:30:21.827037 INFO: HttpConn 18 init success
2024-07-17 23:30:21.827045 INFO: addTimer id:18 expireTime:1721230721
2024-07-17 23:30:21.827057 INFO: Client[18] in!
2024-07-17 23:30:21.827064 INFO: HandleListenEvent 13
2024-07-17 23:30:21.827076 ERROR: Accept failure -1
2024-07-17 23:30:21.830946 INFO: eventNum: 1
2024-07-17 23:30:21.830979 INFO: fd: 13, events: 1

2024-07-17 23:30:21.830987 INFO: HandleListenEvent 13
2024-07-17 23:30:21.831009 INFO: HttpConn 26 init success
2024-07-17 23:30:21.831017 INFO: addTimer id:26 expireTime:1721230721
2024-07-17 23:30:21.831031 INFO: Client[26] in!
2024-07-17 23:30:21.831038 INFO: HandleListenEvent 13
2024-07-17 23:30:21.831049 ERROR: Accept failure -1
2024-07-17 23:30:21.831227 INFO: eventNum: 1
2024-07-17 23:30:21.831239 INFO: fd: 16, events: 1

2024-07-17 23:30:21.831272 INFO: HttpConn 16 read success
2024-07-17 23:30:21.831309 INFO: GET / HTTP/1.1
2024-07-17 23:30:21.831316 INFO: Host: 39.98.202.182:9006
2024-07-17 23:30:21.831321 INFO: User-Agent: Go-http-client/1.1
2024-07-17 23:30:21.831326 INFO: oop!unknow header: User-Agent: Go-http-client/1.1
2024-07-17 23:30:21.831330 INFO: X-Vegeta-Seq: 2549
2024-07-17 23:30:21.831334 INFO: oop!unknow header: X-Vegeta-Seq: 2549
2024-07-17 23:30:21.831339 INFO: Accept-Encoding: gzip
2024-07-17 23:30:21.831343 INFO: oop!unknow header: Accept-Encoding: gzip
2024-07-17 23:30:21.831347 INFO: 
2024-07-17 23:30:21.831383 INFO: request:HTTP/1.1 200 OK

2024-07-17 23:30:21.831388 INFO: request:HTTP/1.1 200 OK
Content-Length:542

2024-07-17 23:30:21.831392 INFO: request:HTTP/1.1 200 OK
Content-Length:542
Connection:close

2024-07-17 23:30:21.831397 INFO: request:HTTP/1.1 200 OK
Content-Length:542
Connection:close


2024-07-17 23:30:21.831417 INFO: Thread 140246131258944 is running task

2024-07-17 23:30:21.831438 INFO: eventNum: 1
2024-07-17 23:30:21.831445 INFO: fd: 16, events: 4

2024-07-17 23:30:21.831492 INFO: Thread 140246106080832 is running task

2024-07-17 23:30:21.831680 INFO: eventNum: 1
2024-07-17 23:30:21.831694 INFO: fd: 35, events: 8193

2024-07-17 23:30:21.831715 INFO: HttpConn 35 close success
2024-07-17 23:30:21.831724 INFO: Client[35] quit!
2024-07-17 23:30:21.831730 INFO: eventNum: 1
2024-07-17 23:30:21.831734 INFO: fd: 41, events: 8193

2024-07-17 23:30:21.831746 INFO: HttpConn 41 close success
2024-07-17 23:30:21.831753 INFO: Client[41] quit!
2024-07-17 23:30:21.832446 INFO: eventNum: 1
2024-07-17 23:30:21.832468 INFO: fd: 26, events: 1

2024-07-17 23:30:21.832487 INFO: HttpConn 26 read success
2024-07-17 23:30:21.832513 INFO: GET / HTTP/1.1
2024-07-17 23:30:21.832519 INFO: Host: 39.98.202.182:9006
2024-07-17 23:30:21.832524 INFO: User-Agent: Go-http-client/1.1
2024-07-17 23:30:21.832528 INFO: oop!unknow header: User-Agent: Go-http-client/1.1
2024-07-17 23:30:21.832533 INFO: X-Vegeta-Seq: 2552
2024-07-17 23:30:21.832538 INFO: oop!unknow header: X-Vegeta-Seq: 2552
2024-07-17 23:30:21.832542 INFO: Accept-Encoding: gzip
2024-07-17 23:30:21.832546 INFO: oop!unknow header: Accept-Encoding: gzip
2024-07-17 23:30:21.832550 INFO: 
2024-07-17 23:30:21.832568 INFO: request:HTTP/1.1 200 OK

2024-07-17 23:30:21.832573 INFO: request:HTTP/1.1 200 OK
Content-Length:542

2024-07-17 23:30:21.832577 INFO: request:HTTP/1.1 200 OK
Content-Length:542
Connection:close

2024-07-17 23:30:21.832585 INFO: request:HTTP/1.1 200 OK
Content-Length:542
Connection:close


2024-07-17 23:30:21.832595 INFO: Thread 140246097688128 is running task

2024-07-17 23:30:21.832605 INFO: eventNum: 3
2024-07-17 23:30:21.832612 INFO: fd: 18, events: 1

2024-07-17 23:30:21.832626 INFO: HttpConn 18 read success
2024-07-17 23:30:21.832635 INFO: GET / HTTP/1.1
2024-07-17 23:30:21.832640 INFO: Host: 39.98.202.182:9006
2024-07-17 23:30:21.832644 INFO: User-Agent: Go-http-client/1.1
2024-07-17 23:30:21.832648 INFO: oop!unknow header: User-Agent: Go-http-client/1.1
2024-07-17 23:30:21.832653 INFO: X-Vegeta-Seq: 2550
2024-07-17 23:30:21.832658 INFO: oop!unknow header: X-Vegeta-Seq: 2550
2024-07-17 23:30:21.832662 INFO: Accept-Encoding: gzip
2024-07-17 23:30:21.832666 INFO: oop!unknow header: Accept-Encoding: gzip
2024-07-17 23:30:21.832671 INFO: 
2024-07-17 23:30:21.832684 INFO: request:HTTP/1.1 200 OK

2024-07-17 23:30:21.832689 INFO: request:HTTP/1.1 200 OK
Content-Length:542

2024-07-17 23:30:21.832693 INFO: request:HTTP/1.1 200 OK
Content-Length:542
Connection:close

2024-07-17 23:30:21.832697 INFO: request:HTTP/1.1 200 OK
Content-Length:542
Connection:close


2024-07-17 23:30:21.832704 INFO: Thread 140246139651648 is running task

2024-07-17 23:30:21.832712 INFO: fd: 26, events: 4

2024-07-17 23:30:21.832723 INFO: fd: 17, events: 1

2024-07-17 23:30:21.832770 INFO: Thread 140246114473536 is running task

2024-07-17 23:30:21.832820 INFO: HttpConn 17 read success
2024-07-17 23:30:21.832839 INFO: GET / HTTP/1.1
2024-07-17 23:30:21.832847 INFO: Host: 39.98.202.182:9006
2024-07-17 23:30:21.832855 INFO: User-Agent: Go-http-client/1.1
2024-07-17 23:30:21.832861 INFO: oop!unknow header: User-Agent: Go-http-client/1.1
2024-07-17 23:30:21.832872 INFO: X-Vegeta-Seq: 2551
2024-07-17 23:30:21.832879 INFO: oop!unknow header: X-Vegeta-Seq: 2551
2024-07-17 23:30:21.832886 INFO: Accept-Encoding: gzip
2024-07-17 23:30:21.832893 INFO: oop!unknow header: Accept-Encoding: gzip
2024-07-17 23:30:21.832899 INFO: 
2024-07-17 23:30:21.832922 INFO: request:HTTP/1.1 200 OK

2024-07-17 23:30:21.832930 INFO: request:HTTP/1.1 200 OK
Content-Length:542

2024-07-17 23:30:21.832945 INFO: request:HTTP/1.1 200 OK
Content-Length:542
Connection:close

2024-07-17 23:30:21.832952 INFO: request:HTTP/1.1 200 OK
Content-Length:542
Connection:close


2024-07-17 23:30:21.832963 INFO: Thread 140246156437056 is running task

2024-07-17 23:30:21.832976 INFO: eventNum: 2
2024-07-17 23:30:21.832984 INFO: fd: 18, events: 4

2024-07-17 23:30:21.833019 INFO: Thread 140246148044352 is running task

2024-07-17 23:30:21.833031 INFO: fd: 17, events: 4

2024-07-17 23:30:21.833060 INFO: Thread 140246122866240 is running task

2024-07-17 23:30:21.838184 INFO: eventNum: 1
2024-07-17 23:30:21.838239 INFO: fd: 36, events: 8193

2024-07-17 23:30:21.838270 INFO: HttpConn 36 close success
2024-07-17 23:30:21.838278 INFO: Client[36] quit!
2024-07-17 23:30:21.838567 INFO: eventNum: 1
2024-07-17 23:30:21.838584 INFO: fd: 13, events: 1

2024-07-17 23:30:21.838591 INFO: HandleListenEvent 13
2024-07-17 23:30:21.838625 INFO: HttpConn 28 init success
2024-07-17 23:30:21.838635 INFO: addTimer id:28 expireTime:1721230721
2024-07-17 23:30:21.838651 INFO: Client[28] in!
2024-07-17 23:30:21.838657 INFO: HandleListenEvent 13
2024-07-17 23:30:21.838682 INFO: HttpConn 29 init success
2024-07-17 23:30:21.838700 INFO: addTimer id:29 expireTime:1721230721
2024-07-17 23:30:21.838715 INFO: Client[29] in!
2024-07-17 23:30:21.838722 INFO: HandleListenEvent 13
2024-07-17 23:30:21.838733 ERROR: Accept failure -1
2024-07-17 23:30:21.838819 INFO: eventNum: 1
2024-07-17 23:30:21.838833 INFO: fd: 38, events: 8193

2024-07-17 23:30:21.838853 INFO: HttpConn 38 close success
2024-07-17 23:30:21.838860 INFO: Client[38] quit!
2024-07-17 23:30:21.839028 INFO: eventNum: 1
2024-07-17 23:30:21.839041 INFO: fd: 13, events: 1

2024-07-17 23:30:21.839048 INFO: HandleListenEvent 13
2024-07-17 23:30:21.839064 INFO: HttpConn 31 init success
2024-07-17 23:30:21.839072 INFO: addTimer id:31 expireTime:1721230721
2024-07-17 23:30:21.839084 INFO: Client[31] in!
2024-07-17 23:30:21.839090 INFO: HandleListenEvent 13
2024-07-17 23:30:21.839100 ERROR: Accept failure -1
2024-07-17 23:30:21.839458 INFO: eventNum: 1
2024-07-17 23:30:21.839473 INFO: fd: 44, events: 8193

2024-07-17 23:30:21.839492 INFO: HttpConn 44 close success
2024-07-17 23:30:21.839537 INFO: Client[44] quit!
2024-07-17 23:30:21.839731 INFO: eventNum: 1
2024-07-17 23:30:21.839749 INFO: fd: 37, events: 8193

2024-07-17 23:30:21.839770 INFO: HttpConn 37 close success
2024-07-17 23:30:21.839777 INFO: Client[37] quit!
2024-07-17 23:30:21.839910 INFO: eventNum: 1
2024-07-17 23:30:21.839925 INFO: fd: 13, events: 1

2024-07-17 23:30:21.839933 INFO: HandleListenEvent 13
2024-07-17 23:30:21.839948 INFO: HttpConn 32 init success
2024-07-17 23:30:21.839957 INFO: addTimer id:32 expireTime:1721230721
2024-07-17 23:30:21.839969 INFO: Client[32] in!
2024-07-17 23:30:21.839976 INFO: HandleListenEvent 13
2024-07-17 23:30:21.839986 ERROR: Accept failure -1
2024-07-17 23:30:21.840432 INFO: eventNum: 1
2024-07-17 23:30:21.840448 INFO: fd: 48, events: 8193

2024-07-17 23:30:21.840466 INFO: HttpConn 48 close success
2024-07-17 23:30:21.840473 INFO: Client[48] quit!
2024-07-17 23:30:21.841124 INFO: eventNum: 1
2024-07-17 23:30:21.841141 INFO: fd: 43, events: 8193

2024-07-17 23:30:21.841159 INFO: HttpConn 43 close success
2024-07-17 23:30:21.841166 INFO: Client[43] quit!
2024-07-17 23:30:21.842435 INFO: eventNum: 1
2024-07-17 23:30:21.842457 INFO: fd: 31, events: 1

2024-07-17 23:30:21.842486 INFO: HttpConn 31 read success
2024-07-17 23:30:21.842532 INFO: GET / HTTP/1.1
2024-07-17 23:30:21.842541 INFO: Host: 39.98.202.182:9006
2024-07-17 23:30:21.842546 INFO: User-Agent: Go-http-client/1.1
2024-07-17 23:30:21.842550 INFO: oop!unknow header: User-Agent: Go-http-client/1.1
2024-07-17 23:30:21.842555 INFO: X-Vegeta-Seq: 2563
2024-07-17 23:30:21.842559 INFO: oop!unknow header: X-Vegeta-Seq: 2563
2024-07-17 23:30:21.842563 INFO: Accept-Encoding: gzip
2024-07-17 23:30:21.842568 INFO: oop!unknow header: Accept-Encoding: gzip
2024-07-17 23:30:21.842570 INFO: eventNum: 1
2024-07-17 23:30:21.842572 INFO: 
2024-07-17 23:30:21.842596 INFO: fd: 45, events: 8193

2024-07-17 23:30:21.842638 INFO: request:HTTP/1.1 200 OK

2024-07-17 23:30:21.842644 INFO: HttpConn 45 close success
2024-07-17 23:30:21.842646 INFO: request:HTTP/1.1 200 OK
Content-Length:542

2024-07-17 23:30:21.842675 INFO: request:HTTP/1.1 200 OK
Content-Length:542
Connection:close

2024-07-17 23:30:21.842681 INFO: request:HTTP/1.1 200 OK
Content-Length:542
Connection:close


2024-07-17 23:30:21.842662 INFO: Client[45] quit!
2024-07-17 23:30:21.842703 INFO: Thread 140246131258944 is running task

2024-07-17 23:30:21.842706 INFO: eventNum: 2
2024-07-17 23:30:21.842715 INFO: fd: 34, events: 8193

2024-07-17 23:30:21.842730 INFO: HttpConn 34 close success
2024-07-17 23:30:21.842737 INFO: Client[34] quit!
2024-07-17 23:30:21.842744 INFO: fd: 31, events: 4

2024-07-17 23:30:21.842792 INFO: Thread 140246106080832 is running task

2024-07-17 23:30:21.842806 INFO: eventNum: 1
2024-07-17 23:30:21.842818 INFO: fd: 29, events: 1

2024-07-17 23:30:21.842836 INFO: HttpConn 29 read success
2024-07-17 23:30:21.842845 INFO: GET / HTTP/1.1
2024-07-17 23:30:21.842851 INFO: Host: 39.98.202.182:9006
2024-07-17 23:30:21.842856 INFO: User-Agent: Go-http-client/1.1
2024-07-17 23:30:21.842860 INFO: oop!unknow header: User-Agent: Go-http-client/1.1
2024-07-17 23:30:21.842864 INFO: X-Vegeta-Seq: 2562
2024-07-17 23:30:21.842869 INFO: oop!unknow header: X-Vegeta-Seq: 2562
2024-07-17 23:30:21.842873 INFO: Accept-Encoding: gzip
2024-07-17 23:30:21.842877 INFO: oop!unknow header: Accept-Encoding: gzip
2024-07-17 23:30:21.842881 INFO: 
2024-07-17 23:30:21.842894 INFO: request:HTTP/1.1 200 OK

2024-07-17 23:30:21.842899 INFO: request:HTTP/1.1 200 OK
Content-Length:542

2024-07-17 23:30:21.842903 INFO: request:HTTP/1.1 200 OK
Content-Length:542
Connection:close

2024-07-17 23:30:21.842907 INFO: request:HTTP/1.1 200 OK
Content-Length:542
Connection:close


2024-07-17 23:30:21.842923 INFO: Thread 140246097688128 is running task

2024-07-17 23:30:21.842928 INFO: eventNum: 1
2024-07-17 23:30:21.842940 INFO: fd: 29, events: 4

2024-07-17 23:30:21.842971 INFO: Thread 140246139651648 is running task

2024-07-17 23:30:21.843492 INFO: eventNum: 1
2024-07-17 23:30:21.843539 INFO: fd: 40, events: 8193

2024-07-17 23:30:21.843559 INFO: HttpConn 40 close success
2024-07-17 23:30:21.843566 INFO: Client[40] quit!
2024-07-17 23:30:21.843756 INFO: eventNum: 1
2024-07-17 23:30:21.843772 INFO: fd: 47, events: 8193

2024-07-17 23:30:21.843789 INFO: HttpConn 47 close success
2024-07-17 23:30:21.843805 INFO: Client[47] quit!
2024-07-17 23:30:21.843813 INFO: eventNum: 1
2024-07-17 23:30:21.843820 INFO: fd: 28, events: 1

2024-07-17 23:30:21.843838 INFO: HttpConn 28 read success
2024-07-17 23:30:21.843853 INFO: GET / HTTP/1.1
2024-07-17 23:30:21.843862 INFO: Host: 39.98.202.182:9006
2024-07-17 23:30:21.843869 INFO: User-Agent: Go-http-client/1.1
2024-07-17 23:30:21.843876 INFO: oop!unknow header: User-Agent: Go-http-client/1.1
2024-07-17 23:30:21.843883 INFO: X-Vegeta-Seq: 2558
2024-07-17 23:30:21.843890 INFO: oop!unknow header: X-Vegeta-Seq: 2558
