2024-07-17 23:34:18.186937 INFO: HttpConn 26 read success
2024-07-17 23:34:18.187014 INFO: GET / HTTP/1.1
2024-07-17 23:34:18.187025 INFO: Host: 39.98.202.182:9006
2024-07-17 23:34:18.187033 INFO: User-Agent: Go-http-client/1.1
2024-07-17 23:34:18.187038 INFO: oop!unknow header: User-Agent: Go-http-client/1.1
2024-07-17 23:34:18.187043 INFO: X-Vegeta-Seq: 1801
2024-07-17 23:34:18.187048 INFO: oop!unknow header: X-Vegeta-Seq: 1801
2024-07-17 23:34:18.187052 INFO: Accept-Encoding: gzip
2024-07-17 23:34:18.187056 INFO: oop!unknow header: Accept-Encoding: gzip
2024-07-17 23:34:18.187061 INFO: 
2024-07-17 23:34:18.187093 INFO: request:HTTP/1.1 200 OK

2024-07-17 23:34:18.187102 INFO: request:HTTP/1.1 200 OK
Content-Length:542

2024-07-17 23:34:18.187107 INFO: request:HTTP/1.1 200 OK
Content-Length:542
Connection:close

2024-07-17 23:34:18.187111 INFO: request:HTTP/1.1 200 OK
Content-Length:542
Connection:close


2024-07-17 23:34:18.187128 INFO: Thread 140246148044352 is running task

2024-07-17 23:34:18.187135 INFO: eventNum: 1
2024-07-17 23:34:18.187148 INFO: fd: 26, events: 4

2024-07-17 23:34:18.187191 INFO: Thread 140246097688128 is running task

2024-07-17 23:34:18.223314 INFO: eventNum: 1
2024-07-17 23:34:18.223384 INFO: fd: 13, events: 1

2024-07-17 23:34:18.223393 INFO: HandleListenEvent 13
2024-07-17 23:34:18.223416 INFO: HttpConn 28 init success
2024-07-17 23:34:18.223426 INFO: addTimer id:28 expireTime:1721230958
2024-07-17 23:34:18.223446 INFO: Client[28] in!
2024-07-17 23:34:18.223453 INFO: HandleListenEvent 13
2024-07-17 23:34:18.223467 ERROR: Accept failure -1
2024-07-17 23:34:18.223475 INFO: eventNum: 1
2024-07-17 23:34:18.223482 INFO: fd: 28, events: 1

2024-07-17 23:34:18.223503 INFO: HttpConn 28 read success
2024-07-17 23:34:18.223521 INFO: GET / HTTP/1.1
2024-07-17 23:34:18.223530 INFO: Host: 39.98.202.182:9006
2024-07-17 23:34:18.223538 INFO: User-Agent: Go-http-client/1.1
2024-07-17 23:34:18.223544 INFO: oop!unknow header: User-Agent: Go-http-client/1.1
2024-07-17 23:34:18.223551 INFO: X-Vegeta-Seq: 1800
2024-07-17 23:34:18.223558 INFO: oop!unknow header: X-Vegeta-Seq: 1800
2024-07-17 23:34:18.223564 INFO: Accept-Encoding: gzip
2024-07-17 23:34:18.223571 INFO: oop!unknow header: Accept-Encoding: gzip
2024-07-17 23:34:18.223577 INFO: 
2024-07-17 23:34:18.223610 INFO: request:HTTP/1.1 200 OK

2024-07-17 23:34:18.223617 INFO: request:HTTP/1.1 200 OK
Content-Length:542

2024-07-17 23:34:18.223624 INFO: request:HTTP/1.1 200 OK
Content-Length:542
Connection:close

2024-07-17 23:34:18.223630 INFO: request:HTTP/1.1 200 OK
Content-Length:542
Connection:close


2024-07-17 23:34:18.223650 INFO: Thread 140246122866240 is running task

2024-07-17 23:34:18.223664 INFO: eventNum: 1
2024-07-17 23:34:18.223671 INFO: fd: 28, events: 4

2024-07-17 23:34:18.223726 INFO: Thread 140246139651648 is running task

2024-07-17 23:34:18.249404 INFO: eventNum: 1
2024-07-17 23:34:18.249477 INFO: fd: 17, events: 8193

2024-07-17 23:34:18.249516 INFO: HttpConn 17 close success
2024-07-17 23:34:18.249522 INFO: Client[17] quit!
2024-07-17 23:34:18.249528 INFO: eventNum: 1
2024-07-17 23:34:18.249533 INFO: fd: 186, events: 8193

2024-07-17 23:34:18.249546 INFO: HttpConn 186 close success
2024-07-17 23:34:18.249552 INFO: Client[186] quit!
2024-07-17 23:34:18.250141 INFO: eventNum: 2
2024-07-17 23:34:18.250170 INFO: fd: 188, events: 8193

2024-07-17 23:34:18.250191 INFO: HttpConn 188 close success
2024-07-17 23:34:18.250197 INFO: Client[188] quit!
2024-07-17 23:34:18.250201 INFO: fd: 26, events: 8193

2024-07-17 23:34:18.250214 INFO: HttpConn 26 close success
2024-07-17 23:34:18.250219 INFO: Client[26] quit!
2024-07-17 23:34:18.251009 INFO: eventNum: 1
2024-07-17 23:34:18.251036 INFO: fd: 28, events: 8193

2024-07-17 23:34:18.251066 INFO: HttpConn 28 close success
2024-07-17 23:34:18.251075 INFO: Client[28] quit!
2024-07-17 23:34:18.324109 INFO: eventNum: 1
2024-07-17 23:34:18.324173 INFO: fd: 13, events: 1

2024-07-17 23:34:18.324183 INFO: HandleListenEvent 13
2024-07-17 23:34:18.324227 INFO: HttpConn 17 init success
2024-07-17 23:34:18.324238 INFO: addTimer id:17 expireTime:1721230958
2024-07-17 23:34:18.324268 INFO: Client[17] in!
2024-07-17 23:34:18.324275 INFO: HandleListenEvent 13
2024-07-17 23:34:18.324299 ERROR: Accept failure -1
2024-07-17 23:34:18.324308 INFO: eventNum: 1
2024-07-17 23:34:18.324315 INFO: fd: 17, events: 1

2024-07-17 23:34:18.324376 INFO: HttpConn 17 read success
2024-07-17 23:34:18.324401 INFO: GET / HTTP/1.1
2024-07-17 23:34:18.324413 INFO: Host: 39.98.202.182:9006
2024-07-17 23:34:18.324421 INFO: User-Agent: Go-http-client/1.1
2024-07-17 23:34:18.324428 INFO: oop!unknow header: User-Agent: Go-http-client/1.1
2024-07-17 23:34:18.324435 INFO: X-Vegeta-Seq: 1617
2024-07-17 23:34:18.324442 INFO: oop!unknow header: X-Vegeta-Seq: 1617
2024-07-17 23:34:18.324448 INFO: Accept-Encoding: gzip
2024-07-17 23:34:18.324456 INFO: oop!unknow header: Accept-Encoding: gzip
2024-07-17 23:34:18.324470 INFO: 
2024-07-17 23:34:18.324516 INFO: request:HTTP/1.1 200 OK

2024-07-17 23:34:18.324527 INFO: request:HTTP/1.1 200 OK
Content-Length:542

2024-07-17 23:34:18.324534 INFO: request:HTTP/1.1 200 OK
Content-Length:542
Connection:close

2024-07-17 23:34:18.324549 INFO: request:HTTP/1.1 200 OK
Content-Length:542
Connection:close


2024-07-17 23:34:18.324578 INFO: Thread 140246131258944 is running task

2024-07-17 23:34:18.324600 INFO: eventNum: 1
2024-07-17 23:34:18.324608 INFO: fd: 17, events: 4

2024-07-17 23:34:18.324671 INFO: Thread 140246106080832 is running task

2024-07-17 23:34:18.349921 INFO: eventNum: 1
2024-07-17 23:34:18.350025 INFO: fd: 13, events: 1

2024-07-17 23:34:18.350039 INFO: HandleListenEvent 13
2024-07-17 23:34:18.350080 INFO: HttpConn 26 init success
2024-07-17 23:34:18.350092 INFO: addTimer id:26 expireTime:1721230958
2024-07-17 23:34:18.350110 INFO: Client[26] in!
2024-07-17 23:34:18.350131 INFO: HandleListenEvent 13
2024-07-17 23:34:18.350144 ERROR: Accept failure -1
2024-07-17 23:34:18.350150 INFO: eventNum: 1
2024-07-17 23:34:18.350154 INFO: fd: 26, events: 1

2024-07-17 23:34:18.350172 INFO: HttpConn 26 read success
2024-07-17 23:34:18.350186 INFO: GET / HTTP/1.1
2024-07-17 23:34:18.350193 INFO: Host: 39.98.202.182:9006
2024-07-17 23:34:18.350198 INFO: User-Agent: Go-http-client/1.1
2024-07-17 23:34:18.350203 INFO: oop!unknow header: User-Agent: Go-http-client/1.1
2024-07-17 23:34:18.350207 INFO: X-Vegeta-Seq: 1794
2024-07-17 23:34:18.350212 INFO: oop!unknow header: X-Vegeta-Seq: 1794
2024-07-17 23:34:18.350216 INFO: Accept-Encoding: gzip
2024-07-17 23:34:18.350221 INFO: oop!unknow header: Accept-Encoding: gzip
2024-07-17 23:34:18.350225 INFO: 
2024-07-17 23:34:18.350254 INFO: request:HTTP/1.1 200 OK

2024-07-17 23:34:18.350262 INFO: request:HTTP/1.1 200 OK
Content-Length:542

2024-07-17 23:34:18.350267 INFO: request:HTTP/1.1 200 OK
Content-Length:542
Connection:close

2024-07-17 23:34:18.350271 INFO: request:HTTP/1.1 200 OK
Content-Length:542
Connection:close


2024-07-17 23:34:18.350287 INFO: Thread 140246156437056 is running task

2024-07-17 23:34:18.350299 INFO: eventNum: 1
2024-07-17 23:34:18.350304 INFO: fd: 26, events: 4

2024-07-17 23:34:18.350360 INFO: Thread 140246114473536 is running task

2024-07-17 23:34:18.350376 INFO: eventNum: 1
2024-07-17 23:34:18.350398 INFO: fd: 17, events: 8193

2024-07-17 23:34:18.350422 INFO: HttpConn 17 close success
2024-07-17 23:34:18.350432 INFO: Client[17] quit!
2024-07-17 23:34:18.361886 INFO: eventNum: 1
2024-07-17 23:34:18.361950 INFO: fd: 26, events: 8193

2024-07-17 23:34:18.362000 INFO: HttpConn 26 close success
2024-07-17 23:34:18.362009 INFO: Client[26] quit!
2024-07-17 23:34:18.399101 INFO: eventNum: 1
2024-07-17 23:34:18.399163 INFO: fd: 150, events: 1

2024-07-17 23:34:18.399201 INFO: HttpConn 150 read success
2024-07-17 23:34:18.399242 INFO: GET / HTTP/1.1
2024-07-17 23:34:18.399251 INFO: Host: 39.98.202.182:9006
2024-07-17 23:34:18.399256 INFO: User-Agent: Go-http-client/1.1
2024-07-17 23:34:18.399260 INFO: oop!unknow header: User-Agent: Go-http-client/1.1
2024-07-17 23:34:18.399265 INFO: X-Vegeta-Seq: 1933
2024-07-17 23:34:18.399269 INFO: oop!unknow header: X-Vegeta-Seq: 1933
2024-07-17 23:34:18.399282 INFO: Accept-Encoding: gzip
2024-07-17 23:34:18.399287 INFO: oop!unknow header: Accept-Encoding: gzip
2024-07-17 23:34:18.399291 INFO: 
2024-07-17 23:34:18.399318 INFO: request:HTTP/1.1 200 OK

2024-07-17 23:34:18.399324 INFO: request:HTTP/1.1 200 OK
Content-Length:542

2024-07-17 23:34:18.399328 INFO: request:HTTP/1.1 200 OK
Content-Length:542
Connection:close

2024-07-17 23:34:18.399333 INFO: request:HTTP/1.1 200 OK
Content-Length:542
Connection:close


2024-07-17 23:34:18.399362 INFO: Thread 140246148044352 is running task

2024-07-17 23:34:18.399436 INFO: eventNum: 1
2024-07-17 23:34:18.399449 INFO: fd: 150, events: 4

2024-07-17 23:34:18.399513 INFO: Thread 140246097688128 is running task

2024-07-17 23:34:18.425781 INFO: eventNum: 1
2024-07-17 23:34:18.425854 INFO: fd: 150, events: 8193

2024-07-17 23:34:18.425900 INFO: HttpConn 150 close success
2024-07-17 23:34:18.425910 INFO: Client[150] quit!
2024-07-17 23:34:18.431474 INFO: eventNum: 1
2024-07-17 23:34:18.431541 INFO: fd: 13, events: 1

2024-07-17 23:34:18.431551 INFO: HandleListenEvent 13
2024-07-17 23:34:18.431582 INFO: HttpConn 17 init success
2024-07-17 23:34:18.431592 INFO: addTimer id:17 expireTime:1721230958
2024-07-17 23:34:18.431610 INFO: Client[17] in!
2024-07-17 23:34:18.431617 INFO: HandleListenEvent 13
2024-07-17 23:34:18.431639 ERROR: Accept failure -1
2024-07-17 23:34:18.431647 INFO: eventNum: 1
2024-07-17 23:34:18.431654 INFO: fd: 17, events: 1

2024-07-17 23:34:18.431676 INFO: HttpConn 17 read success
2024-07-17 23:34:18.431693 INFO: GET / HTTP/1.1
2024-07-17 23:34:18.431702 INFO: Host: 39.98.202.182:9006
2024-07-17 23:34:18.431710 INFO: User-Agent: Go-http-client/1.1
2024-07-17 23:34:18.431716 INFO: oop!unknow header: User-Agent: Go-http-client/1.1
2024-07-17 23:34:18.431724 INFO: X-Vegeta-Seq: 1790
2024-07-17 23:34:18.431730 INFO: oop!unknow header: X-Vegeta-Seq: 1790
2024-07-17 23:34:18.431737 INFO: Accept-Encoding: gzip
2024-07-17 23:34:18.431743 INFO: oop!unknow header: Accept-Encoding: gzip
2024-07-17 23:34:18.431750 INFO: 
2024-07-17 23:34:18.431780 INFO: request:HTTP/1.1 200 OK

2024-07-17 23:34:18.431789 INFO: request:HTTP/1.1 200 OK
Content-Length:542

2024-07-17 23:34:18.431795 INFO: request:HTTP/1.1 200 OK
Content-Length:542
Connection:close

2024-07-17 23:34:18.431802 INFO: request:HTTP/1.1 200 OK
Content-Length:542
Connection:close


2024-07-17 23:34:18.431822 INFO: Thread 140246122866240 is running task

2024-07-17 23:34:18.431837 INFO: eventNum: 1
2024-07-17 23:34:18.431844 INFO: fd: 17, events: 4

2024-07-17 23:34:18.431900 INFO: Thread 140246139651648 is running task

2024-07-17 23:34:18.440736 INFO: eventNum: 1
2024-07-17 23:34:18.440795 INFO: fd: 13, events: 1

2024-07-17 23:34:18.440802 INFO: HandleListenEvent 13
2024-07-17 23:34:18.440866 INFO: HttpConn 26 init success
2024-07-17 23:34:18.440876 INFO: addTimer id:26 expireTime:1721230958
2024-07-17 23:34:18.440891 INFO: Client[26] in!
2024-07-17 23:34:18.440899 INFO: HandleListenEvent 13
2024-07-17 23:34:18.440913 ERROR: Accept failure -1
2024-07-17 23:34:18.440920 INFO: eventNum: 1
2024-07-17 23:34:18.440925 INFO: fd: 26, events: 1

2024-07-17 23:34:18.440942 INFO: HttpConn 26 read success
2024-07-17 23:34:18.440960 INFO: GET / HTTP/1.1
2024-07-17 23:34:18.440968 INFO: Host: 39.98.202.182:9006
2024-07-17 23:34:18.440976 INFO: User-Agent: Go-http-client/1.1
2024-07-17 23:34:18.440981 INFO: oop!unknow header: User-Agent: Go-http-client/1.1
2024-07-17 23:34:18.440988 INFO: X-Vegeta-Seq: 1580
2024-07-17 23:34:18.440994 INFO: oop!unknow header: X-Vegeta-Seq: 1580
2024-07-17 23:34:18.441000 INFO: Accept-Encoding: gzip
2024-07-17 23:34:18.441006 INFO: oop!unknow header: Accept-Encoding: gzip
2024-07-17 23:34:18.441012 INFO: 
2024-07-17 23:34:18.441037 INFO: request:HTTP/1.1 200 OK

2024-07-17 23:34:18.441043 INFO: request:HTTP/1.1 200 OK
Content-Length:542

2024-07-17 23:34:18.441050 INFO: request:HTTP/1.1 200 OK
Content-Length:542
Connection:close

2024-07-17 23:34:18.441057 INFO: request:HTTP/1.1 200 OK
Content-Length:542
Connection:close


2024-07-17 23:34:18.441093 INFO: Thread 140246131258944 is running task

2024-07-17 23:34:18.441106 INFO: eventNum: 1
2024-07-17 23:34:18.441112 INFO: fd: 26, events: 4

2024-07-17 23:34:18.441160 INFO: Thread 140246106080832 is running task

2024-07-17 23:34:18.448279 INFO: eventNum: 1
2024-07-17 23:34:18.448338 INFO: fd: 13, events: 1

2024-07-17 23:34:18.448352 INFO: HandleListenEvent 13
2024-07-17 23:34:18.448382 INFO: HttpConn 28 init success
2024-07-17 23:34:18.448391 INFO: addTimer id:28 expireTime:1721230958
2024-07-17 23:34:18.448405 INFO: Client[28] in!
2024-07-17 23:34:18.448410 INFO: HandleListenEvent 13
2024-07-17 23:34:18.448421 ERROR: Accept failure -1
2024-07-17 23:34:18.448427 INFO: eventNum: 1
2024-07-17 23:34:18.448432 INFO: fd: 28, events: 1

2024-07-17 23:34:18.448460 INFO: HttpConn 28 read success
2024-07-17 23:34:18.448481 INFO: GET / HTTP/1.1
2024-07-17 23:34:18.448491 INFO: Host: 39.98.202.182:9006
2024-07-17 23:34:18.448499 INFO: User-Agent: Go-http-client/1.1
2024-07-17 23:34:18.448506 INFO: oop!unknow header: User-Agent: Go-http-client/1.1
2024-07-17 23:34:18.448513 INFO: X-Vegeta-Seq: 1789
2024-07-17 23:34:18.448520 INFO: oop!unknow header: X-Vegeta-Seq: 1789
2024-07-17 23:34:18.448526 INFO: Accept-Encoding: gzip
2024-07-17 23:34:18.448533 INFO: oop!unknow header: Accept-Encoding: gzip
2024-07-17 23:34:18.448537 INFO: 
2024-07-17 23:34:18.448564 INFO: request:HTTP/1.1 200 OK

2024-07-17 23:34:18.448571 INFO: request:HTTP/1.1 200 OK
Content-Length:542

2024-07-17 23:34:18.448578 INFO: request:HTTP/1.1 200 OK
Content-Length:542
Connection:close

2024-07-17 23:34:18.448585 INFO: request:HTTP/1.1 200 OK
Content-Length:542
Connection:close


2024-07-17 23:34:18.448605 INFO: Thread 140246156437056 is running task

2024-07-17 23:34:18.448622 INFO: eventNum: 1
2024-07-17 23:34:18.448630 INFO: fd: 28, events: 4

2024-07-17 23:34:18.448686 INFO: Thread 140246114473536 is running task

2024-07-17 23:34:18.474903 INFO: eventNum: 1
2024-07-17 23:34:18.474979 INFO: fd: 17, events: 8193

2024-07-17 23:34:18.475029 INFO: HttpConn 17 close success
2024-07-17 23:34:18.475037 INFO: Client[17] quit!
2024-07-17 23:34:18.478906 INFO: eventNum: 1
2024-07-17 23:34:18.478947 INFO: fd: 26, events: 8193

2024-07-17 23:34:18.478990 INFO: HttpConn 26 close success
2024-07-17 23:34:18.479001 INFO: Client[26] quit!
2024-07-17 23:34:18.480075 INFO: eventNum: 1
2024-07-17 23:34:18.480112 INFO: fd: 28, events: 8193

2024-07-17 23:34:18.480138 INFO: HttpConn 28 close success
2024-07-17 23:34:18.480148 INFO: Client[28] quit!
2024-07-17 23:34:18.491665 INFO: eventNum: 1
2024-07-17 23:34:18.491732 INFO: fd: 13, events: 1

2024-07-17 23:34:18.491742 INFO: HandleListenEvent 13
2024-07-17 23:34:18.491775 INFO: HttpConn 17 init success
2024-07-17 23:34:18.491792 INFO: addTimer id:17 expireTime:1721230958
2024-07-17 23:34:18.491813 INFO: Client[17] in!
2024-07-17 23:34:18.491820 INFO: HandleListenEvent 13
2024-07-17 23:34:18.491836 ERROR: Accept failure -1
2024-07-17 23:34:18.491845 INFO: eventNum: 1
2024-07-17 23:34:18.491852 INFO: fd: 17, events: 1

2024-07-17 23:34:18.491875 INFO: HttpConn 17 read success
2024-07-17 23:34:18.491894 INFO: GET / HTTP/1.1
2024-07-17 23:34:18.491902 INFO: Host: 39.98.202.182:9006
2024-07-17 23:34:18.491907 INFO: User-Agent: Go-http-client/1.1
2024-07-17 23:34:18.491912 INFO: oop!unknow header: User-Agent: Go-http-client/1.1
2024-07-17 23:34:18.491917 INFO: X-Vegeta-Seq: 1574
2024-07-17 23:34:18.491921 INFO: oop!unknow header: X-Vegeta-Seq: 1574
2024-07-17 23:34:18.491925 INFO: Accept-Encoding: gzip
2024-07-17 23:34:18.491929 INFO: oop!unknow header: Accept-Encoding: gzip
2024-07-17 23:34:18.491934 INFO: 
2024-07-17 23:34:18.491960 INFO: request:HTTP/1.1 200 OK

2024-07-17 23:34:18.491966 INFO: request:HTTP/1.1 200 OK
Content-Length:542

2024-07-17 23:34:18.491970 INFO: request:HTTP/1.1 200 OK
Content-Length:542
Connection:close

2024-07-17 23:34:18.491975 INFO: request:HTTP/1.1 200 OK
Content-Length:542
Connection:close


2024-07-17 23:34:18.492007 INFO: Thread 140246148044352 is running task

2024-07-17 23:34:18.492019 INFO: eventNum: 1
2024-07-17 23:34:18.492024 INFO: fd: 17, events: 4

2024-07-17 23:34:18.492073 INFO: Thread 140246097688128 is running task

2024-07-17 23:34:18.511496 INFO: eventNum: 1
2024-07-17 23:34:18.511575 INFO: fd: 17, events: 8193

2024-07-17 23:34:18.511624 INFO: HttpConn 17 close success
2024-07-17 23:34:18.511635 INFO: Client[17] quit!
2024-07-17 23:34:18.786996 INFO: eventNum: 1
2024-07-17 23:34:18.787082 INFO: fd: 286, events: 1

2024-07-17 23:34:18.787123 INFO: HttpConn 286 read success
2024-07-17 23:34:18.787150 INFO: GET / HTTP/1.1
2024-07-17 23:34:18.787163 INFO: Host: 39.98.202.182:9006
2024-07-17 23:34:18.787175 INFO: User-Agent: Go-http-client/1.1
2024-07-17 23:34:18.787184 INFO: oop!unknow header: User-Agent: Go-http-client/1.1
2024-07-17 23:34:18.787192 INFO: X-Vegeta-Seq: 1033
2024-07-17 23:34:18.787199 INFO: oop!unknow header: X-Vegeta-Seq: 1033
2024-07-17 23:34:18.787207 INFO: Accept-Encoding: gzip
2024-07-17 23:34:18.787215 INFO: oop!unknow header: Accept-Encoding: gzip
2024-07-17 23:34:18.787221 INFO: 
2024-07-17 23:34:18.787269 INFO: request:HTTP/1.1 200 OK

2024-07-17 23:34:18.787279 INFO: request:HTTP/1.1 200 OK
Content-Length:542

2024-07-17 23:34:18.787287 INFO: request:HTTP/1.1 200 OK
Content-Length:542
Connection:close

2024-07-17 23:34:18.787295 INFO: request:HTTP/1.1 200 OK
Content-Length:542
Connection:close


2024-07-17 23:34:18.787320 INFO: Thread 140246122866240 is running task

2024-07-17 23:34:18.787339 INFO: eventNum: 1
2024-07-17 23:34:18.787396 INFO: fd: 286, events: 4

2024-07-17 23:34:18.787471 INFO: Thread 140246139651648 is running task

2024-07-17 23:34:18.837637 INFO: eventNum: 1
2024-07-17 23:34:18.837716 INFO: fd: 286, events: 8193

2024-07-17 23:34:18.837761 INFO: HttpConn 286 close success
2024-07-17 23:34:18.837767 INFO: Client[286] quit!
2024-07-17 23:34:18.838225 INFO: eventNum: 1
2024-07-17 23:34:18.838246 INFO: fd: 88, events: 8193

2024-07-17 23:34:18.838267 INFO: HttpConn 88 close success
2024-07-17 23:34:18.838273 INFO: Client[88] quit!
2024-07-17 23:34:18.843775 INFO: eventNum: 1
2024-07-17 23:34:18.843820 INFO: fd: 18, events: 8193

2024-07-17 23:34:18.843851 INFO: HttpConn 18 close success
2024-07-17 23:34:18.843860 INFO: Client[18] quit!
2024-07-17 23:34:18.906068 INFO: eventNum: 1
2024-07-17 23:34:18.906159 INFO: fd: 138, events: 8193

2024-07-17 23:34:18.906203 INFO: HttpConn 138 close success
2024-07-17 23:34:18.906211 INFO: Client[138] quit!
2024-07-17 23:34:18.955298 INFO: eventNum: 1
2024-07-17 23:34:18.955392 INFO: fd: 43, events: 1

2024-07-17 23:34:18.955432 INFO: HttpConn 43 read success
2024-07-17 23:34:18.955485 INFO: GET / HTTP/1.1
2024-07-17 23:34:18.955495 INFO: Host: 39.98.202.182:9006
2024-07-17 23:34:18.955500 INFO: User-Agent: Go-http-client/1.1
2024-07-17 23:34:18.955505 INFO: oop!unknow header: User-Agent: Go-http-client/1.1
2024-07-17 23:34:18.955510 INFO: X-Vegeta-Seq: 2747
2024-07-17 23:34:18.955514 INFO: oop!unknow header: X-Vegeta-Seq: 2747
2024-07-17 23:34:18.955520 INFO: Accept-Encoding: gzip
2024-07-17 23:34:18.955533 INFO: oop!unknow header: Accept-Encoding: gzip
2024-07-17 23:34:18.955544 INFO: 
2024-07-17 23:34:18.955578 INFO: request:HTTP/1.1 200 OK

2024-07-17 23:34:18.955584 INFO: request:HTTP/1.1 200 OK
Content-Length:542

2024-07-17 23:34:18.955588 INFO: request:HTTP/1.1 200 OK
Content-Length:542
Connection:close

2024-07-17 23:34:18.955593 INFO: request:HTTP/1.1 200 OK
Content-Length:542
Connection:close


2024-07-17 23:34:18.955615 INFO: Thread 140246131258944 is running task

2024-07-17 23:34:18.955637 INFO: eventNum: 1
2024-07-17 23:34:18.955645 INFO: fd: 43, events: 4

2024-07-17 23:34:18.955705 INFO: Thread 140246106080832 is running task

2024-07-17 23:34:19.011561 INFO: eventNum: 1
2024-07-17 23:34:19.011619 INFO: fd: 43, events: 8193

2024-07-17 23:34:19.011660 INFO: HttpConn 43 close success
2024-07-17 23:34:19.011667 INFO: Client[43] quit!
2024-07-17 23:34:19.011899 INFO: eventNum: 1
2024-07-17 23:34:19.011924 INFO: fd: 13, events: 1

2024-07-17 23:34:19.011930 INFO: HandleListenEvent 13
2024-07-17 23:34:19.011954 INFO: HttpConn 17 init success
2024-07-17 23:34:19.011962 INFO: addTimer id:17 expireTime:1721230959
2024-07-17 23:34:19.011976 INFO: Client[17] in!
2024-07-17 23:34:19.011981 INFO: HandleListenEvent 13
2024-07-17 23:34:19.011989 ERROR: Accept failure -1
2024-07-17 23:34:19.012256 INFO: eventNum: 1
2024-07-17 23:34:19.012278 INFO: fd: 17, events: 1

2024-07-17 23:34:19.012297 INFO: HttpConn 17 read success
2024-07-17 23:34:19.012311 INFO: GET / HTTP/1.1
2024-07-17 23:34:19.012317 INFO: Host: 39.98.202.182:9006
2024-07-17 23:34:19.012322 INFO: User-Agent: Go-http-client/1.1
2024-07-17 23:34:19.012327 INFO: oop!unknow header: User-Agent: Go-http-client/1.1
2024-07-17 23:34:19.012332 INFO: X-Vegeta-Seq: 2109
2024-07-17 23:34:19.012336 INFO: oop!unknow header: X-Vegeta-Seq: 2109
2024-07-17 23:34:19.012341 INFO: Accept-Encoding: gzip
2024-07-17 23:34:19.012380 INFO: oop!unknow header: Accept-Encoding: gzip
2024-07-17 23:34:19.012387 INFO: 
2024-07-17 23:34:19.012423 INFO: request:HTTP/1.1 200 OK

2024-07-17 23:34:19.012431 INFO: request:HTTP/1.1 200 OK
Content-Length:542

2024-07-17 23:34:19.012436 INFO: request:HTTP/1.1 200 OK
Content-Length:542
Connection:close

2024-07-17 23:34:19.012441 INFO: request:HTTP/1.1 200 OK
Content-Length:542
Connection:close


2024-07-17 23:34:19.012465 INFO: Thread 140246156437056 is running task

2024-07-17 23:34:19.012484 INFO: eventNum: 1
2024-07-17 23:34:19.012491 INFO: fd: 17, events: 4

2024-07-17 23:34:19.012547 INFO: Thread 140246114473536 is running task

2024-07-17 23:34:19.033009 INFO: eventNum: 1
2024-07-17 23:34:19.033081 INFO: fd: 13, events: 1

2024-07-17 23:34:19.033093 INFO: HandleListenEvent 13
2024-07-17 23:34:19.033117 INFO: HttpConn 18 init success
2024-07-17 23:34:19.033127 INFO: addTimer id:18 expireTime:1721230959
2024-07-17 23:34:19.033152 INFO: Client[18] in!
2024-07-17 23:34:19.033159 INFO: HandleListenEvent 13
2024-07-17 23:34:19.033174 ERROR: Accept failure -1
2024-07-17 23:34:19.033384 INFO: eventNum: 1
2024-07-17 23:34:19.033403 INFO: fd: 18, events: 1

2024-07-17 23:34:19.033421 INFO: HttpConn 18 read success
2024-07-17 23:34:19.033434 INFO: GET / HTTP/1.1
2024-07-17 23:34:19.033441 INFO: Host: 39.98.202.182:9006
2024-07-17 23:34:19.033446 INFO: User-Agent: Go-http-client/1.1
2024-07-17 23:34:19.033451 INFO: oop!unknow header: User-Agent: Go-http-client/1.1
2024-07-17 23:34:19.033456 INFO: X-Vegeta-Seq: 1122
2024-07-17 23:34:19.033460 INFO: oop!unknow header: X-Vegeta-Seq: 1122
2024-07-17 23:34:19.033465 INFO: Accept-Encoding: gzip
2024-07-17 23:34:19.033469 INFO: oop!unknow header: Accept-Encoding: gzip
2024-07-17 23:34:19.033473 INFO: 
2024-07-17 23:34:19.033500 INFO: request:HTTP/1.1 200 OK

2024-07-17 23:34:19.033506 INFO: request:HTTP/1.1 200 OK
Content-Length:542

2024-07-17 23:34:19.033510 INFO: request:HTTP/1.1 200 OK
Content-Length:542
Connection:close

2024-07-17 23:34:19.033515 INFO: request:HTTP/1.1 200 OK
Content-Length:542
Connection:close


2024-07-17 23:34:19.033531 INFO: Thread 140246148044352 is running task

2024-07-17 23:34:19.033543 INFO: eventNum: 1
2024-07-17 23:34:19.033550 INFO: fd: 18, events: 4

2024-07-17 23:34:19.033623 INFO: Thread 140246097688128 is running task

2024-07-17 23:34:19.035457 INFO: eventNum: 1
2024-07-17 23:34:19.035498 INFO: fd: 17, events: 8193

2024-07-17 23:34:19.035526 INFO: HttpConn 17 close success
2024-07-17 23:34:19.035532 INFO: Client[17] quit!
2024-07-17 23:34:19.039762 INFO: eventNum: 1
2024-07-17 23:34:19.039803 INFO: fd: 13, events: 1

2024-07-17 23:34:19.039809 INFO: HandleListenEvent 13
2024-07-17 23:34:19.039844 INFO: HttpConn 17 init success
2024-07-17 23:34:19.039854 INFO: addTimer id:17 expireTime:1721230959
2024-07-17 23:34:19.039875 INFO: Client[17] in!
2024-07-17 23:34:19.039882 INFO: HandleListenEvent 13
2024-07-17 23:34:19.039896 ERROR: Accept failure -1
2024-07-17 23:34:19.040118 INFO: eventNum: 1
2024-07-17 23:34:19.040132 INFO: fd: 17, events: 1

2024-07-17 23:34:19.040159 INFO: HttpConn 17 read success
2024-07-17 23:34:19.040173 INFO: GET / HTTP/1.1
2024-07-17 23:34:19.040179 INFO: Host: 39.98.202.182:9006
2024-07-17 23:34:19.040184 INFO: User-Agent: Go-http-client/1.1
2024-07-17 23:34:19.040189 INFO: oop!unknow header: User-Agent: Go-http-client/1.1
2024-07-17 23:34:19.040194 INFO: X-Vegeta-Seq: 1141
2024-07-17 23:34:19.040198 INFO: oop!unknow header: X-Vegeta-Seq: 1141
2024-07-17 23:34:19.040203 INFO: Accept-Encoding: gzip
2024-07-17 23:34:19.040207 INFO: oop!unknow header: Accept-Encoding: gzip
2024-07-17 23:34:19.040211 INFO: 
2024-07-17 23:34:19.040236 INFO: request:HTTP/1.1 200 OK

2024-07-17 23:34:19.040241 INFO: request:HTTP/1.1 200 OK
Content-Length:542

2024-07-17 23:34:19.040246 INFO: request:HTTP/1.1 200 OK
Content-Length:542
Connection:close

2024-07-17 23:34:19.040251 INFO: request:HTTP/1.1 200 OK
Content-Length:542
Connection:close


2024-07-17 23:34:19.040267 INFO: Thread 140246122866240 is running task

2024-07-17 23:34:19.040278 INFO: eventNum: 1
2024-07-17 23:34:19.040283 INFO: fd: 17, events: 4

2024-07-17 23:34:19.040326 INFO: Thread 140246139651648 is running task

2024-07-17 23:34:19.043412 INFO: eventNum: 1
2024-07-17 23:34:19.043455 INFO: fd: 13, events: 1

2024-07-17 23:34:19.043464 INFO: HandleListenEvent 13
2024-07-17 23:34:19.043496 INFO: HttpConn 26 init success
2024-07-17 23:34:19.043507 INFO: addTimer id:26 expireTime:1721230959
2024-07-17 23:34:19.043522 INFO: Client[26] in!
2024-07-17 23:34:19.043527 INFO: HandleListenEvent 13
2024-07-17 23:34:19.043537 ERROR: Accept failure -1
2024-07-17 23:34:19.043745 INFO: eventNum: 1
2024-07-17 23:34:19.043763 INFO: fd: 26, events: 1

2024-07-17 23:34:19.043784 INFO: HttpConn 26 read success
2024-07-17 23:34:19.043802 INFO: GET / HTTP/1.1
2024-07-17 23:34:19.043811 INFO: Host: 39.98.202.182:9006
2024-07-17 23:34:19.043818 INFO: User-Agent: Go-http-client/1.1
2024-07-17 23:34:19.043823 INFO: oop!unknow header: User-Agent: Go-http-client/1.1
2024-07-17 23:34:19.043829 INFO: X-Vegeta-Seq: 2144
2024-07-17 23:34:19.043834 INFO: oop!unknow header: X-Vegeta-Seq: 2144
2024-07-17 23:34:19.043841 INFO: Accept-Encoding: gzip
2024-07-17 23:34:19.043847 INFO: oop!unknow header: Accept-Encoding: gzip
2024-07-17 23:34:19.043854 INFO: 
2024-07-17 23:34:19.043877 INFO: request:HTTP/1.1 200 OK

2024-07-17 23:34:19.043882 INFO: request:HTTP/1.1 200 OK
Content-Length:542

2024-07-17 23:34:19.043886 INFO: request:HTTP/1.1 200 OK
Content-Length:542
Connection:close

2024-07-17 23:34:19.043891 INFO: request:HTTP/1.1 200 OK
Content-Length:542
Connection:close


2024-07-17 23:34:19.043906 INFO: Thread 140246131258944 is running task

2024-07-17 23:34:19.043917 INFO: eventNum: 1
2024-07-17 23:34:19.043922 INFO: fd: 26, events: 4

2024-07-17 23:34:19.043966 INFO: Thread 140246106080832 is running task

2024-07-17 23:34:19.047232 INFO: eventNum: 1
2024-07-17 23:34:19.047279 INFO: fd: 18, events: 8193

2024-07-17 23:34:19.047309 INFO: HttpConn 18 close success
2024-07-17 23:34:19.047319 INFO: Client[18] quit!
2024-07-17 23:34:19.084459 INFO: eventNum: 1
2024-07-17 23:34:19.084537 INFO: fd: 13, events: 1

2024-07-17 23:34:19.084552 INFO: HandleListenEvent 13
2024-07-17 23:34:19.084587 INFO: HttpConn 18 init success
2024-07-17 23:34:19.084599 INFO: addTimer id:18 expireTime:1721230959
2024-07-17 23:34:19.084625 INFO: Client[18] in!
2024-07-17 23:34:19.084633 INFO: HandleListenEvent 13
2024-07-17 23:34:19.084651 INFO: HttpConn 28 init success
2024-07-17 23:34:19.084659 INFO: addTimer id:28 expireTime:1721230959
2024-07-17 23:34:19.084671 INFO: Client[28] in!
2024-07-17 23:34:19.084678 INFO: HandleListenEvent 13
2024-07-17 23:34:19.084692 INFO: HttpConn 30 init success
2024-07-17 23:34:19.084700 INFO: addTimer id:30 expireTime:1721230959
2024-07-17 23:34:19.084712 INFO: Client[30] in!
2024-07-17 23:34:19.084720 INFO: HandleListenEvent 13
2024-07-17 23:34:19.084736 ERROR: Accept failure -1
2024-07-17 23:34:19.084745 INFO: eventNum: 3
2024-07-17 23:34:19.084757 INFO: fd: 18, events: 1

2024-07-17 23:34:19.084782 INFO: HttpConn 18 read success
2024-07-17 23:34:19.084845 INFO: GET / HTTP/1.1
2024-07-17 23:34:19.084856 INFO: Host: 39.98.202.182:9006
2024-07-17 23:34:19.084861 INFO: User-Agent: Go-http-client/1.1
2024-07-17 23:34:19.084865 INFO: oop!unknow header: User-Agent: Go-http-client/1.1
2024-07-17 23:34:19.084871 INFO: X-Vegeta-Seq: 1453
2024-07-17 23:34:19.084877 INFO: oop!unknow header: X-Vegeta-Seq: 1453
2024-07-17 23:34:19.084884 INFO: Accept-Encoding: gzip
2024-07-17 23:34:19.084890 INFO: oop!unknow header: Accept-Encoding: gzip
2024-07-17 23:34:19.084897 INFO: 
2024-07-17 23:34:19.084929 INFO: request:HTTP/1.1 200 OK

2024-07-17 23:34:19.084935 INFO: request:HTTP/1.1 200 OK
Content-Length:542

2024-07-17 23:34:19.084940 INFO: request:HTTP/1.1 200 OK
Content-Length:542
Connection:close

2024-07-17 23:34:19.084945 INFO: request:HTTP/1.1 200 OK
Content-Length:542
Connection:close


2024-07-17 23:34:19.084961 INFO: Thread 140246156437056 is running task

2024-07-17 23:34:19.084983 INFO: fd: 28, events: 1

2024-07-17 23:34:19.085005 INFO: HttpConn 28 read success
2024-07-17 23:34:19.085019 INFO: GET / HTTP/1.1
2024-07-17 23:34:19.085025 INFO: Host: 39.98.202.182:9006
2024-07-17 23:34:19.085029 INFO: User-Agent: Go-http-client/1.1
2024-07-17 23:34:19.085034 INFO: oop!unknow header: User-Agent: Go-http-client/1.1
2024-07-17 23:34:19.085039 INFO: X-Vegeta-Seq: 1455
2024-07-17 23:34:19.085043 INFO: oop!unknow header: X-Vegeta-Seq: 1455
2024-07-17 23:34:19.085047 INFO: Accept-Encoding: gzip
2024-07-17 23:34:19.085051 INFO: oop!unknow header: Accept-Encoding: gzip
2024-07-17 23:34:19.085056 INFO: 
2024-07-17 23:34:19.085072 INFO: request:HTTP/1.1 200 OK

2024-07-17 23:34:19.085080 INFO: request:HTTP/1.1 200 OK
Content-Length:542

2024-07-17 23:34:19.085087 INFO: request:HTTP/1.1 200 OK
Content-Length:542
Connection:close

2024-07-17 23:34:19.085093 INFO: request:HTTP/1.1 200 OK
Content-Length:542
Connection:close


2024-07-17 23:34:19.085105 INFO: Thread 140246114473536 is running task

2024-07-17 23:34:19.085117 INFO: fd: 30, events: 1

2024-07-17 23:34:19.085134 INFO: HttpConn 30 read success
2024-07-17 23:34:19.085148 INFO: GET / HTTP/1.1
2024-07-17 23:34:19.085154 INFO: Host: 39.98.202.182:9006
2024-07-17 23:34:19.085158 INFO: User-Agent: Go-http-client/1.1
2024-07-17 23:34:19.085162 INFO: oop!unknow header: User-Agent: Go-http-client/1.1
2024-07-17 23:34:19.085167 INFO: X-Vegeta-Seq: 1518
2024-07-17 23:34:19.085178 INFO: oop!unknow header: X-Vegeta-Seq: 1518
2024-07-17 23:34:19.085195 INFO: Accept-Encoding: gzip
2024-07-17 23:34:19.085207 INFO: oop!unknow header: Accept-Encoding: gzip
2024-07-17 23:34:19.085214 INFO: 
2024-07-17 23:34:19.085238 INFO: request:HTTP/1.1 200 OK

2024-07-17 23:34:19.085243 INFO: request:HTTP/1.1 200 OK
Content-Length:542

2024-07-17 23:34:19.085248 INFO: request:HTTP/1.1 200 OK
Content-Length:542
Connection:close

2024-07-17 23:34:19.085252 INFO: request:HTTP/1.1 200 OK
Content-Length:542
Connection:close


2024-07-17 23:34:19.085261 INFO: Thread 140246148044352 is running task

2024-07-17 23:34:19.085272 INFO: eventNum: 3
2024-07-17 23:34:19.085277 INFO: fd: 18, events: 4

2024-07-17 23:34:19.085333 INFO: Thread 140246097688128 is running task

2024-07-17 23:34:19.085371 INFO: fd: 28, events: 4

2024-07-17 23:34:19.085389 INFO: fd: 30, events: 4

2024-07-17 23:34:19.085434 INFO: Thread 140246122866240 is running task

2024-07-17 23:34:19.085477 INFO: Thread 140246122866240 is running task

2024-07-17 23:34:19.085638 INFO: eventNum: 1
2024-07-17 23:34:19.085663 INFO: fd: 13, events: 1

2024-07-17 23:34:19.085673 INFO: HandleListenEvent 13
2024-07-17 23:34:19.085698 INFO: HttpConn 31 init success
2024-07-17 23:34:19.085709 INFO: addTimer id:31 expireTime:1721230959
2024-07-17 23:34:19.085726 INFO: Client[31] in!
2024-07-17 23:34:19.085734 INFO: HandleListenEvent 13
2024-07-17 23:34:19.085748 ERROR: Accept failure -1
2024-07-17 23:34:19.085757 INFO: eventNum: 1
2024-07-17 23:34:19.085764 INFO: fd: 31, events: 1

2024-07-17 23:34:19.085783 INFO: HttpConn 31 read success
2024-07-17 23:34:19.085804 INFO: GET / HTTP/1.1
2024-07-17 23:34:19.085814 INFO: Host: 39.98.202.182:9006
2024-07-17 23:34:19.085821 INFO: User-Agent: Go-http-client/1.1
2024-07-17 23:34:19.085828 INFO: oop!unknow header: User-Agent: Go-http-client/1.1
2024-07-17 23:34:19.085835 INFO: X-Vegeta-Seq: 453
2024-07-17 23:34:19.085840 INFO: oop!unknow header: X-Vegeta-Seq: 453
2024-07-17 23:34:19.085844 INFO: Accept-Encoding: gzip
2024-07-17 23:34:19.085848 INFO: oop!unknow header: Accept-Encoding: gzip
2024-07-17 23:34:19.085853 INFO: 
2024-07-17 23:34:19.085871 INFO: request:HTTP/1.1 200 OK

2024-07-17 23:34:19.085875 INFO: request:HTTP/1.1 200 OK
Content-Length:542

2024-07-17 23:34:19.085880 INFO: request:HTTP/1.1 200 OK
Content-Length:542
Connection:close

2024-07-17 23:34:19.085885 INFO: request:HTTP/1.1 200 OK
Content-Length:542
Connection:close


2024-07-17 23:34:19.085895 INFO: Thread 140246131258944 is running task

2024-07-17 23:34:19.085905 INFO: eventNum: 1
2024-07-17 23:34:19.085910 INFO: fd: 31, events: 4

2024-07-17 23:34:19.085948 INFO: Thread 140246106080832 is running task

2024-07-17 23:34:19.086270 INFO: eventNum: 1
2024-07-17 23:34:19.086306 INFO: fd: 17, events: 8193

2024-07-17 23:34:19.086335 INFO: HttpConn 17 close success
2024-07-17 23:34:19.086373 INFO: Client[17] quit!
2024-07-17 23:34:19.088793 INFO: eventNum: 1
2024-07-17 23:34:19.088823 INFO: fd: 26, events: 8193

2024-07-17 23:34:19.088851 INFO: HttpConn 26 close success
2024-07-17 23:34:19.088862 INFO: Client[26] quit!
2024-07-17 23:34:19.089716 INFO: eventNum: 1
2024-07-17 23:34:19.089745 INFO: fd: 13, events: 1

2024-07-17 23:34:19.089753 INFO: HandleListenEvent 13
2024-07-17 23:34:19.089772 INFO: HttpConn 17 init success
2024-07-17 23:34:19.089779 INFO: addTimer id:17 expireTime:1721230959
2024-07-17 23:34:19.089791 INFO: Client[17] in!
2024-07-17 23:34:19.089795 INFO: HandleListenEvent 13
2024-07-17 23:34:19.089805 ERROR: Accept failure -1
2024-07-17 23:34:19.090257 INFO: eventNum: 1
2024-07-17 23:34:19.090282 INFO: fd: 13, events: 1

2024-07-17 23:34:19.090290 INFO: HandleListenEvent 13
2024-07-17 23:34:19.090311 INFO: HttpConn 26 init success
2024-07-17 23:34:19.090324 INFO: addTimer id:26 expireTime:1721230959
2024-07-17 23:34:19.090338 INFO: Client[26] in!
2024-07-17 23:34:19.090381 INFO: HandleListenEvent 13
2024-07-17 23:34:19.090398 INFO: HttpConn 32 init success
2024-07-17 23:34:19.090405 INFO: addTimer id:32 expireTime:1721230959
2024-07-17 23:34:19.090417 INFO: Client[32] in!
2024-07-17 23:34:19.090424 INFO: HandleListenEvent 13
2024-07-17 23:34:19.090439 ERROR: Accept failure -1
2024-07-17 23:34:19.090449 INFO: eventNum: 2
2024-07-17 23:34:19.090457 INFO: fd: 32, events: 1

2024-07-17 23:34:19.090477 INFO: HttpConn 32 read success
2024-07-17 23:34:19.090492 INFO: GET / HTTP/1.1
2024-07-17 23:34:19.090501 INFO: Host: 39.98.202.182:9006
2024-07-17 23:34:19.090508 INFO: User-Agent: Go-http-client/1.1
2024-07-17 23:34:19.090515 INFO: oop!unknow header: User-Agent: Go-http-client/1.1
2024-07-17 23:34:19.090522 INFO: X-Vegeta-Seq: 1186
2024-07-17 23:34:19.090529 INFO: oop!unknow header: X-Vegeta-Seq: 1186
2024-07-17 23:34:19.090536 INFO: Accept-Encoding: gzip
2024-07-17 23:34:19.090543 INFO: oop!unknow header: Accept-Encoding: gzip
2024-07-17 23:34:19.090549 INFO: 
2024-07-17 23:34:19.090575 INFO: request:HTTP/1.1 200 OK

2024-07-17 23:34:19.090582 INFO: request:HTTP/1.1 200 OK
Content-Length:542

2024-07-17 23:34:19.090589 INFO: request:HTTP/1.1 200 OK
Content-Length:542
Connection:close

2024-07-17 23:34:19.090596 INFO: request:HTTP/1.1 200 OK
Content-Length:542
Connection:close


2024-07-17 23:34:19.090612 INFO: Thread 140246156437056 is running task

2024-07-17 23:34:19.090625 INFO: fd: 17, events: 1

2024-07-17 23:34:19.090642 INFO: HttpConn 17 read success
2024-07-17 23:34:19.090656 INFO: GET / HTTP/1.1
2024-07-17 23:34:19.090664 INFO: Host: 39.98.202.182:9006
2024-07-17 23:34:19.090671 INFO: User-Agent: Go-http-client/1.1
2024-07-17 23:34:19.090678 INFO: oop!unknow header: User-Agent: Go-http-client/1.1
2024-07-17 23:34:19.090694 INFO: X-Vegeta-Seq: 1187
2024-07-17 23:34:19.090701 INFO: oop!unknow header: X-Vegeta-Seq: 1187
2024-07-17 23:34:19.090708 INFO: Accept-Encoding: gzip
2024-07-17 23:34:19.090714 INFO: oop!unknow header: Accept-Encoding: gzip
2024-07-17 23:34:19.090721 INFO: 
2024-07-17 23:34:19.090738 INFO: request:HTTP/1.1 200 OK

2024-07-17 23:34:19.090745 INFO: request:HTTP/1.1 200 OK
Content-Length:542

2024-07-17 23:34:19.090752 INFO: request:HTTP/1.1 200 OK
Content-Length:542
Connection:close

2024-07-17 23:34:19.090759 INFO: request:HTTP/1.1 200 OK
Content-Length:542
Connection:close


2024-07-17 23:34:19.090771 INFO: Thread 140246114473536 is running task

2024-07-17 23:34:19.090783 INFO: eventNum: 3
2024-07-17 23:34:19.090790 INFO: fd: 32, events: 4

2024-07-17 23:34:19.090833 INFO: Thread 140246148044352 is running task

2024-07-17 23:34:19.090846 INFO: fd: 26, events: 1

2024-07-17 23:34:19.090861 INFO: HttpConn 26 read success
2024-07-17 23:34:19.090874 INFO: GET / HTTP/1.1
2024-07-17 23:34:19.090884 INFO: Host: 39.98.202.182:9006
2024-07-17 23:34:19.090891 INFO: User-Agent: Go-http-client/1.1
2024-07-17 23:34:19.090900 INFO: oop!unknow header: User-Agent: Go-http-client/1.1
2024-07-17 23:34:19.090908 INFO: X-Vegeta-Seq: 1185
2024-07-17 23:34:19.090914 INFO: oop!unknow header: X-Vegeta-Seq: 1185
2024-07-17 23:34:19.090921 INFO: Accept-Encoding: gzip
2024-07-17 23:34:19.090928 INFO: oop!unknow header: Accept-Encoding: gzip
2024-07-17 23:34:19.090934 INFO: 
2024-07-17 23:34:19.090950 INFO: request:HTTP/1.1 200 OK

2024-07-17 23:34:19.090958 INFO: request:HTTP/1.1 200 OK
Content-Length:542

2024-07-17 23:34:19.090964 INFO: request:HTTP/1.1 200 OK
Content-Length:542
Connection:close

2024-07-17 23:34:19.090971 INFO: request:HTTP/1.1 200 OK
Content-Length:542
Connection:close


2024-07-17 23:34:19.090981 INFO: Thread 140246097688128 is running task

2024-07-17 23:34:19.090991 INFO: fd: 17, events: 4

2024-07-17 23:34:19.091007 INFO: eventNum: 1
2024-07-17 23:34:19.091014 INFO: fd: 26, events: 4

2024-07-17 23:34:19.091035 INFO: Thread 140246122866240 is running task

2024-07-17 23:34:19.091099 INFO: eventNum: 1
2024-07-17 23:34:19.091101 INFO: Thread 140246122866240 is running task

2024-07-17 23:34:19.091115 INFO: fd: 13, events: 1

2024-07-17 23:34:19.091141 INFO: HandleListenEvent 13
2024-07-17 23:34:19.091156 INFO: HttpConn 33 init success
2024-07-17 23:34:19.091165 INFO: addTimer id:33 expireTime:1721230959
2024-07-17 23:34:19.091178 INFO: Client[33] in!
2024-07-17 23:34:19.091185 INFO: HandleListenEvent 13
2024-07-17 23:34:19.091197 ERROR: Accept failure -1
2024-07-17 23:34:19.091205 INFO: eventNum: 1
2024-07-17 23:34:19.091212 INFO: fd: 33, events: 1

2024-07-17 23:34:19.091228 INFO: HttpConn 33 read success
2024-07-17 23:34:19.091242 INFO: GET / HTTP/1.1
2024-07-17 23:34:19.091250 INFO: Host: 39.98.202.182:9006
2024-07-17 23:34:19.091257 INFO: User-Agent: Go-http-client/1.1
2024-07-17 23:34:19.091263 INFO: oop!unknow header: User-Agent: Go-http-client/1.1
2024-07-17 23:34:19.091270 INFO: X-Vegeta-Seq: 1184
