2024-07-17 23:31:28.506955 ERROR: Accept failure -1
2024-07-17 23:31:28.507073 INFO: eventNum: 1
2024-07-17 23:31:28.507113 INFO: fd: 13, events: 1

2024-07-17 23:31:28.507119 INFO: HandleListenEvent 13
2024-07-17 23:31:28.507144 INFO: HttpConn 43 init success
2024-07-17 23:31:28.507151 INFO: addTimer id:43 expireTime:1721230788
2024-07-17 23:31:28.507163 INFO: Client[43] in!
2024-07-17 23:31:28.507168 INFO: HandleListenEvent 13
2024-07-17 23:31:28.507177 ERROR: Accept failure -1
2024-07-17 23:31:28.507183 INFO: eventNum: 1
2024-07-17 23:31:28.507187 INFO: fd: 43, events: 1

2024-07-17 23:31:28.507204 INFO: HttpConn 43 read success
2024-07-17 23:31:28.507218 INFO: GET / HTTP/1.1
2024-07-17 23:31:28.507223 INFO: Host: 39.98.202.182:9006
2024-07-17 23:31:28.507228 INFO: User-Agent: Go-http-client/1.1
2024-07-17 23:31:28.507232 INFO: oop!unknow header: User-Agent: Go-http-client/1.1
2024-07-17 23:31:28.507237 INFO: X-Vegeta-Seq: 24
2024-07-17 23:31:28.507241 INFO: oop!unknow header: X-Vegeta-Seq: 24
2024-07-17 23:31:28.507246 INFO: Accept-Encoding: gzip
2024-07-17 23:31:28.507250 INFO: oop!unknow header: Accept-Encoding: gzip
2024-07-17 23:31:28.507253 INFO: eventNum: 1
2024-07-17 23:31:28.507270 INFO: fd: 42, events: 1

2024-07-17 23:31:28.507254 INFO: 
2024-07-17 23:31:28.507294 INFO: request:HTTP/1.1 200 OK

2024-07-17 23:31:28.507299 INFO: request:HTTP/1.1 200 OK
Content-Length:542

2024-07-17 23:31:28.507303 INFO: request:HTTP/1.1 200 OK
Content-Length:542
Connection:close

2024-07-17 23:31:28.507307 INFO: request:HTTP/1.1 200 OK
Content-Length:542
Connection:close


2024-07-17 23:31:28.507322 INFO: Thread 140246097688128 is running task

2024-07-17 23:31:28.507325 INFO: eventNum: 1
2024-07-17 23:31:28.507328 INFO: HttpConn 42 read success
2024-07-17 23:31:28.507349 INFO: GET / HTTP/1.1
2024-07-17 23:31:28.507335 INFO: fd: 43, events: 4

2024-07-17 23:31:28.507355 INFO: Host: 39.98.202.182:9006
2024-07-17 23:31:28.507372 INFO: User-Agent: Go-http-client/1.1
2024-07-17 23:31:28.507377 INFO: oop!unknow header: User-Agent: Go-http-client/1.1
2024-07-17 23:31:28.507381 INFO: X-Vegeta-Seq: 23
2024-07-17 23:31:28.507385 INFO: oop!unknow header: X-Vegeta-Seq: 23
2024-07-17 23:31:28.507389 INFO: Accept-Encoding: gzip
2024-07-17 23:31:28.507394 INFO: oop!unknow header: Accept-Encoding: gzip
2024-07-17 23:31:28.507398 INFO: 
2024-07-17 23:31:28.507409 INFO: request:HTTP/1.1 200 OK

2024-07-17 23:31:28.507414 INFO: request:HTTP/1.1 200 OK
Content-Length:542

2024-07-17 23:31:28.507418 INFO: request:HTTP/1.1 200 OK
Content-Length:542
Connection:close

2024-07-17 23:31:28.507422 INFO: request:HTTP/1.1 200 OK
Content-Length:542
Connection:close


2024-07-17 23:31:28.507455 INFO: Thread 140246097688128 is running task

2024-07-17 23:31:28.507461 INFO: eventNum: 1
2024-07-17 23:31:28.507471 INFO: fd: 42, events: 4

2024-07-17 23:31:28.507484 INFO: Thread 140246097688128 is running task

2024-07-17 23:31:28.507502 INFO: Thread 140246097688128 is running task

2024-07-17 23:31:28.507527 INFO: eventNum: 1
2024-07-17 23:31:28.507538 INFO: fd: 13, events: 1

2024-07-17 23:31:28.507542 INFO: HandleListenEvent 13
2024-07-17 23:31:28.507557 INFO: HttpConn 44 init success
2024-07-17 23:31:28.507563 INFO: addTimer id:44 expireTime:1721230788
2024-07-17 23:31:28.507573 INFO: Client[44] in!
2024-07-17 23:31:28.507578 INFO: HandleListenEvent 13
2024-07-17 23:31:28.507586 ERROR: Accept failure -1
2024-07-17 23:31:28.507592 INFO: eventNum: 1
2024-07-17 23:31:28.507596 INFO: fd: 44, events: 1

2024-07-17 23:31:28.507610 INFO: HttpConn 44 read success
2024-07-17 23:31:28.507619 INFO: GET / HTTP/1.1
2024-07-17 23:31:28.507624 INFO: Host: 39.98.202.182:9006
2024-07-17 23:31:28.507629 INFO: User-Agent: Go-http-client/1.1
2024-07-17 23:31:28.507633 INFO: oop!unknow header: User-Agent: Go-http-client/1.1
2024-07-17 23:31:28.507637 INFO: X-Vegeta-Seq: 31
2024-07-17 23:31:28.507642 INFO: oop!unknow header: X-Vegeta-Seq: 31
2024-07-17 23:31:28.507646 INFO: Accept-Encoding: gzip
2024-07-17 23:31:28.507650 INFO: oop!unknow header: Accept-Encoding: gzip
2024-07-17 23:31:28.507660 INFO: 
2024-07-17 23:31:28.507673 INFO: request:HTTP/1.1 200 OK

2024-07-17 23:31:28.507680 INFO: request:HTTP/1.1 200 OK
Content-Length:542

2024-07-17 23:31:28.507684 INFO: request:HTTP/1.1 200 OK
Content-Length:542
Connection:close

2024-07-17 23:31:28.507688 INFO: request:HTTP/1.1 200 OK
Content-Length:542
Connection:close


2024-07-17 23:31:28.507701 INFO: Thread 140246106080832 is running task

2024-07-17 23:31:28.507707 INFO: eventNum: 1
2024-07-17 23:31:28.507733 INFO: fd: 44, events: 4

2024-07-17 23:31:28.507747 INFO: eventNum: 1
2024-07-17 23:31:28.507752 INFO: fd: 13, events: 1

2024-07-17 23:31:28.507756 INFO: HandleListenEvent 13
2024-07-17 23:31:28.507769 INFO: HttpConn 45 init success
2024-07-17 23:31:28.507774 INFO: addTimer id:45 expireTime:1721230788
2024-07-17 23:31:28.507784 INFO: Client[45] in!
2024-07-17 23:31:28.507788 INFO: HandleListenEvent 13
2024-07-17 23:31:28.507796 ERROR: Accept failure -1
2024-07-17 23:31:28.507804 INFO: eventNum: 1
2024-07-17 23:31:28.507805 INFO: Thread 140246114473536 is running task

2024-07-17 23:31:28.507809 INFO: fd: 45, events: 1

2024-07-17 23:31:28.507851 INFO: HttpConn 45 read success
2024-07-17 23:31:28.507864 INFO: GET / HTTP/1.1
2024-07-17 23:31:28.507870 INFO: Host: 39.98.202.182:9006
2024-07-17 23:31:28.507875 INFO: User-Agent: Go-http-client/1.1
2024-07-17 23:31:28.507879 INFO: oop!unknow header: User-Agent: Go-http-client/1.1
2024-07-17 23:31:28.507883 INFO: X-Vegeta-Seq: 27
2024-07-17 23:31:28.507887 INFO: oop!unknow header: X-Vegeta-Seq: 27
2024-07-17 23:31:28.507892 INFO: Accept-Encoding: gzip
2024-07-17 23:31:28.507896 INFO: oop!unknow header: Accept-Encoding: gzip
2024-07-17 23:31:28.507900 INFO: 
2024-07-17 23:31:28.507914 INFO: request:HTTP/1.1 200 OK

2024-07-17 23:31:28.507919 INFO: request:HTTP/1.1 200 OK
Content-Length:542

2024-07-17 23:31:28.507923 INFO: request:HTTP/1.1 200 OK
Content-Length:542
Connection:close

2024-07-17 23:31:28.507928 INFO: request:HTTP/1.1 200 OK
Content-Length:542
Connection:close


2024-07-17 23:31:28.507939 INFO: Thread 140246148044352 is running task

2024-07-17 23:31:28.507944 INFO: eventNum: 1
2024-07-17 23:31:28.507953 INFO: fd: 45, events: 4

2024-07-17 23:31:28.507985 INFO: Thread 140246156437056 is running task

2024-07-17 23:31:28.508024 INFO: eventNum: 1
2024-07-17 23:31:28.508035 INFO: fd: 13, events: 1

2024-07-17 23:31:28.508040 INFO: HandleListenEvent 13
2024-07-17 23:31:28.508053 INFO: HttpConn 46 init success
2024-07-17 23:31:28.508059 INFO: addTimer id:46 expireTime:1721230788
2024-07-17 23:31:28.508081 INFO: Client[46] in!
2024-07-17 23:31:28.508087 INFO: HandleListenEvent 13
2024-07-17 23:31:28.508097 INFO: HttpConn 47 init success
2024-07-17 23:31:28.508103 INFO: addTimer id:47 expireTime:1721230788
2024-07-17 23:31:28.508110 INFO: Client[47] in!
2024-07-17 23:31:28.508115 INFO: HandleListenEvent 13
2024-07-17 23:31:28.508123 ERROR: Accept failure -1
2024-07-17 23:31:28.508132 INFO: eventNum: 2
2024-07-17 23:31:28.508136 INFO: fd: 46, events: 1

2024-07-17 23:31:28.508150 INFO: fd: 47, events: 1

2024-07-17 23:31:28.508153 INFO: HttpConn 46 read success
2024-07-17 23:31:28.508163 INFO: GET / HTTP/1.1
2024-07-17 23:31:28.508168 INFO: Host: 39.98.202.182:9006
2024-07-17 23:31:28.508173 INFO: User-Agent: Go-http-client/1.1
2024-07-17 23:31:28.508177 INFO: oop!unknow header: User-Agent: Go-http-client/1.1
2024-07-17 23:31:28.508181 INFO: X-Vegeta-Seq: 32
2024-07-17 23:31:28.508185 INFO: oop!unknow header: X-Vegeta-Seq: 32
2024-07-17 23:31:28.508190 INFO: Accept-Encoding: gzip
2024-07-17 23:31:28.508194 INFO: oop!unknow header: Accept-Encoding: gzip
2024-07-17 23:31:28.508198 INFO: 
2024-07-17 23:31:28.508211 INFO: request:HTTP/1.1 200 OK

2024-07-17 23:31:28.508215 INFO: request:HTTP/1.1 200 OK
Content-Length:542

2024-07-17 23:31:28.508219 INFO: request:HTTP/1.1 200 OK
Content-Length:542
Connection:close

2024-07-17 23:31:28.508224 INFO: request:HTTP/1.1 200 OK
Content-Length:542
Connection:close


2024-07-17 23:31:28.508235 INFO: Thread 140246131258944 is running task

2024-07-17 23:31:28.508252 INFO: HttpConn 47 read success
2024-07-17 23:31:28.508241 INFO: eventNum: 1
2024-07-17 23:31:28.508266 INFO: fd: 46, events: 4

2024-07-17 23:31:28.508260 INFO: GET / HTTP/1.1
2024-07-17 23:31:28.508281 INFO: Host: 39.98.202.182:9006
2024-07-17 23:31:28.508286 INFO: User-Agent: Go-http-client/1.1
2024-07-17 23:31:28.508290 INFO: oop!unknow header: User-Agent: Go-http-client/1.1
2024-07-17 23:31:28.508294 INFO: X-Vegeta-Seq: 21
2024-07-17 23:31:28.508299 INFO: oop!unknow header: X-Vegeta-Seq: 21
2024-07-17 23:31:28.508303 INFO: Accept-Encoding: gzip
2024-07-17 23:31:28.508307 INFO: oop!unknow header: Accept-Encoding: gzip
2024-07-17 23:31:28.508311 INFO: 
2024-07-17 23:31:28.508322 INFO: request:HTTP/1.1 200 OK

2024-07-17 23:31:28.508327 INFO: request:HTTP/1.1 200 OK
Content-Length:542

2024-07-17 23:31:28.508331 INFO: request:HTTP/1.1 200 OK
Content-Length:542
Connection:close

2024-07-17 23:31:28.508335 INFO: request:HTTP/1.1 200 OK
Content-Length:542
Connection:close


2024-07-17 23:31:28.508346 INFO: Thread 140246131258944 is running task

2024-07-17 23:31:28.508351 INFO: eventNum: 1
2024-07-17 23:31:28.508359 INFO: fd: 47, events: 4

2024-07-17 23:31:28.508371 INFO: Thread 140246131258944 is running task

2024-07-17 23:31:28.508385 INFO: eventNum: 1
2024-07-17 23:31:28.508392 INFO: Thread 140246131258944 is running task

2024-07-17 23:31:28.508394 INFO: fd: 13, events: 1

2024-07-17 23:31:28.508419 INFO: HandleListenEvent 13
2024-07-17 23:31:28.508468 INFO: HttpConn 48 init success
2024-07-17 23:31:28.508477 INFO: addTimer id:48 expireTime:1721230788
2024-07-17 23:31:28.508487 INFO: Client[48] in!
2024-07-17 23:31:28.508492 INFO: HandleListenEvent 13
2024-07-17 23:31:28.508500 ERROR: Accept failure -1
2024-07-17 23:31:28.508506 INFO: eventNum: 1
2024-07-17 23:31:28.508510 INFO: fd: 48, events: 1

2024-07-17 23:31:28.508524 INFO: HttpConn 48 read success
2024-07-17 23:31:28.508535 INFO: GET / HTTP/1.1
2024-07-17 23:31:28.508540 INFO: Host: 39.98.202.182:9006
2024-07-17 23:31:28.508545 INFO: User-Agent: Go-http-client/1.1
2024-07-17 23:31:28.508549 INFO: oop!unknow header: User-Agent: Go-http-client/1.1
2024-07-17 23:31:28.508554 INFO: X-Vegeta-Seq: 22
2024-07-17 23:31:28.508558 INFO: oop!unknow header: X-Vegeta-Seq: 22
2024-07-17 23:31:28.508562 INFO: Accept-Encoding: gzip
2024-07-17 23:31:28.508567 INFO: oop!unknow header: Accept-Encoding: gzip
2024-07-17 23:31:28.508571 INFO: 
2024-07-17 23:31:28.508583 INFO: request:HTTP/1.1 200 OK

2024-07-17 23:31:28.508588 INFO: request:HTTP/1.1 200 OK
Content-Length:542

2024-07-17 23:31:28.508592 INFO: request:HTTP/1.1 200 OK
Content-Length:542
Connection:close

2024-07-17 23:31:28.508596 INFO: request:HTTP/1.1 200 OK
Content-Length:542
Connection:close


2024-07-17 23:31:28.508608 INFO: Thread 140246106080832 is running task

2024-07-17 23:31:28.508613 INFO: eventNum: 1
2024-07-17 23:31:28.508622 INFO: fd: 48, events: 4

2024-07-17 23:31:28.508648 INFO: Thread 140246114473536 is running task

2024-07-17 23:31:28.508815 INFO: eventNum: 1
2024-07-17 23:31:28.508838 INFO: fd: 13, events: 1

2024-07-17 23:31:28.508843 INFO: HandleListenEvent 13
2024-07-17 23:31:28.508856 INFO: HttpConn 49 init success
2024-07-17 23:31:28.508862 INFO: addTimer id:49 expireTime:1721230788
2024-07-17 23:31:28.508871 INFO: Client[49] in!
2024-07-17 23:31:28.508876 INFO: HandleListenEvent 13
2024-07-17 23:31:28.508885 INFO: HttpConn 50 init success
2024-07-17 23:31:28.508891 INFO: addTimer id:50 expireTime:1721230788
2024-07-17 23:31:28.508898 INFO: Client[50] in!
2024-07-17 23:31:28.508903 INFO: HandleListenEvent 13
2024-07-17 23:31:28.508911 ERROR: Accept failure -1
2024-07-17 23:31:28.508916 INFO: eventNum: 1
2024-07-17 23:31:28.508921 INFO: fd: 49, events: 1

2024-07-17 23:31:28.508934 INFO: HttpConn 49 read success
2024-07-17 23:31:28.508947 INFO: GET / HTTP/1.1
2024-07-17 23:31:28.508953 INFO: Host: 39.98.202.182:9006
2024-07-17 23:31:28.508958 INFO: User-Agent: Go-http-client/1.1
2024-07-17 23:31:28.508962 INFO: oop!unknow header: User-Agent: Go-http-client/1.1
2024-07-17 23:31:28.508971 INFO: X-Vegeta-Seq: 25
2024-07-17 23:31:28.508976 INFO: oop!unknow header: X-Vegeta-Seq: 25
2024-07-17 23:31:28.508980 INFO: Accept-Encoding: gzip
2024-07-17 23:31:28.508984 INFO: oop!unknow header: Accept-Encoding: gzip
2024-07-17 23:31:28.508988 INFO: 
2024-07-17 23:31:28.509001 INFO: request:HTTP/1.1 200 OK

2024-07-17 23:31:28.509006 INFO: request:HTTP/1.1 200 OK
Content-Length:542

2024-07-17 23:31:28.509010 INFO: request:HTTP/1.1 200 OK
Content-Length:542
Connection:close

2024-07-17 23:31:28.509014 INFO: request:HTTP/1.1 200 OK
Content-Length:542
Connection:close


2024-07-17 23:31:28.509027 INFO: Thread 140246148044352 is running task

2024-07-17 23:31:28.509032 INFO: eventNum: 1
2024-07-17 23:31:28.509040 INFO: fd: 49, events: 4

2024-07-17 23:31:28.509074 INFO: Thread 140246156437056 is running task

2024-07-17 23:31:28.509204 INFO: eventNum: 1
2024-07-17 23:31:28.509216 INFO: fd: 50, events: 1

2024-07-17 23:31:28.509233 INFO: HttpConn 50 read success
2024-07-17 23:31:28.509246 INFO: GET / HTTP/1.1
2024-07-17 23:31:28.509251 INFO: Host: 39.98.202.182:9006
2024-07-17 23:31:28.509256 INFO: User-Agent: Go-http-client/1.1
2024-07-17 23:31:28.509260 INFO: oop!unknow header: User-Agent: Go-http-client/1.1
2024-07-17 23:31:28.509264 INFO: X-Vegeta-Seq: 30
2024-07-17 23:31:28.509269 INFO: oop!unknow header: X-Vegeta-Seq: 30
2024-07-17 23:31:28.509273 INFO: Accept-Encoding: gzip
2024-07-17 23:31:28.509277 INFO: oop!unknow header: Accept-Encoding: gzip
2024-07-17 23:31:28.509281 INFO: 
2024-07-17 23:31:28.509294 INFO: request:HTTP/1.1 200 OK

2024-07-17 23:31:28.509299 INFO: request:HTTP/1.1 200 OK
Content-Length:542

2024-07-17 23:31:28.509304 INFO: request:HTTP/1.1 200 OK
Content-Length:542
Connection:close

2024-07-17 23:31:28.509311 INFO: request:HTTP/1.1 200 OK
Content-Length:542
Connection:close


2024-07-17 23:31:28.509323 INFO: Thread 140246097688128 is running task

2024-07-17 23:31:28.509329 INFO: eventNum: 1
2024-07-17 23:31:28.509345 INFO: fd: 50, events: 4

2024-07-17 23:31:28.509378 INFO: Thread 140246131258944 is running task

2024-07-17 23:31:28.509655 INFO: eventNum: 1
2024-07-17 23:31:28.509680 INFO: fd: 13, events: 1

2024-07-17 23:31:28.509689 INFO: HandleListenEvent 13
2024-07-17 23:31:28.509710 INFO: HttpConn 51 init success
2024-07-17 23:31:28.509718 INFO: addTimer id:51 expireTime:1721230788
2024-07-17 23:31:28.509728 INFO: Client[51] in!
2024-07-17 23:31:28.509733 INFO: HandleListenEvent 13
2024-07-17 23:31:28.509743 ERROR: Accept failure -1
2024-07-17 23:31:28.509965 INFO: eventNum: 1
2024-07-17 23:31:28.509976 INFO: fd: 13, events: 1

2024-07-17 23:31:28.509980 INFO: HandleListenEvent 13
2024-07-17 23:31:28.509988 INFO: HttpConn 52 init success
2024-07-17 23:31:28.509994 INFO: addTimer id:52 expireTime:1721230788
2024-07-17 23:31:28.510003 INFO: Client[52] in!
2024-07-17 23:31:28.510008 INFO: HandleListenEvent 13
2024-07-17 23:31:28.510031 INFO: HttpConn 53 init success
2024-07-17 23:31:28.510037 INFO: addTimer id:53 expireTime:1721230788
2024-07-17 23:31:28.510046 INFO: Client[53] in!
2024-07-17 23:31:28.510050 INFO: HandleListenEvent 13
2024-07-17 23:31:28.510058 ERROR: Accept failure -1
2024-07-17 23:31:28.510064 INFO: eventNum: 2
2024-07-17 23:31:28.510068 INFO: fd: 52, events: 1

2024-07-17 23:31:28.510078 INFO: fd: 51, events: 1

2024-07-17 23:31:28.510084 INFO: HttpConn 52 read success
2024-07-17 23:31:28.510099 INFO: GET / HTTP/1.1
2024-07-17 23:31:28.510105 INFO: Host: 39.98.202.182:9006
2024-07-17 23:31:28.510109 INFO: User-Agent: Go-http-client/1.1
2024-07-17 23:31:28.510128 INFO: oop!unknow header: User-Agent: Go-http-client/1.1
2024-07-17 23:31:28.510133 INFO: X-Vegeta-Seq: 34
2024-07-17 23:31:28.510138 INFO: oop!unknow header: X-Vegeta-Seq: 34
2024-07-17 23:31:28.510142 INFO: Accept-Encoding: gzip
2024-07-17 23:31:28.510146 INFO: oop!unknow header: Accept-Encoding: gzip
2024-07-17 23:31:28.510150 INFO: 
2024-07-17 23:31:28.510165 INFO: request:HTTP/1.1 200 OK

2024-07-17 23:31:28.510170 INFO: request:HTTP/1.1 200 OK
Content-Length:542

2024-07-17 23:31:28.510179 INFO: request:HTTP/1.1 200 OK
Content-Length:542
Connection:close

2024-07-17 23:31:28.510183 INFO: request:HTTP/1.1 200 OK
Content-Length:542
Connection:close


2024-07-17 23:31:28.510197 INFO: Thread 140246139651648 is running task

2024-07-17 23:31:28.510197 INFO: eventNum: 1
2024-07-17 23:31:28.510221 INFO: fd: 52, events: 4

2024-07-17 23:31:28.510207 INFO: HttpConn 51 read success
2024-07-17 23:31:28.510258 INFO: GET / HTTP/1.1
2024-07-17 23:31:28.510264 INFO: Host: 39.98.202.182:9006
2024-07-17 23:31:28.510268 INFO: User-Agent: Go-http-client/1.1
2024-07-17 23:31:28.510272 INFO: oop!unknow header: User-Agent: Go-http-client/1.1
2024-07-17 23:31:28.510277 INFO: X-Vegeta-Seq: 35
2024-07-17 23:31:28.510281 INFO: oop!unknow header: X-Vegeta-Seq: 35
2024-07-17 23:31:28.510285 INFO: Accept-Encoding: gzip
2024-07-17 23:31:28.510289 INFO: oop!unknow header: Accept-Encoding: gzip
2024-07-17 23:31:28.510293 INFO: 
2024-07-17 23:31:28.510306 INFO: request:HTTP/1.1 200 OK

2024-07-17 23:31:28.510311 INFO: request:HTTP/1.1 200 OK
Content-Length:542

2024-07-17 23:31:28.510315 INFO: request:HTTP/1.1 200 OK
Content-Length:542
Connection:close

2024-07-17 23:31:28.510319 INFO: request:HTTP/1.1 200 OK
Content-Length:542
Connection:close


2024-07-17 23:31:28.510330 INFO: Thread 140246139651648 is running task

2024-07-17 23:31:28.510331 INFO: eventNum: 1
2024-07-17 23:31:28.510344 INFO: fd: 51, events: 4

2024-07-17 23:31:28.510359 INFO: Thread 140246139651648 is running task

2024-07-17 23:31:28.510376 INFO: Thread 140246139651648 is running task

2024-07-17 23:31:28.510457 INFO: eventNum: 1
2024-07-17 23:31:28.510473 INFO: fd: 53, events: 1

2024-07-17 23:31:28.510488 INFO: HttpConn 53 read success
2024-07-17 23:31:28.510500 INFO: GET / HTTP/1.1
2024-07-17 23:31:28.510505 INFO: Host: 39.98.202.182:9006
2024-07-17 23:31:28.510510 INFO: User-Agent: Go-http-client/1.1
2024-07-17 23:31:28.510514 INFO: oop!unknow header: User-Agent: Go-http-client/1.1
2024-07-17 23:31:28.510522 INFO: X-Vegeta-Seq: 33
2024-07-17 23:31:28.510526 INFO: oop!unknow header: X-Vegeta-Seq: 33
2024-07-17 23:31:28.510530 INFO: Accept-Encoding: gzip
2024-07-17 23:31:28.510534 INFO: oop!unknow header: Accept-Encoding: gzip
2024-07-17 23:31:28.510538 INFO: 
2024-07-17 23:31:28.510551 INFO: request:HTTP/1.1 200 OK

2024-07-17 23:31:28.510556 INFO: request:HTTP/1.1 200 OK
Content-Length:542

2024-07-17 23:31:28.510560 INFO: request:HTTP/1.1 200 OK
Content-Length:542
Connection:close

2024-07-17 23:31:28.510565 INFO: request:HTTP/1.1 200 OK
Content-Length:542
Connection:close


2024-07-17 23:31:28.510577 INFO: Thread 140246156437056 is running task

2024-07-17 23:31:28.510581 INFO: eventNum: 1
2024-07-17 23:31:28.510592 INFO: fd: 53, events: 4

2024-07-17 23:31:28.510623 INFO: Thread 140246148044352 is running task

2024-07-17 23:31:28.511442 INFO: eventNum: 1
2024-07-17 23:31:28.511464 INFO: fd: 13, events: 1

2024-07-17 23:31:28.511471 INFO: HandleListenEvent 13
2024-07-17 23:31:28.511490 INFO: HttpConn 54 init success
2024-07-17 23:31:28.511498 INFO: addTimer id:54 expireTime:1721230788
2024-07-17 23:31:28.511520 INFO: Client[54] in!
2024-07-17 23:31:28.511525 INFO: HandleListenEvent 13
2024-07-17 23:31:28.511535 ERROR: Accept failure -1
2024-07-17 23:31:28.511805 INFO: eventNum: 1
2024-07-17 23:31:28.511820 INFO: fd: 54, events: 1

2024-07-17 23:31:28.511838 INFO: HttpConn 54 read success
2024-07-17 23:31:28.511857 INFO: GET / HTTP/1.1
2024-07-17 23:31:28.511862 INFO: Host: 39.98.202.182:9006
2024-07-17 23:31:28.511870 INFO: User-Agent: Go-http-client/1.1
2024-07-17 23:31:28.511874 INFO: oop!unknow header: User-Agent: Go-http-client/1.1
2024-07-17 23:31:28.511878 INFO: X-Vegeta-Seq: 36
2024-07-17 23:31:28.511883 INFO: oop!unknow header: X-Vegeta-Seq: 36
2024-07-17 23:31:28.511887 INFO: Accept-Encoding: gzip
2024-07-17 23:31:28.511891 INFO: oop!unknow header: Accept-Encoding: gzip
2024-07-17 23:31:28.511895 INFO: 
2024-07-17 23:31:28.511909 INFO: request:HTTP/1.1 200 OK

2024-07-17 23:31:28.511919 INFO: request:HTTP/1.1 200 OK
Content-Length:542

2024-07-17 23:31:28.511923 INFO: request:HTTP/1.1 200 OK
Content-Length:542
Connection:close

2024-07-17 23:31:28.511927 INFO: request:HTTP/1.1 200 OK
Content-Length:542
Connection:close


2024-07-17 23:31:28.511944 INFO: Thread 140246097688128 is running task

2024-07-17 23:31:28.511949 INFO: eventNum: 1
2024-07-17 23:31:28.511960 INFO: fd: 54, events: 4

2024-07-17 23:31:28.511993 INFO: Thread 140246131258944 is running task

2024-07-17 23:31:28.535570 INFO: eventNum: 1
2024-07-17 23:31:28.535626 INFO: fd: 13, events: 1

2024-07-17 23:31:28.535632 INFO: HandleListenEvent 13
2024-07-17 23:31:28.535660 INFO: HttpConn 55 init success
2024-07-17 23:31:28.535667 INFO: addTimer id:55 expireTime:1721230788
2024-07-17 23:31:28.535681 INFO: Client[55] in!
2024-07-17 23:31:28.535686 INFO: HandleListenEvent 13
2024-07-17 23:31:28.535697 ERROR: Accept failure -1
2024-07-17 23:31:28.536650 INFO: eventNum: 1
2024-07-17 23:31:28.536666 INFO: fd: 55, events: 1

2024-07-17 23:31:28.536694 INFO: HttpConn 55 read success
2024-07-17 23:31:28.536728 INFO: GET / HTTP/1.1
2024-07-17 23:31:28.536736 INFO: Host: 39.98.202.182:9006
2024-07-17 23:31:28.536741 INFO: User-Agent: Go-http-client/1.1
2024-07-17 23:31:28.536746 INFO: oop!unknow header: User-Agent: Go-http-client/1.1
2024-07-17 23:31:28.536751 INFO: X-Vegeta-Seq: 37
2024-07-17 23:31:28.536755 INFO: oop!unknow header: X-Vegeta-Seq: 37
2024-07-17 23:31:28.536760 INFO: Accept-Encoding: gzip
2024-07-17 23:31:28.536764 INFO: oop!unknow header: Accept-Encoding: gzip
2024-07-17 23:31:28.536768 INFO: 
2024-07-17 23:31:28.536793 INFO: request:HTTP/1.1 200 OK

2024-07-17 23:31:28.536799 INFO: request:HTTP/1.1 200 OK
Content-Length:542

2024-07-17 23:31:28.536803 INFO: request:HTTP/1.1 200 OK
Content-Length:542
Connection:close

2024-07-17 23:31:28.536808 INFO: request:HTTP/1.1 200 OK
Content-Length:542
Connection:close


2024-07-17 23:31:28.536824 INFO: eventNum: 1
2024-07-17 23:31:28.536839 INFO: fd: 55, events: 4

2024-07-17 23:31:28.536831 INFO: Thread 140246122866240 is running task

2024-07-17 23:31:28.536886 INFO: Thread 140246122866240 is running task

2024-07-17 23:31:28.604668 INFO: eventNum: 1
2024-07-17 23:31:28.604726 INFO: fd: 13, events: 1

2024-07-17 23:31:28.604732 INFO: HandleListenEvent 13
2024-07-17 23:31:28.604758 INFO: HttpConn 56 init success
2024-07-17 23:31:28.604775 INFO: addTimer id:56 expireTime:1721230788
2024-07-17 23:31:28.604790 INFO: Client[56] in!
2024-07-17 23:31:28.604795 INFO: HandleListenEvent 13
2024-07-17 23:31:28.604806 INFO: HttpConn 57 init success
2024-07-17 23:31:28.604811 INFO: addTimer id:57 expireTime:1721230788
2024-07-17 23:31:28.604819 INFO: Client[57] in!
2024-07-17 23:31:28.604824 INFO: HandleListenEvent 13
2024-07-17 23:31:28.604835 ERROR: Accept failure -1
2024-07-17 23:31:28.605837 INFO: eventNum: 1
2024-07-17 23:31:28.605854 INFO: fd: 13, events: 1

2024-07-17 23:31:28.605859 INFO: HandleListenEvent 13
2024-07-17 23:31:28.605872 INFO: HttpConn 58 init success
2024-07-17 23:31:28.605878 INFO: addTimer id:58 expireTime:1721230788
2024-07-17 23:31:28.605888 INFO: Client[58] in!
2024-07-17 23:31:28.605893 INFO: HandleListenEvent 13
2024-07-17 23:31:28.605901 ERROR: Accept failure -1
2024-07-17 23:31:28.606287 INFO: eventNum: 1
2024-07-17 23:31:28.606303 INFO: fd: 13, events: 1

2024-07-17 23:31:28.606308 INFO: HandleListenEvent 13
2024-07-17 23:31:28.606320 INFO: HttpConn 59 init success
2024-07-17 23:31:28.606325 INFO: addTimer id:59 expireTime:1721230788
2024-07-17 23:31:28.606335 INFO: Client[59] in!
2024-07-17 23:31:28.606339 INFO: HandleListenEvent 13
2024-07-17 23:31:28.606357 ERROR: Accept failure -1
2024-07-17 23:31:28.606364 INFO: eventNum: 1
2024-07-17 23:31:28.606368 INFO: fd: 13, events: 1

2024-07-17 23:31:28.606373 INFO: HandleListenEvent 13
2024-07-17 23:31:28.606382 INFO: HttpConn 60 init success
2024-07-17 23:31:28.606387 INFO: addTimer id:60 expireTime:1721230788
2024-07-17 23:31:28.606396 INFO: Client[60] in!
2024-07-17 23:31:28.606408 INFO: HandleListenEvent 13
2024-07-17 23:31:28.606445 INFO: HttpConn 61 init success
2024-07-17 23:31:28.606452 INFO: addTimer id:61 expireTime:1721230788
2024-07-17 23:31:28.606460 INFO: Client[61] in!
2024-07-17 23:31:28.606464 INFO: HandleListenEvent 13
2024-07-17 23:31:28.606472 ERROR: Accept failure -1
2024-07-17 23:31:28.606834 INFO: eventNum: 1
2024-07-17 23:31:28.606849 INFO: fd: 13, events: 1

2024-07-17 23:31:28.606854 INFO: HandleListenEvent 13
2024-07-17 23:31:28.606871 INFO: HttpConn 62 init success
2024-07-17 23:31:28.606876 INFO: addTimer id:62 expireTime:1721230788
2024-07-17 23:31:28.606886 INFO: Client[62] in!
2024-07-17 23:31:28.606890 INFO: HandleListenEvent 13
2024-07-17 23:31:28.606907 INFO: HttpConn 63 init success
2024-07-17 23:31:28.606912 INFO: addTimer id:63 expireTime:1721230788
2024-07-17 23:31:28.606926 INFO: Client[63] in!
2024-07-17 23:31:28.606932 INFO: HandleListenEvent 13
2024-07-17 23:31:28.606939 ERROR: Accept failure -1
2024-07-17 23:31:28.607003 INFO: eventNum: 1
2024-07-17 23:31:28.607035 INFO: fd: 13, events: 1

2024-07-17 23:31:28.607041 INFO: HandleListenEvent 13
2024-07-17 23:31:28.607062 INFO: HttpConn 64 init success
2024-07-17 23:31:28.607070 INFO: addTimer id:64 expireTime:1721230788
2024-07-17 23:31:28.607082 INFO: Client[64] in!
2024-07-17 23:31:28.607087 INFO: HandleListenEvent 13
2024-07-17 23:31:28.607097 ERROR: Accept failure -1
2024-07-17 23:31:28.607623 INFO: eventNum: 1
2024-07-17 23:31:28.607644 INFO: fd: 13, events: 1

2024-07-17 23:31:28.607649 INFO: HandleListenEvent 13
2024-07-17 23:31:28.607664 INFO: HttpConn 65 init success
2024-07-17 23:31:28.607671 INFO: addTimer id:65 expireTime:1721230788
2024-07-17 23:31:28.607686 INFO: Client[65] in!
2024-07-17 23:31:28.607691 INFO: HandleListenEvent 13
2024-07-17 23:31:28.607701 INFO: HttpConn 66 init success
2024-07-17 23:31:28.607707 INFO: addTimer id:66 expireTime:1721230788
2024-07-17 23:31:28.607714 INFO: Client[66] in!
2024-07-17 23:31:28.607719 INFO: HandleListenEvent 13
2024-07-17 23:31:28.607728 ERROR: Accept failure -1
2024-07-17 23:31:28.607735 INFO: eventNum: 1
2024-07-17 23:31:28.607739 INFO: fd: 56, events: 1

2024-07-17 23:31:28.607757 INFO: HttpConn 56 read success
2024-07-17 23:31:28.607772 INFO: GET / HTTP/1.1
2024-07-17 23:31:28.607781 INFO: Host: 39.98.202.182:9006
2024-07-17 23:31:28.607790 INFO: User-Agent: Go-http-client/1.1
2024-07-17 23:31:28.607797 INFO: oop!unknow header: User-Agent: Go-http-client/1.1
2024-07-17 23:31:28.607807 INFO: X-Vegeta-Seq: 38
2024-07-17 23:31:28.607813 INFO: oop!unknow header: X-Vegeta-Seq: 38
2024-07-17 23:31:28.607823 INFO: Accept-Encoding: gzip
2024-07-17 23:31:28.607828 INFO: oop!unknow header: Accept-Encoding: gzip
2024-07-17 23:31:28.607834 INFO: 
2024-07-17 23:31:28.607876 INFO: request:HTTP/1.1 200 OK

2024-07-17 23:31:28.607882 INFO: request:HTTP/1.1 200 OK
Content-Length:542

2024-07-17 23:31:28.607887 INFO: request:HTTP/1.1 200 OK
Content-Length:542
Connection:close

2024-07-17 23:31:28.607891 INFO: request:HTTP/1.1 200 OK
Content-Length:542
Connection:close


2024-07-17 23:31:28.607908 INFO: Thread 140246114473536 is running task

2024-07-17 23:31:28.607920 INFO: eventNum: 2
2024-07-17 23:31:28.607925 INFO: fd: 13, events: 1

2024-07-17 23:31:28.607930 INFO: HandleListenEvent 13
2024-07-17 23:31:28.607942 INFO: HttpConn 67 init success
2024-07-17 23:31:28.607947 INFO: addTimer id:67 expireTime:1721230788
2024-07-17 23:31:28.607957 INFO: Client[67] in!
2024-07-17 23:31:28.607962 INFO: HandleListenEvent 13
2024-07-17 23:31:28.607971 INFO: HttpConn 68 init success
2024-07-17 23:31:28.607976 INFO: addTimer id:68 expireTime:1721230788
2024-07-17 23:31:28.607984 INFO: Client[68] in!
2024-07-17 23:31:28.607989 INFO: HandleListenEvent 13
2024-07-17 23:31:28.607998 INFO: HttpConn 69 init success
2024-07-17 23:31:28.608003 INFO: addTimer id:69 expireTime:1721230788
2024-07-17 23:31:28.608011 INFO: Client[69] in!
2024-07-17 23:31:28.608015 INFO: HandleListenEvent 13
2024-07-17 23:31:28.608025 INFO: HttpConn 70 init success
2024-07-17 23:31:28.608030 INFO: addTimer id:70 expireTime:1721230788
2024-07-17 23:31:28.608044 INFO: Client[70] in!
2024-07-17 23:31:28.608048 INFO: HandleListenEvent 13
2024-07-17 23:31:28.608057 ERROR: Accept failure -1
2024-07-17 23:31:28.608062 INFO: fd: 56, events: 4

2024-07-17 23:31:28.608110 INFO: Thread 140246106080832 is running task

2024-07-17 23:31:28.608224 INFO: eventNum: 1
2024-07-17 23:31:28.608237 INFO: fd: 13, events: 1

2024-07-17 23:31:28.608244 INFO: HandleListenEvent 13
2024-07-17 23:31:28.608260 INFO: HttpConn 71 init success
2024-07-17 23:31:28.608269 INFO: addTimer id:71 expireTime:1721230788
2024-07-17 23:31:28.608282 INFO: Client[71] in!
2024-07-17 23:31:28.608289 INFO: HandleListenEvent 13
2024-07-17 23:31:28.608300 ERROR: Accept failure -1
2024-07-17 23:31:28.608340 INFO: eventNum: 1
2024-07-17 23:31:28.608349 INFO: fd: 13, events: 1

2024-07-17 23:31:28.608353 INFO: HandleListenEvent 13
2024-07-17 23:31:28.608361 INFO: HttpConn 72 init success
2024-07-17 23:31:28.608367 INFO: addTimer id:72 expireTime:1721230788
2024-07-17 23:31:28.608375 INFO: Client[72] in!
2024-07-17 23:31:28.608379 INFO: HandleListenEvent 13
2024-07-17 23:31:28.608387 ERROR: Accept failure -1
2024-07-17 23:31:28.608657 INFO: eventNum: 1
2024-07-17 23:31:28.608671 INFO: fd: 13, events: 1

2024-07-17 23:31:28.608676 INFO: HandleListenEvent 13
2024-07-17 23:31:28.608688 INFO: HttpConn 73 init success
2024-07-17 23:31:28.608693 INFO: addTimer id:73 expireTime:1721230788
2024-07-17 23:31:28.608706 INFO: Client[73] in!
2024-07-17 23:31:28.608711 INFO: HandleListenEvent 13
2024-07-17 23:31:28.608719 ERROR: Accept failure -1
2024-07-17 23:31:28.609086 INFO: eventNum: 1
2024-07-17 23:31:28.609104 INFO: fd: 13, events: 1

2024-07-17 23:31:28.609109 INFO: HandleListenEvent 13
2024-07-17 23:31:28.609122 INFO: HttpConn 74 init success
2024-07-17 23:31:28.609127 INFO: addTimer id:74 expireTime:1721230788
2024-07-17 23:31:28.609136 INFO: Client[74] in!
2024-07-17 23:31:28.609141 INFO: HandleListenEvent 13
2024-07-17 23:31:28.609151 INFO: HttpConn 75 init success
2024-07-17 23:31:28.609156 INFO: addTimer id:75 expireTime:1721230788
2024-07-17 23:31:28.609165 INFO: Client[75] in!
2024-07-17 23:31:28.609170 INFO: HandleListenEvent 13
2024-07-17 23:31:28.609178 ERROR: Accept failure -1
2024-07-17 23:31:28.609260 INFO: eventNum: 1
2024-07-17 23:31:28.609272 INFO: fd: 13, events: 1

2024-07-17 23:31:28.609277 INFO: HandleListenEvent 13
2024-07-17 23:31:28.609288 INFO: HttpConn 76 init success
2024-07-17 23:31:28.609294 INFO: addTimer id:76 expireTime:1721230788
2024-07-17 23:31:28.609303 INFO: Client[76] in!
2024-07-17 23:31:28.609308 INFO: HandleListenEvent 13
2024-07-17 23:31:28.609315 ERROR: Accept failure -1
2024-07-17 23:31:28.610366 INFO: eventNum: 1
2024-07-17 23:31:28.610389 INFO: fd: 32, events: 8193

2024-07-17 23:31:28.610413 INFO: HttpConn 32 close success
2024-07-17 23:31:28.610478 INFO: Client[32] quit!
2024-07-17 23:31:28.610487 INFO: eventNum: 1
2024-07-17 23:31:28.610491 INFO: fd: 57, events: 1

2024-07-17 23:31:28.610507 INFO: HttpConn 57 read success
2024-07-17 23:31:28.610519 INFO: GET / HTTP/1.1
2024-07-17 23:31:28.610525 INFO: Host: 39.98.202.182:9006
2024-07-17 23:31:28.610530 INFO: User-Agent: Go-http-client/1.1
2024-07-17 23:31:28.610535 INFO: oop!unknow header: User-Agent: Go-http-client/1.1
2024-07-17 23:31:28.610543 INFO: X-Vegeta-Seq: 39
2024-07-17 23:31:28.610550 INFO: oop!unknow header: X-Vegeta-Seq: 39
2024-07-17 23:31:28.610555 INFO: Accept-Encoding: gzip
2024-07-17 23:31:28.610559 INFO: oop!unknow header: Accept-Encoding: gzip
2024-07-17 23:31:28.610563 INFO: 
2024-07-17 23:31:28.610585 INFO: request:HTTP/1.1 200 OK

2024-07-17 23:31:28.610589 INFO: request:HTTP/1.1 200 OK
Content-Length:542

2024-07-17 23:31:28.610594 INFO: request:HTTP/1.1 200 OK
Content-Length:542
Connection:close

2024-07-17 23:31:28.610598 INFO: request:HTTP/1.1 200 OK
Content-Length:542
Connection:close


2024-07-17 23:31:28.610610 INFO: Thread 140246156437056 is running task

2024-07-17 23:31:28.610620 INFO: eventNum: 1
2024-07-17 23:31:28.610625 INFO: fd: 57, events: 4

2024-07-17 23:31:28.610671 INFO: Thread 140246148044352 is running task

2024-07-17 23:31:28.610683 INFO: eventNum: 1
2024-07-17 23:31:28.610688 INFO: fd: 38, events: 8193

2024-07-17 23:31:28.610701 INFO: HttpConn 38 close success
2024-07-17 23:31:28.610708 INFO: Client[38] quit!
2024-07-17 23:31:28.610916 INFO: eventNum: 1
2024-07-17 23:31:28.610929 INFO: fd: 29, events: 8193

2024-07-17 23:31:28.610943 INFO: HttpConn 29 close success
2024-07-17 23:31:28.610951 INFO: Client[29] quit!
2024-07-17 23:31:28.612109 INFO: eventNum: 1
2024-07-17 23:31:28.612128 INFO: fd: 30, events: 8193

2024-07-17 23:31:28.612143 INFO: HttpConn 30 close success
2024-07-17 23:31:28.612151 INFO: Client[30] quit!
2024-07-17 23:31:28.613780 INFO: eventNum: 1
2024-07-17 23:31:28.613804 INFO: fd: 17, events: 8193

2024-07-17 23:31:28.613822 INFO: HttpConn 17 close success
2024-07-17 23:31:28.613834 INFO: Client[17] quit!
2024-07-17 23:31:28.613840 INFO: eventNum: 1
2024-07-17 23:31:28.613844 INFO: fd: 69, events: 1

2024-07-17 23:31:28.613859 INFO: HttpConn 69 read success
2024-07-17 23:31:28.613870 INFO: GET / HTTP/1.1
2024-07-17 23:31:28.613877 INFO: Host: 39.98.202.182:9006
2024-07-17 23:31:28.613881 INFO: User-Agent: Go-http-client/1.1
2024-07-17 23:31:28.613886 INFO: oop!unknow header: User-Agent: Go-http-client/1.1
2024-07-17 23:31:28.613890 INFO: X-Vegeta-Seq: 56
2024-07-17 23:31:28.613894 INFO: oop!unknow header: X-Vegeta-Seq: 56
2024-07-17 23:31:28.613899 INFO: Accept-Encoding: gzip
2024-07-17 23:31:28.613903 INFO: oop!unknow header: Accept-Encoding: gzip
2024-07-17 23:31:28.613907 INFO: 
2024-07-17 23:31:28.613927 INFO: request:HTTP/1.1 200 OK

2024-07-17 23:31:28.613932 INFO: request:HTTP/1.1 200 OK
Content-Length:542

2024-07-17 23:31:28.613942 INFO: request:HTTP/1.1 200 OK
Content-Length:542
Connection:close

2024-07-17 23:31:28.613946 INFO: request:HTTP/1.1 200 OK
Content-Length:542
Connection:close


2024-07-17 23:31:28.613956 INFO: Thread 140246097688128 is running task

2024-07-17 23:31:28.613967 INFO: eventNum: 4
2024-07-17 23:31:28.613974 INFO: fd: 74, events: 1

2024-07-17 23:31:28.613988 INFO: HttpConn 74 read success
2024-07-17 23:31:28.613996 INFO: GET / HTTP/1.1
2024-07-17 23:31:28.614002 INFO: Host: 39.98.202.182:9006
2024-07-17 23:31:28.614006 INFO: User-Agent: Go-http-client/1.1
2024-07-17 23:31:28.614011 INFO: oop!unknow header: User-Agent: Go-http-client/1.1
2024-07-17 23:31:28.614015 INFO: X-Vegeta-Seq: 53
2024-07-17 23:31:28.614019 INFO: oop!unknow header: X-Vegeta-Seq: 53
2024-07-17 23:31:28.614023 INFO: Accept-Encoding: gzip
2024-07-17 23:31:28.614027 INFO: oop!unknow header: Accept-Encoding: gzip
2024-07-17 23:31:28.614032 INFO: 
2024-07-17 23:31:28.614044 INFO: request:HTTP/1.1 200 OK

2024-07-17 23:31:28.614050 INFO: request:HTTP/1.1 200 OK
Content-Length:542

2024-07-17 23:31:28.614054 INFO: request:HTTP/1.1 200 OK
Content-Length:542
Connection:close

2024-07-17 23:31:28.614058 INFO: request:HTTP/1.1 200 OK
Content-Length:542
Connection:close


2024-07-17 23:31:28.614065 INFO: Thread 140246131258944 is running task

2024-07-17 23:31:28.614073 INFO: fd: 69, events: 4

2024-07-17 23:31:28.614105 INFO: Thread 140246122866240 is running task

2024-07-17 23:31:28.614129 INFO: fd: 75, events: 1

2024-07-17 23:31:28.614144 INFO: HttpConn 75 read success
2024-07-17 23:31:28.614153 INFO: GET / HTTP/1.1
2024-07-17 23:31:28.614159 INFO: Host: 39.98.202.182:9006
2024-07-17 23:31:28.614163 INFO: User-Agent: Go-http-client/1.1
2024-07-17 23:31:28.614167 INFO: oop!unknow header: User-Agent: Go-http-client/1.1
2024-07-17 23:31:28.614172 INFO: X-Vegeta-Seq: 57
2024-07-17 23:31:28.614176 INFO: oop!unknow header: X-Vegeta-Seq: 57
2024-07-17 23:31:28.614181 INFO: Accept-Encoding: gzip
2024-07-17 23:31:28.614185 INFO: oop!unknow header: Accept-Encoding: gzip
2024-07-17 23:31:28.614190 INFO: 
2024-07-17 23:31:28.614201 INFO: request:HTTP/1.1 200 OK

2024-07-17 23:31:28.614206 INFO: request:HTTP/1.1 200 OK
Content-Length:542

2024-07-17 23:31:28.614214 INFO: request:HTTP/1.1 200 OK
Content-Length:542
Connection:close

2024-07-17 23:31:28.614226 INFO: request:HTTP/1.1 200 OK
Content-Length:542
Connection:close


2024-07-17 23:31:28.614234 INFO: Thread 140246139651648 is running task

2024-07-17 23:31:28.614242 INFO: fd: 18, events: 8193

2024-07-17 23:31:28.614256 INFO: HttpConn 18 close success
2024-07-17 23:31:28.614263 INFO: Client[18] quit!
2024-07-17 23:31:28.614269 INFO: eventNum: 2
2024-07-17 23:31:28.614273 INFO: fd: 74, events: 4

2024-07-17 23:31:28.614298 INFO: Thread 140246114473536 is running task

2024-07-17 23:31:28.614310 INFO: fd: 75, events: 4

2024-07-17 23:31:28.614335 INFO: Thread 140246106080832 is running task

2024-07-17 23:31:28.614348 INFO: eventNum: 1
2024-07-17 23:31:28.614353 INFO: fd: 72, events: 1

2024-07-17 23:31:28.614364 INFO: HttpConn 72 read success
2024-07-17 23:31:28.614373 INFO: GET / HTTP/1.1
2024-07-17 23:31:28.614378 INFO: Host: 39.98.202.182:9006
2024-07-17 23:31:28.614382 INFO: User-Agent: Go-http-client/1.1
2024-07-17 23:31:28.614387 INFO: oop!unknow header: User-Agent: Go-http-client/1.1
2024-07-17 23:31:28.614391 INFO: X-Vegeta-Seq: 58
2024-07-17 23:31:28.614396 INFO: oop!unknow header: X-Vegeta-Seq: 58
2024-07-17 23:31:28.614400 INFO: Accept-Encoding: gzip
2024-07-17 23:31:28.614404 INFO: oop!unknow header: Accept-Encoding: gzip
2024-07-17 23:31:28.614408 INFO: 
2024-07-17 23:31:28.614420 INFO: request:HTTP/1.1 200 OK

2024-07-17 23:31:28.614450 INFO: request:HTTP/1.1 200 OK
Content-Length:542

2024-07-17 23:31:28.614455 INFO: request:HTTP/1.1 200 OK
Content-Length:542
Connection:close

2024-07-17 23:31:28.614460 INFO: request:HTTP/1.1 200 OK
Content-Length:542
Connection:close


2024-07-17 23:31:28.614467 INFO: Thread 140246156437056 is running task

2024-07-17 23:31:28.614476 INFO: eventNum: 1
2024-07-17 23:31:28.614481 INFO: fd: 72, events: 4

2024-07-17 23:31:28.614505 INFO: Thread 140246148044352 is running task

2024-07-17 23:31:28.614612 INFO: eventNum: 1
2024-07-17 23:31:28.614633 INFO: fd: 71, events: 1

2024-07-17 23:31:28.614647 INFO: HttpConn 71 read success
2024-07-17 23:31:28.614657 INFO: GET / HTTP/1.1
2024-07-17 23:31:28.614662 INFO: Host: 39.98.202.182:9006
2024-07-17 23:31:28.614666 INFO: User-Agent: Go-http-client/1.1
2024-07-17 23:31:28.614671 INFO: oop!unknow header: User-Agent: Go-http-client/1.1
2024-07-17 23:31:28.614675 INFO: X-Vegeta-Seq: 46
2024-07-17 23:31:28.614679 INFO: oop!unknow header: X-Vegeta-Seq: 46
2024-07-17 23:31:28.614683 INFO: Accept-Encoding: gzip
2024-07-17 23:31:28.614687 INFO: oop!unknow header: Accept-Encoding: gzip
2024-07-17 23:31:28.614692 INFO: 
2024-07-17 23:31:28.614706 INFO: request:HTTP/1.1 200 OK

2024-07-17 23:31:28.614711 INFO: request:HTTP/1.1 200 OK
Content-Length:542

2024-07-17 23:31:28.614715 INFO: request:HTTP/1.1 200 OK
Content-Length:542
Connection:close

2024-07-17 23:31:28.614720 INFO: request:HTTP/1.1 200 OK
Content-Length:542
Connection:close


2024-07-17 23:31:28.614729 INFO: Thread 140246097688128 is running task

2024-07-17 23:31:28.614738 INFO: eventNum: 2
