2024-07-17 23:32:21.278429 INFO: HandleListenEvent 13
2024-07-17 23:32:21.278502 INFO: HttpConn 126 init success
2024-07-17 23:32:21.278513 INFO: addTimer id:126 expireTime:1721230841
2024-07-17 23:32:21.278549 INFO: Client[126] in!
2024-07-17 23:32:21.278555 INFO: HandleListenEvent 13
2024-07-17 23:32:21.278563 ERROR: Accept failure -1
2024-07-17 23:32:21.278604 INFO: eventNum: 1
2024-07-17 23:32:21.278610 INFO: fd: 13, events: 1

2024-07-17 23:32:21.278614 INFO: HandleListenEvent 13
2024-07-17 23:32:21.278625 INFO: HttpConn 127 init success
2024-07-17 23:32:21.278631 INFO: addTimer id:127 expireTime:1721230841
2024-07-17 23:32:21.278639 INFO: Client[127] in!
2024-07-17 23:32:21.278643 INFO: HandleListenEvent 13
2024-07-17 23:32:21.278651 ERROR: Accept failure -1
2024-07-17 23:32:21.278995 INFO: eventNum: 1
2024-07-17 23:32:21.279024 INFO: fd: 13, events: 1

2024-07-17 23:32:21.279030 INFO: HandleListenEvent 13
2024-07-17 23:32:21.279044 INFO: HttpConn 128 init success
2024-07-17 23:32:21.279050 INFO: addTimer id:128 expireTime:1721230841
2024-07-17 23:32:21.279070 INFO: Client[128] in!
2024-07-17 23:32:21.279078 INFO: HandleListenEvent 13
2024-07-17 23:32:21.279093 INFO: HttpConn 129 init success
2024-07-17 23:32:21.279099 INFO: addTimer id:129 expireTime:1721230841
2024-07-17 23:32:21.279111 INFO: Client[129] in!
2024-07-17 23:32:21.279116 INFO: HandleListenEvent 13
2024-07-17 23:32:21.279125 ERROR: Accept failure -1
2024-07-17 23:32:21.279181 INFO: eventNum: 1
2024-07-17 23:32:21.279189 INFO: fd: 13, events: 1

2024-07-17 23:32:21.279194 INFO: HandleListenEvent 13
2024-07-17 23:32:21.279205 INFO: HttpConn 130 init success
2024-07-17 23:32:21.279214 INFO: addTimer id:130 expireTime:1721230841
2024-07-17 23:32:21.279222 INFO: Client[130] in!
2024-07-17 23:32:21.279230 INFO: HandleListenEvent 13
2024-07-17 23:32:21.279237 ERROR: Accept failure -1
2024-07-17 23:32:21.279447 INFO: eventNum: 1
2024-07-17 23:32:21.279471 INFO: fd: 13, events: 1

2024-07-17 23:32:21.279478 INFO: HandleListenEvent 13
2024-07-17 23:32:21.279494 INFO: HttpConn 131 init success
2024-07-17 23:32:21.279500 INFO: addTimer id:131 expireTime:1721230841
2024-07-17 23:32:21.279511 INFO: Client[131] in!
2024-07-17 23:32:21.279525 INFO: HandleListenEvent 13
2024-07-17 23:32:21.279540 INFO: HttpConn 132 init success
2024-07-17 23:32:21.279547 INFO: addTimer id:132 expireTime:1721230841
2024-07-17 23:32:21.279559 INFO: Client[132] in!
2024-07-17 23:32:21.279565 INFO: HandleListenEvent 13
2024-07-17 23:32:21.279580 INFO: HttpConn 133 init success
2024-07-17 23:32:21.279587 INFO: addTimer id:133 expireTime:1721230841
2024-07-17 23:32:21.279597 INFO: Client[133] in!
2024-07-17 23:32:21.279603 INFO: HandleListenEvent 13
2024-07-17 23:32:21.279616 INFO: HttpConn 134 init success
2024-07-17 23:32:21.279624 INFO: addTimer id:134 expireTime:1721230841
2024-07-17 23:32:21.279634 INFO: Client[134] in!
2024-07-17 23:32:21.279641 INFO: HandleListenEvent 13
2024-07-17 23:32:21.279653 ERROR: Accept failure -1
2024-07-17 23:32:21.279920 INFO: eventNum: 1
2024-07-17 23:32:21.279945 INFO: fd: 13, events: 1

2024-07-17 23:32:21.279952 INFO: HandleListenEvent 13
2024-07-17 23:32:21.279967 INFO: HttpConn 135 init success
2024-07-17 23:32:21.279975 INFO: addTimer id:135 expireTime:1721230841
2024-07-17 23:32:21.279988 INFO: Client[135] in!
2024-07-17 23:32:21.279994 INFO: HandleListenEvent 13
2024-07-17 23:32:21.280003 ERROR: Accept failure -1
2024-07-17 23:32:21.280331 INFO: eventNum: 1
2024-07-17 23:32:21.280351 INFO: fd: 13, events: 1

2024-07-17 23:32:21.280356 INFO: HandleListenEvent 13
2024-07-17 23:32:21.280370 INFO: HttpConn 136 init success
2024-07-17 23:32:21.280396 INFO: addTimer id:136 expireTime:1721230841
2024-07-17 23:32:21.280408 INFO: Client[136] in!
2024-07-17 23:32:21.280412 INFO: HandleListenEvent 13
2024-07-17 23:32:21.280422 INFO: HttpConn 137 init success
2024-07-17 23:32:21.280427 INFO: addTimer id:137 expireTime:1721230841
2024-07-17 23:32:21.280440 INFO: Client[137] in!
2024-07-17 23:32:21.280449 INFO: HandleListenEvent 13
2024-07-17 23:32:21.280466 INFO: HttpConn 138 init success
2024-07-17 23:32:21.280489 INFO: addTimer id:138 expireTime:1721230841
2024-07-17 23:32:21.280501 INFO: Client[138] in!
2024-07-17 23:32:21.280508 INFO: HandleListenEvent 13
2024-07-17 23:32:21.280520 ERROR: Accept failure -1
2024-07-17 23:32:21.280771 INFO: eventNum: 1
2024-07-17 23:32:21.280784 INFO: fd: 13, events: 1

2024-07-17 23:32:21.280789 INFO: HandleListenEvent 13
2024-07-17 23:32:21.280801 INFO: HttpConn 139 init success
2024-07-17 23:32:21.280807 INFO: addTimer id:139 expireTime:1721230841
2024-07-17 23:32:21.280816 INFO: Client[139] in!
2024-07-17 23:32:21.280820 INFO: HandleListenEvent 13
2024-07-17 23:32:21.280830 ERROR: Accept failure -1
2024-07-17 23:32:21.280961 INFO: eventNum: 1
2024-07-17 23:32:21.280975 INFO: fd: 13, events: 1

2024-07-17 23:32:21.280979 INFO: HandleListenEvent 13
2024-07-17 23:32:21.280990 INFO: HttpConn 140 init success
2024-07-17 23:32:21.280995 INFO: addTimer id:140 expireTime:1721230841
2024-07-17 23:32:21.281004 INFO: Client[140] in!
2024-07-17 23:32:21.281011 INFO: HandleListenEvent 13
2024-07-17 23:32:21.281025 INFO: HttpConn 141 init success
2024-07-17 23:32:21.281032 INFO: addTimer id:141 expireTime:1721230841
2024-07-17 23:32:21.281043 INFO: Client[141] in!
2024-07-17 23:32:21.281049 INFO: HandleListenEvent 13
2024-07-17 23:32:21.281059 ERROR: Accept failure -1
2024-07-17 23:32:21.281199 INFO: eventNum: 1
2024-07-17 23:32:21.281209 INFO: fd: 13, events: 1

2024-07-17 23:32:21.281214 INFO: HandleListenEvent 13
2024-07-17 23:32:21.281225 INFO: HttpConn 142 init success
2024-07-17 23:32:21.281230 INFO: addTimer id:142 expireTime:1721230841
2024-07-17 23:32:21.281239 INFO: Client[142] in!
2024-07-17 23:32:21.281245 INFO: HandleListenEvent 13
2024-07-17 23:32:21.281256 ERROR: Accept failure -1
2024-07-17 23:32:21.281305 INFO: eventNum: 1
2024-07-17 23:32:21.281312 INFO: fd: 13, events: 1

2024-07-17 23:32:21.281316 INFO: HandleListenEvent 13
2024-07-17 23:32:21.281348 INFO: HttpConn 143 init success
2024-07-17 23:32:21.281355 INFO: addTimer id:143 expireTime:1721230841
2024-07-17 23:32:21.281364 INFO: Client[143] in!
2024-07-17 23:32:21.281368 INFO: HandleListenEvent 13
2024-07-17 23:32:21.281396 ERROR: Accept failure -1
2024-07-17 23:32:21.281654 INFO: eventNum: 1
2024-07-17 23:32:21.281672 INFO: fd: 13, events: 1

2024-07-17 23:32:21.281677 INFO: HandleListenEvent 13
2024-07-17 23:32:21.281687 INFO: HttpConn 144 init success
2024-07-17 23:32:21.281693 INFO: addTimer id:144 expireTime:1721230841
2024-07-17 23:32:21.281703 INFO: Client[144] in!
2024-07-17 23:32:21.281709 INFO: HandleListenEvent 13
2024-07-17 23:32:21.281725 INFO: HttpConn 145 init success
2024-07-17 23:32:21.281733 INFO: addTimer id:145 expireTime:1721230841
2024-07-17 23:32:21.281742 INFO: Client[145] in!
2024-07-17 23:32:21.281746 INFO: HandleListenEvent 13
2024-07-17 23:32:21.281754 ERROR: Accept failure -1
2024-07-17 23:32:21.281784 INFO: eventNum: 1
2024-07-17 23:32:21.281791 INFO: fd: 13, events: 1

2024-07-17 23:32:21.281795 INFO: HandleListenEvent 13
2024-07-17 23:32:21.281805 INFO: HttpConn 146 init success
2024-07-17 23:32:21.281810 INFO: addTimer id:146 expireTime:1721230841
2024-07-17 23:32:21.281819 INFO: Client[146] in!
2024-07-17 23:32:21.281823 INFO: HandleListenEvent 13
2024-07-17 23:32:21.281830 ERROR: Accept failure -1
2024-07-17 23:32:21.281959 INFO: eventNum: 1
2024-07-17 23:32:21.281970 INFO: fd: 13, events: 1

2024-07-17 23:32:21.281974 INFO: HandleListenEvent 13
2024-07-17 23:32:21.281984 INFO: HttpConn 147 init success
2024-07-17 23:32:21.281990 INFO: addTimer id:147 expireTime:1721230841
2024-07-17 23:32:21.281999 INFO: Client[147] in!
2024-07-17 23:32:21.282003 INFO: HandleListenEvent 13
2024-07-17 23:32:21.282010 ERROR: Accept failure -1
2024-07-17 23:32:21.282459 INFO: eventNum: 1
2024-07-17 23:32:21.282482 INFO: fd: 13, events: 1

2024-07-17 23:32:21.282489 INFO: HandleListenEvent 13
2024-07-17 23:32:21.282505 INFO: HttpConn 148 init success
2024-07-17 23:32:21.282512 INFO: addTimer id:148 expireTime:1721230841
2024-07-17 23:32:21.282524 INFO: Client[148] in!
2024-07-17 23:32:21.282537 INFO: HandleListenEvent 13
2024-07-17 23:32:21.282550 ERROR: Accept failure -1
2024-07-17 23:32:21.282721 INFO: eventNum: 1
2024-07-17 23:32:21.282738 INFO: fd: 13, events: 1

2024-07-17 23:32:21.282743 INFO: HandleListenEvent 13
2024-07-17 23:32:21.282756 INFO: HttpConn 149 init success
2024-07-17 23:32:21.282762 INFO: addTimer id:149 expireTime:1721230841
2024-07-17 23:32:21.282772 INFO: Client[149] in!
2024-07-17 23:32:21.282776 INFO: HandleListenEvent 13
2024-07-17 23:32:21.282785 ERROR: Accept failure -1
2024-07-17 23:32:21.283183 INFO: eventNum: 1
2024-07-17 23:32:21.283197 INFO: fd: 13, events: 1

2024-07-17 23:32:21.283202 INFO: HandleListenEvent 13
2024-07-17 23:32:21.283215 INFO: HttpConn 150 init success
2024-07-17 23:32:21.283220 INFO: addTimer id:150 expireTime:1721230841
2024-07-17 23:32:21.283232 INFO: Client[150] in!
2024-07-17 23:32:21.283236 INFO: HandleListenEvent 13
2024-07-17 23:32:21.283246 ERROR: Accept failure -1
2024-07-17 23:32:21.291167 INFO: eventNum: 1
2024-07-17 23:32:21.291211 INFO: fd: 13, events: 1

2024-07-17 23:32:21.291220 INFO: HandleListenEvent 13
2024-07-17 23:32:21.291252 INFO: HttpConn 151 init success
2024-07-17 23:32:21.291261 INFO: addTimer id:151 expireTime:1721230841
2024-07-17 23:32:21.291275 INFO: Client[151] in!
2024-07-17 23:32:21.291280 INFO: HandleListenEvent 13
2024-07-17 23:32:21.291290 ERROR: Accept failure -1
2024-07-17 23:32:21.301343 INFO: eventNum: 1
2024-07-17 23:32:21.301419 INFO: fd: 13, events: 1

2024-07-17 23:32:21.301429 INFO: HandleListenEvent 13
2024-07-17 23:32:21.301461 INFO: HttpConn 152 init success
2024-07-17 23:32:21.301470 INFO: addTimer id:152 expireTime:1721230841
2024-07-17 23:32:21.301489 INFO: Client[152] in!
2024-07-17 23:32:21.301497 INFO: HandleListenEvent 13
2024-07-17 23:32:21.301509 INFO: HttpConn 153 init success
2024-07-17 23:32:21.301516 INFO: addTimer id:153 expireTime:1721230841
2024-07-17 23:32:21.301528 INFO: Client[153] in!
2024-07-17 23:32:21.301535 INFO: HandleListenEvent 13
2024-07-17 23:32:21.301557 INFO: HttpConn 154 init success
2024-07-17 23:32:21.301564 INFO: addTimer id:154 expireTime:1721230841
2024-07-17 23:32:21.301575 INFO: Client[154] in!
2024-07-17 23:32:21.301583 INFO: HandleListenEvent 13
2024-07-17 23:32:21.301596 ERROR: Accept failure -1
2024-07-17 23:32:21.301680 INFO: eventNum: 1
2024-07-17 23:32:21.301688 INFO: fd: 13, events: 1

2024-07-17 23:32:21.301693 INFO: HandleListenEvent 13
2024-07-17 23:32:21.301719 INFO: HttpConn 155 init success
2024-07-17 23:32:21.301725 INFO: addTimer id:155 expireTime:1721230841
2024-07-17 23:32:21.301735 INFO: Client[155] in!
2024-07-17 23:32:21.301739 INFO: HandleListenEvent 13
2024-07-17 23:32:21.301748 ERROR: Accept failure -1
2024-07-17 23:32:21.302063 INFO: eventNum: 1
2024-07-17 23:32:21.302079 INFO: fd: 13, events: 1

2024-07-17 23:32:21.302084 INFO: HandleListenEvent 13
2024-07-17 23:32:21.302096 INFO: HttpConn 156 init success
2024-07-17 23:32:21.302102 INFO: addTimer id:156 expireTime:1721230841
2024-07-17 23:32:21.302132 INFO: Client[156] in!
2024-07-17 23:32:21.302138 INFO: HandleListenEvent 13
2024-07-17 23:32:21.302146 ERROR: Accept failure -1
2024-07-17 23:32:21.302152 INFO: eventNum: 1
2024-07-17 23:32:21.302157 INFO: fd: 13, events: 1

2024-07-17 23:32:21.302161 INFO: HandleListenEvent 13
2024-07-17 23:32:21.302171 INFO: HttpConn 157 init success
2024-07-17 23:32:21.302176 INFO: addTimer id:157 expireTime:1721230841
2024-07-17 23:32:21.302185 INFO: Client[157] in!
2024-07-17 23:32:21.302189 INFO: HandleListenEvent 13
2024-07-17 23:32:21.302196 ERROR: Accept failure -1
2024-07-17 23:32:21.303536 INFO: eventNum: 1
2024-07-17 23:32:21.303550 INFO: fd: 13, events: 1

2024-07-17 23:32:21.303555 INFO: HandleListenEvent 13
2024-07-17 23:32:21.303566 INFO: HttpConn 158 init success
2024-07-17 23:32:21.303572 INFO: addTimer id:158 expireTime:1721230841
2024-07-17 23:32:21.303582 INFO: Client[158] in!
2024-07-17 23:32:21.303586 INFO: HandleListenEvent 13
2024-07-17 23:32:21.303597 INFO: HttpConn 159 init success
2024-07-17 23:32:21.303602 INFO: addTimer id:159 expireTime:1721230841
2024-07-17 23:32:21.303619 INFO: Client[159] in!
2024-07-17 23:32:21.303624 INFO: HandleListenEvent 13
2024-07-17 23:32:21.303631 ERROR: Accept failure -1
2024-07-17 23:32:21.303671 INFO: eventNum: 1
2024-07-17 23:32:21.303678 INFO: fd: 13, events: 1

2024-07-17 23:32:21.303682 INFO: HandleListenEvent 13
2024-07-17 23:32:21.303693 INFO: HttpConn 160 init success
2024-07-17 23:32:21.303698 INFO: addTimer id:160 expireTime:1721230841
2024-07-17 23:32:21.303710 INFO: Client[160] in!
2024-07-17 23:32:21.303718 INFO: HandleListenEvent 13
2024-07-17 23:32:21.303728 INFO: HttpConn 161 init success
2024-07-17 23:32:21.303736 INFO: addTimer id:161 expireTime:1721230841
2024-07-17 23:32:21.303747 INFO: Client[161] in!
2024-07-17 23:32:21.303751 INFO: HandleListenEvent 13
2024-07-17 23:32:21.303758 ERROR: Accept failure -1
2024-07-17 23:32:21.303957 INFO: eventNum: 1
2024-07-17 23:32:21.303970 INFO: fd: 13, events: 1

2024-07-17 23:32:21.303974 INFO: HandleListenEvent 13
2024-07-17 23:32:21.303982 INFO: HttpConn 162 init success
2024-07-17 23:32:21.303987 INFO: addTimer id:162 expireTime:1721230841
2024-07-17 23:32:21.303995 INFO: Client[162] in!
2024-07-17 23:32:21.304000 INFO: HandleListenEvent 13
2024-07-17 23:32:21.304007 ERROR: Accept failure -1
2024-07-17 23:32:21.304450 INFO: eventNum: 1
2024-07-17 23:32:21.304461 INFO: fd: 13, events: 1

2024-07-17 23:32:21.304465 INFO: HandleListenEvent 13
2024-07-17 23:32:21.304476 INFO: HttpConn 163 init success
2024-07-17 23:32:21.304481 INFO: addTimer id:163 expireTime:1721230841
2024-07-17 23:32:21.304490 INFO: Client[163] in!
2024-07-17 23:32:21.304494 INFO: HandleListenEvent 13
2024-07-17 23:32:21.304501 ERROR: Accept failure -1
2024-07-17 23:32:21.304616 INFO: eventNum: 1
2024-07-17 23:32:21.304631 INFO: fd: 13, events: 1

2024-07-17 23:32:21.304636 INFO: HandleListenEvent 13
2024-07-17 23:32:21.304648 INFO: HttpConn 164 init success
2024-07-17 23:32:21.304653 INFO: addTimer id:164 expireTime:1721230841
2024-07-17 23:32:21.304663 INFO: Client[164] in!
2024-07-17 23:32:21.304667 INFO: HandleListenEvent 13
2024-07-17 23:32:21.304678 INFO: HttpConn 165 init success
2024-07-17 23:32:21.304683 INFO: addTimer id:165 expireTime:1721230841
2024-07-17 23:32:21.304691 INFO: Client[165] in!
2024-07-17 23:32:21.304695 INFO: HandleListenEvent 13
2024-07-17 23:32:21.304703 ERROR: Accept failure -1
2024-07-17 23:32:21.305070 INFO: eventNum: 1
2024-07-17 23:32:21.305092 INFO: fd: 13, events: 1

2024-07-17 23:32:21.305099 INFO: HandleListenEvent 13
2024-07-17 23:32:21.305116 INFO: HttpConn 166 init success
2024-07-17 23:32:21.305124 INFO: addTimer id:166 expireTime:1721230841
2024-07-17 23:32:21.305137 INFO: Client[166] in!
2024-07-17 23:32:21.305142 INFO: HandleListenEvent 13
2024-07-17 23:32:21.305152 INFO: HttpConn 167 init success
2024-07-17 23:32:21.305158 INFO: addTimer id:167 expireTime:1721230841
2024-07-17 23:32:21.305165 INFO: Client[167] in!
2024-07-17 23:32:21.305170 INFO: HandleListenEvent 13
2024-07-17 23:32:21.305178 ERROR: Accept failure -1
2024-07-17 23:32:21.305184 INFO: eventNum: 1
2024-07-17 23:32:21.305188 INFO: fd: 13, events: 1

2024-07-17 23:32:21.305193 INFO: HandleListenEvent 13
2024-07-17 23:32:21.305205 INFO: HttpConn 168 init success
2024-07-17 23:32:21.305210 INFO: addTimer id:168 expireTime:1721230841
2024-07-17 23:32:21.305218 INFO: Client[168] in!
2024-07-17 23:32:21.305222 INFO: HandleListenEvent 13
2024-07-17 23:32:21.305230 ERROR: Accept failure -1
2024-07-17 23:32:21.305348 INFO: eventNum: 1
2024-07-17 23:32:21.305364 INFO: fd: 13, events: 1

2024-07-17 23:32:21.305371 INFO: HandleListenEvent 13
2024-07-17 23:32:21.305410 INFO: HttpConn 169 init success
2024-07-17 23:32:21.305417 INFO: addTimer id:169 expireTime:1721230841
2024-07-17 23:32:21.305426 INFO: Client[169] in!
2024-07-17 23:32:21.305430 INFO: HandleListenEvent 13
2024-07-17 23:32:21.305438 ERROR: Accept failure -1
2024-07-17 23:32:21.305575 INFO: eventNum: 1
2024-07-17 23:32:21.305586 INFO: fd: 13, events: 1

2024-07-17 23:32:21.305590 INFO: HandleListenEvent 13
2024-07-17 23:32:21.305607 INFO: HttpConn 170 init success
2024-07-17 23:32:21.305612 INFO: addTimer id:170 expireTime:1721230841
2024-07-17 23:32:21.305622 INFO: Client[170] in!
2024-07-17 23:32:21.305626 INFO: HandleListenEvent 13
2024-07-17 23:32:21.305634 ERROR: Accept failure -1
2024-07-17 23:32:21.305766 INFO: eventNum: 1
2024-07-17 23:32:21.305779 INFO: fd: 13, events: 1

2024-07-17 23:32:21.305786 INFO: HandleListenEvent 13
2024-07-17 23:32:21.305797 INFO: HttpConn 171 init success
2024-07-17 23:32:21.305804 INFO: addTimer id:171 expireTime:1721230841
2024-07-17 23:32:21.305813 INFO: Client[171] in!
2024-07-17 23:32:21.305817 INFO: HandleListenEvent 13
2024-07-17 23:32:21.305833 ERROR: Accept failure -1
2024-07-17 23:32:21.306169 INFO: eventNum: 1
2024-07-17 23:32:21.306188 INFO: fd: 13, events: 1

2024-07-17 23:32:21.306193 INFO: HandleListenEvent 13
2024-07-17 23:32:21.306206 INFO: HttpConn 172 init success
2024-07-17 23:32:21.306212 INFO: addTimer id:172 expireTime:1721230841
2024-07-17 23:32:21.306221 INFO: Client[172] in!
2024-07-17 23:32:21.306226 INFO: HandleListenEvent 13
2024-07-17 23:32:21.306233 ERROR: Accept failure -1
2024-07-17 23:32:21.306255 INFO: eventNum: 1
2024-07-17 23:32:21.306279 INFO: fd: 13, events: 1

2024-07-17 23:32:21.306284 INFO: HandleListenEvent 13
2024-07-17 23:32:21.306296 INFO: HttpConn 173 init success
2024-07-17 23:32:21.306301 INFO: addTimer id:173 expireTime:1721230841
2024-07-17 23:32:21.306309 INFO: Client[173] in!
2024-07-17 23:32:21.306314 INFO: HandleListenEvent 13
2024-07-17 23:32:21.306324 ERROR: Accept failure -1
2024-07-17 23:32:21.306411 INFO: eventNum: 1
2024-07-17 23:32:21.306427 INFO: fd: 13, events: 1

2024-07-17 23:32:21.306433 INFO: HandleListenEvent 13
2024-07-17 23:32:21.306445 INFO: HttpConn 174 init success
2024-07-17 23:32:21.306450 INFO: addTimer id:174 expireTime:1721230841
2024-07-17 23:32:21.306459 INFO: Client[174] in!
2024-07-17 23:32:21.306463 INFO: HandleListenEvent 13
2024-07-17 23:32:21.306471 ERROR: Accept failure -1
2024-07-17 23:32:21.306850 INFO: eventNum: 1
2024-07-17 23:32:21.306865 INFO: fd: 13, events: 1

2024-07-17 23:32:21.306870 INFO: HandleListenEvent 13
2024-07-17 23:32:21.306882 INFO: HttpConn 175 init success
2024-07-17 23:32:21.306888 INFO: addTimer id:175 expireTime:1721230841
2024-07-17 23:32:21.306896 INFO: Client[175] in!
2024-07-17 23:32:21.306901 INFO: HandleListenEvent 13
2024-07-17 23:32:21.306909 ERROR: Accept failure -1
2024-07-17 23:32:21.307006 INFO: eventNum: 1
2024-07-17 23:32:21.307019 INFO: fd: 13, events: 1

2024-07-17 23:32:21.307024 INFO: HandleListenEvent 13
2024-07-17 23:32:21.307036 INFO: HttpConn 176 init success
2024-07-17 23:32:21.307041 INFO: addTimer id:176 expireTime:1721230841
2024-07-17 23:32:21.307050 INFO: Client[176] in!
2024-07-17 23:32:21.307054 INFO: HandleListenEvent 13
2024-07-17 23:32:21.307061 ERROR: Accept failure -1
2024-07-17 23:32:21.307095 INFO: eventNum: 1
2024-07-17 23:32:21.307102 INFO: fd: 13, events: 1

2024-07-17 23:32:21.307106 INFO: HandleListenEvent 13
2024-07-17 23:32:21.307117 INFO: HttpConn 177 init success
2024-07-17 23:32:21.307124 INFO: addTimer id:177 expireTime:1721230841
2024-07-17 23:32:21.307138 INFO: Client[177] in!
2024-07-17 23:32:21.307145 INFO: HandleListenEvent 13
2024-07-17 23:32:21.307156 ERROR: Accept failure -1
2024-07-17 23:32:21.307252 INFO: eventNum: 1
2024-07-17 23:32:21.307268 INFO: fd: 13, events: 1

2024-07-17 23:32:21.307274 INFO: HandleListenEvent 13
2024-07-17 23:32:21.307289 INFO: HttpConn 178 init success
2024-07-17 23:32:21.307296 INFO: addTimer id:178 expireTime:1721230841
2024-07-17 23:32:21.307309 INFO: Client[178] in!
2024-07-17 23:32:21.307316 INFO: HandleListenEvent 13
2024-07-17 23:32:21.307326 ERROR: Accept failure -1
2024-07-17 23:32:21.307361 INFO: eventNum: 1
2024-07-17 23:32:21.307369 INFO: fd: 13, events: 1

2024-07-17 23:32:21.307383 INFO: HandleListenEvent 13
2024-07-17 23:32:21.307397 INFO: HttpConn 179 init success
2024-07-17 23:32:21.307407 INFO: addTimer id:179 expireTime:1721230841
2024-07-17 23:32:21.307418 INFO: Client[179] in!
2024-07-17 23:32:21.307430 INFO: HandleListenEvent 13
2024-07-17 23:32:21.307441 ERROR: Accept failure -1
2024-07-17 23:32:21.307801 INFO: eventNum: 1
2024-07-17 23:32:21.307819 INFO: fd: 13, events: 1

2024-07-17 23:32:21.307825 INFO: HandleListenEvent 13
2024-07-17 23:32:21.307841 INFO: HttpConn 180 init success
2024-07-17 23:32:21.307849 INFO: addTimer id:180 expireTime:1721230841
2024-07-17 23:32:21.307861 INFO: Client[180] in!
2024-07-17 23:32:21.307867 INFO: HandleListenEvent 13
2024-07-17 23:32:21.307878 ERROR: Accept failure -1
2024-07-17 23:32:21.308004 INFO: eventNum: 1
2024-07-17 23:32:21.308020 INFO: fd: 13, events: 1

2024-07-17 23:32:21.308027 INFO: HandleListenEvent 13
2024-07-17 23:32:21.308040 INFO: HttpConn 181 init success
2024-07-17 23:32:21.308048 INFO: addTimer id:181 expireTime:1721230841
2024-07-17 23:32:21.308060 INFO: Client[181] in!
2024-07-17 23:32:21.308066 INFO: HandleListenEvent 13
2024-07-17 23:32:21.308077 ERROR: Accept failure -1
2024-07-17 23:32:21.308368 INFO: eventNum: 1
2024-07-17 23:32:21.308387 INFO: fd: 13, events: 1

2024-07-17 23:32:21.308392 INFO: HandleListenEvent 13
2024-07-17 23:32:21.308404 INFO: HttpConn 182 init success
2024-07-17 23:32:21.308410 INFO: addTimer id:182 expireTime:1721230841
2024-07-17 23:32:21.308419 INFO: Client[182] in!
2024-07-17 23:32:21.308424 INFO: HandleListenEvent 13
2024-07-17 23:32:21.308431 ERROR: Accept failure -1
2024-07-17 23:32:21.308582 INFO: eventNum: 1
2024-07-17 23:32:21.308598 INFO: fd: 92, events: 1

2024-07-17 23:32:21.308616 INFO: HttpConn 92 read success
2024-07-17 23:32:21.308629 INFO: GET / HTTP/1.1
2024-07-17 23:32:21.308635 INFO: Host: 39.98.202.182:9006
2024-07-17 23:32:21.308641 INFO: User-Agent: Go-http-client/1.1
2024-07-17 23:32:21.308645 INFO: oop!unknow header: User-Agent: Go-http-client/1.1
2024-07-17 23:32:21.308650 INFO: X-Vegeta-Seq: 1010
2024-07-17 23:32:21.308654 INFO: oop!unknow header: X-Vegeta-Seq: 1010
2024-07-17 23:32:21.308658 INFO: Accept-Encoding: gzip
2024-07-17 23:32:21.308663 INFO: oop!unknow header: Accept-Encoding: gzip
2024-07-17 23:32:21.308667 INFO: 
2024-07-17 23:32:21.308691 INFO: request:HTTP/1.1 200 OK

2024-07-17 23:32:21.308696 INFO: request:HTTP/1.1 200 OK
Content-Length:542

2024-07-17 23:32:21.308701 INFO: request:HTTP/1.1 200 OK
Content-Length:542
Connection:close

2024-07-17 23:32:21.308706 INFO: request:HTTP/1.1 200 OK
Content-Length:542
Connection:close


2024-07-17 23:32:21.308721 INFO: Thread 140246148044352 is running task

2024-07-17 23:32:21.308731 INFO: eventNum: 1
2024-07-17 23:32:21.308736 INFO: fd: 92, events: 4

2024-07-17 23:32:21.308825 INFO: Thread 140246139651648 is running task

2024-07-17 23:32:21.308940 INFO: eventNum: 1
2024-07-17 23:32:21.308961 INFO: fd: 161, events: 1

2024-07-17 23:32:21.308986 INFO: HttpConn 161 read success
2024-07-17 23:32:21.309002 INFO: GET / HTTP/1.1
2024-07-17 23:32:21.309014 INFO: Host: 39.98.202.182:9006
2024-07-17 23:32:21.309021 INFO: User-Agent: Go-http-client/1.1
2024-07-17 23:32:21.309028 INFO: oop!unknow header: User-Agent: Go-http-client/1.1
2024-07-17 23:32:21.309035 INFO: X-Vegeta-Seq: 1090
2024-07-17 23:32:21.309040 INFO: oop!unknow header: X-Vegeta-Seq: 1090
2024-07-17 23:32:21.309044 INFO: Accept-Encoding: gzip
2024-07-17 23:32:21.309048 INFO: oop!unknow header: Accept-Encoding: gzip
2024-07-17 23:32:21.309052 INFO: 
2024-07-17 23:32:21.309072 INFO: request:HTTP/1.1 200 OK

2024-07-17 23:32:21.309079 INFO: request:HTTP/1.1 200 OK
Content-Length:542

2024-07-17 23:32:21.309086 INFO: request:HTTP/1.1 200 OK
Content-Length:542
Connection:close

2024-07-17 23:32:21.309093 INFO: request:HTTP/1.1 200 OK
Content-Length:542
Connection:close


2024-07-17 23:32:21.309108 INFO: Thread 140246131258944 is running task

2024-07-17 23:32:21.309113 INFO: eventNum: 1
2024-07-17 23:32:21.309124 INFO: fd: 161, events: 4

2024-07-17 23:32:21.309174 INFO: Thread 140246097688128 is running task

2024-07-17 23:32:21.309255 INFO: eventNum: 1
2024-07-17 23:32:21.309281 INFO: fd: 160, events: 1

2024-07-17 23:32:21.309299 INFO: HttpConn 160 read success
2024-07-17 23:32:21.309323 INFO: GET / HTTP/1.1
2024-07-17 23:32:21.309331 INFO: Host: 39.98.202.182:9006
2024-07-17 23:32:21.309338 INFO: User-Agent: Go-http-client/1.1
2024-07-17 23:32:21.309345 INFO: oop!unknow header: User-Agent: Go-http-client/1.1
2024-07-17 23:32:21.309352 INFO: X-Vegeta-Seq: 1105
2024-07-17 23:32:21.309359 INFO: oop!unknow header: X-Vegeta-Seq: 1105
2024-07-17 23:32:21.309365 INFO: Accept-Encoding: gzip
2024-07-17 23:32:21.309372 INFO: oop!unknow header: Accept-Encoding: gzip
2024-07-17 23:32:21.309385 INFO: 
2024-07-17 23:32:21.309406 INFO: request:HTTP/1.1 200 OK

2024-07-17 23:32:21.309413 INFO: request:HTTP/1.1 200 OK
Content-Length:542

2024-07-17 23:32:21.309420 INFO: request:HTTP/1.1 200 OK
Content-Length:542
Connection:close

2024-07-17 23:32:21.309427 INFO: request:HTTP/1.1 200 OK
Content-Length:542
Connection:close


2024-07-17 23:32:21.309441 INFO: Thread 140246122866240 is running task

2024-07-17 23:32:21.309454 INFO: eventNum: 1
2024-07-17 23:32:21.309461 INFO: fd: 160, events: 4

2024-07-17 23:32:21.309518 INFO: Thread 140246106080832 is running task

2024-07-17 23:32:21.309533 INFO: eventNum: 2
2024-07-17 23:32:21.309541 INFO: fd: 158, events: 1

2024-07-17 23:32:21.309558 INFO: HttpConn 158 read success
2024-07-17 23:32:21.309574 INFO: GET / HTTP/1.1
2024-07-17 23:32:21.309582 INFO: Host: 39.98.202.182:9006
2024-07-17 23:32:21.309589 INFO: User-Agent: Go-http-client/1.1
2024-07-17 23:32:21.309596 INFO: oop!unknow header: User-Agent: Go-http-client/1.1
2024-07-17 23:32:21.309603 INFO: X-Vegeta-Seq: 1093
2024-07-17 23:32:21.309610 INFO: oop!unknow header: X-Vegeta-Seq: 1093
2024-07-17 23:32:21.309617 INFO: Accept-Encoding: gzip
2024-07-17 23:32:21.309624 INFO: oop!unknow header: Accept-Encoding: gzip
2024-07-17 23:32:21.309630 INFO: 
2024-07-17 23:32:21.309648 INFO: request:HTTP/1.1 200 OK

2024-07-17 23:32:21.309656 INFO: request:HTTP/1.1 200 OK
Content-Length:542

2024-07-17 23:32:21.309663 INFO: request:HTTP/1.1 200 OK
Content-Length:542
Connection:close

2024-07-17 23:32:21.309672 INFO: request:HTTP/1.1 200 OK
Content-Length:542
Connection:close


2024-07-17 23:32:21.309683 INFO: Thread 140246114473536 is running task

2024-07-17 23:32:21.309694 INFO: fd: 95, events: 1

2024-07-17 23:32:21.309721 INFO: HttpConn 95 read success
2024-07-17 23:32:21.309734 INFO: GET / HTTP/1.1
2024-07-17 23:32:21.309742 INFO: Host: 39.98.202.182:9006
2024-07-17 23:32:21.309749 INFO: User-Agent: Go-http-client/1.1
2024-07-17 23:32:21.309755 INFO: oop!unknow header: User-Agent: Go-http-client/1.1
2024-07-17 23:32:21.309763 INFO: X-Vegeta-Seq: 1012
2024-07-17 23:32:21.309772 INFO: oop!unknow header: X-Vegeta-Seq: 1012
2024-07-17 23:32:21.309778 INFO: Accept-Encoding: gzip
2024-07-17 23:32:21.309785 INFO: oop!unknow header: Accept-Encoding: gzip
2024-07-17 23:32:21.309792 INFO: 
2024-07-17 23:32:21.309809 INFO: request:HTTP/1.1 200 OK

2024-07-17 23:32:21.309816 INFO: request:HTTP/1.1 200 OK
Content-Length:542

2024-07-17 23:32:21.309823 INFO: request:HTTP/1.1 200 OK
Content-Length:542
Connection:close

2024-07-17 23:32:21.309832 INFO: request:HTTP/1.1 200 OK
Content-Length:542
Connection:close


2024-07-17 23:32:21.309843 INFO: Thread 140246156437056 is running task

2024-07-17 23:32:21.309856 INFO: eventNum: 8
2024-07-17 23:32:21.309868 INFO: fd: 166, events: 1

2024-07-17 23:32:21.309889 INFO: HttpConn 166 read success
2024-07-17 23:32:21.309902 INFO: GET / HTTP/1.1
2024-07-17 23:32:21.309910 INFO: Host: 39.98.202.182:9006
2024-07-17 23:32:21.309917 INFO: User-Agent: Go-http-client/1.1
2024-07-17 23:32:21.309924 INFO: oop!unknow header: User-Agent: Go-http-client/1.1
2024-07-17 23:32:21.309930 INFO: X-Vegeta-Seq: 1084
2024-07-17 23:32:21.309937 INFO: oop!unknow header: X-Vegeta-Seq: 1084
2024-07-17 23:32:21.309948 INFO: Accept-Encoding: gzip
2024-07-17 23:32:21.309954 INFO: oop!unknow header: Accept-Encoding: gzip
2024-07-17 23:32:21.309964 INFO: 
2024-07-17 23:32:21.309980 INFO: request:HTTP/1.1 200 OK

2024-07-17 23:32:21.309987 INFO: request:HTTP/1.1 200 OK
Content-Length:542

2024-07-17 23:32:21.310000 INFO: request:HTTP/1.1 200 OK
Content-Length:542
Connection:close

2024-07-17 23:32:21.310008 INFO: request:HTTP/1.1 200 OK
Content-Length:542
Connection:close


2024-07-17 23:32:21.310018 INFO: Thread 140246148044352 is running task

2024-07-17 23:32:21.310029 INFO: fd: 180, events: 1

2024-07-17 23:32:21.310043 INFO: fd: 158, events: 4

2024-07-17 23:32:21.310055 INFO: fd: 154, events: 1

2024-07-17 23:32:21.310071 INFO: fd: 151, events: 1

2024-07-17 23:32:21.310088 INFO: Thread 140246131258944 is running task

2024-07-17 23:32:21.310091 INFO: HttpConn 154 read success
2024-07-17 23:32:21.310134 INFO: GET / HTTP/1.1
2024-07-17 23:32:21.310148 INFO: Host: 39.98.202.182:9006
2024-07-17 23:32:21.310155 INFO: User-Agent: Go-http-client/1.1
2024-07-17 23:32:21.310094 INFO: fd: 95, events: 4

2024-07-17 23:32:21.310056 INFO: HttpConn 180 read success
2024-07-17 23:32:21.310188 INFO: GET / HTTP/1.1
2024-07-17 23:32:21.310199 INFO: Host: 39.98.202.182:9006
2024-07-17 23:32:21.310202 INFO: Thread 140246106080832 is running task

2024-07-17 23:32:21.310212 INFO: HttpConn 151 read success
2024-07-17 23:32:21.310162 INFO: oop!unknow header: User-Agent: Go-http-client/1.1
2024-07-17 23:32:21.310223 INFO: GET / HTTP/1.1
2024-07-17 23:32:21.310228 INFO: fd: 182, events: 1

2024-07-17 23:32:21.310236 INFO: Host: 39.98.202.182:9006
2024-07-17 23:32:21.310262 INFO: HttpConn 182 read success
2024-07-17 23:32:21.310264 INFO: User-Agent: Go-http-client/1.1
2024-07-17 23:32:21.310206 INFO: User-Agent: Go-http-client/1.1
2024-07-17 23:32:21.310277 INFO: GET / HTTP/1.1
2024-07-17 23:32:21.310225 INFO: X-Vegeta-Seq: 1112
2024-07-17 23:32:21.310297 INFO: Host: 39.98.202.182:9006
2024-07-17 23:32:21.310289 INFO: oop!unknow header: User-Agent: Go-http-client/1.1
2024-07-17 23:32:21.310334 INFO: X-Vegeta-Seq: 1076
2024-07-17 23:32:21.310324 INFO: User-Agent: Go-http-client/1.1
2024-07-17 23:32:21.310286 INFO: fd: 178, events: 1

2024-07-17 23:32:21.310354 INFO: oop!unknow header: X-Vegeta-Seq: 1076
2024-07-17 23:32:21.310278 INFO: oop!unknow header: User-Agent: Go-http-client/1.1
2024-07-17 23:32:21.310307 INFO: oop!unknow header: X-Vegeta-Seq: 1112
2024-07-17 23:32:21.310405 INFO: Accept-Encoding: gzip
2024-07-17 23:32:21.310430 INFO: Accept-Encoding: gzip
2024-07-17 23:32:21.310440 INFO: oop!unknow header: Accept-Encoding: gzip
2024-07-17 23:32:21.310419 INFO: X-Vegeta-Seq: 1097
2024-07-17 23:32:21.310356 INFO: oop!unknow header: User-Agent: Go-http-client/1.1
2024-07-17 23:32:21.310468 INFO: X-Vegeta-Seq: 1170
2024-07-17 23:32:21.310475 INFO: oop!unknow header: X-Vegeta-Seq: 1170
2024-07-17 23:32:21.310482 INFO: Accept-Encoding: gzip
2024-07-17 23:32:21.310488 INFO: oop!unknow header: Accept-Encoding: gzip
2024-07-17 23:32:21.310495 INFO: 
2024-07-17 23:32:21.310514 INFO: request:HTTP/1.1 200 OK

2024-07-17 23:32:21.310521 INFO: request:HTTP/1.1 200 OK
Content-Length:542

2024-07-17 23:32:21.310529 INFO: request:HTTP/1.1 200 OK
Content-Length:542
Connection:close

2024-07-17 23:32:21.310539 INFO: request:HTTP/1.1 200 OK
Content-Length:542
Connection:close


2024-07-17 23:32:21.310554 INFO: Thread 140246114473536 is running task

2024-07-17 23:32:21.310405 INFO: HttpConn 178 read success
2024-07-17 23:32:21.310433 INFO: oop!unknow header: Accept-Encoding: gzip
2024-07-17 23:32:21.310452 INFO: 
2024-07-17 23:32:21.310460 INFO: oop!unknow header: X-Vegeta-Seq: 1097
2024-07-17 23:32:21.310611 INFO: Accept-Encoding: gzip
2024-07-17 23:32:21.310616 INFO: request:HTTP/1.1 200 OK

2024-07-17 23:32:21.310596 INFO: 
2024-07-17 23:32:21.310585 INFO: GET / HTTP/1.1
2024-07-17 23:32:21.310638 INFO: Host: 39.98.202.182:9006
2024-07-17 23:32:21.310619 INFO: oop!unknow header: Accept-Encoding: gzip
2024-07-17 23:32:21.310646 INFO: User-Agent: Go-http-client/1.1
2024-07-17 23:32:21.310627 INFO: request:HTTP/1.1 200 OK
Content-Length:542

2024-07-17 23:32:21.310655 INFO: eventNum: 7
2024-07-17 23:32:21.310658 INFO: 
2024-07-17 23:32:21.310683 INFO: fd: 152, events: 1

2024-07-17 23:32:21.310711 INFO: request:HTTP/1.1 200 OK

2024-07-17 23:32:21.310646 INFO: request:HTTP/1.1 200 OK

2024-07-17 23:32:21.310672 INFO: request:HTTP/1.1 200 OK
Content-Length:542
Connection:close

2024-07-17 23:32:21.310753 INFO: HttpConn 152 read success
2024-07-17 23:32:21.310665 INFO: oop!unknow header: User-Agent: Go-http-client/1.1
2024-07-17 23:32:21.310762 INFO: fd: 166, events: 4

2024-07-17 23:32:21.310766 INFO: request:HTTP/1.1 200 OK
Content-Length:542

2024-07-17 23:32:21.310808 INFO: fd: 163, events: 1

2024-07-17 23:32:21.310851 INFO: Thread 140246097688128 is running task

2024-07-17 23:32:21.310855 INFO: HttpConn 163 read success
2024-07-17 23:32:21.310753 INFO: request:HTTP/1.1 200 OK
Content-Length:542

2024-07-17 23:32:21.310883 INFO: GET / HTTP/1.1
2024-07-17 23:32:21.310897 INFO: Host: 39.98.202.182:9006
2024-07-17 23:32:21.310905 INFO: User-Agent: Go-http-client/1.1
2024-07-17 23:32:21.310912 INFO: oop!unknow header: User-Agent: Go-http-client/1.1
2024-07-17 23:32:21.310918 INFO: X-Vegeta-Seq: 1104
2024-07-17 23:32:21.310925 INFO: oop!unknow header: X-Vegeta-Seq: 1104
2024-07-17 23:32:21.310932 INFO: Accept-Encoding: gzip
2024-07-17 23:32:21.310939 INFO: oop!unknow header: Accept-Encoding: gzip
2024-07-17 23:32:21.310945 INFO: 
2024-07-17 23:32:21.310963 INFO: request:HTTP/1.1 200 OK

2024-07-17 23:32:21.310973 INFO: request:HTTP/1.1 200 OK
Content-Length:542

2024-07-17 23:32:21.310980 INFO: request:HTTP/1.1 200 OK
Content-Length:542
Connection:close

2024-07-17 23:32:21.310987 INFO: request:HTTP/1.1 200 OK
Content-Length:542
Connection:close


2024-07-17 23:32:21.310999 INFO: Thread 140246106080832 is running task

2024-07-17 23:32:21.310786 INFO: GET / HTTP/1.1
2024-07-17 23:32:21.311022 INFO: Host: 39.98.202.182:9006
2024-07-17 23:32:21.310883 INFO: request:HTTP/1.1 200 OK
Content-Length:542
Connection:close

2024-07-17 23:32:21.311057 INFO: request:HTTP/1.1 200 OK
Content-Length:542
Connection:close


2024-07-17 23:32:21.310811 INFO: request:HTTP/1.1 200 OK
Content-Length:542
Connection:close

2024-07-17 23:32:21.311070 INFO: Thread 140246131258944 is running task

2024-07-17 23:32:21.311075 INFO: request:HTTP/1.1 200 OK
Content-Length:542
Connection:close


2024-07-17 23:32:21.311088 INFO: Thread 140246139651648 is running task

2024-07-17 23:32:21.311034 INFO: User-Agent: Go-http-client/1.1
2024-07-17 23:32:21.311104 INFO: oop!unknow header: User-Agent: Go-http-client/1.1
2024-07-17 23:32:21.311110 INFO: X-Vegeta-Seq: 1108
2024-07-17 23:32:21.311117 INFO: oop!unknow header: X-Vegeta-Seq: 1108
2024-07-17 23:32:21.311124 INFO: Accept-Encoding: gzip
2024-07-17 23:32:21.311131 INFO: oop!unknow header: Accept-Encoding: gzip
2024-07-17 23:32:21.311137 INFO: 
2024-07-17 23:32:21.311161 INFO: request:HTTP/1.1 200 OK

2024-07-17 23:32:21.311168 INFO: request:HTTP/1.1 200 OK
Content-Length:542

2024-07-17 23:32:21.311175 INFO: request:HTTP/1.1 200 OK
Content-Length:542
Connection:close

2024-07-17 23:32:21.311182 INFO: request:HTTP/1.1 200 OK
Content-Length:542
Connection:close


2024-07-17 23:32:21.311191 INFO: Thread 140246148044352 is running task

2024-07-17 23:32:21.310793 INFO: X-Vegeta-Seq: 1172
2024-07-17 23:32:21.311207 INFO: oop!unknow header: X-Vegeta-Seq: 1172
2024-07-17 23:32:21.311214 INFO: Accept-Encoding: gzip
2024-07-17 23:32:21.311220 INFO: oop!unknow header: Accept-Encoding: gzip
2024-07-17 23:32:21.311227 INFO: 
2024-07-17 23:32:21.311243 INFO: request:HTTP/1.1 200 OK

2024-07-17 23:32:21.311250 INFO: request:HTTP/1.1 200 OK
Content-Length:542

2024-07-17 23:32:21.311257 INFO: request:HTTP/1.1 200 OK
Content-Length:542
Connection:close

2024-07-17 23:32:21.311263 INFO: request:HTTP/1.1 200 OK
Content-Length:542
Connection:close


2024-07-17 23:32:21.311273 INFO: Thread 140246156437056 is running task

2024-07-17 23:32:21.310774 INFO: request:HTTP/1.1 200 OK
Content-Length:542
Connection:close


2024-07-17 23:32:21.311293 INFO: Thread 140246122866240 is running task

2024-07-17 23:32:21.310857 INFO: fd: 150, events: 1

2024-07-17 23:32:21.311346 INFO: HttpConn 150 read success
2024-07-17 23:32:21.311359 INFO: GET / HTTP/1.1
2024-07-17 23:32:21.311367 INFO: Host: 39.98.202.182:9006
2024-07-17 23:32:21.311374 INFO: User-Agent: Go-http-client/1.1
2024-07-17 23:32:21.311406 INFO: oop!unknow header: User-Agent: Go-http-client/1.1
2024-07-17 23:32:21.311412 INFO: X-Vegeta-Seq: 1119
2024-07-17 23:32:21.311419 INFO: oop!unknow header: X-Vegeta-Seq: 1119
2024-07-17 23:32:21.311426 INFO: Accept-Encoding: gzip
2024-07-17 23:32:21.311432 INFO: oop!unknow header: Accept-Encoding: gzip
2024-07-17 23:32:21.311439 INFO: 
2024-07-17 23:32:21.311456 INFO: request:HTTP/1.1 200 OK

2024-07-17 23:32:21.311463 INFO: request:HTTP/1.1 200 OK
Content-Length:542

2024-07-17 23:32:21.311470 INFO: request:HTTP/1.1 200 OK
Content-Length:542
Connection:close

2024-07-17 23:32:21.311477 INFO: request:HTTP/1.1 200 OK
Content-Length:542
Connection:close


2024-07-17 23:32:21.311487 INFO: Thread 140246114473536 is running task

2024-07-17 23:32:21.311498 INFO: fd: 148, events: 1

2024-07-17 23:32:21.311512 INFO: fd: 167, events: 1

2024-07-17 23:32:21.311517 INFO: HttpConn 148 read success
2024-07-17 23:32:21.311531 INFO: fd: 179, events: 1

2024-07-17 23:32:21.311537 INFO: GET / HTTP/1.1
2024-07-17 23:32:21.311544 INFO: eventNum: 8
2024-07-17 23:32:21.311550 INFO: HttpConn 179 read success
2024-07-17 23:32:21.311554 INFO: fd: 182, events: 4

2024-07-17 23:32:21.311545 INFO: Host: 39.98.202.182:9006
2024-07-17 23:32:21.311579 INFO: User-Agent: Go-http-client/1.1
2024-07-17 23:32:21.311585 INFO: oop!unknow header: User-Agent: Go-http-client/1.1
2024-07-17 23:32:21.311592 INFO: X-Vegeta-Seq: 1116
2024-07-17 23:32:21.311600 INFO: oop!unknow header: X-Vegeta-Seq: 1116
2024-07-17 23:32:21.311607 INFO: Accept-Encoding: gzip
2024-07-17 23:32:21.311611 INFO: fd: 163, events: 4

2024-07-17 23:32:21.311618 INFO: oop!unknow header: Accept-Encoding: gzip
2024-07-17 23:32:21.311648 INFO: 
2024-07-17 23:32:21.311666 INFO: Thread 140246148044352 is running task

2024-07-17 23:32:21.311564 INFO: GET / HTTP/1.1
2024-07-17 23:32:21.311685 INFO: fd: 151, events: 4

2024-07-17 23:32:21.311525 INFO: HttpConn 167 read success
2024-07-17 23:32:21.311716 INFO: GET / HTTP/1.1
2024-07-17 23:32:21.311724 INFO: Host: 39.98.202.182:9006
2024-07-17 23:32:21.311731 INFO: User-Agent: Go-http-client/1.1
2024-07-17 23:32:21.311738 INFO: oop!unknow header: User-Agent: Go-http-client/1.1
2024-07-17 23:32:21.311745 INFO: X-Vegeta-Seq: 1085
2024-07-17 23:32:21.311751 INFO: oop!unknow header: X-Vegeta-Seq: 1085
2024-07-17 23:32:21.311758 INFO: Accept-Encoding: gzip
2024-07-17 23:32:21.311765 INFO: oop!unknow header: Accept-Encoding: gzip
2024-07-17 23:32:21.311771 INFO: 
2024-07-17 23:32:21.311788 INFO: request:HTTP/1.1 200 OK

2024-07-17 23:32:21.311795 INFO: request:HTTP/1.1 200 OK
Content-Length:542

2024-07-17 23:32:21.311802 INFO: request:HTTP/1.1 200 OK
Content-Length:542
Connection:close

2024-07-17 23:32:21.311809 INFO: request:HTTP/1.1 200 OK
Content-Length:542
Connection:close


