2024-07-17 23:26:28.079442 INFO: HttpConn 16 init success
2024-07-17 23:26:28.079562 INFO: addTimer id:16 expireTime:1721230488
2024-07-17 23:26:28.079589 INFO: Client[16] in!
2024-07-17 23:26:28.079596 INFO: HandleListenEvent 13
2024-07-17 23:26:28.079611 ERROR: Accept failure -1
2024-07-17 23:26:28.079699 INFO: eventNum: 1
2024-07-17 23:26:28.079721 INFO: fd: 16, events: 1

2024-07-17 23:26:28.079737 INFO: HttpConn 16 read success
2024-07-17 23:26:28.079750 INFO: GET / HTTP/1.1
2024-07-17 23:26:28.079756 INFO: Host: 39.98.202.182:9006
2024-07-17 23:26:28.079761 INFO: User-Agent: Go-http-client/1.1
2024-07-17 23:26:28.079765 INFO: oop!unknow header: User-Agent: Go-http-client/1.1
2024-07-17 23:26:28.079770 INFO: X-Vegeta-Seq: 213
2024-07-17 23:26:28.079774 INFO: oop!unknow header: X-Vegeta-Seq: 213
2024-07-17 23:26:28.079778 INFO: Accept-Encoding: gzip
2024-07-17 23:26:28.079783 INFO: oop!unknow header: Accept-Encoding: gzip
2024-07-17 23:26:28.079787 INFO: 
2024-07-17 23:26:28.079809 INFO: request:HTTP/1.1 200 OK

2024-07-17 23:26:28.079814 INFO: request:HTTP/1.1 200 OK
Content-Length:542

2024-07-17 23:26:28.079818 INFO: request:HTTP/1.1 200 OK
Content-Length:542
Connection:close

2024-07-17 23:26:28.079823 INFO: request:HTTP/1.1 200 OK
Content-Length:542
Connection:close


2024-07-17 23:26:28.079839 INFO: Thread 140246114473536 is running task

2024-07-17 23:26:28.079849 INFO: eventNum: 1
2024-07-17 23:26:28.079854 INFO: fd: 16, events: 4

2024-07-17 23:26:28.079897 INFO: Thread 140246106080832 is running task

2024-07-17 23:26:28.093899 INFO: eventNum: 1
2024-07-17 23:26:28.093968 INFO: fd: 13, events: 1

2024-07-17 23:26:28.093976 INFO: HandleListenEvent 13
2024-07-17 23:26:28.094006 INFO: HttpConn 17 init success
2024-07-17 23:26:28.094017 INFO: addTimer id:17 expireTime:1721230488
2024-07-17 23:26:28.094037 INFO: Client[17] in!
2024-07-17 23:26:28.094045 INFO: HandleListenEvent 13
2024-07-17 23:26:28.094059 ERROR: Accept failure -1
2024-07-17 23:26:28.094313 INFO: eventNum: 1
2024-07-17 23:26:28.094329 INFO: fd: 16, events: 8193

2024-07-17 23:26:28.094353 INFO: HttpConn 16 close success
2024-07-17 23:26:28.094359 INFO: Client[16] quit!
2024-07-17 23:26:28.094636 INFO: eventNum: 1
2024-07-17 23:26:28.094662 INFO: fd: 17, events: 1

2024-07-17 23:26:28.094694 INFO: HttpConn 17 read success
2024-07-17 23:26:28.094725 INFO: GET / HTTP/1.1
2024-07-17 23:26:28.094732 INFO: Host: 39.98.202.182:9006
2024-07-17 23:26:28.094738 INFO: User-Agent: Go-http-client/1.1
2024-07-17 23:26:28.094742 INFO: oop!unknow header: User-Agent: Go-http-client/1.1
2024-07-17 23:26:28.094747 INFO: X-Vegeta-Seq: 214
2024-07-17 23:26:28.094751 INFO: oop!unknow header: X-Vegeta-Seq: 214
2024-07-17 23:26:28.094756 INFO: Accept-Encoding: gzip
2024-07-17 23:26:28.094760 INFO: oop!unknow header: Accept-Encoding: gzip
2024-07-17 23:26:28.094764 INFO: 
2024-07-17 23:26:28.094792 INFO: request:HTTP/1.1 200 OK

2024-07-17 23:26:28.094800 INFO: request:HTTP/1.1 200 OK
Content-Length:542

2024-07-17 23:26:28.094807 INFO: request:HTTP/1.1 200 OK
Content-Length:542
Connection:close

2024-07-17 23:26:28.094813 INFO: request:HTTP/1.1 200 OK
Content-Length:542
Connection:close


2024-07-17 23:26:28.094845 INFO: Thread 140246156437056 is running task

2024-07-17 23:26:28.094871 INFO: eventNum: 1
2024-07-17 23:26:28.094880 INFO: fd: 17, events: 4

2024-07-17 23:26:28.094978 INFO: Thread 140246097688128 is running task

2024-07-17 23:26:28.111891 INFO: eventNum: 1
2024-07-17 23:26:28.111960 INFO: fd: 17, events: 8193

2024-07-17 23:26:28.112015 INFO: HttpConn 17 close success
2024-07-17 23:26:28.112027 INFO: Client[17] quit!
2024-07-17 23:26:28.112517 INFO: eventNum: 1
2024-07-17 23:26:28.112552 INFO: fd: 13, events: 1

2024-07-17 23:26:28.112560 INFO: HandleListenEvent 13
2024-07-17 23:26:28.112581 INFO: HttpConn 16 init success
2024-07-17 23:26:28.112592 INFO: addTimer id:16 expireTime:1721230488
2024-07-17 23:26:28.112609 INFO: Client[16] in!
2024-07-17 23:26:28.112623 INFO: HandleListenEvent 13
2024-07-17 23:26:28.112638 ERROR: Accept failure -1
2024-07-17 23:26:28.118110 INFO: eventNum: 1
2024-07-17 23:26:28.118184 INFO: fd: 16, events: 1

2024-07-17 23:26:28.118216 INFO: HttpConn 16 read success
2024-07-17 23:26:28.118231 INFO: GET / HTTP/1.1
2024-07-17 23:26:28.118238 INFO: Host: 39.98.202.182:9006
2024-07-17 23:26:28.118247 INFO: User-Agent: Go-http-client/1.1
2024-07-17 23:26:28.118254 INFO: oop!unknow header: User-Agent: Go-http-client/1.1
2024-07-17 23:26:28.118261 INFO: X-Vegeta-Seq: 215
2024-07-17 23:26:28.118267 INFO: oop!unknow header: X-Vegeta-Seq: 215
2024-07-17 23:26:28.118274 INFO: Accept-Encoding: gzip
2024-07-17 23:26:28.118280 INFO: oop!unknow header: Accept-Encoding: gzip
2024-07-17 23:26:28.118287 INFO: 
2024-07-17 23:26:28.118320 INFO: request:HTTP/1.1 200 OK

2024-07-17 23:26:28.118329 INFO: request:HTTP/1.1 200 OK
Content-Length:542

2024-07-17 23:26:28.118334 INFO: request:HTTP/1.1 200 OK
Content-Length:542
Connection:close

2024-07-17 23:26:28.118339 INFO: request:HTTP/1.1 200 OK
Content-Length:542
Connection:close


2024-07-17 23:26:28.118360 INFO: Thread 140246139651648 is running task

2024-07-17 23:26:28.118381 INFO: eventNum: 1
2024-07-17 23:26:28.118387 INFO: fd: 16, events: 4

2024-07-17 23:26:28.118454 INFO: Thread 140246148044352 is running task

2024-07-17 23:26:28.130096 INFO: eventNum: 1
2024-07-17 23:26:28.130174 INFO: fd: 16, events: 8193

2024-07-17 23:26:28.130227 INFO: HttpConn 16 close success
2024-07-17 23:26:28.130236 INFO: Client[16] quit!
2024-07-17 23:26:28.142246 INFO: eventNum: 1
2024-07-17 23:26:28.142317 INFO: fd: 13, events: 1

2024-07-17 23:26:28.142330 INFO: HandleListenEvent 13
2024-07-17 23:26:28.142363 INFO: HttpConn 16 init success
2024-07-17 23:26:28.142375 INFO: addTimer id:16 expireTime:1721230488
2024-07-17 23:26:28.142391 INFO: Client[16] in!
2024-07-17 23:26:28.142396 INFO: HandleListenEvent 13
2024-07-17 23:26:28.142407 ERROR: Accept failure -1
2024-07-17 23:26:28.142413 INFO: eventNum: 1
2024-07-17 23:26:28.142418 INFO: fd: 16, events: 1

2024-07-17 23:26:28.142445 INFO: HttpConn 16 read success
2024-07-17 23:26:28.142480 INFO: GET / HTTP/1.1
2024-07-17 23:26:28.142488 INFO: Host: 39.98.202.182:9006
2024-07-17 23:26:28.142493 INFO: User-Agent: Go-http-client/1.1
2024-07-17 23:26:28.142498 INFO: oop!unknow header: User-Agent: Go-http-client/1.1
2024-07-17 23:26:28.142503 INFO: X-Vegeta-Seq: 216
2024-07-17 23:26:28.142507 INFO: oop!unknow header: X-Vegeta-Seq: 216
2024-07-17 23:26:28.142512 INFO: Accept-Encoding: gzip
2024-07-17 23:26:28.142516 INFO: oop!unknow header: Accept-Encoding: gzip
2024-07-17 23:26:28.142520 INFO: 
2024-07-17 23:26:28.142548 INFO: request:HTTP/1.1 200 OK

2024-07-17 23:26:28.142553 INFO: request:HTTP/1.1 200 OK
Content-Length:542

2024-07-17 23:26:28.142557 INFO: request:HTTP/1.1 200 OK
Content-Length:542
Connection:close

2024-07-17 23:26:28.142562 INFO: request:HTTP/1.1 200 OK
Content-Length:542
Connection:close


2024-07-17 23:26:28.142582 INFO: Thread 140246131258944 is running task

2024-07-17 23:26:28.142602 INFO: eventNum: 1
2024-07-17 23:26:28.142612 INFO: fd: 16, events: 4

2024-07-17 23:26:28.142673 INFO: Thread 140246122866240 is running task

2024-07-17 23:26:28.153595 INFO: eventNum: 1
2024-07-17 23:26:28.153663 INFO: fd: 13, events: 1

2024-07-17 23:26:28.153672 INFO: HandleListenEvent 13
2024-07-17 23:26:28.153716 INFO: HttpConn 17 init success
2024-07-17 23:26:28.153723 INFO: addTimer id:17 expireTime:1721230488
2024-07-17 23:26:28.153741 INFO: Client[17] in!
2024-07-17 23:26:28.153749 INFO: HandleListenEvent 13
2024-07-17 23:26:28.153760 ERROR: Accept failure -1
2024-07-17 23:26:28.156186 INFO: eventNum: 1
2024-07-17 23:26:28.156236 INFO: fd: 17, events: 1

2024-07-17 23:26:28.156260 INFO: HttpConn 17 read success
2024-07-17 23:26:28.156275 INFO: GET / HTTP/1.1
2024-07-17 23:26:28.156282 INFO: Host: 39.98.202.182:9006
2024-07-17 23:26:28.156287 INFO: User-Agent: Go-http-client/1.1
2024-07-17 23:26:28.156291 INFO: oop!unknow header: User-Agent: Go-http-client/1.1
2024-07-17 23:26:28.156296 INFO: X-Vegeta-Seq: 217
2024-07-17 23:26:28.156301 INFO: oop!unknow header: X-Vegeta-Seq: 217
2024-07-17 23:26:28.156314 INFO: Accept-Encoding: gzip
2024-07-17 23:26:28.156319 INFO: oop!unknow header: Accept-Encoding: gzip
2024-07-17 23:26:28.156323 INFO: 
2024-07-17 23:26:28.156351 INFO: request:HTTP/1.1 200 OK

2024-07-17 23:26:28.156356 INFO: request:HTTP/1.1 200 OK
Content-Length:542

2024-07-17 23:26:28.156360 INFO: request:HTTP/1.1 200 OK
Content-Length:542
Connection:close

2024-07-17 23:26:28.156364 INFO: request:HTTP/1.1 200 OK
Content-Length:542
Connection:close


2024-07-17 23:26:28.156381 INFO: Thread 140246114473536 is running task

2024-07-17 23:26:28.156396 INFO: eventNum: 1
2024-07-17 23:26:28.156404 INFO: fd: 17, events: 4

2024-07-17 23:26:28.156468 INFO: Thread 140246106080832 is running task

2024-07-17 23:26:28.157585 INFO: eventNum: 1
2024-07-17 23:26:28.157619 INFO: fd: 16, events: 8193

2024-07-17 23:26:28.157651 INFO: HttpConn 16 close success
2024-07-17 23:26:28.157661 INFO: Client[16] quit!
2024-07-17 23:26:28.182064 INFO: eventNum: 1
2024-07-17 23:26:28.182133 INFO: fd: 13, events: 1

2024-07-17 23:26:28.182141 INFO: HandleListenEvent 13
2024-07-17 23:26:28.182170 INFO: HttpConn 16 init success
2024-07-17 23:26:28.182177 INFO: addTimer id:16 expireTime:1721230488
2024-07-17 23:26:28.182191 INFO: Client[16] in!
2024-07-17 23:26:28.182201 INFO: HandleListenEvent 13
2024-07-17 23:26:28.182218 ERROR: Accept failure -1
2024-07-17 23:26:28.182227 INFO: eventNum: 1
2024-07-17 23:26:28.182233 INFO: fd: 16, events: 1

2024-07-17 23:26:28.182262 INFO: HttpConn 16 read success
2024-07-17 23:26:28.182321 INFO: GET / HTTP/1.1
2024-07-17 23:26:28.182335 INFO: Host: 39.98.202.182:9006
2024-07-17 23:26:28.182343 INFO: User-Agent: Go-http-client/1.1
2024-07-17 23:26:28.182351 INFO: oop!unknow header: User-Agent: Go-http-client/1.1
2024-07-17 23:26:28.182358 INFO: X-Vegeta-Seq: 218
2024-07-17 23:26:28.182364 INFO: oop!unknow header: X-Vegeta-Seq: 218
2024-07-17 23:26:28.182369 INFO: Accept-Encoding: gzip
2024-07-17 23:26:28.182374 INFO: oop!unknow header: Accept-Encoding: gzip
2024-07-17 23:26:28.182378 INFO: 
2024-07-17 23:26:28.182405 INFO: request:HTTP/1.1 200 OK

2024-07-17 23:26:28.182410 INFO: request:HTTP/1.1 200 OK
Content-Length:542

2024-07-17 23:26:28.182415 INFO: request:HTTP/1.1 200 OK
Content-Length:542
Connection:close

2024-07-17 23:26:28.182419 INFO: request:HTTP/1.1 200 OK
Content-Length:542
Connection:close


2024-07-17 23:26:28.182436 INFO: Thread 140246156437056 is running task

2024-07-17 23:26:28.182459 INFO: eventNum: 2
2024-07-17 23:26:28.182466 INFO: fd: 17, events: 8193

2024-07-17 23:26:28.182491 INFO: HttpConn 17 close success
2024-07-17 23:26:28.182500 INFO: Client[17] quit!
2024-07-17 23:26:28.182505 INFO: fd: 16, events: 4

2024-07-17 23:26:28.182562 INFO: Thread 140246097688128 is running task

2024-07-17 23:26:28.194427 INFO: eventNum: 1
2024-07-17 23:26:28.194489 INFO: fd: 16, events: 8193

2024-07-17 23:26:28.194544 INFO: HttpConn 16 close success
2024-07-17 23:26:28.194552 INFO: Client[16] quit!
2024-07-17 23:26:28.195621 INFO: eventNum: 1
2024-07-17 23:26:28.195663 INFO: fd: 13, events: 1

2024-07-17 23:26:28.195670 INFO: HandleListenEvent 13
2024-07-17 23:26:28.195697 INFO: HttpConn 16 init success
2024-07-17 23:26:28.195704 INFO: addTimer id:16 expireTime:1721230488
2024-07-17 23:26:28.195717 INFO: Client[16] in!
2024-07-17 23:26:28.195722 INFO: HandleListenEvent 13
2024-07-17 23:26:28.195731 ERROR: Accept failure -1
2024-07-17 23:26:28.196005 INFO: eventNum: 1
2024-07-17 23:26:28.196039 INFO: fd: 16, events: 1

2024-07-17 23:26:28.196061 INFO: HttpConn 16 read success
2024-07-17 23:26:28.196076 INFO: GET / HTTP/1.1
2024-07-17 23:26:28.196082 INFO: Host: 39.98.202.182:9006
2024-07-17 23:26:28.196087 INFO: User-Agent: Go-http-client/1.1
2024-07-17 23:26:28.196092 INFO: oop!unknow header: User-Agent: Go-http-client/1.1
2024-07-17 23:26:28.196097 INFO: X-Vegeta-Seq: 219
2024-07-17 23:26:28.196101 INFO: oop!unknow header: X-Vegeta-Seq: 219
2024-07-17 23:26:28.196106 INFO: Accept-Encoding: gzip
2024-07-17 23:26:28.196110 INFO: oop!unknow header: Accept-Encoding: gzip
2024-07-17 23:26:28.196125 INFO: 
2024-07-17 23:26:28.196152 INFO: request:HTTP/1.1 200 OK

2024-07-17 23:26:28.196157 INFO: request:HTTP/1.1 200 OK
Content-Length:542

2024-07-17 23:26:28.196162 INFO: request:HTTP/1.1 200 OK
Content-Length:542
Connection:close

2024-07-17 23:26:28.196167 INFO: request:HTTP/1.1 200 OK
Content-Length:542
Connection:close


2024-07-17 23:26:28.196182 INFO: Thread 140246139651648 is running task

2024-07-17 23:26:28.196212 INFO: eventNum: 1
2024-07-17 23:26:28.196237 INFO: fd: 16, events: 4

2024-07-17 23:26:28.196294 INFO: Thread 140246148044352 is running task

2024-07-17 23:26:28.208730 INFO: eventNum: 1
2024-07-17 23:26:28.208794 INFO: fd: 16, events: 8193

2024-07-17 23:26:28.208841 INFO: HttpConn 16 close success
2024-07-17 23:26:28.208849 INFO: Client[16] quit!
2024-07-17 23:26:28.215877 INFO: eventNum: 1
2024-07-17 23:26:28.215956 INFO: fd: 13, events: 1

2024-07-17 23:26:28.215963 INFO: HandleListenEvent 13
2024-07-17 23:26:28.215994 INFO: HttpConn 16 init success
2024-07-17 23:26:28.216005 INFO: addTimer id:16 expireTime:1721230488
2024-07-17 23:26:28.216026 INFO: Client[16] in!
2024-07-17 23:26:28.216034 INFO: HandleListenEvent 13
2024-07-17 23:26:28.216050 ERROR: Accept failure -1
2024-07-17 23:26:28.216058 INFO: eventNum: 1
2024-07-17 23:26:28.216064 INFO: fd: 16, events: 1

2024-07-17 23:26:28.216089 INFO: HttpConn 16 read success
2024-07-17 23:26:28.216117 INFO: GET / HTTP/1.1
2024-07-17 23:26:28.216128 INFO: Host: 39.98.202.182:9006
2024-07-17 23:26:28.216133 INFO: User-Agent: Go-http-client/1.1
2024-07-17 23:26:28.216138 INFO: oop!unknow header: User-Agent: Go-http-client/1.1
2024-07-17 23:26:28.216145 INFO: X-Vegeta-Seq: 220
2024-07-17 23:26:28.216149 INFO: oop!unknow header: X-Vegeta-Seq: 220
2024-07-17 23:26:28.216154 INFO: Accept-Encoding: gzip
2024-07-17 23:26:28.216158 INFO: oop!unknow header: Accept-Encoding: gzip
2024-07-17 23:26:28.216162 INFO: 
2024-07-17 23:26:28.216188 INFO: request:HTTP/1.1 200 OK

2024-07-17 23:26:28.216209 INFO: request:HTTP/1.1 200 OK
Content-Length:542

2024-07-17 23:26:28.216216 INFO: request:HTTP/1.1 200 OK
Content-Length:542
Connection:close

2024-07-17 23:26:28.216223 INFO: request:HTTP/1.1 200 OK
Content-Length:542
Connection:close


2024-07-17 23:26:28.216246 INFO: Thread 140246131258944 is running task

2024-07-17 23:26:28.216282 INFO: eventNum: 1
2024-07-17 23:26:28.216291 INFO: fd: 16, events: 4

2024-07-17 23:26:28.216358 INFO: Thread 140246122866240 is running task

2024-07-17 23:26:28.228629 INFO: eventNum: 1
2024-07-17 23:26:28.228688 INFO: fd: 16, events: 8193

2024-07-17 23:26:28.228737 INFO: HttpConn 16 close success
2024-07-17 23:26:28.228748 INFO: Client[16] quit!
2024-07-17 23:26:28.231017 INFO: eventNum: 1
2024-07-17 23:26:28.231073 INFO: fd: 13, events: 1

2024-07-17 23:26:28.231083 INFO: HandleListenEvent 13
2024-07-17 23:26:28.231116 INFO: HttpConn 16 init success
2024-07-17 23:26:28.231127 INFO: addTimer id:16 expireTime:1721230488
2024-07-17 23:26:28.231144 INFO: Client[16] in!
2024-07-17 23:26:28.231149 INFO: HandleListenEvent 13
2024-07-17 23:26:28.231160 ERROR: Accept failure -1
2024-07-17 23:26:28.231370 INFO: eventNum: 1
2024-07-17 23:26:28.231392 INFO: fd: 16, events: 1

2024-07-17 23:26:28.231412 INFO: HttpConn 16 read success
2024-07-17 23:26:28.231425 INFO: GET / HTTP/1.1
2024-07-17 23:26:28.231431 INFO: Host: 39.98.202.182:9006
2024-07-17 23:26:28.231436 INFO: User-Agent: Go-http-client/1.1
2024-07-17 23:26:28.231441 INFO: oop!unknow header: User-Agent: Go-http-client/1.1
2024-07-17 23:26:28.231446 INFO: X-Vegeta-Seq: 221
2024-07-17 23:26:28.231450 INFO: oop!unknow header: X-Vegeta-Seq: 221
2024-07-17 23:26:28.231455 INFO: Accept-Encoding: gzip
2024-07-17 23:26:28.231459 INFO: oop!unknow header: Accept-Encoding: gzip
2024-07-17 23:26:28.231463 INFO: 
2024-07-17 23:26:28.231490 INFO: request:HTTP/1.1 200 OK

2024-07-17 23:26:28.231496 INFO: request:HTTP/1.1 200 OK
Content-Length:542

2024-07-17 23:26:28.231502 INFO: request:HTTP/1.1 200 OK
Content-Length:542
Connection:close

2024-07-17 23:26:28.231525 INFO: request:HTTP/1.1 200 OK
Content-Length:542
Connection:close


2024-07-17 23:26:28.231544 INFO: Thread 140246114473536 is running task

2024-07-17 23:26:28.231568 INFO: eventNum: 1
2024-07-17 23:26:28.231576 INFO: fd: 16, events: 4

2024-07-17 23:26:28.231647 INFO: Thread 140246106080832 is running task

2024-07-17 23:26:28.244097 INFO: eventNum: 1
2024-07-17 23:26:28.244154 INFO: fd: 16, events: 8193

2024-07-17 23:26:28.244187 INFO: HttpConn 16 close success
2024-07-17 23:26:28.244193 INFO: Client[16] quit!
2024-07-17 23:26:28.253947 INFO: eventNum: 1
2024-07-17 23:26:28.253996 INFO: fd: 13, events: 1

2024-07-17 23:26:28.254002 INFO: HandleListenEvent 13
2024-07-17 23:26:28.254031 INFO: HttpConn 16 init success
2024-07-17 23:26:28.254042 INFO: addTimer id:16 expireTime:1721230488
2024-07-17 23:26:28.254060 INFO: Client[16] in!
2024-07-17 23:26:28.254066 INFO: HandleListenEvent 13
2024-07-17 23:26:28.254078 ERROR: Accept failure -1
2024-07-17 23:26:28.254257 INFO: eventNum: 1
2024-07-17 23:26:28.254270 INFO: fd: 16, events: 1

2024-07-17 23:26:28.254295 INFO: HttpConn 16 read success
2024-07-17 23:26:28.254331 INFO: GET / HTTP/1.1
2024-07-17 23:26:28.254342 INFO: Host: 39.98.202.182:9006
2024-07-17 23:26:28.254354 INFO: User-Agent: Go-http-client/1.1
2024-07-17 23:26:28.254360 INFO: oop!unknow header: User-Agent: Go-http-client/1.1
2024-07-17 23:26:28.254370 INFO: X-Vegeta-Seq: 222
2024-07-17 23:26:28.254377 INFO: oop!unknow header: X-Vegeta-Seq: 222
2024-07-17 23:26:28.254384 INFO: Accept-Encoding: gzip
2024-07-17 23:26:28.254391 INFO: oop!unknow header: Accept-Encoding: gzip
2024-07-17 23:26:28.254397 INFO: 
2024-07-17 23:26:28.254424 INFO: request:HTTP/1.1 200 OK

2024-07-17 23:26:28.254430 INFO: request:HTTP/1.1 200 OK
Content-Length:542

2024-07-17 23:26:28.254434 INFO: request:HTTP/1.1 200 OK
Content-Length:542
Connection:close

2024-07-17 23:26:28.254439 INFO: request:HTTP/1.1 200 OK
Content-Length:542
Connection:close


2024-07-17 23:26:28.254473 INFO: Thread 140246156437056 is running task

2024-07-17 23:26:28.254499 INFO: eventNum: 1
2024-07-17 23:26:28.254507 INFO: fd: 16, events: 4

2024-07-17 23:26:28.254559 INFO: Thread 140246097688128 is running task

2024-07-17 23:26:28.266278 INFO: eventNum: 1
2024-07-17 23:26:28.266318 INFO: fd: 16, events: 8193

2024-07-17 23:26:28.266343 INFO: HttpConn 16 close success
2024-07-17 23:26:28.266348 INFO: Client[16] quit!
2024-07-17 23:26:28.275324 INFO: eventNum: 1
2024-07-17 23:26:28.275384 INFO: fd: 13, events: 1

2024-07-17 23:26:28.275390 INFO: HandleListenEvent 13
2024-07-17 23:26:28.275414 INFO: HttpConn 16 init success
2024-07-17 23:26:28.275422 INFO: addTimer id:16 expireTime:1721230488
2024-07-17 23:26:28.275436 INFO: Client[16] in!
2024-07-17 23:26:28.275440 INFO: HandleListenEvent 13
2024-07-17 23:26:28.275450 ERROR: Accept failure -1
2024-07-17 23:26:28.275677 INFO: eventNum: 1
2024-07-17 23:26:28.275692 INFO: fd: 16, events: 1

2024-07-17 23:26:28.275747 INFO: HttpConn 16 read success
2024-07-17 23:26:28.275793 INFO: GET / HTTP/1.1
2024-07-17 23:26:28.275804 INFO: Host: 39.98.202.182:9006
2024-07-17 23:26:28.275809 INFO: User-Agent: Go-http-client/1.1
2024-07-17 23:26:28.275814 INFO: oop!unknow header: User-Agent: Go-http-client/1.1
2024-07-17 23:26:28.275819 INFO: X-Vegeta-Seq: 223
2024-07-17 23:26:28.275823 INFO: oop!unknow header: X-Vegeta-Seq: 223
2024-07-17 23:26:28.275827 INFO: Accept-Encoding: gzip
2024-07-17 23:26:28.275831 INFO: oop!unknow header: Accept-Encoding: gzip
2024-07-17 23:26:28.275836 INFO: 
2024-07-17 23:26:28.275864 INFO: request:HTTP/1.1 200 OK

2024-07-17 23:26:28.275870 INFO: request:HTTP/1.1 200 OK
Content-Length:542

2024-07-17 23:26:28.275874 INFO: request:HTTP/1.1 200 OK
Content-Length:542
Connection:close

2024-07-17 23:26:28.275879 INFO: request:HTTP/1.1 200 OK
Content-Length:542
Connection:close


2024-07-17 23:26:28.275896 INFO: eventNum: 1
2024-07-17 23:26:28.275901 INFO: Thread 140246139651648 is running task

2024-07-17 23:26:28.275935 INFO: fd: 16, events: 4

2024-07-17 23:26:28.276013 INFO: Thread 140246148044352 is running task

2024-07-17 23:26:28.291827 INFO: eventNum: 1
2024-07-17 23:26:28.291901 INFO: fd: 16, events: 8193

2024-07-17 23:26:28.291983 INFO: HttpConn 16 close success
2024-07-17 23:26:28.291993 INFO: Client[16] quit!
2024-07-17 23:26:28.295233 INFO: eventNum: 1
2024-07-17 23:26:28.295293 INFO: fd: 13, events: 1

2024-07-17 23:26:28.295302 INFO: HandleListenEvent 13
2024-07-17 23:26:28.295330 INFO: HttpConn 16 init success
2024-07-17 23:26:28.295338 INFO: addTimer id:16 expireTime:1721230488
2024-07-17 23:26:28.295354 INFO: Client[16] in!
2024-07-17 23:26:28.295361 INFO: HandleListenEvent 13
2024-07-17 23:26:28.295376 ERROR: Accept failure -1
2024-07-17 23:26:28.295551 INFO: eventNum: 1
2024-07-17 23:26:28.295570 INFO: fd: 16, events: 1

2024-07-17 23:26:28.295595 INFO: HttpConn 16 read success
2024-07-17 23:26:28.295630 INFO: GET / HTTP/1.1
2024-07-17 23:26:28.295638 INFO: Host: 39.98.202.182:9006
2024-07-17 23:26:28.295643 INFO: User-Agent: Go-http-client/1.1
2024-07-17 23:26:28.295648 INFO: oop!unknow header: User-Agent: Go-http-client/1.1
2024-07-17 23:26:28.295652 INFO: X-Vegeta-Seq: 224
2024-07-17 23:26:28.295657 INFO: oop!unknow header: X-Vegeta-Seq: 224
2024-07-17 23:26:28.295661 INFO: Accept-Encoding: gzip
2024-07-17 23:26:28.295666 INFO: oop!unknow header: Accept-Encoding: gzip
2024-07-17 23:26:28.295670 INFO: 
2024-07-17 23:26:28.295695 INFO: request:HTTP/1.1 200 OK

2024-07-17 23:26:28.295701 INFO: request:HTTP/1.1 200 OK
Content-Length:542

2024-07-17 23:26:28.295705 INFO: request:HTTP/1.1 200 OK
Content-Length:542
Connection:close

2024-07-17 23:26:28.295709 INFO: request:HTTP/1.1 200 OK
Content-Length:542
Connection:close


2024-07-17 23:26:28.295729 INFO: Thread 140246131258944 is running task

2024-07-17 23:26:28.295746 INFO: eventNum: 1
2024-07-17 23:26:28.295753 INFO: fd: 16, events: 4

2024-07-17 23:26:28.295795 INFO: Thread 140246122866240 is running task

2024-07-17 23:26:28.316885 INFO: eventNum: 1
2024-07-17 23:26:28.316974 INFO: fd: 16, events: 8193

2024-07-17 23:26:28.317011 INFO: HttpConn 16 close success
2024-07-17 23:26:28.317018 INFO: Client[16] quit!
2024-07-17 23:26:28.320081 INFO: eventNum: 1
2024-07-17 23:26:28.320118 INFO: fd: 13, events: 1

2024-07-17 23:26:28.320123 INFO: HandleListenEvent 13
2024-07-17 23:26:28.320151 INFO: HttpConn 16 init success
2024-07-17 23:26:28.320159 INFO: addTimer id:16 expireTime:1721230488
2024-07-17 23:26:28.320176 INFO: Client[16] in!
2024-07-17 23:26:28.320184 INFO: HandleListenEvent 13
2024-07-17 23:26:28.320196 ERROR: Accept failure -1
2024-07-17 23:26:28.321928 INFO: eventNum: 1
2024-07-17 23:26:28.321947 INFO: fd: 16, events: 1

2024-07-17 23:26:28.321978 INFO: HttpConn 16 read success
2024-07-17 23:26:28.322017 INFO: GET / HTTP/1.1
2024-07-17 23:26:28.322025 INFO: Host: 39.98.202.182:9006
2024-07-17 23:26:28.322030 INFO: User-Agent: Go-http-client/1.1
2024-07-17 23:26:28.322035 INFO: oop!unknow header: User-Agent: Go-http-client/1.1
2024-07-17 23:26:28.322040 INFO: X-Vegeta-Seq: 225
2024-07-17 23:26:28.322045 INFO: oop!unknow header: X-Vegeta-Seq: 225
2024-07-17 23:26:28.322049 INFO: Accept-Encoding: gzip
2024-07-17 23:26:28.322053 INFO: oop!unknow header: Accept-Encoding: gzip
2024-07-17 23:26:28.322058 INFO: 
2024-07-17 23:26:28.322085 INFO: request:HTTP/1.1 200 OK

2024-07-17 23:26:28.322091 INFO: request:HTTP/1.1 200 OK
Content-Length:542

2024-07-17 23:26:28.322096 INFO: request:HTTP/1.1 200 OK
Content-Length:542
Connection:close

2024-07-17 23:26:28.322100 INFO: request:HTTP/1.1 200 OK
Content-Length:542
Connection:close


2024-07-17 23:26:28.322135 INFO: Thread 140246114473536 is running task

2024-07-17 23:26:28.322154 INFO: eventNum: 1
2024-07-17 23:26:28.322161 INFO: fd: 16, events: 4

2024-07-17 23:26:28.322213 INFO: Thread 140246106080832 is running task

2024-07-17 23:26:28.331099 INFO: eventNum: 1
2024-07-17 23:26:28.331156 INFO: fd: 13, events: 1

2024-07-17 23:26:28.331162 INFO: HandleListenEvent 13
2024-07-17 23:26:28.331191 INFO: HttpConn 17 init success
2024-07-17 23:26:28.331202 INFO: addTimer id:17 expireTime:1721230488
2024-07-17 23:26:28.331221 INFO: Client[17] in!
2024-07-17 23:26:28.331227 INFO: HandleListenEvent 13
2024-07-17 23:26:28.331238 ERROR: Accept failure -1
2024-07-17 23:26:28.332647 INFO: eventNum: 1
2024-07-17 23:26:28.332661 INFO: fd: 17, events: 1

2024-07-17 23:26:28.332690 INFO: HttpConn 17 read success
2024-07-17 23:26:28.332743 INFO: GET / HTTP/1.1
2024-07-17 23:26:28.332756 INFO: Host: 39.98.202.182:9006
2024-07-17 23:26:28.332764 INFO: User-Agent: Go-http-client/1.1
2024-07-17 23:26:28.332770 INFO: oop!unknow header: User-Agent: Go-http-client/1.1
2024-07-17 23:26:28.332777 INFO: X-Vegeta-Seq: 226
2024-07-17 23:26:28.332791 INFO: oop!unknow header: X-Vegeta-Seq: 226
2024-07-17 23:26:28.332798 INFO: Accept-Encoding: gzip
2024-07-17 23:26:28.332803 INFO: oop!unknow header: Accept-Encoding: gzip
2024-07-17 23:26:28.332807 INFO: 
2024-07-17 23:26:28.332834 INFO: request:HTTP/1.1 200 OK

2024-07-17 23:26:28.332840 INFO: request:HTTP/1.1 200 OK
Content-Length:542

2024-07-17 23:26:28.332844 INFO: request:HTTP/1.1 200 OK
Content-Length:542
Connection:close

2024-07-17 23:26:28.332849 INFO: request:HTTP/1.1 200 OK
Content-Length:542
Connection:close


2024-07-17 23:26:28.332871 INFO: Thread 140246156437056 is running task

2024-07-17 23:26:28.332892 INFO: eventNum: 1
2024-07-17 23:26:28.332899 INFO: fd: 17, events: 4

2024-07-17 23:26:28.332988 INFO: Thread 140246097688128 is running task

2024-07-17 23:26:28.334680 INFO: eventNum: 1
2024-07-17 23:26:28.334713 INFO: fd: 16, events: 8193

2024-07-17 23:26:28.334741 INFO: HttpConn 16 close success
2024-07-17 23:26:28.334751 INFO: Client[16] quit!
2024-07-17 23:26:28.343913 INFO: eventNum: 1
2024-07-17 23:26:28.343975 INFO: fd: 17, events: 8193

2024-07-17 23:26:28.344018 INFO: HttpConn 17 close success
2024-07-17 23:26:28.344026 INFO: Client[17] quit!
2024-07-17 23:26:28.354618 INFO: eventNum: 1
2024-07-17 23:26:28.354683 INFO: fd: 13, events: 1

2024-07-17 23:26:28.354692 INFO: HandleListenEvent 13
2024-07-17 23:26:28.354734 INFO: HttpConn 16 init success
2024-07-17 23:26:28.354746 INFO: addTimer id:16 expireTime:1721230488
2024-07-17 23:26:28.354761 INFO: Client[16] in!
2024-07-17 23:26:28.354765 INFO: HandleListenEvent 13
2024-07-17 23:26:28.354786 ERROR: Accept failure -1
2024-07-17 23:26:28.354795 INFO: eventNum: 1
2024-07-17 23:26:28.354802 INFO: fd: 16, events: 1

2024-07-17 23:26:28.354856 INFO: HttpConn 16 read success
2024-07-17 23:26:28.354875 INFO: GET / HTTP/1.1
2024-07-17 23:26:28.354883 INFO: Host: 39.98.202.182:9006
2024-07-17 23:26:28.354888 INFO: User-Agent: Go-http-client/1.1
2024-07-17 23:26:28.354893 INFO: oop!unknow header: User-Agent: Go-http-client/1.1
2024-07-17 23:26:28.354897 INFO: X-Vegeta-Seq: 227
2024-07-17 23:26:28.354902 INFO: oop!unknow header: X-Vegeta-Seq: 227
2024-07-17 23:26:28.354943 INFO: Accept-Encoding: gzip
2024-07-17 23:26:28.354950 INFO: oop!unknow header: Accept-Encoding: gzip
2024-07-17 23:26:28.354958 INFO: 
2024-07-17 23:26:28.354995 INFO: request:HTTP/1.1 200 OK

2024-07-17 23:26:28.355007 INFO: request:HTTP/1.1 200 OK
Content-Length:542

2024-07-17 23:26:28.355014 INFO: request:HTTP/1.1 200 OK
Content-Length:542
Connection:close

2024-07-17 23:26:28.355020 INFO: request:HTTP/1.1 200 OK
Content-Length:542
Connection:close


2024-07-17 23:26:28.355049 INFO: Thread 140246139651648 is running task

2024-07-17 23:26:28.355077 INFO: eventNum: 1
2024-07-17 23:26:28.355093 INFO: fd: 16, events: 4

2024-07-17 23:26:28.355154 INFO: Thread 140246148044352 is running task

2024-07-17 23:26:28.366959 INFO: eventNum: 1
2024-07-17 23:26:28.367018 INFO: fd: 16, events: 8193

2024-07-17 23:26:28.367059 INFO: HttpConn 16 close success
2024-07-17 23:26:28.367069 INFO: Client[16] quit!
2024-07-17 23:26:28.373111 INFO: eventNum: 1
2024-07-17 23:26:28.373169 INFO: fd: 13, events: 1

2024-07-17 23:26:28.373179 INFO: HandleListenEvent 13
2024-07-17 23:26:28.373205 INFO: HttpConn 16 init success
2024-07-17 23:26:28.373226 INFO: addTimer id:16 expireTime:1721230488
2024-07-17 23:26:28.373241 INFO: Client[16] in!
2024-07-17 23:26:28.373246 INFO: HandleListenEvent 13
2024-07-17 23:26:28.373257 ERROR: Accept failure -1
2024-07-17 23:26:28.373263 INFO: eventNum: 1
2024-07-17 23:26:28.373267 INFO: fd: 16, events: 1

2024-07-17 23:26:28.373286 INFO: HttpConn 16 read success
2024-07-17 23:26:28.373299 INFO: GET / HTTP/1.1
2024-07-17 23:26:28.373306 INFO: Host: 39.98.202.182:9006
2024-07-17 23:26:28.373311 INFO: User-Agent: Go-http-client/1.1
2024-07-17 23:26:28.373316 INFO: oop!unknow header: User-Agent: Go-http-client/1.1
2024-07-17 23:26:28.373321 INFO: X-Vegeta-Seq: 228
2024-07-17 23:26:28.373325 INFO: oop!unknow header: X-Vegeta-Seq: 228
2024-07-17 23:26:28.373329 INFO: Accept-Encoding: gzip
2024-07-17 23:26:28.373334 INFO: oop!unknow header: Accept-Encoding: gzip
2024-07-17 23:26:28.373338 INFO: 
2024-07-17 23:26:28.373362 INFO: request:HTTP/1.1 200 OK

2024-07-17 23:26:28.373367 INFO: request:HTTP/1.1 200 OK
Content-Length:542

2024-07-17 23:26:28.373372 INFO: request:HTTP/1.1 200 OK
Content-Length:542
Connection:close

2024-07-17 23:26:28.373376 INFO: request:HTTP/1.1 200 OK
Content-Length:542
Connection:close


2024-07-17 23:26:28.373391 INFO: Thread 140246131258944 is running task

2024-07-17 23:26:28.373402 INFO: eventNum: 1
2024-07-17 23:26:28.373407 INFO: fd: 16, events: 4

2024-07-17 23:26:28.373448 INFO: Thread 140246122866240 is running task

2024-07-17 23:26:28.390610 INFO: eventNum: 1
2024-07-17 23:26:28.390672 INFO: fd: 16, events: 8193

2024-07-17 23:26:28.390733 INFO: HttpConn 16 close success
2024-07-17 23:26:28.390754 INFO: Client[16] quit!
2024-07-17 23:26:28.401861 INFO: eventNum: 1
2024-07-17 23:26:28.401961 INFO: fd: 13, events: 1

2024-07-17 23:26:28.401971 INFO: HandleListenEvent 13
2024-07-17 23:26:28.402006 INFO: HttpConn 16 init success
2024-07-17 23:26:28.402016 INFO: addTimer id:16 expireTime:1721230488
2024-07-17 23:26:28.402034 INFO: Client[16] in!
2024-07-17 23:26:28.402040 INFO: HandleListenEvent 13
2024-07-17 23:26:28.402055 ERROR: Accept failure -1
2024-07-17 23:26:28.402201 INFO: eventNum: 1
2024-07-17 23:26:28.402244 INFO: fd: 16, events: 1

2024-07-17 23:26:28.402269 INFO: HttpConn 16 read success
2024-07-17 23:26:28.402288 INFO: GET / HTTP/1.1
2024-07-17 23:26:28.402297 INFO: Host: 39.98.202.182:9006
2024-07-17 23:26:28.402304 INFO: User-Agent: Go-http-client/1.1
2024-07-17 23:26:28.402311 INFO: oop!unknow header: User-Agent: Go-http-client/1.1
2024-07-17 23:26:28.402318 INFO: X-Vegeta-Seq: 229
2024-07-17 23:26:28.402324 INFO: oop!unknow header: X-Vegeta-Seq: 229
2024-07-17 23:26:28.402331 INFO: Accept-Encoding: gzip
2024-07-17 23:26:28.402338 INFO: oop!unknow header: Accept-Encoding: gzip
2024-07-17 23:26:28.402348 INFO: 
2024-07-17 23:26:28.402383 INFO: request:HTTP/1.1 200 OK

2024-07-17 23:26:28.402390 INFO: request:HTTP/1.1 200 OK
Content-Length:542

2024-07-17 23:26:28.402397 INFO: request:HTTP/1.1 200 OK
Content-Length:542
Connection:close

2024-07-17 23:26:28.402404 INFO: request:HTTP/1.1 200 OK
Content-Length:542
Connection:close


2024-07-17 23:26:28.402423 INFO: Thread 140246114473536 is running task

2024-07-17 23:26:28.402444 INFO: eventNum: 1
2024-07-17 23:26:28.402452 INFO: fd: 16, events: 4

2024-07-17 23:26:28.402508 INFO: Thread 140246106080832 is running task

2024-07-17 23:26:28.413358 INFO: eventNum: 1
2024-07-17 23:26:28.413430 INFO: fd: 13, events: 1

2024-07-17 23:26:28.413442 INFO: HandleListenEvent 13
2024-07-17 23:26:28.413479 INFO: HttpConn 17 init success
2024-07-17 23:26:28.413491 INFO: addTimer id:17 expireTime:1721230488
2024-07-17 23:26:28.413512 INFO: Client[17] in!
2024-07-17 23:26:28.413521 INFO: HandleListenEvent 13
2024-07-17 23:26:28.413539 ERROR: Accept failure -1
2024-07-17 23:26:28.420442 INFO: eventNum: 1
2024-07-17 23:26:28.420522 INFO: fd: 17, events: 1

2024-07-17 23:26:28.420562 INFO: HttpConn 17 read success
2024-07-17 23:26:28.420605 INFO: GET / HTTP/1.1
2024-07-17 23:26:28.420613 INFO: Host: 39.98.202.182:9006
2024-07-17 23:26:28.420628 INFO: User-Agent: Go-http-client/1.1
2024-07-17 23:26:28.420634 INFO: oop!unknow header: User-Agent: Go-http-client/1.1
2024-07-17 23:26:28.420639 INFO: X-Vegeta-Seq: 230
2024-07-17 23:26:28.420643 INFO: oop!unknow header: X-Vegeta-Seq: 230
2024-07-17 23:26:28.420647 INFO: Accept-Encoding: gzip
2024-07-17 23:26:28.420652 INFO: oop!unknow header: Accept-Encoding: gzip
2024-07-17 23:26:28.420656 INFO: 
2024-07-17 23:26:28.420685 INFO: request:HTTP/1.1 200 OK

2024-07-17 23:26:28.420691 INFO: request:HTTP/1.1 200 OK
Content-Length:542

2024-07-17 23:26:28.420696 INFO: request:HTTP/1.1 200 OK
Content-Length:542
Connection:close

2024-07-17 23:26:28.420700 INFO: request:HTTP/1.1 200 OK
Content-Length:542
Connection:close


2024-07-17 23:26:28.420726 INFO: Thread 140246156437056 is running task

2024-07-17 23:26:28.420751 INFO: eventNum: 1
2024-07-17 23:26:28.420760 INFO: fd: 17, events: 4

2024-07-17 23:26:28.420860 INFO: eventNum: 1
2024-07-17 23:26:28.420872 INFO: fd: 16, events: 8193

2024-07-17 23:26:28.420876 INFO: Thread 140246097688128 is running task

2024-07-17 23:26:28.420903 INFO: HttpConn 16 close success
2024-07-17 23:26:28.420918 INFO: Client[16] quit!
2024-07-17 23:26:28.437089 INFO: eventNum: 1
2024-07-17 23:26:28.437154 INFO: fd: 13, events: 1

2024-07-17 23:26:28.437162 INFO: HandleListenEvent 13
2024-07-17 23:26:28.437193 INFO: HttpConn 16 init success
2024-07-17 23:26:28.437207 INFO: addTimer id:16 expireTime:1721230488
2024-07-17 23:26:28.437227 INFO: Client[16] in!
2024-07-17 23:26:28.437235 INFO: HandleListenEvent 13
2024-07-17 23:26:28.437251 ERROR: Accept failure -1
2024-07-17 23:26:28.438390 INFO: eventNum: 1
2024-07-17 23:26:28.438433 INFO: fd: 17, events: 8193

2024-07-17 23:26:28.438471 INFO: HttpConn 17 close success
2024-07-17 23:26:28.438478 INFO: Client[17] quit!
2024-07-17 23:26:28.438540 INFO: eventNum: 1
2024-07-17 23:26:28.438578 INFO: fd: 16, events: 1

2024-07-17 23:26:28.438609 INFO: HttpConn 16 read success
2024-07-17 23:26:28.438631 INFO: GET / HTTP/1.1
2024-07-17 23:26:28.438640 INFO: Host: 39.98.202.182:9006
2024-07-17 23:26:28.438646 INFO: User-Agent: Go-http-client/1.1
2024-07-17 23:26:28.438650 INFO: oop!unknow header: User-Agent: Go-http-client/1.1
2024-07-17 23:26:28.438655 INFO: X-Vegeta-Seq: 231
2024-07-17 23:26:28.438659 INFO: oop!unknow header: X-Vegeta-Seq: 231
2024-07-17 23:26:28.438664 INFO: Accept-Encoding: gzip
2024-07-17 23:26:28.438668 INFO: oop!unknow header: Accept-Encoding: gzip
2024-07-17 23:26:28.438672 INFO: 
2024-07-17 23:26:28.438703 INFO: request:HTTP/1.1 200 OK

2024-07-17 23:26:28.438711 INFO: request:HTTP/1.1 200 OK
Content-Length:542

2024-07-17 23:26:28.438717 INFO: request:HTTP/1.1 200 OK
Content-Length:542
Connection:close

2024-07-17 23:26:28.438724 INFO: request:HTTP/1.1 200 OK
Content-Length:542
Connection:close


2024-07-17 23:26:28.438748 INFO: Thread 140246139651648 is running task

2024-07-17 23:26:28.438761 INFO: eventNum: 1
2024-07-17 23:26:28.438766 INFO: fd: 16, events: 4

2024-07-17 23:26:28.438830 INFO: Thread 140246148044352 is running task

2024-07-17 23:26:28.450379 INFO: eventNum: 1
2024-07-17 23:26:28.450434 INFO: fd: 13, events: 1

2024-07-17 23:26:28.450441 INFO: HandleListenEvent 13
2024-07-17 23:26:28.450469 INFO: HttpConn 17 init success
2024-07-17 23:26:28.450477 INFO: addTimer id:17 expireTime:1721230488
2024-07-17 23:26:28.450491 INFO: Client[17] in!
2024-07-17 23:26:28.450496 INFO: HandleListenEvent 13
2024-07-17 23:26:28.450507 ERROR: Accept failure -1
2024-07-17 23:26:28.450570 INFO: eventNum: 1
2024-07-17 23:26:28.450599 INFO: fd: 16, events: 8193

2024-07-17 23:26:28.450629 INFO: HttpConn 16 close success
2024-07-17 23:26:28.450639 INFO: Client[16] quit!
2024-07-17 23:26:28.454164 INFO: eventNum: 1
2024-07-17 23:26:28.454213 INFO: fd: 17, events: 1

2024-07-17 23:26:28.454243 INFO: HttpConn 17 read success
2024-07-17 23:26:28.454277 INFO: GET / HTTP/1.1
2024-07-17 23:26:28.454285 INFO: Host: 39.98.202.182:9006
2024-07-17 23:26:28.454290 INFO: User-Agent: Go-http-client/1.1
2024-07-17 23:26:28.454305 INFO: oop!unknow header: User-Agent: Go-http-client/1.1
2024-07-17 23:26:28.454310 INFO: X-Vegeta-Seq: 232
2024-07-17 23:26:28.454315 INFO: oop!unknow header: X-Vegeta-Seq: 232
2024-07-17 23:26:28.454319 INFO: Accept-Encoding: gzip
2024-07-17 23:26:28.454323 INFO: oop!unknow header: Accept-Encoding: gzip
2024-07-17 23:26:28.454328 INFO: 
2024-07-17 23:26:28.454356 INFO: request:HTTP/1.1 200 OK

2024-07-17 23:26:28.454361 INFO: request:HTTP/1.1 200 OK
Content-Length:542

2024-07-17 23:26:28.454366 INFO: request:HTTP/1.1 200 OK
Content-Length:542
Connection:close

2024-07-17 23:26:28.454370 INFO: request:HTTP/1.1 200 OK
Content-Length:542
Connection:close


2024-07-17 23:26:28.454392 INFO: Thread 140246131258944 is running task

2024-07-17 23:26:28.454409 INFO: eventNum: 1
2024-07-17 23:26:28.454416 INFO: fd: 17, events: 4

2024-07-17 23:26:28.454477 INFO: Thread 140246122866240 is running task

2024-07-17 23:26:28.466533 INFO: eventNum: 1
2024-07-17 23:26:28.466616 INFO: fd: 17, events: 8193

2024-07-17 23:26:28.466661 INFO: HttpConn 17 close success
2024-07-17 23:26:28.466668 INFO: Client[17] quit!
2024-07-17 23:26:28.472167 INFO: eventNum: 1
2024-07-17 23:26:28.472225 INFO: fd: 13, events: 1

2024-07-17 23:26:28.472234 INFO: HandleListenEvent 13
2024-07-17 23:26:28.472268 INFO: HttpConn 16 init success
2024-07-17 23:26:28.472277 INFO: addTimer id:16 expireTime:1721230488
2024-07-17 23:26:28.472292 INFO: Client[16] in!
2024-07-17 23:26:28.472297 INFO: HandleListenEvent 13
2024-07-17 23:26:28.472309 ERROR: Accept failure -1
2024-07-17 23:26:28.472465 INFO: eventNum: 1
2024-07-17 23:26:28.472489 INFO: fd: 16, events: 1

2024-07-17 23:26:28.472510 INFO: HttpConn 16 read success
2024-07-17 23:26:28.472525 INFO: GET / HTTP/1.1
2024-07-17 23:26:28.472532 INFO: Host: 39.98.202.182:9006
2024-07-17 23:26:28.472537 INFO: User-Agent: Go-http-client/1.1
2024-07-17 23:26:28.472542 INFO: oop!unknow header: User-Agent: Go-http-client/1.1
2024-07-17 23:26:28.472547 INFO: X-Vegeta-Seq: 233
2024-07-17 23:26:28.472551 INFO: oop!unknow header: X-Vegeta-Seq: 233
2024-07-17 23:26:28.472555 INFO: Accept-Encoding: gzip
2024-07-17 23:26:28.472560 INFO: oop!unknow header: Accept-Encoding: gzip
2024-07-17 23:26:28.472564 INFO: 
2024-07-17 23:26:28.472590 INFO: request:HTTP/1.1 200 OK

2024-07-17 23:26:28.472595 INFO: request:HTTP/1.1 200 OK
Content-Length:542

2024-07-17 23:26:28.472600 INFO: request:HTTP/1.1 200 OK
Content-Length:542
Connection:close

2024-07-17 23:26:28.472608 INFO: request:HTTP/1.1 200 OK
Content-Length:542
Connection:close


2024-07-17 23:26:28.472628 INFO: Thread 140246114473536 is running task

2024-07-17 23:26:28.472644 INFO: eventNum: 1
2024-07-17 23:26:28.472651 INFO: fd: 16, events: 4

2024-07-17 23:26:28.472713 INFO: Thread 140246106080832 is running task

2024-07-17 23:26:28.477087 INFO: eventNum: 1
2024-07-17 23:26:28.477140 INFO: fd: 13, events: 1

2024-07-17 23:26:28.477146 INFO: HandleListenEvent 13
2024-07-17 23:26:28.477170 INFO: HttpConn 17 init success
