2024-07-17 23:32:21.919113 INFO: Client[276] quit!
2024-07-17 23:32:21.919631 INFO: eventNum: 1
2024-07-17 23:32:21.919659 INFO: fd: 274, events: 8193

2024-07-17 23:32:21.919690 INFO: HttpConn 274 close success
2024-07-17 23:32:21.919698 INFO: Client[274] quit!
2024-07-17 23:32:21.919707 INFO: eventNum: 1
2024-07-17 23:32:21.919714 INFO: fd: 272, events: 8193

2024-07-17 23:32:21.919729 INFO: HttpConn 272 close success
2024-07-17 23:32:21.919736 INFO: Client[272] quit!
2024-07-17 23:32:21.920938 INFO: eventNum: 1
2024-07-17 23:32:21.920969 INFO: fd: 261, events: 8193

2024-07-17 23:32:21.920998 INFO: HttpConn 261 close success
2024-07-17 23:32:21.921009 INFO: Client[261] quit!
2024-07-17 23:32:21.921048 INFO: eventNum: 1
2024-07-17 23:32:21.921060 INFO: fd: 271, events: 8193

2024-07-17 23:32:21.921083 INFO: HttpConn 271 close success
2024-07-17 23:32:21.921094 INFO: Client[271] quit!
2024-07-17 23:32:21.921999 INFO: eventNum: 1
2024-07-17 23:32:21.922021 INFO: fd: 293, events: 8193

2024-07-17 23:32:21.922046 INFO: HttpConn 293 close success
2024-07-17 23:32:21.922058 INFO: Client[293] quit!
2024-07-17 23:32:21.922231 INFO: eventNum: 1
2024-07-17 23:32:21.922276 INFO: fd: 292, events: 8193

2024-07-17 23:32:21.922307 INFO: HttpConn 292 close success
2024-07-17 23:32:21.922319 INFO: Client[292] quit!
2024-07-17 23:32:21.923012 INFO: eventNum: 1
2024-07-17 23:32:21.923035 INFO: fd: 298, events: 8193

2024-07-17 23:32:21.923057 INFO: HttpConn 298 close success
2024-07-17 23:32:21.923066 INFO: Client[298] quit!
2024-07-17 23:32:21.923833 INFO: eventNum: 1
2024-07-17 23:32:21.923856 INFO: fd: 302, events: 8193

2024-07-17 23:32:21.923881 INFO: HttpConn 302 close success
2024-07-17 23:32:21.923892 INFO: Client[302] quit!
2024-07-17 23:32:21.923945 INFO: eventNum: 2
2024-07-17 23:32:21.923954 INFO: fd: 304, events: 8193

2024-07-17 23:32:21.923980 INFO: HttpConn 304 close success
2024-07-17 23:32:21.923996 INFO: Client[304] quit!
2024-07-17 23:32:21.924001 INFO: fd: 305, events: 8193

2024-07-17 23:32:21.924012 INFO: HttpConn 305 close success
2024-07-17 23:32:21.924017 INFO: Client[305] quit!
2024-07-17 23:32:21.924226 INFO: eventNum: 1
2024-07-17 23:32:21.924240 INFO: fd: 303, events: 8193

2024-07-17 23:32:21.924254 INFO: HttpConn 303 close success
2024-07-17 23:32:21.924259 INFO: Client[303] quit!
2024-07-17 23:32:21.924674 INFO: eventNum: 1
2024-07-17 23:32:21.924693 INFO: fd: 306, events: 8193

2024-07-17 23:32:21.924712 INFO: HttpConn 306 close success
2024-07-17 23:32:21.924720 INFO: Client[306] quit!
2024-07-17 23:32:21.925726 INFO: eventNum: 1
2024-07-17 23:32:21.925755 INFO: fd: 308, events: 8193

2024-07-17 23:32:21.925783 INFO: HttpConn 308 close success
2024-07-17 23:32:21.925853 INFO: Client[308] quit!
2024-07-17 23:32:21.925953 INFO: eventNum: 1
2024-07-17 23:32:21.925968 INFO: fd: 307, events: 8193

2024-07-17 23:32:21.925991 INFO: HttpConn 307 close success
2024-07-17 23:32:21.926002 INFO: Client[307] quit!
2024-07-17 23:32:21.926211 INFO: eventNum: 1
2024-07-17 23:32:21.926227 INFO: fd: 309, events: 8193

2024-07-17 23:32:21.926248 INFO: HttpConn 309 close success
2024-07-17 23:32:21.926259 INFO: Client[309] quit!
2024-07-17 23:32:21.927137 INFO: eventNum: 2
2024-07-17 23:32:21.927194 INFO: fd: 313, events: 8193

2024-07-17 23:32:21.927235 INFO: HttpConn 313 close success
2024-07-17 23:32:21.927247 INFO: Client[313] quit!
2024-07-17 23:32:21.927253 INFO: fd: 320, events: 8193

2024-07-17 23:32:21.927270 INFO: HttpConn 320 close success
2024-07-17 23:32:21.927280 INFO: Client[320] quit!
2024-07-17 23:32:21.927706 INFO: eventNum: 1
2024-07-17 23:32:21.927736 INFO: fd: 315, events: 8193

2024-07-17 23:32:21.927766 INFO: HttpConn 315 close success
2024-07-17 23:32:21.927778 INFO: Client[315] quit!
2024-07-17 23:32:21.928626 INFO: eventNum: 1
2024-07-17 23:32:21.928646 INFO: fd: 321, events: 8193

2024-07-17 23:32:21.928666 INFO: HttpConn 321 close success
2024-07-17 23:32:21.928675 INFO: Client[321] quit!
2024-07-17 23:32:21.929141 INFO: eventNum: 1
2024-07-17 23:32:21.929162 INFO: fd: 13, events: 1

2024-07-17 23:32:21.929169 INFO: HandleListenEvent 13
2024-07-17 23:32:21.929199 INFO: HttpConn 244 init success
2024-07-17 23:32:21.929207 INFO: addTimer id:244 expireTime:1721230841
2024-07-17 23:32:21.929226 INFO: Client[244] in!
2024-07-17 23:32:21.929236 INFO: HandleListenEvent 13
2024-07-17 23:32:21.929251 ERROR: Accept failure -1
2024-07-17 23:32:21.929260 INFO: eventNum: 2
2024-07-17 23:32:21.929265 INFO: fd: 324, events: 8193

2024-07-17 23:32:21.929287 INFO: HttpConn 324 close success
2024-07-17 23:32:21.929299 INFO: Client[324] quit!
2024-07-17 23:32:21.929304 INFO: fd: 244, events: 1

2024-07-17 23:32:21.929321 INFO: HttpConn 244 read success
2024-07-17 23:32:21.929335 INFO: GET / HTTP/1.1
2024-07-17 23:32:21.929341 INFO: Host: 39.98.202.182:9006
2024-07-17 23:32:21.929347 INFO: User-Agent: Go-http-client/1.1
2024-07-17 23:32:21.929351 INFO: oop!unknow header: User-Agent: Go-http-client/1.1
2024-07-17 23:32:21.929356 INFO: X-Vegeta-Seq: 2993
2024-07-17 23:32:21.929361 INFO: oop!unknow header: X-Vegeta-Seq: 2993
2024-07-17 23:32:21.929368 INFO: Accept-Encoding: gzip
2024-07-17 23:32:21.929374 INFO: oop!unknow header: Accept-Encoding: gzip
2024-07-17 23:32:21.929416 INFO: 
2024-07-17 23:32:21.929449 INFO: request:HTTP/1.1 200 OK

2024-07-17 23:32:21.929459 INFO: request:HTTP/1.1 200 OK
Content-Length:542

2024-07-17 23:32:21.929465 INFO: request:HTTP/1.1 200 OK
Content-Length:542
Connection:close

2024-07-17 23:32:21.929469 INFO: request:HTTP/1.1 200 OK
Content-Length:542
Connection:close


2024-07-17 23:32:21.929486 INFO: Thread 140246114473536 is running task

2024-07-17 23:32:21.929506 INFO: eventNum: 2
2024-07-17 23:32:21.929511 INFO: fd: 244, events: 4

2024-07-17 23:32:21.929527 INFO: fd: 13, events: 1

2024-07-17 23:32:21.929533 INFO: HandleListenEvent 13
2024-07-17 23:32:21.929548 INFO: HttpConn 254 init success
2024-07-17 23:32:21.929554 INFO: addTimer id:254 expireTime:1721230841
2024-07-17 23:32:21.929564 INFO: Client[254] in!
2024-07-17 23:32:21.929568 INFO: HandleListenEvent 13
2024-07-17 23:32:21.929579 INFO: HttpConn 258 init success
2024-07-17 23:32:21.929584 INFO: addTimer id:258 expireTime:1721230841
2024-07-17 23:32:21.929592 INFO: Client[258] in!
2024-07-17 23:32:21.929596 INFO: HandleListenEvent 13
2024-07-17 23:32:21.929604 ERROR: Accept failure -1
2024-07-17 23:32:21.929612 INFO: eventNum: 1
2024-07-17 23:32:21.929619 INFO: fd: 254, events: 1

2024-07-17 23:32:21.929637 INFO: Thread 140246122866240 is running task

2024-07-17 23:32:21.929665 INFO: HttpConn 254 read success
2024-07-17 23:32:21.929680 INFO: GET / HTTP/1.1
2024-07-17 23:32:21.929688 INFO: Host: 39.98.202.182:9006
2024-07-17 23:32:21.929696 INFO: User-Agent: Go-http-client/1.1
2024-07-17 23:32:21.929702 INFO: oop!unknow header: User-Agent: Go-http-client/1.1
2024-07-17 23:32:21.929708 INFO: X-Vegeta-Seq: 2990
2024-07-17 23:32:21.929715 INFO: oop!unknow header: X-Vegeta-Seq: 2990
2024-07-17 23:32:21.929722 INFO: Accept-Encoding: gzip
2024-07-17 23:32:21.929729 INFO: oop!unknow header: Accept-Encoding: gzip
2024-07-17 23:32:21.929735 INFO: 
2024-07-17 23:32:21.929759 INFO: request:HTTP/1.1 200 OK

2024-07-17 23:32:21.929767 INFO: request:HTTP/1.1 200 OK
Content-Length:542

2024-07-17 23:32:21.929774 INFO: request:HTTP/1.1 200 OK
Content-Length:542
Connection:close

2024-07-17 23:32:21.929781 INFO: request:HTTP/1.1 200 OK
Content-Length:542
Connection:close


2024-07-17 23:32:21.929796 INFO: Thread 140246122866240 is running task

2024-07-17 23:32:21.929804 INFO: eventNum: 1
2024-07-17 23:32:21.929826 INFO: fd: 254, events: 4

2024-07-17 23:32:21.929873 INFO: Thread 140246156437056 is running task

2024-07-17 23:32:21.929916 INFO: eventNum: 1
2024-07-17 23:32:21.929931 INFO: fd: 13, events: 1

2024-07-17 23:32:21.929937 INFO: HandleListenEvent 13
2024-07-17 23:32:21.929957 INFO: HttpConn 261 init success
2024-07-17 23:32:21.929968 INFO: addTimer id:261 expireTime:1721230841
2024-07-17 23:32:21.929980 INFO: Client[261] in!
2024-07-17 23:32:21.929984 INFO: HandleListenEvent 13
2024-07-17 23:32:21.929993 INFO: HttpConn 267 init success
2024-07-17 23:32:21.930004 INFO: addTimer id:267 expireTime:1721230841
2024-07-17 23:32:21.930013 INFO: Client[267] in!
2024-07-17 23:32:21.930018 INFO: HandleListenEvent 13
2024-07-17 23:32:21.930027 ERROR: Accept failure -1
2024-07-17 23:32:21.930032 INFO: eventNum: 1
2024-07-17 23:32:21.930037 INFO: fd: 267, events: 1

2024-07-17 23:32:21.930054 INFO: HttpConn 267 read success
2024-07-17 23:32:21.930067 INFO: GET / HTTP/1.1
2024-07-17 23:32:21.930073 INFO: Host: 39.98.202.182:9006
2024-07-17 23:32:21.930078 INFO: User-Agent: Go-http-client/1.1
2024-07-17 23:32:21.930082 INFO: oop!unknow header: User-Agent: Go-http-client/1.1
2024-07-17 23:32:21.930087 INFO: X-Vegeta-Seq: 2989
2024-07-17 23:32:21.930091 INFO: oop!unknow header: X-Vegeta-Seq: 2989
2024-07-17 23:32:21.930095 INFO: Accept-Encoding: gzip
2024-07-17 23:32:21.930100 INFO: oop!unknow header: Accept-Encoding: gzip
2024-07-17 23:32:21.930104 INFO: 
2024-07-17 23:32:21.930141 INFO: request:HTTP/1.1 200 OK

2024-07-17 23:32:21.930148 INFO: request:HTTP/1.1 200 OK
Content-Length:542

2024-07-17 23:32:21.930152 INFO: request:HTTP/1.1 200 OK
Content-Length:542
Connection:close

2024-07-17 23:32:21.930157 INFO: request:HTTP/1.1 200 OK
Content-Length:542
Connection:close


2024-07-17 23:32:21.930170 INFO: Thread 140246139651648 is running task

2024-07-17 23:32:21.930200 INFO: eventNum: 2
2024-07-17 23:32:21.930210 INFO: fd: 267, events: 4

2024-07-17 23:32:21.930222 INFO: fd: 13, events: 1

2024-07-17 23:32:21.930227 INFO: HandleListenEvent 13
2024-07-17 23:32:21.930241 INFO: HttpConn 268 init success
2024-07-17 23:32:21.930247 INFO: addTimer id:268 expireTime:1721230841
2024-07-17 23:32:21.930258 INFO: Thread 140246097688128 is running task

2024-07-17 23:32:21.930261 INFO: Client[268] in!
2024-07-17 23:32:21.930352 INFO: HandleListenEvent 13
2024-07-17 23:32:21.930368 INFO: HttpConn 271 init success
2024-07-17 23:32:21.930400 INFO: addTimer id:271 expireTime:1721230841
2024-07-17 23:32:21.930410 INFO: Client[271] in!
2024-07-17 23:32:21.930415 INFO: HandleListenEvent 13
2024-07-17 23:32:21.930426 INFO: HttpConn 272 init success
2024-07-17 23:32:21.930434 INFO: addTimer id:272 expireTime:1721230841
2024-07-17 23:32:21.930446 INFO: Client[272] in!
2024-07-17 23:32:21.930451 INFO: HandleListenEvent 13
2024-07-17 23:32:21.930460 ERROR: Accept failure -1
2024-07-17 23:32:21.930466 INFO: eventNum: 2
2024-07-17 23:32:21.930471 INFO: fd: 268, events: 1

2024-07-17 23:32:21.930485 INFO: HttpConn 268 read success
2024-07-17 23:32:21.930495 INFO: GET / HTTP/1.1
2024-07-17 23:32:21.930501 INFO: Host: 39.98.202.182:9006
2024-07-17 23:32:21.930506 INFO: User-Agent: Go-http-client/1.1
2024-07-17 23:32:21.930510 INFO: oop!unknow header: User-Agent: Go-http-client/1.1
2024-07-17 23:32:21.930515 INFO: X-Vegeta-Seq: 2984
2024-07-17 23:32:21.930520 INFO: oop!unknow header: X-Vegeta-Seq: 2984
2024-07-17 23:32:21.930524 INFO: Accept-Encoding: gzip
2024-07-17 23:32:21.930528 INFO: oop!unknow header: Accept-Encoding: gzip
2024-07-17 23:32:21.930532 INFO: 
2024-07-17 23:32:21.930549 INFO: request:HTTP/1.1 200 OK

2024-07-17 23:32:21.930554 INFO: request:HTTP/1.1 200 OK
Content-Length:542

2024-07-17 23:32:21.930558 INFO: request:HTTP/1.1 200 OK
Content-Length:542
Connection:close

2024-07-17 23:32:21.930563 INFO: request:HTTP/1.1 200 OK
Content-Length:542
Connection:close


2024-07-17 23:32:21.930572 INFO: Thread 140246131258944 is running task

2024-07-17 23:32:21.930581 INFO: fd: 271, events: 1

2024-07-17 23:32:21.930594 INFO: HttpConn 271 read success
2024-07-17 23:32:21.930603 INFO: GET / HTTP/1.1
2024-07-17 23:32:21.930609 INFO: Host: 39.98.202.182:9006
2024-07-17 23:32:21.930613 INFO: User-Agent: Go-http-client/1.1
2024-07-17 23:32:21.930617 INFO: oop!unknow header: User-Agent: Go-http-client/1.1
2024-07-17 23:32:21.930622 INFO: X-Vegeta-Seq: 2995
2024-07-17 23:32:21.930626 INFO: oop!unknow header: X-Vegeta-Seq: 2995
2024-07-17 23:32:21.930630 INFO: Accept-Encoding: gzip
2024-07-17 23:32:21.930635 INFO: oop!unknow header: Accept-Encoding: gzip
2024-07-17 23:32:21.930639 INFO: 
2024-07-17 23:32:21.930657 INFO: request:HTTP/1.1 200 OK

2024-07-17 23:32:21.930662 INFO: request:HTTP/1.1 200 OK
Content-Length:542

2024-07-17 23:32:21.930666 INFO: request:HTTP/1.1 200 OK
Content-Length:542
Connection:close

2024-07-17 23:32:21.930671 INFO: request:HTTP/1.1 200 OK
Content-Length:542
Connection:close


2024-07-17 23:32:21.930678 INFO: Thread 140246106080832 is running task

2024-07-17 23:32:21.930686 INFO: eventNum: 2
2024-07-17 23:32:21.930690 INFO: fd: 268, events: 4

2024-07-17 23:32:21.930726 INFO: Thread 140246114473536 is running task

2024-07-17 23:32:21.930736 INFO: fd: 271, events: 4

2024-07-17 23:32:21.930786 INFO: Thread 140246122866240 is running task

2024-07-17 23:32:21.930891 INFO: eventNum: 1
2024-07-17 23:32:21.930923 INFO: fd: 327, events: 8193

2024-07-17 23:32:21.930972 INFO: HttpConn 327 close success
2024-07-17 23:32:21.930989 INFO: Client[327] quit!
2024-07-17 23:32:21.931114 INFO: eventNum: 1
2024-07-17 23:32:21.931130 INFO: fd: 13, events: 1

2024-07-17 23:32:21.931135 INFO: HandleListenEvent 13
2024-07-17 23:32:21.931151 INFO: HttpConn 274 init success
2024-07-17 23:32:21.931157 INFO: addTimer id:274 expireTime:1721230841
2024-07-17 23:32:21.931170 INFO: Client[274] in!
2024-07-17 23:32:21.931178 INFO: HandleListenEvent 13
2024-07-17 23:32:21.931190 ERROR: Accept failure -1
2024-07-17 23:32:21.931198 INFO: eventNum: 1
2024-07-17 23:32:21.931204 INFO: fd: 274, events: 1

2024-07-17 23:32:21.931227 INFO: HttpConn 274 read success
2024-07-17 23:32:21.931245 INFO: GET / HTTP/1.1
2024-07-17 23:32:21.931251 INFO: Host: 39.98.202.182:9006
2024-07-17 23:32:21.931256 INFO: User-Agent: Go-http-client/1.1
2024-07-17 23:32:21.931260 INFO: oop!unknow header: User-Agent: Go-http-client/1.1
2024-07-17 23:32:21.931265 INFO: X-Vegeta-Seq: 2986
2024-07-17 23:32:21.931269 INFO: oop!unknow header: X-Vegeta-Seq: 2986
2024-07-17 23:32:21.931274 INFO: Accept-Encoding: gzip
2024-07-17 23:32:21.931278 INFO: oop!unknow header: Accept-Encoding: gzip
2024-07-17 23:32:21.931282 INFO: 
2024-07-17 23:32:21.931298 INFO: request:HTTP/1.1 200 OK

2024-07-17 23:32:21.931303 INFO: request:HTTP/1.1 200 OK
Content-Length:542

2024-07-17 23:32:21.931307 INFO: request:HTTP/1.1 200 OK
Content-Length:542
Connection:close

2024-07-17 23:32:21.931314 INFO: request:HTTP/1.1 200 OK
Content-Length:542
Connection:close


2024-07-17 23:32:21.931334 INFO: Thread 140246148044352 is running task

2024-07-17 23:32:21.931347 INFO: eventNum: 1
2024-07-17 23:32:21.931360 INFO: fd: 274, events: 4

2024-07-17 23:32:21.931405 INFO: Thread 140246156437056 is running task

2024-07-17 23:32:21.931596 INFO: eventNum: 1
2024-07-17 23:32:21.931611 INFO: fd: 328, events: 8193

2024-07-17 23:32:21.931632 INFO: HttpConn 328 close success
2024-07-17 23:32:21.931641 INFO: Client[328] quit!
2024-07-17 23:32:21.931910 INFO: eventNum: 1
2024-07-17 23:32:21.931949 INFO: fd: 13, events: 1

2024-07-17 23:32:21.931958 INFO: HandleListenEvent 13
2024-07-17 23:32:21.931974 INFO: HttpConn 275 init success
2024-07-17 23:32:21.931980 INFO: addTimer id:275 expireTime:1721230841
2024-07-17 23:32:21.931991 INFO: Client[275] in!
2024-07-17 23:32:21.931996 INFO: HandleListenEvent 13
2024-07-17 23:32:21.932005 ERROR: Accept failure -1
2024-07-17 23:32:21.932010 INFO: eventNum: 1
2024-07-17 23:32:21.932015 INFO: fd: 275, events: 1

2024-07-17 23:32:21.932033 INFO: HttpConn 275 read success
2024-07-17 23:32:21.932062 INFO: GET / HTTP/1.1
2024-07-17 23:32:21.932063 INFO: eventNum: 1
2024-07-17 23:32:21.932087 INFO: fd: 329, events: 8193

2024-07-17 23:32:21.932071 INFO: Host: 39.98.202.182:9006
2024-07-17 23:32:21.932102 INFO: User-Agent: Go-http-client/1.1
2024-07-17 23:32:21.932107 INFO: oop!unknow header: User-Agent: Go-http-client/1.1
2024-07-17 23:32:21.932110 INFO: HttpConn 329 close success
2024-07-17 23:32:21.932112 INFO: X-Vegeta-Seq: 2981
2024-07-17 23:32:21.932135 INFO: oop!unknow header: X-Vegeta-Seq: 2981
2024-07-17 23:32:21.932140 INFO: Accept-Encoding: gzip
2024-07-17 23:32:21.932149 INFO: oop!unknow header: Accept-Encoding: gzip
2024-07-17 23:32:21.932166 INFO: 
2024-07-17 23:32:21.932123 INFO: Client[329] quit!
2024-07-17 23:32:21.932182 INFO: request:HTTP/1.1 200 OK

2024-07-17 23:32:21.932188 INFO: request:HTTP/1.1 200 OK
Content-Length:542

2024-07-17 23:32:21.932192 INFO: request:HTTP/1.1 200 OK
Content-Length:542
Connection:close

2024-07-17 23:32:21.932197 INFO: request:HTTP/1.1 200 OK
Content-Length:542
Connection:close


2024-07-17 23:32:21.932210 INFO: Thread 140246139651648 is running task

2024-07-17 23:32:21.932213 INFO: eventNum: 1
2024-07-17 23:32:21.932220 INFO: fd: 275, events: 4

2024-07-17 23:32:21.932253 INFO: Thread 140246097688128 is running task

2024-07-17 23:32:21.932618 INFO: eventNum: 1
2024-07-17 23:32:21.932651 INFO: fd: 331, events: 8193

2024-07-17 23:32:21.932677 INFO: HttpConn 331 close success
2024-07-17 23:32:21.932687 INFO: Client[331] quit!
2024-07-17 23:32:21.933428 INFO: eventNum: 1
2024-07-17 23:32:21.933451 INFO: fd: 334, events: 8193

2024-07-17 23:32:21.933486 INFO: HttpConn 334 close success
2024-07-17 23:32:21.933516 INFO: Client[334] quit!
2024-07-17 23:32:21.933642 INFO: eventNum: 1
2024-07-17 23:32:21.933665 INFO: fd: 335, events: 8193

2024-07-17 23:32:21.933692 INFO: HttpConn 335 close success
2024-07-17 23:32:21.933700 INFO: Client[335] quit!
2024-07-17 23:32:21.933841 INFO: eventNum: 1
2024-07-17 23:32:21.933858 INFO: fd: 332, events: 8193

2024-07-17 23:32:21.933876 INFO: HttpConn 332 close success
2024-07-17 23:32:21.933881 INFO: Client[332] quit!
2024-07-17 23:32:21.934278 INFO: eventNum: 1
2024-07-17 23:32:21.934291 INFO: fd: 336, events: 8193

2024-07-17 23:32:21.934304 INFO: HttpConn 336 close success
2024-07-17 23:32:21.934310 INFO: Client[336] quit!
2024-07-17 23:32:21.935117 INFO: eventNum: 1
2024-07-17 23:32:21.935139 INFO: fd: 338, events: 8193

2024-07-17 23:32:21.935161 INFO: HttpConn 338 close success
2024-07-17 23:32:21.935166 INFO: Client[338] quit!
2024-07-17 23:32:21.935211 INFO: eventNum: 1
2024-07-17 23:32:21.935219 INFO: fd: 13, events: 1

2024-07-17 23:32:21.935234 INFO: HandleListenEvent 13
2024-07-17 23:32:21.935251 INFO: HttpConn 276 init success
2024-07-17 23:32:21.935257 INFO: addTimer id:276 expireTime:1721230841
2024-07-17 23:32:21.935280 INFO: Client[276] in!
2024-07-17 23:32:21.935286 INFO: HandleListenEvent 13
2024-07-17 23:32:21.935298 INFO: HttpConn 278 init success
2024-07-17 23:32:21.935303 INFO: addTimer id:278 expireTime:1721230841
2024-07-17 23:32:21.935312 INFO: Client[278] in!
2024-07-17 23:32:21.935317 INFO: HandleListenEvent 13
2024-07-17 23:32:21.935325 ERROR: Accept failure -1
2024-07-17 23:32:21.935331 INFO: eventNum: 1
2024-07-17 23:32:21.935335 INFO: fd: 278, events: 1

2024-07-17 23:32:21.935358 INFO: HttpConn 278 read success
2024-07-17 23:32:21.935388 INFO: GET / HTTP/1.1
2024-07-17 23:32:21.935395 INFO: Host: 39.98.202.182:9006
2024-07-17 23:32:21.935400 INFO: User-Agent: Go-http-client/1.1
2024-07-17 23:32:21.935405 INFO: oop!unknow header: User-Agent: Go-http-client/1.1
2024-07-17 23:32:21.935409 INFO: X-Vegeta-Seq: 2960
2024-07-17 23:32:21.935414 INFO: oop!unknow header: X-Vegeta-Seq: 2960
2024-07-17 23:32:21.935418 INFO: Accept-Encoding: gzip
2024-07-17 23:32:21.935422 INFO: oop!unknow header: Accept-Encoding: gzip
2024-07-17 23:32:21.935426 INFO: 
2024-07-17 23:32:21.935446 INFO: request:HTTP/1.1 200 OK

2024-07-17 23:32:21.935451 INFO: request:HTTP/1.1 200 OK
Content-Length:542

2024-07-17 23:32:21.935455 INFO: request:HTTP/1.1 200 OK
Content-Length:542
Connection:close

2024-07-17 23:32:21.935460 INFO: request:HTTP/1.1 200 OK
Content-Length:542
Connection:close


2024-07-17 23:32:21.935476 INFO: Thread 140246131258944 is running task

2024-07-17 23:32:21.935496 INFO: eventNum: 1
2024-07-17 23:32:21.935504 INFO: fd: 278, events: 4

2024-07-17 23:32:21.935548 INFO: Thread 140246106080832 is running task

2024-07-17 23:32:21.935564 INFO: eventNum: 1
2024-07-17 23:32:21.935574 INFO: fd: 13, events: 1

2024-07-17 23:32:21.935578 INFO: HandleListenEvent 13
2024-07-17 23:32:21.935591 INFO: HttpConn 279 init success
2024-07-17 23:32:21.935602 INFO: addTimer id:279 expireTime:1721230841
2024-07-17 23:32:21.935613 INFO: Client[279] in!
2024-07-17 23:32:21.935617 INFO: HandleListenEvent 13
2024-07-17 23:32:21.935625 ERROR: Accept failure -1
2024-07-17 23:32:21.935643 INFO: eventNum: 1
2024-07-17 23:32:21.935668 INFO: fd: 279, events: 1

2024-07-17 23:32:21.935687 INFO: eventNum: 1
2024-07-17 23:32:21.935692 INFO: HttpConn 279 read success
2024-07-17 23:32:21.935694 INFO: fd: 13, events: 1

2024-07-17 23:32:21.935725 INFO: GET / HTTP/1.1
2024-07-17 23:32:21.935745 INFO: Host: 39.98.202.182:9006
2024-07-17 23:32:21.935730 INFO: HandleListenEvent 13
2024-07-17 23:32:21.935753 INFO: User-Agent: Go-http-client/1.1
2024-07-17 23:32:21.935773 INFO: oop!unknow header: User-Agent: Go-http-client/1.1
2024-07-17 23:32:21.935776 INFO: HttpConn 282 init success
2024-07-17 23:32:21.935780 INFO: X-Vegeta-Seq: 2942
2024-07-17 23:32:21.935804 INFO: oop!unknow header: X-Vegeta-Seq: 2942
2024-07-17 23:32:21.935791 INFO: addTimer id:282 expireTime:1721230841
2024-07-17 23:32:21.935814 INFO: Accept-Encoding: gzip
2024-07-17 23:32:21.935830 INFO: Client[282] in!
2024-07-17 23:32:21.935842 INFO: HandleListenEvent 13
2024-07-17 23:32:21.935834 INFO: oop!unknow header: Accept-Encoding: gzip
2024-07-17 23:32:21.935866 INFO: 
2024-07-17 23:32:21.935899 INFO: request:HTTP/1.1 200 OK

2024-07-17 23:32:21.935905 INFO: request:HTTP/1.1 200 OK
Content-Length:542

2024-07-17 23:32:21.935909 INFO: request:HTTP/1.1 200 OK
Content-Length:542
Connection:close

2024-07-17 23:32:21.935921 INFO: request:HTTP/1.1 200 OK
Content-Length:542
Connection:close


2024-07-17 23:32:21.935855 ERROR: Accept failure -1
2024-07-17 23:32:21.935933 INFO: Thread 140246114473536 is running task

2024-07-17 23:32:21.935936 INFO: eventNum: 2
2024-07-17 23:32:21.935943 INFO: fd: 282, events: 1

2024-07-17 23:32:21.935956 INFO: HttpConn 282 read success
2024-07-17 23:32:21.935966 INFO: GET / HTTP/1.1
2024-07-17 23:32:21.935971 INFO: Host: 39.98.202.182:9006
2024-07-17 23:32:21.935976 INFO: User-Agent: Go-http-client/1.1
2024-07-17 23:32:21.935980 INFO: oop!unknow header: User-Agent: Go-http-client/1.1
2024-07-17 23:32:21.935985 INFO: X-Vegeta-Seq: 2957
2024-07-17 23:32:21.935990 INFO: oop!unknow header: X-Vegeta-Seq: 2957
2024-07-17 23:32:21.935994 INFO: Accept-Encoding: gzip
2024-07-17 23:32:21.935998 INFO: oop!unknow header: Accept-Encoding: gzip
2024-07-17 23:32:21.936002 INFO: 
2024-07-17 23:32:21.936019 INFO: request:HTTP/1.1 200 OK

2024-07-17 23:32:21.936025 INFO: request:HTTP/1.1 200 OK
Content-Length:542

2024-07-17 23:32:21.936029 INFO: request:HTTP/1.1 200 OK
Content-Length:542
Connection:close

2024-07-17 23:32:21.936034 INFO: request:HTTP/1.1 200 OK
Content-Length:542
Connection:close


2024-07-17 23:32:21.936044 INFO: Thread 140246122866240 is running task

2024-07-17 23:32:21.936067 INFO: fd: 279, events: 4

2024-07-17 23:32:21.936099 INFO: Thread 140246148044352 is running task

2024-07-17 23:32:21.936110 INFO: eventNum: 2
2024-07-17 23:32:21.936115 INFO: fd: 282, events: 4

2024-07-17 23:32:21.936137 INFO: Thread 140246156437056 is running task

2024-07-17 23:32:21.936146 INFO: fd: 13, events: 1

2024-07-17 23:32:21.936151 INFO: HandleListenEvent 13
2024-07-17 23:32:21.936160 INFO: HttpConn 285 init success
2024-07-17 23:32:21.936165 INFO: addTimer id:285 expireTime:1721230841
2024-07-17 23:32:21.936178 INFO: Client[285] in!
2024-07-17 23:32:21.936182 INFO: HandleListenEvent 13
2024-07-17 23:32:21.936190 ERROR: Accept failure -1
2024-07-17 23:32:21.936455 INFO: eventNum: 1
2024-07-17 23:32:21.936467 INFO: fd: 285, events: 1

2024-07-17 23:32:21.936480 INFO: HttpConn 285 read success
2024-07-17 23:32:21.936489 INFO: GET / HTTP/1.1
2024-07-17 23:32:21.936494 INFO: Host: 39.98.202.182:9006
2024-07-17 23:32:21.936499 INFO: User-Agent: Go-http-client/1.1
2024-07-17 23:32:21.936503 INFO: oop!unknow header: User-Agent: Go-http-client/1.1
2024-07-17 23:32:21.936508 INFO: X-Vegeta-Seq: 2941
2024-07-17 23:32:21.936512 INFO: oop!unknow header: X-Vegeta-Seq: 2941
2024-07-17 23:32:21.936521 INFO: Accept-Encoding: gzip
2024-07-17 23:32:21.936526 INFO: oop!unknow header: Accept-Encoding: gzip
2024-07-17 23:32:21.936530 INFO: 
2024-07-17 23:32:21.936544 INFO: request:HTTP/1.1 200 OK

2024-07-17 23:32:21.936549 INFO: request:HTTP/1.1 200 OK
Content-Length:542

2024-07-17 23:32:21.936554 INFO: request:HTTP/1.1 200 OK
Content-Length:542
Connection:close

2024-07-17 23:32:21.936558 INFO: request:HTTP/1.1 200 OK
Content-Length:542
Connection:close


2024-07-17 23:32:21.936566 INFO: Thread 140246139651648 is running task

2024-07-17 23:32:21.936575 INFO: eventNum: 1
2024-07-17 23:32:21.936579 INFO: fd: 285, events: 4

2024-07-17 23:32:21.936604 INFO: Thread 140246097688128 is running task

2024-07-17 23:32:21.936854 INFO: eventNum: 1
2024-07-17 23:32:21.936874 INFO: fd: 30, events: 8193

2024-07-17 23:32:21.936893 INFO: HttpConn 30 close success
2024-07-17 23:32:21.936898 INFO: Client[30] quit!
2024-07-17 23:32:21.937167 INFO: eventNum: 1
2024-07-17 23:32:21.937181 INFO: fd: 13, events: 1

2024-07-17 23:32:21.937188 INFO: HandleListenEvent 13
2024-07-17 23:32:21.937206 INFO: HttpConn 30 init success
2024-07-17 23:32:21.937214 INFO: addTimer id:30 expireTime:1721230841
2024-07-17 23:32:21.937227 INFO: Client[30] in!
2024-07-17 23:32:21.937233 INFO: HandleListenEvent 13
2024-07-17 23:32:21.937243 ERROR: Accept failure -1
2024-07-17 23:32:21.937251 INFO: eventNum: 1
2024-07-17 23:32:21.937257 INFO: fd: 30, events: 1

2024-07-17 23:32:21.937279 INFO: HttpConn 30 read success
2024-07-17 23:32:21.937305 INFO: GET / HTTP/1.1
2024-07-17 23:32:21.937313 INFO: Host: 39.98.202.182:9006
2024-07-17 23:32:21.937318 INFO: User-Agent: Go-http-client/1.1
2024-07-17 23:32:21.937322 INFO: oop!unknow header: User-Agent: Go-http-client/1.1
2024-07-17 23:32:21.937327 INFO: X-Vegeta-Seq: 3046
2024-07-17 23:32:21.937331 INFO: oop!unknow header: X-Vegeta-Seq: 3046
2024-07-17 23:32:21.937335 INFO: Accept-Encoding: gzip
2024-07-17 23:32:21.937340 INFO: oop!unknow header: Accept-Encoding: gzip
2024-07-17 23:32:21.937344 INFO: 
2024-07-17 23:32:21.937361 INFO: request:HTTP/1.1 200 OK

2024-07-17 23:32:21.937365 INFO: request:HTTP/1.1 200 OK
Content-Length:542

2024-07-17 23:32:21.937370 INFO: request:HTTP/1.1 200 OK
Content-Length:542
Connection:close

2024-07-17 23:32:21.937374 INFO: request:HTTP/1.1 200 OK
Content-Length:542
Connection:close


2024-07-17 23:32:21.937400 INFO: Thread 140246131258944 is running task

2024-07-17 23:32:21.937407 INFO: eventNum: 1
2024-07-17 23:32:21.937421 INFO: fd: 30, events: 4

2024-07-17 23:32:21.937459 INFO: eventNum: 1
2024-07-17 23:32:21.937468 INFO: fd: 13, events: 1

2024-07-17 23:32:21.937474 INFO: HandleListenEvent 13
2024-07-17 23:32:21.937494 INFO: HttpConn 288 init success
2024-07-17 23:32:21.937498 INFO: Thread 140246106080832 is running task

2024-07-17 23:32:21.937503 INFO: addTimer id:288 expireTime:1721230841
2024-07-17 23:32:21.937545 INFO: Client[288] in!
2024-07-17 23:32:21.937572 INFO: HandleListenEvent 13
2024-07-17 23:32:21.937597 INFO: HttpConn 289 init success
2024-07-17 23:32:21.937608 INFO: addTimer id:289 expireTime:1721230841
2024-07-17 23:32:21.937633 INFO: Client[289] in!
2024-07-17 23:32:21.937640 INFO: HandleListenEvent 13
2024-07-17 23:32:21.937671 ERROR: Accept failure -1
2024-07-17 23:32:21.937683 INFO: eventNum: 3
2024-07-17 23:32:21.937690 INFO: fd: 288, events: 1

2024-07-17 23:32:21.937705 INFO: fd: 13, events: 1

2024-07-17 23:32:21.937712 INFO: HttpConn 288 read success
2024-07-17 23:32:21.937714 INFO: HandleListenEvent 13
2024-07-17 23:32:21.937745 INFO: GET / HTTP/1.1
2024-07-17 23:32:21.937766 INFO: Host: 39.98.202.182:9006
2024-07-17 23:32:21.937775 INFO: User-Agent: Go-http-client/1.1
2024-07-17 23:32:21.937781 INFO: oop!unknow header: User-Agent: Go-http-client/1.1
2024-07-17 23:32:21.937767 INFO: HttpConn 292 init success
2024-07-17 23:32:21.937786 INFO: X-Vegeta-Seq: 3049
2024-07-17 23:32:21.937815 INFO: oop!unknow header: X-Vegeta-Seq: 3049
2024-07-17 23:32:21.937823 INFO: Accept-Encoding: gzip
2024-07-17 23:32:21.937830 INFO: oop!unknow header: Accept-Encoding: gzip
2024-07-17 23:32:21.937844 INFO: 
2024-07-17 23:32:21.937807 INFO: addTimer id:292 expireTime:1721230841
2024-07-17 23:32:21.937861 INFO: request:HTTP/1.1 200 OK

2024-07-17 23:32:21.937868 INFO: request:HTTP/1.1 200 OK
Content-Length:542

2024-07-17 23:32:21.937870 INFO: Client[292] in!
2024-07-17 23:32:21.937872 INFO: request:HTTP/1.1 200 OK
Content-Length:542
Connection:close

2024-07-17 23:32:21.937910 INFO: request:HTTP/1.1 200 OK
Content-Length:542
Connection:close


2024-07-17 23:32:21.937893 INFO: HandleListenEvent 13
2024-07-17 23:32:21.937921 INFO: Thread 140246114473536 is running task

2024-07-17 23:32:21.937947 INFO: HttpConn 293 init success
2024-07-17 23:32:21.937958 INFO: addTimer id:293 expireTime:1721230841
2024-07-17 23:32:21.937970 INFO: Client[293] in!
2024-07-17 23:32:21.937976 INFO: HandleListenEvent 13
2024-07-17 23:32:21.937987 ERROR: Accept failure -1
2024-07-17 23:32:21.937994 INFO: fd: 289, events: 1

2024-07-17 23:32:21.938012 INFO: HttpConn 289 read success
2024-07-17 23:32:21.938023 INFO: GET / HTTP/1.1
2024-07-17 23:32:21.938029 INFO: Host: 39.98.202.182:9006
2024-07-17 23:32:21.938034 INFO: User-Agent: Go-http-client/1.1
2024-07-17 23:32:21.938038 INFO: oop!unknow header: User-Agent: Go-http-client/1.1
2024-07-17 23:32:21.938043 INFO: X-Vegeta-Seq: 3044
2024-07-17 23:32:21.938047 INFO: oop!unknow header: X-Vegeta-Seq: 3044
2024-07-17 23:32:21.938051 INFO: Accept-Encoding: gzip
2024-07-17 23:32:21.938056 INFO: oop!unknow header: Accept-Encoding: gzip
2024-07-17 23:32:21.938060 INFO: 
2024-07-17 23:32:21.938076 INFO: request:HTTP/1.1 200 OK

2024-07-17 23:32:21.938094 INFO: request:HTTP/1.1 200 OK
Content-Length:542

2024-07-17 23:32:21.938100 INFO: request:HTTP/1.1 200 OK
Content-Length:542
Connection:close

2024-07-17 23:32:21.938104 INFO: request:HTTP/1.1 200 OK
Content-Length:542
Connection:close


2024-07-17 23:32:21.938139 INFO: Thread 140246122866240 is running task

2024-07-17 23:32:21.938152 INFO: eventNum: 4
2024-07-17 23:32:21.938156 INFO: fd: 13, events: 1

2024-07-17 23:32:21.938161 INFO: HandleListenEvent 13
2024-07-17 23:32:21.938173 INFO: HttpConn 298 init success
2024-07-17 23:32:21.938178 INFO: addTimer id:298 expireTime:1721230841
2024-07-17 23:32:21.938188 INFO: Client[298] in!
2024-07-17 23:32:21.938192 INFO: HandleListenEvent 13
2024-07-17 23:32:21.938200 ERROR: Accept failure -1
2024-07-17 23:32:21.938205 INFO: fd: 292, events: 1

2024-07-17 23:32:21.938216 INFO: HttpConn 292 read success
2024-07-17 23:32:21.938225 INFO: GET / HTTP/1.1
2024-07-17 23:32:21.938230 INFO: Host: 39.98.202.182:9006
2024-07-17 23:32:21.938235 INFO: User-Agent: Go-http-client/1.1
2024-07-17 23:32:21.938239 INFO: oop!unknow header: User-Agent: Go-http-client/1.1
2024-07-17 23:32:21.938243 INFO: X-Vegeta-Seq: 3050
2024-07-17 23:32:21.938248 INFO: oop!unknow header: X-Vegeta-Seq: 3050
2024-07-17 23:32:21.938252 INFO: Accept-Encoding: gzip
2024-07-17 23:32:21.938256 INFO: oop!unknow header: Accept-Encoding: gzip
2024-07-17 23:32:21.938260 INFO: 
2024-07-17 23:32:21.938274 INFO: request:HTTP/1.1 200 OK

2024-07-17 23:32:21.938278 INFO: request:HTTP/1.1 200 OK
Content-Length:542

2024-07-17 23:32:21.938283 INFO: request:HTTP/1.1 200 OK
Content-Length:542
Connection:close

2024-07-17 23:32:21.938287 INFO: request:HTTP/1.1 200 OK
Content-Length:542
Connection:close


2024-07-17 23:32:21.938306 INFO: Thread 140246148044352 is running task

2024-07-17 23:32:21.938314 INFO: fd: 288, events: 4

2024-07-17 23:32:21.938344 INFO: Thread 140246156437056 is running task

2024-07-17 23:32:21.938353 INFO: fd: 289, events: 4

2024-07-17 23:32:21.938402 INFO: Thread 140246139651648 is running task

2024-07-17 23:32:21.938414 INFO: eventNum: 2
2024-07-17 23:32:21.938419 INFO: fd: 13, events: 1

2024-07-17 23:32:21.938423 INFO: HandleListenEvent 13
2024-07-17 23:32:21.938435 INFO: HttpConn 302 init success
2024-07-17 23:32:21.938441 INFO: addTimer id:302 expireTime:1721230841
2024-07-17 23:32:21.938449 INFO: Client[302] in!
2024-07-17 23:32:21.938459 INFO: HandleListenEvent 13
2024-07-17 23:32:21.938466 ERROR: Accept failure -1
2024-07-17 23:32:21.938471 INFO: fd: 292, events: 4

2024-07-17 23:32:21.938495 INFO: Thread 140246097688128 is running task

2024-07-17 23:32:21.938537 INFO: eventNum: 1
2024-07-17 23:32:21.938545 INFO: fd: 13, events: 1

2024-07-17 23:32:21.938549 INFO: HandleListenEvent 13
2024-07-17 23:32:21.938560 INFO: HttpConn 303 init success
2024-07-17 23:32:21.938566 INFO: addTimer id:303 expireTime:1721230841
2024-07-17 23:32:21.938575 INFO: Client[303] in!
2024-07-17 23:32:21.938579 INFO: HandleListenEvent 13
2024-07-17 23:32:21.938587 ERROR: Accept failure -1
2024-07-17 23:32:21.938709 INFO: eventNum: 1
2024-07-17 23:32:21.938721 INFO: fd: 13, events: 1

2024-07-17 23:32:21.938726 INFO: HandleListenEvent 13
2024-07-17 23:32:21.938737 INFO: HttpConn 304 init success
2024-07-17 23:32:21.938743 INFO: addTimer id:304 expireTime:1721230841
2024-07-17 23:32:21.938752 INFO: Client[304] in!
2024-07-17 23:32:21.938757 INFO: HandleListenEvent 13
2024-07-17 23:32:21.938764 ERROR: Accept failure -1
2024-07-17 23:32:21.938770 INFO: eventNum: 2
2024-07-17 23:32:21.938774 INFO: fd: 302, events: 1

2024-07-17 23:32:21.938784 INFO: fd: 304, events: 1

2024-07-17 23:32:21.938795 INFO: HttpConn 302 read success
2024-07-17 23:32:21.938817 INFO: GET / HTTP/1.1
2024-07-17 23:32:21.938823 INFO: Host: 39.98.202.182:9006
2024-07-17 23:32:21.938828 INFO: User-Agent: Go-http-client/1.1
2024-07-17 23:32:21.938832 INFO: oop!unknow header: User-Agent: Go-http-client/1.1
2024-07-17 23:32:21.938837 INFO: X-Vegeta-Seq: 3011
2024-07-17 23:32:21.938841 INFO: oop!unknow header: X-Vegeta-Seq: 3011
2024-07-17 23:32:21.938845 INFO: Accept-Encoding: gzip
2024-07-17 23:32:21.938850 INFO: oop!unknow header: Accept-Encoding: gzip
2024-07-17 23:32:21.938854 INFO: 
2024-07-17 23:32:21.938870 INFO: request:HTTP/1.1 200 OK

2024-07-17 23:32:21.938875 INFO: request:HTTP/1.1 200 OK
Content-Length:542

2024-07-17 23:32:21.938879 INFO: request:HTTP/1.1 200 OK
Content-Length:542
Connection:close

2024-07-17 23:32:21.938883 INFO: request:HTTP/1.1 200 OK
Content-Length:542
Connection:close


2024-07-17 23:32:21.938898 INFO: Thread 140246131258944 is running task

2024-07-17 23:32:21.938901 INFO: eventNum: 1
2024-07-17 23:32:21.938912 INFO: fd: 302, events: 4

2024-07-17 23:32:21.938905 INFO: HttpConn 304 read success
2024-07-17 23:32:21.938929 INFO: GET / HTTP/1.1
2024-07-17 23:32:21.938934 INFO: Host: 39.98.202.182:9006
2024-07-17 23:32:21.938939 INFO: User-Agent: Go-http-client/1.1
2024-07-17 23:32:21.938943 INFO: oop!unknow header: User-Agent: Go-http-client/1.1
2024-07-17 23:32:21.938947 INFO: X-Vegeta-Seq: 3003
2024-07-17 23:32:21.938952 INFO: oop!unknow header: X-Vegeta-Seq: 3003
2024-07-17 23:32:21.938956 INFO: Accept-Encoding: gzip
2024-07-17 23:32:21.938960 INFO: oop!unknow header: Accept-Encoding: gzip
2024-07-17 23:32:21.938965 INFO: 
2024-07-17 23:32:21.938979 INFO: request:HTTP/1.1 200 OK

2024-07-17 23:32:21.938984 INFO: request:HTTP/1.1 200 OK
Content-Length:542

2024-07-17 23:32:21.938992 INFO: request:HTTP/1.1 200 OK
Content-Length:542
Connection:close

2024-07-17 23:32:21.938996 INFO: request:HTTP/1.1 200 OK
Content-Length:542
Connection:close


2024-07-17 23:32:21.939008 INFO: Thread 140246131258944 is running task

2024-07-17 23:32:21.939013 INFO: eventNum: 1
2024-07-17 23:32:21.939021 INFO: fd: 304, events: 4

2024-07-17 23:32:21.939039 INFO: Thread 140246131258944 is running task

2024-07-17 23:32:21.939053 INFO: Thread 140246122866240 is running task

2024-07-17 23:32:21.939330 INFO: eventNum: 1
2024-07-17 23:32:21.939352 INFO: fd: 13, events: 1

2024-07-17 23:32:21.939358 INFO: HandleListenEvent 13
2024-07-17 23:32:21.939369 INFO: HttpConn 305 init success
2024-07-17 23:32:21.939403 INFO: addTimer id:305 expireTime:1721230841
2024-07-17 23:32:21.939413 INFO: Client[305] in!
2024-07-17 23:32:21.939418 INFO: HandleListenEvent 13
2024-07-17 23:32:21.939426 ERROR: Accept failure -1
2024-07-17 23:32:21.939431 INFO: eventNum: 1
2024-07-17 23:32:21.939436 INFO: fd: 305, events: 1

2024-07-17 23:32:21.939452 INFO: HttpConn 305 read success
2024-07-17 23:32:21.939462 INFO: GET / HTTP/1.1
2024-07-17 23:32:21.939467 INFO: Host: 39.98.202.182:9006
2024-07-17 23:32:21.939472 INFO: User-Agent: Go-http-client/1.1
2024-07-17 23:32:21.939476 INFO: oop!unknow header: User-Agent: Go-http-client/1.1
2024-07-17 23:32:21.939481 INFO: X-Vegeta-Seq: 3103
2024-07-17 23:32:21.939485 INFO: oop!unknow header: X-Vegeta-Seq: 3103
2024-07-17 23:32:21.939490 INFO: Accept-Encoding: gzip
2024-07-17 23:32:21.939494 INFO: oop!unknow header: Accept-Encoding: gzip
2024-07-17 23:32:21.939498 INFO: 
2024-07-17 23:32:21.939513 INFO: request:HTTP/1.1 200 OK

2024-07-17 23:32:21.939518 INFO: request:HTTP/1.1 200 OK
Content-Length:542

2024-07-17 23:32:21.939522 INFO: request:HTTP/1.1 200 OK
Content-Length:542
Connection:close

2024-07-17 23:32:21.939526 INFO: request:HTTP/1.1 200 OK
Content-Length:542
Connection:close


2024-07-17 23:32:21.939536 INFO: Thread 140246148044352 is running task

2024-07-17 23:32:21.939544 INFO: eventNum: 1
2024-07-17 23:32:21.939549 INFO: fd: 305, events: 4

2024-07-17 23:32:21.939574 INFO: Thread 140246156437056 is running task

2024-07-17 23:32:21.939730 INFO: eventNum: 1
2024-07-17 23:32:21.939746 INFO: fd: 13, events: 1

2024-07-17 23:32:21.939753 INFO: HandleListenEvent 13
2024-07-17 23:32:21.939774 INFO: HttpConn 306 init success
2024-07-17 23:32:21.939780 INFO: addTimer id:306 expireTime:1721230841
2024-07-17 23:32:21.939789 INFO: Client[306] in!
2024-07-17 23:32:21.939794 INFO: HandleListenEvent 13
2024-07-17 23:32:21.939802 ERROR: Accept failure -1
2024-07-17 23:32:21.939808 INFO: eventNum: 1
2024-07-17 23:32:21.939812 INFO: fd: 306, events: 1

2024-07-17 23:32:21.939824 INFO: HttpConn 306 read success
2024-07-17 23:32:21.939833 INFO: GET / HTTP/1.1
2024-07-17 23:32:21.939839 INFO: Host: 39.98.202.182:9006
2024-07-17 23:32:21.939843 INFO: User-Agent: Go-http-client/1.1
2024-07-17 23:32:21.939847 INFO: oop!unknow header: User-Agent: Go-http-client/1.1
2024-07-17 23:32:21.939852 INFO: X-Vegeta-Seq: 3101
2024-07-17 23:32:21.939856 INFO: oop!unknow header: X-Vegeta-Seq: 3101
2024-07-17 23:32:21.939860 INFO: Accept-Encoding: gzip
2024-07-17 23:32:21.939864 INFO: oop!unknow header: Accept-Encoding: gzip
2024-07-17 23:32:21.939868 INFO: 
2024-07-17 23:32:21.939882 INFO: request:HTTP/1.1 200 OK

2024-07-17 23:32:21.939887 INFO: request:HTTP/1.1 200 OK
Content-Length:542

2024-07-17 23:32:21.939892 INFO: request:HTTP/1.1 200 OK
Content-Length:542
Connection:close

2024-07-17 23:32:21.939896 INFO: request:HTTP/1.1 200 OK
Content-Length:542
Connection:close


2024-07-17 23:32:21.939904 INFO: Thread 140246139651648 is running task

2024-07-17 23:32:21.939913 INFO: eventNum: 1
2024-07-17 23:32:21.939918 INFO: fd: 306, events: 4

2024-07-17 23:32:21.939943 INFO: Thread 140246097688128 is running task

2024-07-17 23:32:21.942245 INFO: eventNum: 1
2024-07-17 23:32:21.942275 INFO: fd: 13, events: 1

2024-07-17 23:32:21.942287 INFO: HandleListenEvent 13
