2024-07-17 23:30:21.263038 INFO: Thread 140246106080832 is running task

2024-07-17 23:30:21.263096 INFO: eventNum: 3
2024-07-17 23:30:21.263102 INFO: fd: 13, events: 1

2024-07-17 23:30:21.263106 INFO: HandleListenEvent 13
2024-07-17 23:30:21.263116 INFO: HttpConn 31 init success
2024-07-17 23:30:21.263121 INFO: addTimer id:31 expireTime:1721230721
2024-07-17 23:30:21.263130 INFO: Client[31] in!
2024-07-17 23:30:21.263134 INFO: HandleListenEvent 13
2024-07-17 23:30:21.263142 ERROR: Accept failure -1
2024-07-17 23:30:21.263146 INFO: fd: 28, events: 4

2024-07-17 23:30:21.263188 INFO: Thread 140246139651648 is running task

2024-07-17 23:30:21.263205 INFO: fd: 18, events: 8193

2024-07-17 23:30:21.263251 INFO: HttpConn 18 close success
2024-07-17 23:30:21.263258 INFO: Client[18] quit!
2024-07-17 23:30:21.263264 INFO: eventNum: 1
2024-07-17 23:30:21.263272 INFO: fd: 26, events: 1

2024-07-17 23:30:21.263303 INFO: HttpConn 26 read success
2024-07-17 23:30:21.263319 INFO: GET / HTTP/1.1
2024-07-17 23:30:21.263325 INFO: Host: 39.98.202.182:9006
2024-07-17 23:30:21.263332 INFO: User-Agent: Go-http-client/1.1
2024-07-17 23:30:21.263336 INFO: oop!unknow header: User-Agent: Go-http-client/1.1
2024-07-17 23:30:21.263341 INFO: X-Vegeta-Seq: 2267
2024-07-17 23:30:21.263348 INFO: oop!unknow header: X-Vegeta-Seq: 2267
2024-07-17 23:30:21.263352 INFO: Accept-Encoding: gzip
2024-07-17 23:30:21.263356 INFO: oop!unknow header: Accept-Encoding: gzip
2024-07-17 23:30:21.263361 INFO: 
2024-07-17 23:30:21.263375 INFO: request:HTTP/1.1 200 OK

2024-07-17 23:30:21.263380 INFO: request:HTTP/1.1 200 OK
Content-Length:542

2024-07-17 23:30:21.263385 INFO: request:HTTP/1.1 200 OK
Content-Length:542
Connection:close

2024-07-17 23:30:21.263389 INFO: request:HTTP/1.1 200 OK
Content-Length:542
Connection:close


2024-07-17 23:30:21.263399 INFO: Thread 140246114473536 is running task

2024-07-17 23:30:21.263440 INFO: eventNum: 1
2024-07-17 23:30:21.263455 INFO: fd: 26, events: 4

2024-07-17 23:30:21.263495 INFO: Thread 140246131258944 is running task

2024-07-17 23:30:21.263562 INFO: eventNum: 1
2024-07-17 23:30:21.263570 INFO: fd: 36, events: 8193

2024-07-17 23:30:21.263586 INFO: HttpConn 36 close success
2024-07-17 23:30:21.263594 INFO: Client[36] quit!
2024-07-17 23:30:21.264125 INFO: eventNum: 2
2024-07-17 23:30:21.264146 INFO: fd: 37, events: 8193

2024-07-17 23:30:21.264163 INFO: HttpConn 37 close success
2024-07-17 23:30:21.264171 INFO: Client[37] quit!
2024-07-17 23:30:21.264175 INFO: fd: 30, events: 1

2024-07-17 23:30:21.264190 INFO: HttpConn 30 read success
2024-07-17 23:30:21.264200 INFO: GET / HTTP/1.1
2024-07-17 23:30:21.264225 INFO: Host: 39.98.202.182:9006
2024-07-17 23:30:21.264231 INFO: User-Agent: Go-http-client/1.1
2024-07-17 23:30:21.264236 INFO: oop!unknow header: User-Agent: Go-http-client/1.1
2024-07-17 23:30:21.264240 INFO: X-Vegeta-Seq: 2270
2024-07-17 23:30:21.264245 INFO: oop!unknow header: X-Vegeta-Seq: 2270
2024-07-17 23:30:21.264249 INFO: Accept-Encoding: gzip
2024-07-17 23:30:21.264253 INFO: oop!unknow header: Accept-Encoding: gzip
2024-07-17 23:30:21.264257 INFO: 
2024-07-17 23:30:21.264275 INFO: request:HTTP/1.1 200 OK

2024-07-17 23:30:21.264280 INFO: request:HTTP/1.1 200 OK
Content-Length:542

2024-07-17 23:30:21.264284 INFO: request:HTTP/1.1 200 OK
Content-Length:542
Connection:close

2024-07-17 23:30:21.264288 INFO: request:HTTP/1.1 200 OK
Content-Length:542
Connection:close


2024-07-17 23:30:21.264299 INFO: Thread 140246122866240 is running task

2024-07-17 23:30:21.264308 INFO: eventNum: 2
2024-07-17 23:30:21.264313 INFO: fd: 35, events: 8193

2024-07-17 23:30:21.264327 INFO: HttpConn 35 close success
2024-07-17 23:30:21.264335 INFO: Client[35] quit!
2024-07-17 23:30:21.264339 INFO: fd: 30, events: 4

2024-07-17 23:30:21.264399 INFO: Thread 140246148044352 is running task

2024-07-17 23:30:21.264771 INFO: eventNum: 1
2024-07-17 23:30:21.264787 INFO: fd: 31, events: 1

2024-07-17 23:30:21.264807 INFO: HttpConn 31 read success
2024-07-17 23:30:21.264829 INFO: GET / HTTP/1.1
2024-07-17 23:30:21.264835 INFO: Host: 39.98.202.182:9006
2024-07-17 23:30:21.264847 INFO: User-Agent: Go-http-client/1.1
2024-07-17 23:30:21.264851 INFO: oop!unknow header: User-Agent: Go-http-client/1.1
2024-07-17 23:30:21.264856 INFO: X-Vegeta-Seq: 2272
2024-07-17 23:30:21.264860 INFO: oop!unknow header: X-Vegeta-Seq: 2272
2024-07-17 23:30:21.264865 INFO: Accept-Encoding: gzip
2024-07-17 23:30:21.264869 INFO: oop!unknow header: Accept-Encoding: gzip
2024-07-17 23:30:21.264873 INFO: 
2024-07-17 23:30:21.264896 INFO: request:HTTP/1.1 200 OK

2024-07-17 23:30:21.264901 INFO: request:HTTP/1.1 200 OK
Content-Length:542

2024-07-17 23:30:21.264906 INFO: request:HTTP/1.1 200 OK
Content-Length:542
Connection:close

2024-07-17 23:30:21.264913 INFO: request:HTTP/1.1 200 OK
Content-Length:542
Connection:close


2024-07-17 23:30:21.264929 INFO: Thread 140246156437056 is running task

2024-07-17 23:30:21.264930 INFO: eventNum: 1
2024-07-17 23:30:21.264945 INFO: fd: 31, events: 4

2024-07-17 23:30:21.264982 INFO: Thread 140246097688128 is running task

2024-07-17 23:30:21.265185 INFO: eventNum: 1
2024-07-17 23:30:21.265199 INFO: fd: 29, events: 1

2024-07-17 23:30:21.265212 INFO: HttpConn 29 read success
2024-07-17 23:30:21.265221 INFO: GET / HTTP/1.1
2024-07-17 23:30:21.265227 INFO: Host: 39.98.202.182:9006
2024-07-17 23:30:21.265231 INFO: User-Agent: Go-http-client/1.1
2024-07-17 23:30:21.265235 INFO: oop!unknow header: User-Agent: Go-http-client/1.1
2024-07-17 23:30:21.265240 INFO: X-Vegeta-Seq: 2271
2024-07-17 23:30:21.265244 INFO: oop!unknow header: X-Vegeta-Seq: 2271
2024-07-17 23:30:21.265248 INFO: Accept-Encoding: gzip
2024-07-17 23:30:21.265253 INFO: oop!unknow header: Accept-Encoding: gzip
2024-07-17 23:30:21.265257 INFO: 
2024-07-17 23:30:21.265271 INFO: request:HTTP/1.1 200 OK

2024-07-17 23:30:21.265276 INFO: request:HTTP/1.1 200 OK
Content-Length:542

2024-07-17 23:30:21.265281 INFO: request:HTTP/1.1 200 OK
Content-Length:542
Connection:close

2024-07-17 23:30:21.265285 INFO: request:HTTP/1.1 200 OK
Content-Length:542
Connection:close


2024-07-17 23:30:21.265293 INFO: Thread 140246106080832 is running task

2024-07-17 23:30:21.265302 INFO: eventNum: 1
2024-07-17 23:30:21.265307 INFO: fd: 29, events: 4

2024-07-17 23:30:21.265335 INFO: Thread 140246139651648 is running task

2024-07-17 23:30:21.265805 INFO: eventNum: 1
2024-07-17 23:30:21.265817 INFO: fd: 38, events: 8193

2024-07-17 23:30:21.265833 INFO: HttpConn 38 close success
2024-07-17 23:30:21.265840 INFO: Client[38] quit!
2024-07-17 23:30:21.266002 INFO: eventNum: 1
2024-07-17 23:30:21.266013 INFO: fd: 16, events: 8193

2024-07-17 23:30:21.266026 INFO: HttpConn 16 close success
2024-07-17 23:30:21.266033 INFO: Client[16] quit!
2024-07-17 23:30:21.266173 INFO: eventNum: 1
2024-07-17 23:30:21.266186 INFO: fd: 13, events: 1

2024-07-17 23:30:21.266190 INFO: HandleListenEvent 13
2024-07-17 23:30:21.266205 INFO: HttpConn 16 init success
2024-07-17 23:30:21.266212 INFO: addTimer id:16 expireTime:1721230721
2024-07-17 23:30:21.266221 INFO: Client[16] in!
2024-07-17 23:30:21.266226 INFO: HandleListenEvent 13
2024-07-17 23:30:21.266233 ERROR: Accept failure -1
2024-07-17 23:30:21.267150 INFO: eventNum: 1
2024-07-17 23:30:21.267164 INFO: fd: 17, events: 8193

2024-07-17 23:30:21.267180 INFO: HttpConn 17 close success
2024-07-17 23:30:21.267188 INFO: Client[17] quit!
2024-07-17 23:30:21.267654 INFO: eventNum: 1
2024-07-17 23:30:21.267674 INFO: fd: 16, events: 1

2024-07-17 23:30:21.267695 INFO: HttpConn 16 read success
2024-07-17 23:30:21.267709 INFO: GET / HTTP/1.1
2024-07-17 23:30:21.267717 INFO: Host: 39.98.202.182:9006
2024-07-17 23:30:21.267723 INFO: User-Agent: Go-http-client/1.1
2024-07-17 23:30:21.267730 INFO: oop!unknow header: User-Agent: Go-http-client/1.1
2024-07-17 23:30:21.267737 INFO: X-Vegeta-Seq: 2274
2024-07-17 23:30:21.267743 INFO: oop!unknow header: X-Vegeta-Seq: 2274
2024-07-17 23:30:21.267748 INFO: Accept-Encoding: gzip
2024-07-17 23:30:21.267752 INFO: oop!unknow header: Accept-Encoding: gzip
2024-07-17 23:30:21.267757 INFO: 
2024-07-17 23:30:21.267777 INFO: request:HTTP/1.1 200 OK

2024-07-17 23:30:21.267788 INFO: request:HTTP/1.1 200 OK
Content-Length:542

2024-07-17 23:30:21.267793 INFO: request:HTTP/1.1 200 OK
Content-Length:542
Connection:close

2024-07-17 23:30:21.267797 INFO: request:HTTP/1.1 200 OK
Content-Length:542
Connection:close


2024-07-17 23:30:21.267809 INFO: Thread 140246114473536 is running task

2024-07-17 23:30:21.267819 INFO: eventNum: 1
2024-07-17 23:30:21.267824 INFO: fd: 16, events: 4

2024-07-17 23:30:21.267859 INFO: Thread 140246131258944 is running task

2024-07-17 23:30:21.267871 INFO: eventNum: 1
2024-07-17 23:30:21.267876 INFO: fd: 13, events: 1

2024-07-17 23:30:21.267880 INFO: HandleListenEvent 13
2024-07-17 23:30:21.267890 INFO: HttpConn 17 init success
2024-07-17 23:30:21.267896 INFO: addTimer id:17 expireTime:1721230721
2024-07-17 23:30:21.267905 INFO: Client[17] in!
2024-07-17 23:30:21.267909 INFO: HandleListenEvent 13
2024-07-17 23:30:21.267925 INFO: HttpConn 18 init success
2024-07-17 23:30:21.267930 INFO: addTimer id:18 expireTime:1721230721
2024-07-17 23:30:21.267938 INFO: Client[18] in!
2024-07-17 23:30:21.267942 INFO: HandleListenEvent 13
2024-07-17 23:30:21.267952 INFO: HttpConn 32 init success
2024-07-17 23:30:21.267958 INFO: addTimer id:32 expireTime:1721230721
2024-07-17 23:30:21.267969 INFO: Client[32] in!
2024-07-17 23:30:21.267973 INFO: HandleListenEvent 13
2024-07-17 23:30:21.267986 INFO: HttpConn 33 init success
2024-07-17 23:30:21.267991 INFO: addTimer id:33 expireTime:1721230721
2024-07-17 23:30:21.268001 INFO: Client[33] in!
2024-07-17 23:30:21.268006 INFO: HandleListenEvent 13
2024-07-17 23:30:21.268018 ERROR: Accept failure -1
2024-07-17 23:30:21.268251 INFO: eventNum: 1
2024-07-17 23:30:21.268263 INFO: fd: 13, events: 1

2024-07-17 23:30:21.268267 INFO: HandleListenEvent 13
2024-07-17 23:30:21.268278 INFO: HttpConn 34 init success
2024-07-17 23:30:21.268283 INFO: addTimer id:34 expireTime:1721230721
2024-07-17 23:30:21.268291 INFO: Client[34] in!
2024-07-17 23:30:21.268295 INFO: HandleListenEvent 13
2024-07-17 23:30:21.268303 ERROR: Accept failure -1
2024-07-17 23:30:21.268557 INFO: eventNum: 1
2024-07-17 23:30:21.268574 INFO: fd: 18, events: 1

2024-07-17 23:30:21.268587 INFO: HttpConn 18 read success
2024-07-17 23:30:21.268597 INFO: GET / HTTP/1.1
2024-07-17 23:30:21.268602 INFO: Host: 39.98.202.182:9006
2024-07-17 23:30:21.268606 INFO: User-Agent: Go-http-client/1.1
2024-07-17 23:30:21.268611 INFO: oop!unknow header: User-Agent: Go-http-client/1.1
2024-07-17 23:30:21.268615 INFO: X-Vegeta-Seq: 2277
2024-07-17 23:30:21.268620 INFO: oop!unknow header: X-Vegeta-Seq: 2277
2024-07-17 23:30:21.268624 INFO: Accept-Encoding: gzip
2024-07-17 23:30:21.268628 INFO: oop!unknow header: Accept-Encoding: gzip
2024-07-17 23:30:21.268632 INFO: 
2024-07-17 23:30:21.268646 INFO: request:HTTP/1.1 200 OK

2024-07-17 23:30:21.268651 INFO: request:HTTP/1.1 200 OK
Content-Length:542

2024-07-17 23:30:21.268655 INFO: request:HTTP/1.1 200 OK
Content-Length:542
Connection:close

2024-07-17 23:30:21.268660 INFO: request:HTTP/1.1 200 OK
Content-Length:542
Connection:close


2024-07-17 23:30:21.268671 INFO: Thread 140246122866240 is running task

2024-07-17 23:30:21.268680 INFO: eventNum: 3
2024-07-17 23:30:21.268685 INFO: fd: 17, events: 1

2024-07-17 23:30:21.268694 INFO: fd: 33, events: 1

2024-07-17 23:30:21.268712 INFO: HttpConn 17 read success
2024-07-17 23:30:21.268720 INFO: fd: 18, events: 4

2024-07-17 23:30:21.268776 INFO: HttpConn 33 read success
2024-07-17 23:30:21.268792 INFO: GET / HTTP/1.1
2024-07-17 23:30:21.268800 INFO: Host: 39.98.202.182:9006
2024-07-17 23:30:21.268807 INFO: User-Agent: Go-http-client/1.1
2024-07-17 23:30:21.268813 INFO: oop!unknow header: User-Agent: Go-http-client/1.1
2024-07-17 23:30:21.268817 INFO: X-Vegeta-Seq: 2280
2024-07-17 23:30:21.268828 INFO: oop!unknow header: X-Vegeta-Seq: 2280
2024-07-17 23:30:21.268842 INFO: Accept-Encoding: gzip
2024-07-17 23:30:21.268851 INFO: oop!unknow header: Accept-Encoding: gzip
2024-07-17 23:30:21.268858 INFO: 
2024-07-17 23:30:21.268881 INFO: request:HTTP/1.1 200 OK

2024-07-17 23:30:21.268900 INFO: request:HTTP/1.1 200 OK
Content-Length:542

2024-07-17 23:30:21.268907 INFO: request:HTTP/1.1 200 OK
Content-Length:542
Connection:close

2024-07-17 23:30:21.268914 INFO: request:HTTP/1.1 200 OK
Content-Length:542
Connection:close


2024-07-17 23:30:21.268929 INFO: Thread 140246156437056 is running task

2024-07-17 23:30:21.268930 INFO: eventNum: 1
2024-07-17 23:30:21.268953 INFO: fd: 33, events: 4

2024-07-17 23:30:21.268967 INFO: Thread 140246156437056 is running task

2024-07-17 23:30:21.268756 INFO: GET / HTTP/1.1
2024-07-17 23:30:21.268990 INFO: Host: 39.98.202.182:9006
2024-07-17 23:30:21.268991 INFO: Thread 140246106080832 is running task

2024-07-17 23:30:21.269003 INFO: User-Agent: Go-http-client/1.1
2024-07-17 23:30:21.269020 INFO: oop!unknow header: User-Agent: Go-http-client/1.1
2024-07-17 23:30:21.269025 INFO: X-Vegeta-Seq: 2278
2024-07-17 23:30:21.269030 INFO: oop!unknow header: X-Vegeta-Seq: 2278
2024-07-17 23:30:21.269034 INFO: Accept-Encoding: gzip
2024-07-17 23:30:21.269038 INFO: oop!unknow header: Accept-Encoding: gzip
2024-07-17 23:30:21.269042 INFO: 
2024-07-17 23:30:21.269055 INFO: request:HTTP/1.1 200 OK

2024-07-17 23:30:21.269060 INFO: request:HTTP/1.1 200 OK
Content-Length:542

2024-07-17 23:30:21.269065 INFO: request:HTTP/1.1 200 OK
Content-Length:542
Connection:close

2024-07-17 23:30:21.269069 INFO: request:HTTP/1.1 200 OK
Content-Length:542
Connection:close


2024-07-17 23:30:21.269079 INFO: Thread 140246148044352 is running task

2024-07-17 23:30:21.269090 INFO: eventNum: 2
2024-07-17 23:30:21.269095 INFO: fd: 13, events: 1

2024-07-17 23:30:21.269099 INFO: HandleListenEvent 13
2024-07-17 23:30:21.269112 INFO: HttpConn 35 init success
2024-07-17 23:30:21.269118 INFO: addTimer id:35 expireTime:1721230721
2024-07-17 23:30:21.269127 INFO: Client[35] in!
2024-07-17 23:30:21.269131 INFO: HandleListenEvent 13
2024-07-17 23:30:21.269139 ERROR: Accept failure -1
2024-07-17 23:30:21.269144 INFO: fd: 17, events: 4

2024-07-17 23:30:21.269168 INFO: Thread 140246139651648 is running task

2024-07-17 23:30:21.269375 INFO: eventNum: 1
2024-07-17 23:30:21.269393 INFO: fd: 34, events: 1

2024-07-17 23:30:21.269405 INFO: HttpConn 34 read success
2024-07-17 23:30:21.269415 INFO: GET / HTTP/1.1
2024-07-17 23:30:21.269422 INFO: Host: 39.98.202.182:9006
2024-07-17 23:30:21.269427 INFO: User-Agent: Go-http-client/1.1
2024-07-17 23:30:21.269431 INFO: oop!unknow header: User-Agent: Go-http-client/1.1
2024-07-17 23:30:21.269435 INFO: X-Vegeta-Seq: 2275
2024-07-17 23:30:21.269440 INFO: oop!unknow header: X-Vegeta-Seq: 2275
2024-07-17 23:30:21.269444 INFO: Accept-Encoding: gzip
2024-07-17 23:30:21.269448 INFO: oop!unknow header: Accept-Encoding: gzip
2024-07-17 23:30:21.269452 INFO: 
2024-07-17 23:30:21.269468 INFO: request:HTTP/1.1 200 OK

2024-07-17 23:30:21.269472 INFO: request:HTTP/1.1 200 OK
Content-Length:542

2024-07-17 23:30:21.269477 INFO: request:HTTP/1.1 200 OK
Content-Length:542
Connection:close

2024-07-17 23:30:21.269481 INFO: request:HTTP/1.1 200 OK
Content-Length:542
Connection:close


2024-07-17 23:30:21.269489 INFO: Thread 140246114473536 is running task

2024-07-17 23:30:21.269528 INFO: eventNum: 4
2024-07-17 23:30:21.269534 INFO: fd: 32, events: 1

2024-07-17 23:30:21.269544 INFO: HttpConn 32 read success
2024-07-17 23:30:21.269553 INFO: GET / HTTP/1.1
2024-07-17 23:30:21.269558 INFO: Host: 39.98.202.182:9006
2024-07-17 23:30:21.269562 INFO: User-Agent: Go-http-client/1.1
2024-07-17 23:30:21.269567 INFO: oop!unknow header: User-Agent: Go-http-client/1.1
2024-07-17 23:30:21.269571 INFO: X-Vegeta-Seq: 2273
2024-07-17 23:30:21.269575 INFO: oop!unknow header: X-Vegeta-Seq: 2273
2024-07-17 23:30:21.269579 INFO: Accept-Encoding: gzip
2024-07-17 23:30:21.269583 INFO: oop!unknow header: Accept-Encoding: gzip
2024-07-17 23:30:21.269588 INFO: 
2024-07-17 23:30:21.269600 INFO: request:HTTP/1.1 200 OK

2024-07-17 23:30:21.269604 INFO: request:HTTP/1.1 200 OK
Content-Length:542

2024-07-17 23:30:21.269608 INFO: request:HTTP/1.1 200 OK
Content-Length:542
Connection:close

2024-07-17 23:30:21.269618 INFO: request:HTTP/1.1 200 OK
Content-Length:542
Connection:close


2024-07-17 23:30:21.269625 INFO: Thread 140246131258944 is running task

2024-07-17 23:30:21.269633 INFO: fd: 35, events: 1

2024-07-17 23:30:21.269644 INFO: HttpConn 35 read success
2024-07-17 23:30:21.269652 INFO: GET / HTTP/1.1
2024-07-17 23:30:21.269657 INFO: Host: 39.98.202.182:9006
2024-07-17 23:30:21.269661 INFO: User-Agent: Go-http-client/1.1
2024-07-17 23:30:21.269666 INFO: oop!unknow header: User-Agent: Go-http-client/1.1
2024-07-17 23:30:21.269670 INFO: X-Vegeta-Seq: 2282
2024-07-17 23:30:21.269674 INFO: oop!unknow header: X-Vegeta-Seq: 2282
2024-07-17 23:30:21.269678 INFO: Accept-Encoding: gzip
2024-07-17 23:30:21.269683 INFO: oop!unknow header: Accept-Encoding: gzip
2024-07-17 23:30:21.269687 INFO: 
2024-07-17 23:30:21.269698 INFO: request:HTTP/1.1 200 OK

2024-07-17 23:30:21.269703 INFO: request:HTTP/1.1 200 OK
Content-Length:542

2024-07-17 23:30:21.269707 INFO: request:HTTP/1.1 200 OK
Content-Length:542
Connection:close

2024-07-17 23:30:21.269711 INFO: request:HTTP/1.1 200 OK
Content-Length:542
Connection:close


2024-07-17 23:30:21.269718 INFO: Thread 140246122866240 is running task

2024-07-17 23:30:21.269725 INFO: fd: 13, events: 1

2024-07-17 23:30:21.269729 INFO: HandleListenEvent 13
2024-07-17 23:30:21.269743 INFO: HttpConn 36 init success
2024-07-17 23:30:21.269749 INFO: addTimer id:36 expireTime:1721230721
2024-07-17 23:30:21.269758 INFO: Client[36] in!
2024-07-17 23:30:21.269762 INFO: HandleListenEvent 13
2024-07-17 23:30:21.269770 ERROR: Accept failure -1
2024-07-17 23:30:21.269775 INFO: fd: 34, events: 4

2024-07-17 23:30:21.269785 INFO: eventNum: 3
2024-07-17 23:30:21.269790 INFO: fd: 32, events: 4

2024-07-17 23:30:21.269797 INFO: fd: 35, events: 4

2024-07-17 23:30:21.269821 INFO: Thread 140246156437056 is running task

2024-07-17 23:30:21.269835 INFO: Thread 140246106080832 is running task

2024-07-17 23:30:21.269848 INFO: fd: 36, events: 1

2024-07-17 23:30:21.269856 INFO: Thread 140246156437056 is running task

2024-07-17 23:30:21.269861 INFO: HttpConn 36 read success
2024-07-17 23:30:21.269871 INFO: GET / HTTP/1.1
2024-07-17 23:30:21.269876 INFO: Host: 39.98.202.182:9006
2024-07-17 23:30:21.269880 INFO: User-Agent: Go-http-client/1.1
2024-07-17 23:30:21.269884 INFO: oop!unknow header: User-Agent: Go-http-client/1.1
2024-07-17 23:30:21.269889 INFO: X-Vegeta-Seq: 2281
2024-07-17 23:30:21.269893 INFO: oop!unknow header: X-Vegeta-Seq: 2281
2024-07-17 23:30:21.269897 INFO: Accept-Encoding: gzip
2024-07-17 23:30:21.269901 INFO: oop!unknow header: Accept-Encoding: gzip
2024-07-17 23:30:21.269906 INFO: 
2024-07-17 23:30:21.269918 INFO: request:HTTP/1.1 200 OK

2024-07-17 23:30:21.269922 INFO: request:HTTP/1.1 200 OK
Content-Length:542

2024-07-17 23:30:21.269927 INFO: request:HTTP/1.1 200 OK
Content-Length:542
Connection:close

2024-07-17 23:30:21.269931 INFO: request:HTTP/1.1 200 OK
Content-Length:542
Connection:close


2024-07-17 23:30:21.269938 INFO: Thread 140246148044352 is running task

2024-07-17 23:30:21.269946 INFO: eventNum: 1
2024-07-17 23:30:21.269951 INFO: fd: 36, events: 4

2024-07-17 23:30:21.269973 INFO: Thread 140246139651648 is running task

2024-07-17 23:30:21.283232 INFO: eventNum: 1
2024-07-17 23:30:21.283277 INFO: fd: 13, events: 1

2024-07-17 23:30:21.283283 INFO: HandleListenEvent 13
2024-07-17 23:30:21.283306 INFO: HttpConn 37 init success
2024-07-17 23:30:21.283313 INFO: addTimer id:37 expireTime:1721230721
2024-07-17 23:30:21.283327 INFO: Client[37] in!
2024-07-17 23:30:21.283332 INFO: HandleListenEvent 13
2024-07-17 23:30:21.283340 ERROR: Accept failure -1
2024-07-17 23:30:21.284356 INFO: eventNum: 1
2024-07-17 23:30:21.284369 INFO: fd: 13, events: 1

2024-07-17 23:30:21.284374 INFO: HandleListenEvent 13
2024-07-17 23:30:21.284387 INFO: HttpConn 38 init success
2024-07-17 23:30:21.284393 INFO: addTimer id:38 expireTime:1721230721
2024-07-17 23:30:21.284402 INFO: Client[38] in!
2024-07-17 23:30:21.284407 INFO: HandleListenEvent 13
2024-07-17 23:30:21.284422 ERROR: Accept failure -1
2024-07-17 23:30:21.284734 INFO: eventNum: 1
2024-07-17 23:30:21.284751 INFO: fd: 37, events: 1

2024-07-17 23:30:21.284766 INFO: HttpConn 37 read success
2024-07-17 23:30:21.284779 INFO: GET / HTTP/1.1
2024-07-17 23:30:21.284785 INFO: Host: 39.98.202.182:9006
2024-07-17 23:30:21.284790 INFO: User-Agent: Go-http-client/1.1
2024-07-17 23:30:21.284797 INFO: oop!unknow header: User-Agent: Go-http-client/1.1
2024-07-17 23:30:21.284802 INFO: X-Vegeta-Seq: 2283
2024-07-17 23:30:21.284806 INFO: oop!unknow header: X-Vegeta-Seq: 2283
2024-07-17 23:30:21.284810 INFO: Accept-Encoding: gzip
2024-07-17 23:30:21.284814 INFO: oop!unknow header: Accept-Encoding: gzip
2024-07-17 23:30:21.284819 INFO: 
2024-07-17 23:30:21.284840 INFO: request:HTTP/1.1 200 OK

2024-07-17 23:30:21.284845 INFO: request:HTTP/1.1 200 OK
Content-Length:542

2024-07-17 23:30:21.284849 INFO: request:HTTP/1.1 200 OK
Content-Length:542
Connection:close

2024-07-17 23:30:21.284854 INFO: request:HTTP/1.1 200 OK
Content-Length:542
Connection:close


2024-07-17 23:30:21.284870 INFO: Thread 140246114473536 is running task

2024-07-17 23:30:21.284882 INFO: eventNum: 3
2024-07-17 23:30:21.284886 INFO: fd: 38, events: 1

2024-07-17 23:30:21.284898 INFO: HttpConn 38 read success
2024-07-17 23:30:21.284910 INFO: GET / HTTP/1.1
2024-07-17 23:30:21.284918 INFO: Host: 39.98.202.182:9006
2024-07-17 23:30:21.284922 INFO: User-Agent: Go-http-client/1.1
2024-07-17 23:30:21.284927 INFO: oop!unknow header: User-Agent: Go-http-client/1.1
2024-07-17 23:30:21.284934 INFO: X-Vegeta-Seq: 2284
2024-07-17 23:30:21.284938 INFO: oop!unknow header: X-Vegeta-Seq: 2284
2024-07-17 23:30:21.284942 INFO: Accept-Encoding: gzip
2024-07-17 23:30:21.284950 INFO: oop!unknow header: Accept-Encoding: gzip
2024-07-17 23:30:21.284955 INFO: 
2024-07-17 23:30:21.284970 INFO: request:HTTP/1.1 200 OK

2024-07-17 23:30:21.284977 INFO: request:HTTP/1.1 200 OK
Content-Length:542

2024-07-17 23:30:21.284981 INFO: request:HTTP/1.1 200 OK
Content-Length:542
Connection:close

2024-07-17 23:30:21.284986 INFO: request:HTTP/1.1 200 OK
Content-Length:542
Connection:close


2024-07-17 23:30:21.284993 INFO: Thread 140246131258944 is running task

2024-07-17 23:30:21.285000 INFO: fd: 13, events: 1

2024-07-17 23:30:21.285005 INFO: HandleListenEvent 13
2024-07-17 23:30:21.285013 INFO: HttpConn 39 init success
2024-07-17 23:30:21.285019 INFO: addTimer id:39 expireTime:1721230721
2024-07-17 23:30:21.285028 INFO: Client[39] in!
2024-07-17 23:30:21.285032 INFO: HandleListenEvent 13
2024-07-17 23:30:21.285044 INFO: HttpConn 40 init success
2024-07-17 23:30:21.285049 INFO: addTimer id:40 expireTime:1721230721
2024-07-17 23:30:21.285057 INFO: Client[40] in!
2024-07-17 23:30:21.285061 INFO: HandleListenEvent 13
2024-07-17 23:30:21.285069 ERROR: Accept failure -1
2024-07-17 23:30:21.285074 INFO: fd: 37, events: 4

2024-07-17 23:30:21.285111 INFO: Thread 140246122866240 is running task

2024-07-17 23:30:21.285122 INFO: eventNum: 1
2024-07-17 23:30:21.285127 INFO: fd: 38, events: 4

2024-07-17 23:30:21.285150 INFO: Thread 140246106080832 is running task

2024-07-17 23:30:21.285437 INFO: eventNum: 1
2024-07-17 23:30:21.285450 INFO: fd: 17, events: 8193

2024-07-17 23:30:21.285466 INFO: HttpConn 17 close success
2024-07-17 23:30:21.285473 INFO: Client[17] quit!
2024-07-17 23:30:21.285502 INFO: eventNum: 1
2024-07-17 23:30:21.285526 INFO: fd: 34, events: 8193

2024-07-17 23:30:21.285539 INFO: HttpConn 34 close success
2024-07-17 23:30:21.285546 INFO: Client[34] quit!
2024-07-17 23:30:21.286420 INFO: eventNum: 1
2024-07-17 23:30:21.286433 INFO: fd: 16, events: 8193

2024-07-17 23:30:21.286447 INFO: HttpConn 16 close success
2024-07-17 23:30:21.286455 INFO: Client[16] quit!
2024-07-17 23:30:21.286579 INFO: eventNum: 1
2024-07-17 23:30:21.286590 INFO: fd: 29, events: 8193

2024-07-17 23:30:21.286603 INFO: HttpConn 29 close success
2024-07-17 23:30:21.286610 INFO: Client[29] quit!
2024-07-17 23:30:21.286788 INFO: eventNum: 1
2024-07-17 23:30:21.286801 INFO: fd: 13, events: 1

2024-07-17 23:30:21.286812 INFO: HandleListenEvent 13
2024-07-17 23:30:21.286827 INFO: HttpConn 16 init success
2024-07-17 23:30:21.286832 INFO: addTimer id:16 expireTime:1721230721
2024-07-17 23:30:21.286841 INFO: Client[16] in!
2024-07-17 23:30:21.286846 INFO: HandleListenEvent 13
2024-07-17 23:30:21.286853 ERROR: Accept failure -1
2024-07-17 23:30:21.287324 INFO: eventNum: 1
2024-07-17 23:30:21.287337 INFO: fd: 31, events: 8193

2024-07-17 23:30:21.287351 INFO: HttpConn 31 close success
2024-07-17 23:30:21.287359 INFO: Client[31] quit!
2024-07-17 23:30:21.287384 INFO: eventNum: 1
2024-07-17 23:30:21.287389 INFO: fd: 13, events: 1

2024-07-17 23:30:21.287394 INFO: HandleListenEvent 13
2024-07-17 23:30:21.287405 INFO: HttpConn 17 init success
2024-07-17 23:30:21.287411 INFO: addTimer id:17 expireTime:1721230721
2024-07-17 23:30:21.287419 INFO: Client[17] in!
2024-07-17 23:30:21.287424 INFO: HandleListenEvent 13
2024-07-17 23:30:21.287431 ERROR: Accept failure -1
2024-07-17 23:30:21.287623 INFO: eventNum: 1
2024-07-17 23:30:21.287637 INFO: fd: 13, events: 1

2024-07-17 23:30:21.287644 INFO: HandleListenEvent 13
2024-07-17 23:30:21.287659 INFO: HttpConn 29 init success
2024-07-17 23:30:21.287667 INFO: addTimer id:29 expireTime:1721230721
2024-07-17 23:30:21.287679 INFO: Client[29] in!
2024-07-17 23:30:21.287687 INFO: HandleListenEvent 13
2024-07-17 23:30:21.287698 ERROR: Accept failure -1
2024-07-17 23:30:21.287949 INFO: eventNum: 1
2024-07-17 23:30:21.287969 INFO: fd: 40, events: 1

2024-07-17 23:30:21.287993 INFO: HttpConn 40 read success
2024-07-17 23:30:21.288027 INFO: GET / HTTP/1.1
2024-07-17 23:30:21.288035 INFO: Host: 39.98.202.182:9006
2024-07-17 23:30:21.288056 INFO: User-Agent: Go-http-client/1.1
2024-07-17 23:30:21.288063 INFO: oop!unknow header: User-Agent: Go-http-client/1.1
2024-07-17 23:30:21.288070 INFO: X-Vegeta-Seq: 2288
2024-07-17 23:30:21.288077 INFO: oop!unknow header: X-Vegeta-Seq: 2288
2024-07-17 23:30:21.288083 INFO: Accept-Encoding: gzip
2024-07-17 23:30:21.288088 INFO: oop!unknow header: Accept-Encoding: gzip
2024-07-17 23:30:21.288092 INFO: 
2024-07-17 23:30:21.288117 INFO: request:HTTP/1.1 200 OK

2024-07-17 23:30:21.288125 INFO: request:HTTP/1.1 200 OK
Content-Length:542

2024-07-17 23:30:21.288131 INFO: request:HTTP/1.1 200 OK
Content-Length:542
Connection:close

2024-07-17 23:30:21.288138 INFO: request:HTTP/1.1 200 OK
Content-Length:542
Connection:close


2024-07-17 23:30:21.288156 INFO: eventNum: 1
2024-07-17 23:30:21.288164 INFO: fd: 40, events: 4

2024-07-17 23:30:21.288166 INFO: Thread 140246156437056 is running task

2024-07-17 23:30:21.288173 INFO: eventNum: 1
2024-07-17 23:30:21.288179 INFO: fd: 35, events: 8193

2024-07-17 23:30:21.288200 INFO: Thread 140246156437056 is running task

2024-07-17 23:30:21.288202 INFO: HttpConn 35 close success
2024-07-17 23:30:21.288217 INFO: Client[35] quit!
2024-07-17 23:30:21.288917 INFO: eventNum: 1
2024-07-17 23:30:21.288931 INFO: fd: 33, events: 8193

2024-07-17 23:30:21.288944 INFO: HttpConn 33 close success
2024-07-17 23:30:21.288952 INFO: Client[33] quit!
2024-07-17 23:30:21.289586 INFO: eventNum: 1
2024-07-17 23:30:21.289604 INFO: fd: 18, events: 8193

2024-07-17 23:30:21.289621 INFO: HttpConn 18 close success
2024-07-17 23:30:21.289629 INFO: Client[18] quit!
2024-07-17 23:30:21.290036 INFO: eventNum: 1
2024-07-17 23:30:21.290054 INFO: fd: 32, events: 8193

2024-07-17 23:30:21.290068 INFO: HttpConn 32 close success
2024-07-17 23:30:21.290076 INFO: Client[32] quit!
2024-07-17 23:30:21.290675 INFO: eventNum: 1
2024-07-17 23:30:21.290696 INFO: fd: 28, events: 8193

2024-07-17 23:30:21.290711 INFO: HttpConn 28 close success
2024-07-17 23:30:21.290719 INFO: Client[28] quit!
2024-07-17 23:30:21.291324 INFO: eventNum: 1
2024-07-17 23:30:21.291342 INFO: fd: 26, events: 8193

2024-07-17 23:30:21.291357 INFO: HttpConn 26 close success
2024-07-17 23:30:21.291364 INFO: Client[26] quit!
2024-07-17 23:30:21.291963 INFO: eventNum: 1
2024-07-17 23:30:21.291978 INFO: fd: 36, events: 8193

2024-07-17 23:30:21.291993 INFO: HttpConn 36 close success
2024-07-17 23:30:21.292008 INFO: Client[36] quit!
2024-07-17 23:30:21.292793 INFO: eventNum: 1
2024-07-17 23:30:21.292810 INFO: fd: 29, events: 1

2024-07-17 23:30:21.292826 INFO: HttpConn 29 read success
2024-07-17 23:30:21.292838 INFO: GET / HTTP/1.1
2024-07-17 23:30:21.292844 INFO: Host: 39.98.202.182:9006
2024-07-17 23:30:21.292849 INFO: User-Agent: Go-http-client/1.1
2024-07-17 23:30:21.292853 INFO: oop!unknow header: User-Agent: Go-http-client/1.1
2024-07-17 23:30:21.292858 INFO: X-Vegeta-Seq: 2289
2024-07-17 23:30:21.292863 INFO: oop!unknow header: X-Vegeta-Seq: 2289
2024-07-17 23:30:21.292867 INFO: Accept-Encoding: gzip
2024-07-17 23:30:21.292871 INFO: oop!unknow header: Accept-Encoding: gzip
2024-07-17 23:30:21.292875 INFO: 
2024-07-17 23:30:21.292897 INFO: request:HTTP/1.1 200 OK

2024-07-17 23:30:21.292902 INFO: request:HTTP/1.1 200 OK
Content-Length:542

2024-07-17 23:30:21.292907 INFO: request:HTTP/1.1 200 OK
Content-Length:542
Connection:close

2024-07-17 23:30:21.292912 INFO: request:HTTP/1.1 200 OK
Content-Length:542
Connection:close


2024-07-17 23:30:21.292925 INFO: Thread 140246148044352 is running task

2024-07-17 23:30:21.292935 INFO: eventNum: 1
2024-07-17 23:30:21.292940 INFO: fd: 29, events: 4

2024-07-17 23:30:21.293007 INFO: Thread 140246139651648 is running task

2024-07-17 23:30:21.293020 INFO: eventNum: 1
2024-07-17 23:30:21.293025 INFO: fd: 30, events: 8193

2024-07-17 23:30:21.293039 INFO: HttpConn 30 close success
2024-07-17 23:30:21.293047 INFO: Client[30] quit!
2024-07-17 23:30:21.293135 INFO: eventNum: 1
2024-07-17 23:30:21.293153 INFO: fd: 16, events: 1

2024-07-17 23:30:21.293167 INFO: HttpConn 16 read success
2024-07-17 23:30:21.293176 INFO: GET / HTTP/1.1
2024-07-17 23:30:21.293181 INFO: Host: 39.98.202.182:9006
2024-07-17 23:30:21.293186 INFO: User-Agent: Go-http-client/1.1
2024-07-17 23:30:21.293190 INFO: oop!unknow header: User-Agent: Go-http-client/1.1
2024-07-17 23:30:21.293194 INFO: X-Vegeta-Seq: 2290
2024-07-17 23:30:21.293199 INFO: oop!unknow header: X-Vegeta-Seq: 2290
2024-07-17 23:30:21.293204 INFO: Accept-Encoding: gzip
2024-07-17 23:30:21.293208 INFO: oop!unknow header: Accept-Encoding: gzip
2024-07-17 23:30:21.293212 INFO: 
2024-07-17 23:30:21.293227 INFO: request:HTTP/1.1 200 OK

2024-07-17 23:30:21.293232 INFO: request:HTTP/1.1 200 OK
Content-Length:542

2024-07-17 23:30:21.293236 INFO: request:HTTP/1.1 200 OK
Content-Length:542
Connection:close

2024-07-17 23:30:21.293241 INFO: request:HTTP/1.1 200 OK
Content-Length:542
Connection:close


2024-07-17 23:30:21.293248 INFO: Thread 140246114473536 is running task

2024-07-17 23:30:21.293258 INFO: eventNum: 2
2024-07-17 23:30:21.293262 INFO: fd: 39, events: 1

2024-07-17 23:30:21.293275 INFO: HttpConn 39 read success
2024-07-17 23:30:21.293284 INFO: GET / HTTP/1.1
2024-07-17 23:30:21.293289 INFO: Host: 39.98.202.182:9006
2024-07-17 23:30:21.293293 INFO: User-Agent: Go-http-client/1.1
2024-07-17 23:30:21.293298 INFO: oop!unknow header: User-Agent: Go-http-client/1.1
2024-07-17 23:30:21.293302 INFO: X-Vegeta-Seq: 2286
2024-07-17 23:30:21.293306 INFO: oop!unknow header: X-Vegeta-Seq: 2286
2024-07-17 23:30:21.293311 INFO: Accept-Encoding: gzip
2024-07-17 23:30:21.293315 INFO: oop!unknow header: Accept-Encoding: gzip
2024-07-17 23:30:21.293319 INFO: 
2024-07-17 23:30:21.293331 INFO: request:HTTP/1.1 200 OK

2024-07-17 23:30:21.293336 INFO: request:HTTP/1.1 200 OK
Content-Length:542

2024-07-17 23:30:21.293341 INFO: request:HTTP/1.1 200 OK
Content-Length:542
Connection:close

2024-07-17 23:30:21.293345 INFO: request:HTTP/1.1 200 OK
Content-Length:542
Connection:close


2024-07-17 23:30:21.293352 INFO: Thread 140246131258944 is running task

2024-07-17 23:30:21.293359 INFO: fd: 16, events: 4

2024-07-17 23:30:21.293392 INFO: Thread 140246122866240 is running task

2024-07-17 23:30:21.293402 INFO: eventNum: 1
2024-07-17 23:30:21.293407 INFO: fd: 39, events: 4

2024-07-17 23:30:21.293429 INFO: Thread 140246106080832 is running task

2024-07-17 23:30:21.294147 INFO: eventNum: 1
2024-07-17 23:30:21.294179 INFO: fd: 17, events: 1

2024-07-17 23:30:21.294218 INFO: HttpConn 17 read success
2024-07-17 23:30:21.294257 INFO: GET / HTTP/1.1
2024-07-17 23:30:21.294268 INFO: Host: 39.98.202.182:9006
2024-07-17 23:30:21.294275 INFO: User-Agent: Go-http-client/1.1
2024-07-17 23:30:21.294282 INFO: oop!unknow header: User-Agent: Go-http-client/1.1
2024-07-17 23:30:21.294288 INFO: X-Vegeta-Seq: 2287
2024-07-17 23:30:21.294294 INFO: oop!unknow header: X-Vegeta-Seq: 2287
2024-07-17 23:30:21.294301 INFO: Accept-Encoding: gzip
2024-07-17 23:30:21.294307 INFO: oop!unknow header: Accept-Encoding: gzip
2024-07-17 23:30:21.294313 INFO: 
2024-07-17 23:30:21.294338 INFO: request:HTTP/1.1 200 OK

2024-07-17 23:30:21.294346 INFO: request:HTTP/1.1 200 OK
Content-Length:542

2024-07-17 23:30:21.294352 INFO: request:HTTP/1.1 200 OK
Content-Length:542
Connection:close

2024-07-17 23:30:21.294359 INFO: request:HTTP/1.1 200 OK
Content-Length:542
Connection:close


2024-07-17 23:30:21.294380 INFO: eventNum: 1
2024-07-17 23:30:21.294381 INFO: Thread 140246156437056 is running task

2024-07-17 23:30:21.294395 INFO: fd: 17, events: 4

2024-07-17 23:30:21.294481 INFO: eventNum: 1
2024-07-17 23:30:21.294490 INFO: fd: 13, events: 1

2024-07-17 23:30:21.294497 INFO: HandleListenEvent 13
2024-07-17 23:30:21.294544 INFO: Thread 140246097688128 is running task

2024-07-17 23:30:21.294549 INFO: HttpConn 18 init success
2024-07-17 23:30:21.294587 INFO: addTimer id:18 expireTime:1721230721
2024-07-17 23:30:21.294598 INFO: Client[18] in!
2024-07-17 23:30:21.294603 INFO: HandleListenEvent 13
2024-07-17 23:30:21.294629 ERROR: Accept failure -1
2024-07-17 23:30:21.294637 INFO: eventNum: 1
2024-07-17 23:30:21.294641 INFO: fd: 18, events: 1

2024-07-17 23:30:21.294654 INFO: HttpConn 18 read success
2024-07-17 23:30:21.294663 INFO: GET / HTTP/1.1
2024-07-17 23:30:21.294669 INFO: Host: 39.98.202.182:9006
2024-07-17 23:30:21.294673 INFO: User-Agent: Go-http-client/1.1
2024-07-17 23:30:21.294678 INFO: oop!unknow header: User-Agent: Go-http-client/1.1
2024-07-17 23:30:21.294683 INFO: X-Vegeta-Seq: 2291
2024-07-17 23:30:21.294687 INFO: oop!unknow header: X-Vegeta-Seq: 2291
2024-07-17 23:30:21.294691 INFO: Accept-Encoding: gzip
2024-07-17 23:30:21.294696 INFO: oop!unknow header: Accept-Encoding: gzip
2024-07-17 23:30:21.294700 INFO: 
2024-07-17 23:30:21.294715 INFO: request:HTTP/1.1 200 OK

2024-07-17 23:30:21.294720 INFO: request:HTTP/1.1 200 OK
Content-Length:542

2024-07-17 23:30:21.294725 INFO: request:HTTP/1.1 200 OK
Content-Length:542
Connection:close

2024-07-17 23:30:21.294730 INFO: request:HTTP/1.1 200 OK
Content-Length:542
Connection:close


2024-07-17 23:30:21.294739 INFO: Thread 140246148044352 is running task

2024-07-17 23:30:21.294748 INFO: eventNum: 1
2024-07-17 23:30:21.294753 INFO: fd: 18, events: 4

2024-07-17 23:30:21.294785 INFO: Thread 140246139651648 is running task

2024-07-17 23:30:21.295352 INFO: eventNum: 1
2024-07-17 23:30:21.295369 INFO: fd: 13, events: 1

2024-07-17 23:30:21.295374 INFO: HandleListenEvent 13
2024-07-17 23:30:21.295389 INFO: HttpConn 26 init success
2024-07-17 23:30:21.295395 INFO: addTimer id:26 expireTime:1721230721
2024-07-17 23:30:21.295405 INFO: Client[26] in!
2024-07-17 23:30:21.295410 INFO: HandleListenEvent 13
2024-07-17 23:30:21.295420 ERROR: Accept failure -1
2024-07-17 23:30:21.295768 INFO: eventNum: 1
2024-07-17 23:30:21.295786 INFO: fd: 26, events: 1

2024-07-17 23:30:21.295814 INFO: HttpConn 26 read success
2024-07-17 23:30:21.295855 INFO: GET / HTTP/1.1
2024-07-17 23:30:21.295874 INFO: Host: 39.98.202.182:9006
2024-07-17 23:30:21.295882 INFO: User-Agent: Go-http-client/1.1
2024-07-17 23:30:21.295889 INFO: oop!unknow header: User-Agent: Go-http-client/1.1
2024-07-17 23:30:21.295894 INFO: X-Vegeta-Seq: 2293
2024-07-17 23:30:21.295898 INFO: oop!unknow header: X-Vegeta-Seq: 2293
2024-07-17 23:30:21.295902 INFO: Accept-Encoding: gzip
2024-07-17 23:30:21.295906 INFO: oop!unknow header: Accept-Encoding: gzip
2024-07-17 23:30:21.295911 INFO: 
2024-07-17 23:30:21.295929 INFO: request:HTTP/1.1 200 OK

2024-07-17 23:30:21.295941 INFO: request:HTTP/1.1 200 OK
Content-Length:542

2024-07-17 23:30:21.295946 INFO: request:HTTP/1.1 200 OK
Content-Length:542
Connection:close

2024-07-17 23:30:21.295950 INFO: request:HTTP/1.1 200 OK
Content-Length:542
Connection:close


2024-07-17 23:30:21.295965 INFO: Thread 140246114473536 is running task

2024-07-17 23:30:21.295967 INFO: eventNum: 1
2024-07-17 23:30:21.295976 INFO: fd: 26, events: 4

2024-07-17 23:30:21.296015 INFO: Thread 140246131258944 is running task

2024-07-17 23:30:21.296684 INFO: eventNum: 1
2024-07-17 23:30:21.296702 INFO: fd: 13, events: 1

2024-07-17 23:30:21.296709 INFO: HandleListenEvent 13
2024-07-17 23:30:21.296728 INFO: HttpConn 28 init success
2024-07-17 23:30:21.296735 INFO: addTimer id:28 expireTime:1721230721
2024-07-17 23:30:21.296749 INFO: Client[28] in!
2024-07-17 23:30:21.296755 INFO: HandleListenEvent 13
2024-07-17 23:30:21.296766 ERROR: Accept failure -1
2024-07-17 23:30:21.304932 INFO: eventNum: 1
2024-07-17 23:30:21.304978 INFO: fd: 28, events: 1

2024-07-17 23:30:21.304997 INFO: HttpConn 28 read success
2024-07-17 23:30:21.305010 INFO: GET / HTTP/1.1
2024-07-17 23:30:21.305016 INFO: Host: 39.98.202.182:9006
2024-07-17 23:30:21.305024 INFO: User-Agent: Go-http-client/1.1
2024-07-17 23:30:21.305028 INFO: oop!unknow header: User-Agent: Go-http-client/1.1
2024-07-17 23:30:21.305036 INFO: X-Vegeta-Seq: 2292
2024-07-17 23:30:21.305040 INFO: oop!unknow header: X-Vegeta-Seq: 2292
2024-07-17 23:30:21.305045 INFO: Accept-Encoding: gzip
2024-07-17 23:30:21.305049 INFO: oop!unknow header: Accept-Encoding: gzip
2024-07-17 23:30:21.305053 INFO: 
2024-07-17 23:30:21.305076 INFO: request:HTTP/1.1 200 OK

2024-07-17 23:30:21.305081 INFO: request:HTTP/1.1 200 OK
Content-Length:542

2024-07-17 23:30:21.305085 INFO: request:HTTP/1.1 200 OK
Content-Length:542
Connection:close

2024-07-17 23:30:21.305090 INFO: request:HTTP/1.1 200 OK
Content-Length:542
Connection:close


2024-07-17 23:30:21.305103 INFO: Thread 140246122866240 is running task

2024-07-17 23:30:21.305113 INFO: eventNum: 1
2024-07-17 23:30:21.305118 INFO: fd: 28, events: 4

2024-07-17 23:30:21.305159 INFO: Thread 140246106080832 is running task

2024-07-17 23:30:21.305633 INFO: eventNum: 1
2024-07-17 23:30:21.305667 INFO: fd: 13, events: 1

2024-07-17 23:30:21.305674 INFO: HandleListenEvent 13
2024-07-17 23:30:21.305695 INFO: HttpConn 30 init success
2024-07-17 23:30:21.305701 INFO: addTimer id:30 expireTime:1721230721
2024-07-17 23:30:21.305714 INFO: Client[30] in!
2024-07-17 23:30:21.305719 INFO: HandleListenEvent 13
2024-07-17 23:30:21.305729 ERROR: Accept failure -1
2024-07-17 23:30:21.307519 INFO: eventNum: 1
2024-07-17 23:30:21.307538 INFO: fd: 30, events: 1

2024-07-17 23:30:21.307561 INFO: HttpConn 30 read success
2024-07-17 23:30:21.307586 INFO: GET / HTTP/1.1
2024-07-17 23:30:21.307592 INFO: Host: 39.98.202.182:9006
2024-07-17 23:30:21.307597 INFO: User-Agent: Go-http-client/1.1
2024-07-17 23:30:21.307602 INFO: oop!unknow header: User-Agent: Go-http-client/1.1
