2024-07-17 23:32:21.501785 INFO: eventNum: 1
2024-07-17 23:32:21.501864 INFO: fd: 38, events: 8193

2024-07-17 23:32:21.501885 INFO: HttpConn 38 close success
2024-07-17 23:32:21.501893 INFO: Client[38] quit!
2024-07-17 23:32:21.501981 INFO: eventNum: 1
2024-07-17 23:32:21.501991 INFO: fd: 34, events: 8193

2024-07-17 23:32:21.502005 INFO: HttpConn 34 close success
2024-07-17 23:32:21.502012 INFO: Client[34] quit!
2024-07-17 23:32:21.507547 INFO: eventNum: 1
2024-07-17 23:32:21.507630 INFO: fd: 13, events: 1

2024-07-17 23:32:21.507636 INFO: HandleListenEvent 13
2024-07-17 23:32:21.507661 INFO: HttpConn 30 init success
2024-07-17 23:32:21.507671 INFO: addTimer id:30 expireTime:1721230841
2024-07-17 23:32:21.507688 INFO: Client[30] in!
2024-07-17 23:32:21.507695 INFO: HandleListenEvent 13
2024-07-17 23:32:21.507708 ERROR: Accept failure -1
2024-07-17 23:32:21.507717 INFO: eventNum: 2
2024-07-17 23:32:21.507723 INFO: fd: 30, events: 1

2024-07-17 23:32:21.507755 INFO: HttpConn 30 read success
2024-07-17 23:32:21.507771 INFO: GET / HTTP/1.1
2024-07-17 23:32:21.507779 INFO: Host: 39.98.202.182:9006
2024-07-17 23:32:21.507783 INFO: User-Agent: Go-http-client/1.1
2024-07-17 23:32:21.507788 INFO: oop!unknow header: User-Agent: Go-http-client/1.1
2024-07-17 23:32:21.507793 INFO: X-Vegeta-Seq: 1502
2024-07-17 23:32:21.507797 INFO: oop!unknow header: X-Vegeta-Seq: 1502
2024-07-17 23:32:21.507801 INFO: Accept-Encoding: gzip
2024-07-17 23:32:21.507806 INFO: oop!unknow header: Accept-Encoding: gzip
2024-07-17 23:32:21.507810 INFO: 
2024-07-17 23:32:21.507832 INFO: request:HTTP/1.1 200 OK

2024-07-17 23:32:21.507837 INFO: request:HTTP/1.1 200 OK
Content-Length:542

2024-07-17 23:32:21.507841 INFO: request:HTTP/1.1 200 OK
Content-Length:542
Connection:close

2024-07-17 23:32:21.507846 INFO: request:HTTP/1.1 200 OK
Content-Length:542
Connection:close


2024-07-17 23:32:21.507862 INFO: Thread 140246106080832 is running task

2024-07-17 23:32:21.507876 INFO: fd: 36, events: 8193

2024-07-17 23:32:21.507903 INFO: HttpConn 36 close success
2024-07-17 23:32:21.507914 INFO: Client[36] quit!
2024-07-17 23:32:21.507919 INFO: eventNum: 1
2024-07-17 23:32:21.507924 INFO: fd: 30, events: 4

2024-07-17 23:32:21.507965 INFO: Thread 140246131258944 is running task

2024-07-17 23:32:21.508473 INFO: eventNum: 1
2024-07-17 23:32:21.508498 INFO: fd: 18, events: 8193

2024-07-17 23:32:21.508520 INFO: HttpConn 18 close success
2024-07-17 23:32:21.508529 INFO: Client[18] quit!
2024-07-17 23:32:21.509326 INFO: eventNum: 1
2024-07-17 23:32:21.509357 INFO: fd: 35, events: 8193

2024-07-17 23:32:21.509422 INFO: HttpConn 35 close success
2024-07-17 23:32:21.509438 INFO: Client[35] quit!
2024-07-17 23:32:21.509447 INFO: eventNum: 1
2024-07-17 23:32:21.509453 INFO: fd: 26, events: 8193

2024-07-17 23:32:21.509472 INFO: HttpConn 26 close success
2024-07-17 23:32:21.509482 INFO: Client[26] quit!
2024-07-17 23:32:21.509561 INFO: eventNum: 1
2024-07-17 23:32:21.509574 INFO: fd: 37, events: 8193

2024-07-17 23:32:21.509589 INFO: HttpConn 37 close success
2024-07-17 23:32:21.509597 INFO: Client[37] quit!
2024-07-17 23:32:21.510948 INFO: eventNum: 1
2024-07-17 23:32:21.510975 INFO: fd: 28, events: 8193

2024-07-17 23:32:21.511002 INFO: HttpConn 28 close success
2024-07-17 23:32:21.511014 INFO: Client[28] quit!
2024-07-17 23:32:21.511404 INFO: eventNum: 1
2024-07-17 23:32:21.511424 INFO: fd: 17, events: 8193

2024-07-17 23:32:21.511449 INFO: HttpConn 17 close success
2024-07-17 23:32:21.511461 INFO: Client[17] quit!
2024-07-17 23:32:21.512348 INFO: eventNum: 1
2024-07-17 23:32:21.512374 INFO: fd: 33, events: 8193

2024-07-17 23:32:21.512421 INFO: HttpConn 33 close success
2024-07-17 23:32:21.512430 INFO: Client[33] quit!
2024-07-17 23:32:21.513209 INFO: eventNum: 1
2024-07-17 23:32:21.513240 INFO: fd: 29, events: 8193

2024-07-17 23:32:21.513266 INFO: HttpConn 29 close success
2024-07-17 23:32:21.513276 INFO: Client[29] quit!
2024-07-17 23:32:21.528577 INFO: eventNum: 1
2024-07-17 23:32:21.528630 INFO: fd: 41, events: 8193

2024-07-17 23:32:21.528665 INFO: HttpConn 41 close success
2024-07-17 23:32:21.528685 INFO: Client[41] quit!
2024-07-17 23:32:21.528814 INFO: eventNum: 2
2024-07-17 23:32:21.528854 INFO: fd: 42, events: 8193

2024-07-17 23:32:21.528904 INFO: HttpConn 42 close success
2024-07-17 23:32:21.528914 INFO: Client[42] quit!
2024-07-17 23:32:21.528921 INFO: fd: 46, events: 8193

2024-07-17 23:32:21.528939 INFO: HttpConn 46 close success
2024-07-17 23:32:21.528950 INFO: Client[46] quit!
2024-07-17 23:32:21.529599 INFO: eventNum: 1
2024-07-17 23:32:21.529629 INFO: fd: 47, events: 8193

2024-07-17 23:32:21.529651 INFO: HttpConn 47 close success
2024-07-17 23:32:21.529661 INFO: Client[47] quit!
2024-07-17 23:32:21.529927 INFO: eventNum: 2
2024-07-17 23:32:21.529948 INFO: fd: 48, events: 8193

2024-07-17 23:32:21.529971 INFO: HttpConn 48 close success
2024-07-17 23:32:21.529982 INFO: Client[48] quit!
2024-07-17 23:32:21.529987 INFO: fd: 52, events: 8193

2024-07-17 23:32:21.529999 INFO: HttpConn 52 close success
2024-07-17 23:32:21.530006 INFO: Client[52] quit!
2024-07-17 23:32:21.531039 INFO: eventNum: 1
2024-07-17 23:32:21.531065 INFO: fd: 51, events: 8193

2024-07-17 23:32:21.531087 INFO: HttpConn 51 close success
2024-07-17 23:32:21.531097 INFO: Client[51] quit!
2024-07-17 23:32:21.531441 INFO: eventNum: 1
2024-07-17 23:32:21.531469 INFO: fd: 40, events: 8193

2024-07-17 23:32:21.531497 INFO: HttpConn 40 close success
2024-07-17 23:32:21.531509 INFO: Client[40] quit!
2024-07-17 23:32:21.533810 INFO: eventNum: 1
2024-07-17 23:32:21.533841 INFO: fd: 44, events: 8193

2024-07-17 23:32:21.533869 INFO: HttpConn 44 close success
2024-07-17 23:32:21.533881 INFO: Client[44] quit!
2024-07-17 23:32:21.533887 INFO: eventNum: 1
2024-07-17 23:32:21.533891 INFO: fd: 50, events: 8193

2024-07-17 23:32:21.533904 INFO: HttpConn 50 close success
2024-07-17 23:32:21.533911 INFO: Client[50] quit!
2024-07-17 23:32:21.534287 INFO: eventNum: 1
2024-07-17 23:32:21.534311 INFO: fd: 49, events: 8193

2024-07-17 23:32:21.534329 INFO: HttpConn 49 close success
2024-07-17 23:32:21.534342 INFO: Client[49] quit!
2024-07-17 23:32:21.535098 INFO: eventNum: 1
2024-07-17 23:32:21.535120 INFO: fd: 56, events: 8193

2024-07-17 23:32:21.535140 INFO: HttpConn 56 close success
2024-07-17 23:32:21.535149 INFO: Client[56] quit!
2024-07-17 23:32:21.535703 INFO: eventNum: 1
2024-07-17 23:32:21.535739 INFO: fd: 55, events: 8193

2024-07-17 23:32:21.535777 INFO: HttpConn 55 close success
2024-07-17 23:32:21.535790 INFO: Client[55] quit!
2024-07-17 23:32:21.535914 INFO: eventNum: 1
2024-07-17 23:32:21.535938 INFO: fd: 43, events: 8193

2024-07-17 23:32:21.535959 INFO: HttpConn 43 close success
2024-07-17 23:32:21.535968 INFO: Client[43] quit!
2024-07-17 23:32:21.537345 INFO: eventNum: 1
2024-07-17 23:32:21.537369 INFO: fd: 45, events: 8193

2024-07-17 23:32:21.537406 INFO: HttpConn 45 close success
2024-07-17 23:32:21.537416 INFO: Client[45] quit!
2024-07-17 23:32:21.538266 INFO: eventNum: 1
2024-07-17 23:32:21.538294 INFO: fd: 53, events: 8193

2024-07-17 23:32:21.538316 INFO: HttpConn 53 close success
2024-07-17 23:32:21.538325 INFO: Client[53] quit!
2024-07-17 23:32:21.539409 INFO: eventNum: 1
2024-07-17 23:32:21.539455 INFO: fd: 54, events: 8193

2024-07-17 23:32:21.539489 INFO: HttpConn 54 close success
2024-07-17 23:32:21.539505 INFO: Client[54] quit!
2024-07-17 23:32:21.539514 INFO: eventNum: 1
2024-07-17 23:32:21.539521 INFO: fd: 58, events: 8193

2024-07-17 23:32:21.539535 INFO: HttpConn 58 close success
2024-07-17 23:32:21.539542 INFO: Client[58] quit!
2024-07-17 23:32:21.539982 INFO: eventNum: 1
2024-07-17 23:32:21.540009 INFO: fd: 57, events: 8193

2024-07-17 23:32:21.540040 INFO: HttpConn 57 close success
2024-07-17 23:32:21.540052 INFO: Client[57] quit!
2024-07-17 23:32:21.540467 INFO: eventNum: 1
2024-07-17 23:32:21.540485 INFO: fd: 13, events: 1

2024-07-17 23:32:21.540492 INFO: HandleListenEvent 13
2024-07-17 23:32:21.540552 INFO: HttpConn 17 init success
2024-07-17 23:32:21.540568 INFO: addTimer id:17 expireTime:1721230841
2024-07-17 23:32:21.540586 INFO: Client[17] in!
2024-07-17 23:32:21.540594 INFO: HandleListenEvent 13
2024-07-17 23:32:21.540617 ERROR: Accept failure -1
2024-07-17 23:32:21.540779 INFO: eventNum: 1
2024-07-17 23:32:21.540804 INFO: fd: 13, events: 1

2024-07-17 23:32:21.540810 INFO: HandleListenEvent 13
2024-07-17 23:32:21.540823 INFO: HttpConn 18 init success
2024-07-17 23:32:21.540829 INFO: addTimer id:18 expireTime:1721230841
2024-07-17 23:32:21.540846 INFO: Client[18] in!
2024-07-17 23:32:21.540851 INFO: HandleListenEvent 13
2024-07-17 23:32:21.540859 ERROR: Accept failure -1
2024-07-17 23:32:21.540865 INFO: eventNum: 1
2024-07-17 23:32:21.540869 INFO: fd: 17, events: 1

2024-07-17 23:32:21.540892 INFO: HttpConn 17 read success
2024-07-17 23:32:21.540916 INFO: GET / HTTP/1.1
2024-07-17 23:32:21.540923 INFO: Host: 39.98.202.182:9006
2024-07-17 23:32:21.540928 INFO: User-Agent: Go-http-client/1.1
2024-07-17 23:32:21.540933 INFO: oop!unknow header: User-Agent: Go-http-client/1.1
2024-07-17 23:32:21.540937 INFO: X-Vegeta-Seq: 1653
2024-07-17 23:32:21.540941 INFO: oop!unknow header: X-Vegeta-Seq: 1653
2024-07-17 23:32:21.540945 INFO: Accept-Encoding: gzip
2024-07-17 23:32:21.540950 INFO: oop!unknow header: Accept-Encoding: gzip
2024-07-17 23:32:21.540954 INFO: 
2024-07-17 23:32:21.540981 INFO: request:HTTP/1.1 200 OK

2024-07-17 23:32:21.540986 INFO: request:HTTP/1.1 200 OK
Content-Length:542

2024-07-17 23:32:21.540990 INFO: request:HTTP/1.1 200 OK
Content-Length:542
Connection:close

2024-07-17 23:32:21.540995 INFO: request:HTTP/1.1 200 OK
Content-Length:542
Connection:close


2024-07-17 23:32:21.541014 INFO: eventNum: 1
2024-07-17 23:32:21.541034 INFO: fd: 17, events: 4

2024-07-17 23:32:21.541017 INFO: Thread 140246139651648 is running task

2024-07-17 23:32:21.541097 INFO: Thread 140246097688128 is running task

2024-07-17 23:32:21.541156 INFO: eventNum: 1
2024-07-17 23:32:21.541168 INFO: fd: 18, events: 1

2024-07-17 23:32:21.541183 INFO: HttpConn 18 read success
2024-07-17 23:32:21.541199 INFO: GET / HTTP/1.1
2024-07-17 23:32:21.541207 INFO: Host: 39.98.202.182:9006
2024-07-17 23:32:21.541214 INFO: User-Agent: Go-http-client/1.1
2024-07-17 23:32:21.541221 INFO: oop!unknow header: User-Agent: Go-http-client/1.1
2024-07-17 23:32:21.541228 INFO: X-Vegeta-Seq: 1654
2024-07-17 23:32:21.541233 INFO: oop!unknow header: X-Vegeta-Seq: 1654
2024-07-17 23:32:21.541237 INFO: Accept-Encoding: gzip
2024-07-17 23:32:21.541242 INFO: oop!unknow header: Accept-Encoding: gzip
2024-07-17 23:32:21.541246 INFO: 
2024-07-17 23:32:21.541265 INFO: request:HTTP/1.1 200 OK

2024-07-17 23:32:21.541270 INFO: request:HTTP/1.1 200 OK
Content-Length:542

2024-07-17 23:32:21.541275 INFO: request:HTTP/1.1 200 OK
Content-Length:542
Connection:close

2024-07-17 23:32:21.541279 INFO: request:HTTP/1.1 200 OK
Content-Length:542
Connection:close


2024-07-17 23:32:21.541288 INFO: Thread 140246156437056 is running task

2024-07-17 23:32:21.541298 INFO: eventNum: 2
2024-07-17 23:32:21.541304 INFO: fd: 13, events: 1

2024-07-17 23:32:21.541310 INFO: HandleListenEvent 13
2024-07-17 23:32:21.541331 INFO: HttpConn 26 init success
2024-07-17 23:32:21.541338 INFO: addTimer id:26 expireTime:1721230841
2024-07-17 23:32:21.541350 INFO: Client[26] in!
2024-07-17 23:32:21.541357 INFO: HandleListenEvent 13
2024-07-17 23:32:21.541369 ERROR: Accept failure -1
2024-07-17 23:32:21.541383 INFO: fd: 18, events: 4

2024-07-17 23:32:21.541429 INFO: Thread 140246114473536 is running task

2024-07-17 23:32:21.541666 INFO: eventNum: 1
2024-07-17 23:32:21.541694 INFO: fd: 26, events: 1

2024-07-17 23:32:21.541717 INFO: HttpConn 26 read success
2024-07-17 23:32:21.541732 INFO: GET / HTTP/1.1
2024-07-17 23:32:21.541741 INFO: Host: 39.98.202.182:9006
2024-07-17 23:32:21.541749 INFO: User-Agent: Go-http-client/1.1
2024-07-17 23:32:21.541755 INFO: oop!unknow header: User-Agent: Go-http-client/1.1
2024-07-17 23:32:21.541762 INFO: X-Vegeta-Seq: 1631
2024-07-17 23:32:21.541768 INFO: oop!unknow header: X-Vegeta-Seq: 1631
2024-07-17 23:32:21.541774 INFO: Accept-Encoding: gzip
2024-07-17 23:32:21.541780 INFO: oop!unknow header: Accept-Encoding: gzip
2024-07-17 23:32:21.541794 INFO: 
2024-07-17 23:32:21.541822 INFO: request:HTTP/1.1 200 OK

2024-07-17 23:32:21.541832 INFO: request:HTTP/1.1 200 OK
Content-Length:542

2024-07-17 23:32:21.541838 INFO: request:HTTP/1.1 200 OK
Content-Length:542
Connection:close

2024-07-17 23:32:21.541842 INFO: request:HTTP/1.1 200 OK
Content-Length:542
Connection:close


2024-07-17 23:32:21.541855 INFO: Thread 140246122866240 is running task

2024-07-17 23:32:21.541867 INFO: eventNum: 2
2024-07-17 23:32:21.541877 INFO: fd: 13, events: 1

2024-07-17 23:32:21.541885 INFO: HandleListenEvent 13
2024-07-17 23:32:21.541905 INFO: HttpConn 28 init success
2024-07-17 23:32:21.541914 INFO: addTimer id:28 expireTime:1721230841
2024-07-17 23:32:21.541927 INFO: Client[28] in!
2024-07-17 23:32:21.541933 INFO: HandleListenEvent 13
2024-07-17 23:32:21.541945 ERROR: Accept failure -1
2024-07-17 23:32:21.541952 INFO: fd: 26, events: 4

2024-07-17 23:32:21.541996 INFO: Thread 140246148044352 is running task

2024-07-17 23:32:21.542065 INFO: eventNum: 1
2024-07-17 23:32:21.542083 INFO: fd: 28, events: 1

2024-07-17 23:32:21.542137 INFO: eventNum: 1
2024-07-17 23:32:21.542144 INFO: fd: 13, events: 1

2024-07-17 23:32:21.542151 INFO: HandleListenEvent 13
2024-07-17 23:32:21.542171 INFO: HttpConn 29 init success
2024-07-17 23:32:21.542176 INFO: HttpConn 28 read success
2024-07-17 23:32:21.542177 INFO: addTimer id:29 expireTime:1721230841
2024-07-17 23:32:21.542204 INFO: GET / HTTP/1.1
2024-07-17 23:32:21.542223 INFO: Host: 39.98.202.182:9006
2024-07-17 23:32:21.542235 INFO: User-Agent: Go-http-client/1.1
2024-07-17 23:32:21.542210 INFO: Client[29] in!
2024-07-17 23:32:21.542240 INFO: oop!unknow header: User-Agent: Go-http-client/1.1
2024-07-17 23:32:21.542263 INFO: X-Vegeta-Seq: 1626
2024-07-17 23:32:21.542276 INFO: oop!unknow header: X-Vegeta-Seq: 1626
2024-07-17 23:32:21.542289 INFO: Accept-Encoding: gzip
2024-07-17 23:32:21.542297 INFO: oop!unknow header: Accept-Encoding: gzip
2024-07-17 23:32:21.542306 INFO: 
2024-07-17 23:32:21.542250 INFO: HandleListenEvent 13
2024-07-17 23:32:21.542323 INFO: request:HTTP/1.1 200 OK

2024-07-17 23:32:21.542331 INFO: request:HTTP/1.1 200 OK
Content-Length:542

2024-07-17 23:32:21.542341 INFO: request:HTTP/1.1 200 OK
Content-Length:542
Connection:close

2024-07-17 23:32:21.542325 INFO: HttpConn 33 init success
2024-07-17 23:32:21.542346 INFO: request:HTTP/1.1 200 OK
Content-Length:542
Connection:close


2024-07-17 23:32:21.542356 INFO: addTimer id:33 expireTime:1721230841
2024-07-17 23:32:21.542373 INFO: Thread 140246106080832 is running task

2024-07-17 23:32:21.542396 INFO: Client[33] in!
2024-07-17 23:32:21.542430 INFO: HandleListenEvent 13
2024-07-17 23:32:21.542439 ERROR: Accept failure -1
2024-07-17 23:32:21.542445 INFO: eventNum: 3
2024-07-17 23:32:21.542450 INFO: fd: 29, events: 1

2024-07-17 23:32:21.542460 INFO: fd: 28, events: 4

2024-07-17 23:32:21.542466 INFO: HttpConn 29 read success
2024-07-17 23:32:21.542487 INFO: GET / HTTP/1.1
2024-07-17 23:32:21.542502 INFO: fd: 33, events: 1

2024-07-17 23:32:21.542496 INFO: Thread 140246139651648 is running task

2024-07-17 23:32:21.542508 INFO: Host: 39.98.202.182:9006
2024-07-17 23:32:21.542530 INFO: User-Agent: Go-http-client/1.1
2024-07-17 23:32:21.542535 INFO: oop!unknow header: User-Agent: Go-http-client/1.1
2024-07-17 23:32:21.542540 INFO: X-Vegeta-Seq: 1603
2024-07-17 23:32:21.542544 INFO: oop!unknow header: X-Vegeta-Seq: 1603
2024-07-17 23:32:21.542549 INFO: Accept-Encoding: gzip
2024-07-17 23:32:21.542553 INFO: oop!unknow header: Accept-Encoding: gzip
2024-07-17 23:32:21.542557 INFO: 
2024-07-17 23:32:21.542601 INFO: request:HTTP/1.1 200 OK

2024-07-17 23:32:21.542608 INFO: request:HTTP/1.1 200 OK
Content-Length:542

2024-07-17 23:32:21.542613 INFO: request:HTTP/1.1 200 OK
Content-Length:542
Connection:close

2024-07-17 23:32:21.542617 INFO: request:HTTP/1.1 200 OK
Content-Length:542
Connection:close


2024-07-17 23:32:21.542625 INFO: Thread 140246131258944 is running task

2024-07-17 23:32:21.542642 INFO: eventNum: 1
2024-07-17 23:32:21.542647 INFO: HttpConn 33 read success
2024-07-17 23:32:21.542647 INFO: fd: 29, events: 4

2024-07-17 23:32:21.542684 INFO: GET / HTTP/1.1
2024-07-17 23:32:21.542705 INFO: Host: 39.98.202.182:9006
2024-07-17 23:32:21.542711 INFO: User-Agent: Go-http-client/1.1
2024-07-17 23:32:21.542718 INFO: oop!unknow header: User-Agent: Go-http-client/1.1
2024-07-17 23:32:21.542724 INFO: X-Vegeta-Seq: 1619
2024-07-17 23:32:21.542730 INFO: oop!unknow header: X-Vegeta-Seq: 1619
2024-07-17 23:32:21.542735 INFO: Accept-Encoding: gzip
2024-07-17 23:32:21.542741 INFO: oop!unknow header: Accept-Encoding: gzip
2024-07-17 23:32:21.542747 INFO: 
2024-07-17 23:32:21.542768 INFO: request:HTTP/1.1 200 OK

2024-07-17 23:32:21.542775 INFO: request:HTTP/1.1 200 OK
Content-Length:542

2024-07-17 23:32:21.542781 INFO: request:HTTP/1.1 200 OK
Content-Length:542
Connection:close

2024-07-17 23:32:21.542787 INFO: request:HTTP/1.1 200 OK
Content-Length:542
Connection:close


2024-07-17 23:32:21.542805 INFO: Thread 140246097688128 is running task

2024-07-17 23:32:21.542806 INFO: eventNum: 1
2024-07-17 23:32:21.542828 INFO: fd: 33, events: 4

2024-07-17 23:32:21.542850 INFO: Thread 140246097688128 is running task

2024-07-17 23:32:21.542869 INFO: eventNum: 1
2024-07-17 23:32:21.542899 INFO: fd: 13, events: 1

2024-07-17 23:32:21.542904 INFO: HandleListenEvent 13
2024-07-17 23:32:21.542880 INFO: Thread 140246097688128 is running task

2024-07-17 23:32:21.542922 INFO: HttpConn 32 init success
2024-07-17 23:32:21.542929 INFO: addTimer id:32 expireTime:1721230841
2024-07-17 23:32:21.542939 INFO: Client[32] in!
2024-07-17 23:32:21.542943 INFO: HandleListenEvent 13
2024-07-17 23:32:21.542953 INFO: HttpConn 34 init success
2024-07-17 23:32:21.542958 INFO: addTimer id:34 expireTime:1721230841
2024-07-17 23:32:21.542965 INFO: Client[34] in!
2024-07-17 23:32:21.542970 INFO: HandleListenEvent 13
2024-07-17 23:32:21.542979 ERROR: Accept failure -1
2024-07-17 23:32:21.542984 INFO: eventNum: 2
2024-07-17 23:32:21.542989 INFO: fd: 32, events: 1

2024-07-17 23:32:21.542998 INFO: fd: 34, events: 1

2024-07-17 23:32:21.543005 INFO: HttpConn 32 read success
2024-07-17 23:32:21.543022 INFO: GET / HTTP/1.1
2024-07-17 23:32:21.543031 INFO: Host: 39.98.202.182:9006
2024-07-17 23:32:21.543037 INFO: User-Agent: Go-http-client/1.1
2024-07-17 23:32:21.543041 INFO: oop!unknow header: User-Agent: Go-http-client/1.1
2024-07-17 23:32:21.543046 INFO: X-Vegeta-Seq: 1602
2024-07-17 23:32:21.543050 INFO: oop!unknow header: X-Vegeta-Seq: 1602
2024-07-17 23:32:21.543054 INFO: Accept-Encoding: gzip
2024-07-17 23:32:21.543059 INFO: oop!unknow header: Accept-Encoding: gzip
2024-07-17 23:32:21.543065 INFO: 
2024-07-17 23:32:21.543085 INFO: request:HTTP/1.1 200 OK

2024-07-17 23:32:21.543092 INFO: request:HTTP/1.1 200 OK
Content-Length:542

2024-07-17 23:32:21.543098 INFO: request:HTTP/1.1 200 OK
Content-Length:542
Connection:close

2024-07-17 23:32:21.543105 INFO: request:HTTP/1.1 200 OK
Content-Length:542
Connection:close


2024-07-17 23:32:21.543123 INFO: Thread 140246122866240 is running task

2024-07-17 23:32:21.543126 INFO: eventNum: 1
2024-07-17 23:32:21.543145 INFO: fd: 32, events: 4

2024-07-17 23:32:21.543136 INFO: HttpConn 34 read success
2024-07-17 23:32:21.543160 INFO: GET / HTTP/1.1
2024-07-17 23:32:21.543168 INFO: Host: 39.98.202.182:9006
2024-07-17 23:32:21.543173 INFO: User-Agent: Go-http-client/1.1
2024-07-17 23:32:21.543177 INFO: oop!unknow header: User-Agent: Go-http-client/1.1
2024-07-17 23:32:21.543181 INFO: X-Vegeta-Seq: 1616
2024-07-17 23:32:21.543185 INFO: oop!unknow header: X-Vegeta-Seq: 1616
2024-07-17 23:32:21.543190 INFO: Accept-Encoding: gzip
2024-07-17 23:32:21.543197 INFO: oop!unknow header: Accept-Encoding: gzip
2024-07-17 23:32:21.543201 INFO: 
2024-07-17 23:32:21.543220 INFO: request:HTTP/1.1 200 OK

2024-07-17 23:32:21.543224 INFO: request:HTTP/1.1 200 OK
Content-Length:542

2024-07-17 23:32:21.543228 INFO: request:HTTP/1.1 200 OK
Content-Length:542
Connection:close

2024-07-17 23:32:21.543233 INFO: request:HTTP/1.1 200 OK
Content-Length:542
Connection:close


2024-07-17 23:32:21.543249 INFO: Thread 140246122866240 is running task

2024-07-17 23:32:21.543254 INFO: eventNum: 1
2024-07-17 23:32:21.543262 INFO: fd: 34, events: 4

2024-07-17 23:32:21.543284 INFO: Thread 140246122866240 is running task

2024-07-17 23:32:21.543297 INFO: Thread 140246139651648 is running task

2024-07-17 23:32:21.543465 INFO: eventNum: 1
2024-07-17 23:32:21.543476 INFO: fd: 13, events: 1

2024-07-17 23:32:21.543481 INFO: HandleListenEvent 13
2024-07-17 23:32:21.543493 INFO: HttpConn 35 init success
2024-07-17 23:32:21.543499 INFO: addTimer id:35 expireTime:1721230841
2024-07-17 23:32:21.543509 INFO: Client[35] in!
2024-07-17 23:32:21.543513 INFO: HandleListenEvent 13
2024-07-17 23:32:21.543522 ERROR: Accept failure -1
2024-07-17 23:32:21.543527 INFO: eventNum: 1
2024-07-17 23:32:21.543532 INFO: fd: 35, events: 1

2024-07-17 23:32:21.543554 INFO: HttpConn 35 read success
2024-07-17 23:32:21.543565 INFO: GET / HTTP/1.1
2024-07-17 23:32:21.543570 INFO: Host: 39.98.202.182:9006
2024-07-17 23:32:21.543574 INFO: User-Agent: Go-http-client/1.1
2024-07-17 23:32:21.543579 INFO: oop!unknow header: User-Agent: Go-http-client/1.1
2024-07-17 23:32:21.543583 INFO: X-Vegeta-Seq: 1624
2024-07-17 23:32:21.543587 INFO: oop!unknow header: X-Vegeta-Seq: 1624
2024-07-17 23:32:21.543591 INFO: Accept-Encoding: gzip
2024-07-17 23:32:21.543603 INFO: oop!unknow header: Accept-Encoding: gzip
2024-07-17 23:32:21.543608 INFO: 
2024-07-17 23:32:21.543622 INFO: request:HTTP/1.1 200 OK

2024-07-17 23:32:21.543627 INFO: request:HTTP/1.1 200 OK
Content-Length:542

2024-07-17 23:32:21.543632 INFO: request:HTTP/1.1 200 OK
Content-Length:542
Connection:close

2024-07-17 23:32:21.543636 INFO: request:HTTP/1.1 200 OK
Content-Length:542
Connection:close


2024-07-17 23:32:21.543645 INFO: Thread 140246131258944 is running task

2024-07-17 23:32:21.543653 INFO: eventNum: 2
2024-07-17 23:32:21.543658 INFO: fd: 13, events: 1

2024-07-17 23:32:21.543662 INFO: HandleListenEvent 13
2024-07-17 23:32:21.543672 INFO: HttpConn 36 init success
2024-07-17 23:32:21.543678 INFO: addTimer id:36 expireTime:1721230841
2024-07-17 23:32:21.543694 INFO: Client[36] in!
2024-07-17 23:32:21.543699 INFO: HandleListenEvent 13
2024-07-17 23:32:21.543708 INFO: HttpConn 37 init success
2024-07-17 23:32:21.543714 INFO: addTimer id:37 expireTime:1721230841
2024-07-17 23:32:21.543722 INFO: Client[37] in!
2024-07-17 23:32:21.543726 INFO: HandleListenEvent 13
2024-07-17 23:32:21.543733 INFO: HttpConn 38 init success
2024-07-17 23:32:21.543738 INFO: addTimer id:38 expireTime:1721230841
2024-07-17 23:32:21.543746 INFO: Client[38] in!
2024-07-17 23:32:21.543750 INFO: HandleListenEvent 13
2024-07-17 23:32:21.543758 ERROR: Accept failure -1
2024-07-17 23:32:21.543762 INFO: fd: 35, events: 4

2024-07-17 23:32:21.543781 INFO: eventNum: 2
2024-07-17 23:32:21.543787 INFO: fd: 13, events: 1

2024-07-17 23:32:21.543791 INFO: HandleListenEvent 13
2024-07-17 23:32:21.543803 INFO: HttpConn 39 init success
2024-07-17 23:32:21.543808 INFO: addTimer id:39 expireTime:1721230841
2024-07-17 23:32:21.543809 INFO: Thread 140246156437056 is running task

2024-07-17 23:32:21.543822 INFO: Client[39] in!
2024-07-17 23:32:21.543852 INFO: HandleListenEvent 13
2024-07-17 23:32:21.543860 ERROR: Accept failure -1
2024-07-17 23:32:21.543865 INFO: fd: 36, events: 1

2024-07-17 23:32:21.543879 INFO: HttpConn 36 read success
2024-07-17 23:32:21.543890 INFO: GET / HTTP/1.1
2024-07-17 23:32:21.543896 INFO: Host: 39.98.202.182:9006
2024-07-17 23:32:21.543900 INFO: User-Agent: Go-http-client/1.1
2024-07-17 23:32:21.543912 INFO: oop!unknow header: User-Agent: Go-http-client/1.1
2024-07-17 23:32:21.543920 INFO: X-Vegeta-Seq: 1634
2024-07-17 23:32:21.543927 INFO: oop!unknow header: X-Vegeta-Seq: 1634
2024-07-17 23:32:21.543933 INFO: Accept-Encoding: gzip
2024-07-17 23:32:21.543939 INFO: oop!unknow header: Accept-Encoding: gzip
2024-07-17 23:32:21.543945 INFO: 
2024-07-17 23:32:21.543964 INFO: request:HTTP/1.1 200 OK

2024-07-17 23:32:21.543969 INFO: request:HTTP/1.1 200 OK
Content-Length:542

2024-07-17 23:32:21.543979 INFO: request:HTTP/1.1 200 OK
Content-Length:542
Connection:close

2024-07-17 23:32:21.543983 INFO: request:HTTP/1.1 200 OK
Content-Length:542
Connection:close


2024-07-17 23:32:21.543991 INFO: eventNum: 2
2024-07-17 23:32:21.544008 INFO: fd: 37, events: 1

2024-07-17 23:32:21.543992 INFO: Thread 140246114473536 is running task

2024-07-17 23:32:21.544020 INFO: fd: 36, events: 4

2024-07-17 23:32:21.544061 INFO: eventNum: 1
2024-07-17 23:32:21.544070 INFO: fd: 38, events: 1

2024-07-17 23:32:21.544076 INFO: Thread 140246097688128 is running task

2024-07-17 23:32:21.544087 INFO: HttpConn 38 read success
2024-07-17 23:32:21.544099 INFO: GET / HTTP/1.1
2024-07-17 23:32:21.544106 INFO: Host: 39.98.202.182:9006
2024-07-17 23:32:21.544111 INFO: User-Agent: Go-http-client/1.1
2024-07-17 23:32:21.544115 INFO: oop!unknow header: User-Agent: Go-http-client/1.1
2024-07-17 23:32:21.544119 INFO: X-Vegeta-Seq: 1767
2024-07-17 23:32:21.544123 INFO: oop!unknow header: X-Vegeta-Seq: 1767
2024-07-17 23:32:21.544127 INFO: Accept-Encoding: gzip
2024-07-17 23:32:21.544131 INFO: oop!unknow header: Accept-Encoding: gzip
2024-07-17 23:32:21.544136 INFO: 
2024-07-17 23:32:21.544159 INFO: request:HTTP/1.1 200 OK

2024-07-17 23:32:21.544167 INFO: request:HTTP/1.1 200 OK
Content-Length:542

2024-07-17 23:32:21.544173 INFO: request:HTTP/1.1 200 OK
Content-Length:542
Connection:close

2024-07-17 23:32:21.544179 INFO: request:HTTP/1.1 200 OK
Content-Length:542
Connection:close


2024-07-17 23:32:21.544189 INFO: Thread 140246097688128 is running task

2024-07-17 23:32:21.544028 INFO: HttpConn 37 read success
2024-07-17 23:32:21.544216 INFO: eventNum: 2
2024-07-17 23:32:21.544218 INFO: GET / HTTP/1.1
2024-07-17 23:32:21.544239 INFO: Host: 39.98.202.182:9006
2024-07-17 23:32:21.544244 INFO: User-Agent: Go-http-client/1.1
2024-07-17 23:32:21.544260 INFO: oop!unknow header: User-Agent: Go-http-client/1.1
2024-07-17 23:32:21.544275 INFO: X-Vegeta-Seq: 1751
2024-07-17 23:32:21.544288 INFO: oop!unknow header: X-Vegeta-Seq: 1751
2024-07-17 23:32:21.544300 INFO: Accept-Encoding: gzip
2024-07-17 23:32:21.544313 INFO: oop!unknow header: Accept-Encoding: gzip
2024-07-17 23:32:21.544227 INFO: fd: 39, events: 1

2024-07-17 23:32:21.544318 INFO: 
2024-07-17 23:32:21.544330 INFO: fd: 38, events: 4

2024-07-17 23:32:21.544348 INFO: HttpConn 39 read success
2024-07-17 23:32:21.544362 INFO: GET / HTTP/1.1
2024-07-17 23:32:21.544367 INFO: Host: 39.98.202.182:9006
2024-07-17 23:32:21.544372 INFO: User-Agent: Go-http-client/1.1
2024-07-17 23:32:21.544396 INFO: oop!unknow header: User-Agent: Go-http-client/1.1
2024-07-17 23:32:21.544401 INFO: X-Vegeta-Seq: 1618
2024-07-17 23:32:21.544403 INFO: Thread 140246106080832 is running task

2024-07-17 23:32:21.544406 INFO: oop!unknow header: X-Vegeta-Seq: 1618
2024-07-17 23:32:21.544421 INFO: Accept-Encoding: gzip
2024-07-17 23:32:21.544426 INFO: oop!unknow header: Accept-Encoding: gzip
2024-07-17 23:32:21.544430 INFO: 
2024-07-17 23:32:21.544445 INFO: request:HTTP/1.1 200 OK

2024-07-17 23:32:21.544449 INFO: request:HTTP/1.1 200 OK
Content-Length:542

2024-07-17 23:32:21.544454 INFO: request:HTTP/1.1 200 OK
Content-Length:542
Connection:close

2024-07-17 23:32:21.544458 INFO: request:HTTP/1.1 200 OK
Content-Length:542
Connection:close


2024-07-17 23:32:21.544467 INFO: Thread 140246139651648 is running task

2024-07-17 23:32:21.544350 INFO: request:HTTP/1.1 200 OK

2024-07-17 23:32:21.544479 INFO: request:HTTP/1.1 200 OK
Content-Length:542

2024-07-17 23:32:21.544484 INFO: request:HTTP/1.1 200 OK
Content-Length:542
Connection:close

2024-07-17 23:32:21.544488 INFO: request:HTTP/1.1 200 OK
Content-Length:542
Connection:close


2024-07-17 23:32:21.544495 INFO: Thread 140246114473536 is running task

2024-07-17 23:32:21.544502 INFO: eventNum: 2
2024-07-17 23:32:21.544520 INFO: fd: 39, events: 4

2024-07-17 23:32:21.544548 INFO: Thread 140246131258944 is running task

2024-07-17 23:32:21.544566 INFO: fd: 37, events: 4

2024-07-17 23:32:21.544577 INFO: eventNum: 1
2024-07-17 23:32:21.544588 INFO: fd: 13, events: 1

2024-07-17 23:32:21.544592 INFO: HandleListenEvent 13
2024-07-17 23:32:21.544606 INFO: HttpConn 40 init success
2024-07-17 23:32:21.544609 INFO: Thread 140246156437056 is running task

2024-07-17 23:32:21.544612 INFO: addTimer id:40 expireTime:1721230841
2024-07-17 23:32:21.544656 INFO: Client[40] in!
2024-07-17 23:32:21.544661 INFO: HandleListenEvent 13
2024-07-17 23:32:21.544672 INFO: HttpConn 41 init success
2024-07-17 23:32:21.544677 INFO: addTimer id:41 expireTime:1721230841
2024-07-17 23:32:21.544718 INFO: Client[41] in!
2024-07-17 23:32:21.544723 INFO: HandleListenEvent 13
2024-07-17 23:32:21.544732 ERROR: Accept failure -1
2024-07-17 23:32:21.544901 INFO: eventNum: 1
2024-07-17 23:32:21.544911 INFO: fd: 40, events: 1

2024-07-17 23:32:21.544928 INFO: HttpConn 40 read success
2024-07-17 23:32:21.544929 INFO: eventNum: 1
2024-07-17 23:32:21.544963 INFO: fd: 41, events: 1

2024-07-17 23:32:21.544955 INFO: GET / HTTP/1.1
2024-07-17 23:32:21.544979 INFO: Host: 39.98.202.182:9006
2024-07-17 23:32:21.544984 INFO: User-Agent: Go-http-client/1.1
2024-07-17 23:32:21.544988 INFO: oop!unknow header: User-Agent: Go-http-client/1.1
2024-07-17 23:32:21.544993 INFO: X-Vegeta-Seq: 1755
2024-07-17 23:32:21.544997 INFO: oop!unknow header: X-Vegeta-Seq: 1755
2024-07-17 23:32:21.545001 INFO: Accept-Encoding: gzip
2024-07-17 23:32:21.545006 INFO: oop!unknow header: Accept-Encoding: gzip
2024-07-17 23:32:21.545010 INFO: 
2024-07-17 23:32:21.545025 INFO: request:HTTP/1.1 200 OK

2024-07-17 23:32:21.545030 INFO: request:HTTP/1.1 200 OK
Content-Length:542

2024-07-17 23:32:21.545034 INFO: request:HTTP/1.1 200 OK
Content-Length:542
Connection:close

2024-07-17 23:32:21.545039 INFO: request:HTTP/1.1 200 OK
Content-Length:542
Connection:close


2024-07-17 23:32:21.545052 INFO: Thread 140246097688128 is running task

2024-07-17 23:32:21.545055 INFO: eventNum: 1
2024-07-17 23:32:21.545066 INFO: fd: 40, events: 4

2024-07-17 23:32:21.545059 INFO: HttpConn 41 read success
2024-07-17 23:32:21.545083 INFO: GET / HTTP/1.1
2024-07-17 23:32:21.545089 INFO: Host: 39.98.202.182:9006
2024-07-17 23:32:21.545093 INFO: User-Agent: Go-http-client/1.1
2024-07-17 23:32:21.545097 INFO: oop!unknow header: User-Agent: Go-http-client/1.1
2024-07-17 23:32:21.545101 INFO: X-Vegeta-Seq: 1778
2024-07-17 23:32:21.545106 INFO: oop!unknow header: X-Vegeta-Seq: 1778
2024-07-17 23:32:21.545110 INFO: Accept-Encoding: gzip
2024-07-17 23:32:21.545114 INFO: oop!unknow header: Accept-Encoding: gzip
2024-07-17 23:32:21.545118 INFO: 
2024-07-17 23:32:21.545130 INFO: request:HTTP/1.1 200 OK

2024-07-17 23:32:21.545134 INFO: request:HTTP/1.1 200 OK
Content-Length:542

2024-07-17 23:32:21.545138 INFO: request:HTTP/1.1 200 OK
Content-Length:542
Connection:close

2024-07-17 23:32:21.545143 INFO: request:HTTP/1.1 200 OK
Content-Length:542
Connection:close


2024-07-17 23:32:21.545155 INFO: Thread 140246097688128 is running task

2024-07-17 23:32:21.545159 INFO: eventNum: 1
2024-07-17 23:32:21.545167 INFO: fd: 41, events: 4

2024-07-17 23:32:21.545183 INFO: Thread 140246097688128 is running task

2024-07-17 23:32:21.545200 INFO: Thread 140246097688128 is running task

2024-07-17 23:32:21.545427 INFO: eventNum: 1
2024-07-17 23:32:21.545442 INFO: fd: 13, events: 1

2024-07-17 23:32:21.545447 INFO: HandleListenEvent 13
2024-07-17 23:32:21.545460 INFO: HttpConn 42 init success
2024-07-17 23:32:21.545466 INFO: addTimer id:42 expireTime:1721230841
2024-07-17 23:32:21.545476 INFO: Client[42] in!
2024-07-17 23:32:21.545480 INFO: HandleListenEvent 13
2024-07-17 23:32:21.545489 INFO: HttpConn 43 init success
2024-07-17 23:32:21.545494 INFO: addTimer id:43 expireTime:1721230841
2024-07-17 23:32:21.545502 INFO: Client[43] in!
2024-07-17 23:32:21.545506 INFO: HandleListenEvent 13
2024-07-17 23:32:21.545514 ERROR: Accept failure -1
2024-07-17 23:32:21.545552 INFO: eventNum: 1
2024-07-17 23:32:21.545559 INFO: fd: 13, events: 1

2024-07-17 23:32:21.545563 INFO: HandleListenEvent 13
2024-07-17 23:32:21.545574 INFO: HttpConn 44 init success
2024-07-17 23:32:21.545583 INFO: addTimer id:44 expireTime:1721230841
2024-07-17 23:32:21.545592 INFO: Client[44] in!
2024-07-17 23:32:21.545596 INFO: HandleListenEvent 13
2024-07-17 23:32:21.545604 ERROR: Accept failure -1
2024-07-17 23:32:21.545609 INFO: eventNum: 1
2024-07-17 23:32:21.545613 INFO: fd: 44, events: 1

2024-07-17 23:32:21.545624 INFO: HttpConn 44 read success
2024-07-17 23:32:21.545633 INFO: GET / HTTP/1.1
2024-07-17 23:32:21.545638 INFO: Host: 39.98.202.182:9006
2024-07-17 23:32:21.545642 INFO: User-Agent: Go-http-client/1.1
2024-07-17 23:32:21.545647 INFO: oop!unknow header: User-Agent: Go-http-client/1.1
2024-07-17 23:32:21.545651 INFO: X-Vegeta-Seq: 1756
2024-07-17 23:32:21.545655 INFO: oop!unknow header: X-Vegeta-Seq: 1756
2024-07-17 23:32:21.545659 INFO: Accept-Encoding: gzip
2024-07-17 23:32:21.545664 INFO: oop!unknow header: Accept-Encoding: gzip
2024-07-17 23:32:21.545668 INFO: 
2024-07-17 23:32:21.545682 INFO: request:HTTP/1.1 200 OK

2024-07-17 23:32:21.545687 INFO: request:HTTP/1.1 200 OK
Content-Length:542

2024-07-17 23:32:21.545691 INFO: request:HTTP/1.1 200 OK
Content-Length:542
Connection:close

2024-07-17 23:32:21.545696 INFO: request:HTTP/1.1 200 OK
Content-Length:542
Connection:close


2024-07-17 23:32:21.545705 INFO: Thread 140246139651648 is running task

2024-07-17 23:32:21.545713 INFO: eventNum: 1
2024-07-17 23:32:21.545727 INFO: fd: 44, events: 4

2024-07-17 23:32:21.545759 INFO: Thread 140246114473536 is running task

2024-07-17 23:32:21.545769 INFO: eventNum: 2
2024-07-17 23:32:21.545774 INFO: fd: 42, events: 1

2024-07-17 23:32:21.545784 INFO: HttpConn 42 read success
2024-07-17 23:32:21.545792 INFO: GET / HTTP/1.1
2024-07-17 23:32:21.545797 INFO: Host: 39.98.202.182:9006
2024-07-17 23:32:21.545801 INFO: User-Agent: Go-http-client/1.1
2024-07-17 23:32:21.545805 INFO: oop!unknow header: User-Agent: Go-http-client/1.1
2024-07-17 23:32:21.545810 INFO: X-Vegeta-Seq: 1766
2024-07-17 23:32:21.545814 INFO: oop!unknow header: X-Vegeta-Seq: 1766
2024-07-17 23:32:21.545818 INFO: Accept-Encoding: gzip
2024-07-17 23:32:21.545823 INFO: oop!unknow header: Accept-Encoding: gzip
2024-07-17 23:32:21.545827 INFO: 
2024-07-17 23:32:21.545839 INFO: request:HTTP/1.1 200 OK

2024-07-17 23:32:21.545844 INFO: request:HTTP/1.1 200 OK
Content-Length:542

2024-07-17 23:32:21.545848 INFO: request:HTTP/1.1 200 OK
Content-Length:542
Connection:close

2024-07-17 23:32:21.545852 INFO: request:HTTP/1.1 200 OK
Content-Length:542
Connection:close


2024-07-17 23:32:21.545862 INFO: Thread 140246131258944 is running task

2024-07-17 23:32:21.545868 INFO: fd: 43, events: 1

2024-07-17 23:32:21.545883 INFO: eventNum: 1
2024-07-17 23:32:21.545888 INFO: fd: 42, events: 4

2024-07-17 23:32:21.545889 INFO: HttpConn 43 read success
2024-07-17 23:32:21.545910 INFO: GET / HTTP/1.1
2024-07-17 23:32:21.545916 INFO: Host: 39.98.202.182:9006
2024-07-17 23:32:21.545920 INFO: User-Agent: Go-http-client/1.1
2024-07-17 23:32:21.545925 INFO: oop!unknow header: User-Agent: Go-http-client/1.1
2024-07-17 23:32:21.545929 INFO: X-Vegeta-Seq: 1744
2024-07-17 23:32:21.545933 INFO: oop!unknow header: X-Vegeta-Seq: 1744
2024-07-17 23:32:21.545937 INFO: Accept-Encoding: gzip
2024-07-17 23:32:21.545942 INFO: oop!unknow header: Accept-Encoding: gzip
2024-07-17 23:32:21.545946 INFO: 
2024-07-17 23:32:21.545962 INFO: request:HTTP/1.1 200 OK

2024-07-17 23:32:21.545967 INFO: request:HTTP/1.1 200 OK
Content-Length:542

2024-07-17 23:32:21.545971 INFO: request:HTTP/1.1 200 OK
Content-Length:542
Connection:close

2024-07-17 23:32:21.545975 INFO: request:HTTP/1.1 200 OK
Content-Length:542
Connection:close


2024-07-17 23:32:21.545990 INFO: Thread 140246156437056 is running task

2024-07-17 23:32:21.546011 INFO: eventNum: 2
2024-07-17 23:32:21.546020 INFO: fd: 43, events: 4

2024-07-17 23:32:21.546020 INFO: Thread 140246156437056 is running task

2024-07-17 23:32:21.546032 INFO: fd: 13, events: 1

2024-07-17 23:32:21.546046 INFO: HandleListenEvent 13
2024-07-17 23:32:21.546053 INFO: Thread 140246156437056 is running task

2024-07-17 23:32:21.546059 INFO: HttpConn 45 init success
2024-07-17 23:32:21.546098 INFO: addTimer id:45 expireTime:1721230841
2024-07-17 23:32:21.546108 INFO: Client[45] in!
2024-07-17 23:32:21.546127 INFO: HandleListenEvent 13
2024-07-17 23:32:21.546140 INFO: HttpConn 46 init success
2024-07-17 23:32:21.546145 INFO: addTimer id:46 expireTime:1721230841
2024-07-17 23:32:21.546152 INFO: Client[46] in!
2024-07-17 23:32:21.546157 INFO: HandleListenEvent 13
2024-07-17 23:32:21.546165 ERROR: Accept failure -1
2024-07-17 23:32:21.546171 INFO: eventNum: 2
2024-07-17 23:32:21.546175 INFO: fd: 45, events: 1

2024-07-17 23:32:21.546185 INFO: fd: 46, events: 1

2024-07-17 23:32:21.546189 INFO: HttpConn 45 read success
2024-07-17 23:32:21.546201 INFO: GET / HTTP/1.1
2024-07-17 23:32:21.546206 INFO: Host: 39.98.202.182:9006
2024-07-17 23:32:21.546210 INFO: User-Agent: Go-http-client/1.1
2024-07-17 23:32:21.546215 INFO: oop!unknow header: User-Agent: Go-http-client/1.1
2024-07-17 23:32:21.546219 INFO: X-Vegeta-Seq: 1736
2024-07-17 23:32:21.546223 INFO: oop!unknow header: X-Vegeta-Seq: 1736
2024-07-17 23:32:21.546225 INFO: eventNum: 1
2024-07-17 23:32:21.546235 INFO: HttpConn 46 read success
2024-07-17 23:32:21.546251 INFO: GET / HTTP/1.1
2024-07-17 23:32:21.546264 INFO: Host: 39.98.202.182:9006
2024-07-17 23:32:21.546276 INFO: User-Agent: Go-http-client/1.1
2024-07-17 23:32:21.546289 INFO: oop!unknow header: User-Agent: Go-http-client/1.1
2024-07-17 23:32:21.546302 INFO: X-Vegeta-Seq: 1753
2024-07-17 23:32:21.546315 INFO: oop!unknow header: X-Vegeta-Seq: 1753
2024-07-17 23:32:21.546238 INFO: fd: 13, events: 1

2024-07-17 23:32:21.546227 INFO: Accept-Encoding: gzip
2024-07-17 23:32:21.546333 INFO: oop!unknow header: Accept-Encoding: gzip
2024-07-17 23:32:21.546344 INFO: 
2024-07-17 23:32:21.546328 INFO: HandleListenEvent 13
2024-07-17 23:32:21.546359 INFO: request:HTTP/1.1 200 OK

2024-07-17 23:32:21.546371 INFO: request:HTTP/1.1 200 OK
Content-Length:542

2024-07-17 23:32:21.546380 INFO: request:HTTP/1.1 200 OK
Content-Length:542
Connection:close

2024-07-17 23:32:21.546385 INFO: request:HTTP/1.1 200 OK
Content-Length:542
Connection:close


2024-07-17 23:32:21.546359 INFO: HttpConn 48 init success
2024-07-17 23:32:21.546395 INFO: Thread 140246122866240 is running task

2024-07-17 23:32:21.546396 INFO: addTimer id:48 expireTime:1721230841
2024-07-17 23:32:21.546320 INFO: Accept-Encoding: gzip
2024-07-17 23:32:21.546429 INFO: oop!unknow header: Accept-Encoding: gzip
2024-07-17 23:32:21.546441 INFO: 
2024-07-17 23:32:21.546418 INFO: Client[48] in!
2024-07-17 23:32:21.546463 INFO: request:HTTP/1.1 200 OK

2024-07-17 23:32:21.546464 INFO: HandleListenEvent 13
2024-07-17 23:32:21.546472 INFO: request:HTTP/1.1 200 OK
Content-Length:542

2024-07-17 23:32:21.546484 ERROR: Accept failure -1
2024-07-17 23:32:21.546486 INFO: request:HTTP/1.1 200 OK
Content-Length:542
Connection:close

2024-07-17 23:32:21.546503 INFO: request:HTTP/1.1 200 OK
Content-Length:542
Connection:close


2024-07-17 23:32:21.546495 INFO: eventNum: 2
