2024-07-17 23:30:23.011949 INFO: eventNum: 1
2024-07-17 23:30:23.012009 INFO: fd: 13, events: 1

2024-07-17 23:30:23.012015 INFO: HandleListenEvent 13
2024-07-17 23:30:23.012023 INFO: HttpConn 26 init success
2024-07-17 23:30:23.012029 INFO: addTimer id:26 expireTime:1721230723
2024-07-17 23:30:23.012037 INFO: Client[26] in!
2024-07-17 23:30:23.012042 INFO: HandleListenEvent 13
2024-07-17 23:30:23.012052 INFO: HttpConn 39 init success
2024-07-17 23:30:23.012057 INFO: addTimer id:39 expireTime:1721230723
2024-07-17 23:30:23.012064 INFO: Client[39] in!
2024-07-17 23:30:23.012068 INFO: HandleListenEvent 13
2024-07-17 23:30:23.012076 ERROR: Accept failure -1
2024-07-17 23:30:23.012082 INFO: eventNum: 1
2024-07-17 23:30:23.012086 INFO: fd: 29, events: 1

2024-07-17 23:30:23.012101 INFO: HttpConn 29 read success
2024-07-17 23:30:23.012113 INFO: GET / HTTP/1.1
2024-07-17 23:30:23.012119 INFO: Host: 39.98.202.182:9006
2024-07-17 23:30:23.012124 INFO: User-Agent: Go-http-client/1.1
2024-07-17 23:30:23.012128 INFO: oop!unknow header: User-Agent: Go-http-client/1.1
2024-07-17 23:30:23.012133 INFO: X-Vegeta-Seq: 3128
2024-07-17 23:30:23.012137 INFO: oop!unknow header: X-Vegeta-Seq: 3128
2024-07-17 23:30:23.012142 INFO: Accept-Encoding: gzip
2024-07-17 23:30:23.012146 INFO: oop!unknow header: Accept-Encoding: gzip
2024-07-17 23:30:23.012150 INFO: 
2024-07-17 23:30:23.012171 INFO: request:HTTP/1.1 200 OK

2024-07-17 23:30:23.012179 INFO: request:HTTP/1.1 200 OK
Content-Length:542

2024-07-17 23:30:23.012186 INFO: request:HTTP/1.1 200 OK
Content-Length:542
Connection:close

2024-07-17 23:30:23.012192 INFO: request:HTTP/1.1 200 OK
Content-Length:542
Connection:close


2024-07-17 23:30:23.012207 INFO: Thread 140246114473536 is running task

2024-07-17 23:30:23.012340 INFO: eventNum: 2
2024-07-17 23:30:23.012352 INFO: fd: 13, events: 1

2024-07-17 23:30:23.012356 INFO: HandleListenEvent 13
2024-07-17 23:30:23.012369 INFO: HttpConn 40 init success
2024-07-17 23:30:23.012375 INFO: addTimer id:40 expireTime:1721230723
2024-07-17 23:30:23.012385 INFO: Client[40] in!
2024-07-17 23:30:23.012389 INFO: HandleListenEvent 13
2024-07-17 23:30:23.012399 INFO: HttpConn 41 init success
2024-07-17 23:30:23.012404 INFO: addTimer id:41 expireTime:1721230723
2024-07-17 23:30:23.012412 INFO: Client[41] in!
2024-07-17 23:30:23.012416 INFO: HandleListenEvent 13
2024-07-17 23:30:23.012424 ERROR: Accept failure -1
2024-07-17 23:30:23.012428 INFO: fd: 29, events: 4

2024-07-17 23:30:23.012472 INFO: Thread 140246097688128 is running task

2024-07-17 23:30:23.012551 INFO: eventNum: 1
2024-07-17 23:30:23.012559 INFO: fd: 32, events: 8193

2024-07-17 23:30:23.012575 INFO: HttpConn 32 close success
2024-07-17 23:30:23.012582 INFO: Client[32] quit!
2024-07-17 23:30:23.013158 INFO: eventNum: 1
2024-07-17 23:30:23.013174 INFO: fd: 16, events: 8193

2024-07-17 23:30:23.013328 INFO: HttpConn 16 close success
2024-07-17 23:30:23.013340 INFO: Client[16] quit!
2024-07-17 23:30:23.013977 INFO: eventNum: 1
2024-07-17 23:30:23.014002 INFO: fd: 17, events: 8193

2024-07-17 23:30:23.014028 INFO: HttpConn 17 close success
2024-07-17 23:30:23.014041 INFO: Client[17] quit!
2024-07-17 23:30:23.014153 INFO: eventNum: 1
2024-07-17 23:30:23.014167 INFO: fd: 18, events: 8193

2024-07-17 23:30:23.014187 INFO: HttpConn 18 close success
2024-07-17 23:30:23.014197 INFO: Client[18] quit!
2024-07-17 23:30:23.015277 INFO: eventNum: 1
2024-07-17 23:30:23.015299 INFO: fd: 41, events: 1

2024-07-17 23:30:23.015315 INFO: HttpConn 41 read success
2024-07-17 23:30:23.015329 INFO: GET / HTTP/1.1
2024-07-17 23:30:23.015338 INFO: Host: 39.98.202.182:9006
2024-07-17 23:30:23.015346 INFO: User-Agent: Go-http-client/1.1
2024-07-17 23:30:23.015351 INFO: oop!unknow header: User-Agent: Go-http-client/1.1
2024-07-17 23:30:23.015356 INFO: X-Vegeta-Seq: 3151
2024-07-17 23:30:23.015363 INFO: oop!unknow header: X-Vegeta-Seq: 3151
2024-07-17 23:30:23.015373 INFO: Accept-Encoding: gzip
2024-07-17 23:30:23.015382 INFO: oop!unknow header: Accept-Encoding: gzip
2024-07-17 23:30:23.015388 INFO: 
2024-07-17 23:30:23.015411 INFO: request:HTTP/1.1 200 OK

2024-07-17 23:30:23.015425 INFO: request:HTTP/1.1 200 OK
Content-Length:542

2024-07-17 23:30:23.015429 INFO: request:HTTP/1.1 200 OK
Content-Length:542
Connection:close

2024-07-17 23:30:23.015434 INFO: request:HTTP/1.1 200 OK
Content-Length:542
Connection:close


2024-07-17 23:30:23.015445 INFO: Thread 140246106080832 is running task

2024-07-17 23:30:23.015528 INFO: eventNum: 2
2024-07-17 23:30:23.015540 INFO: fd: 41, events: 4

2024-07-17 23:30:23.015580 INFO: Thread 140246139651648 is running task

2024-07-17 23:30:23.015628 INFO: fd: 40, events: 1

2024-07-17 23:30:23.015642 INFO: HttpConn 40 read success
2024-07-17 23:30:23.015652 INFO: GET / HTTP/1.1
2024-07-17 23:30:23.015660 INFO: Host: 39.98.202.182:9006
2024-07-17 23:30:23.015665 INFO: User-Agent: Go-http-client/1.1
2024-07-17 23:30:23.015669 INFO: oop!unknow header: User-Agent: Go-http-client/1.1
2024-07-17 23:30:23.015676 INFO: X-Vegeta-Seq: 3150
2024-07-17 23:30:23.015681 INFO: oop!unknow header: X-Vegeta-Seq: 3150
2024-07-17 23:30:23.015685 INFO: Accept-Encoding: gzip
2024-07-17 23:30:23.015692 INFO: oop!unknow header: Accept-Encoding: gzip
2024-07-17 23:30:23.015696 INFO: 
2024-07-17 23:30:23.015713 INFO: request:HTTP/1.1 200 OK

2024-07-17 23:30:23.015718 INFO: request:HTTP/1.1 200 OK
Content-Length:542

2024-07-17 23:30:23.015722 INFO: request:HTTP/1.1 200 OK
Content-Length:542
Connection:close

2024-07-17 23:30:23.015726 INFO: request:HTTP/1.1 200 OK
Content-Length:542
Connection:close


2024-07-17 23:30:23.015734 INFO: Thread 140246122866240 is running task

2024-07-17 23:30:23.015778 INFO: eventNum: 3
2024-07-17 23:30:23.015785 INFO: fd: 26, events: 1

2024-07-17 23:30:23.015797 INFO: HttpConn 26 read success
2024-07-17 23:30:23.015805 INFO: GET / HTTP/1.1
2024-07-17 23:30:23.015812 INFO: Host: 39.98.202.182:9006
2024-07-17 23:30:23.015819 INFO: User-Agent: Go-http-client/1.1
2024-07-17 23:30:23.015825 INFO: oop!unknow header: User-Agent: Go-http-client/1.1
2024-07-17 23:30:23.015831 INFO: X-Vegeta-Seq: 3143
2024-07-17 23:30:23.015837 INFO: oop!unknow header: X-Vegeta-Seq: 3143
2024-07-17 23:30:23.015844 INFO: Accept-Encoding: gzip
2024-07-17 23:30:23.015850 INFO: oop!unknow header: Accept-Encoding: gzip
2024-07-17 23:30:23.015857 INFO: 
2024-07-17 23:30:23.015876 INFO: request:HTTP/1.1 200 OK

2024-07-17 23:30:23.015883 INFO: request:HTTP/1.1 200 OK
Content-Length:542

2024-07-17 23:30:23.015890 INFO: request:HTTP/1.1 200 OK
Content-Length:542
Connection:close

2024-07-17 23:30:23.015897 INFO: request:HTTP/1.1 200 OK
Content-Length:542
Connection:close


2024-07-17 23:30:23.015909 INFO: Thread 140246156437056 is running task

2024-07-17 23:30:23.015976 INFO: fd: 39, events: 1

2024-07-17 23:30:23.015993 INFO: fd: 40, events: 4

2024-07-17 23:30:23.016006 INFO: HttpConn 39 read success
2024-07-17 23:30:23.016016 INFO: GET / HTTP/1.1
2024-07-17 23:30:23.016021 INFO: Host: 39.98.202.182:9006
2024-07-17 23:30:23.016028 INFO: User-Agent: Go-http-client/1.1
2024-07-17 23:30:23.016032 INFO: oop!unknow header: User-Agent: Go-http-client/1.1
2024-07-17 23:30:23.016037 INFO: X-Vegeta-Seq: 3139
2024-07-17 23:30:23.016041 INFO: oop!unknow header: X-Vegeta-Seq: 3139
2024-07-17 23:30:23.016045 INFO: Accept-Encoding: gzip
2024-07-17 23:30:23.016049 INFO: oop!unknow header: Accept-Encoding: gzip
2024-07-17 23:30:23.016053 INFO: 
2024-07-17 23:30:23.016070 INFO: request:HTTP/1.1 200 OK

2024-07-17 23:30:23.016075 INFO: request:HTTP/1.1 200 OK
Content-Length:542

2024-07-17 23:30:23.016079 INFO: request:HTTP/1.1 200 OK
Content-Length:542
Connection:close

2024-07-17 23:30:23.016083 INFO: request:HTTP/1.1 200 OK
Content-Length:542
Connection:close


2024-07-17 23:30:23.016092 INFO: Thread 140246131258944 is running task

2024-07-17 23:30:23.016117 INFO: Thread 140246131258944 is running task

2024-07-17 23:30:23.016168 INFO: eventNum: 6
2024-07-17 23:30:23.016174 INFO: fd: 26, events: 4

2024-07-17 23:30:23.016199 INFO: Thread 140246114473536 is running task

2024-07-17 23:30:23.016266 INFO: fd: 37, events: 1

2024-07-17 23:30:23.016310 INFO: fd: 28, events: 1

2024-07-17 23:30:23.016364 INFO: fd: 38, events: 1

2024-07-17 23:30:23.016377 INFO: HttpConn 28 read success
2024-07-17 23:30:23.016399 INFO: GET / HTTP/1.1
2024-07-17 23:30:23.016408 INFO: Host: 39.98.202.182:9006
2024-07-17 23:30:23.016415 INFO: User-Agent: Go-http-client/1.1
2024-07-17 23:30:23.016420 INFO: oop!unknow header: User-Agent: Go-http-client/1.1
2024-07-17 23:30:23.016424 INFO: X-Vegeta-Seq: 3135
2024-07-17 23:30:23.016428 INFO: oop!unknow header: X-Vegeta-Seq: 3135
2024-07-17 23:30:23.016433 INFO: Accept-Encoding: gzip
2024-07-17 23:30:23.016437 INFO: oop!unknow header: Accept-Encoding: gzip
2024-07-17 23:30:23.016441 INFO: 
2024-07-17 23:30:23.016456 INFO: request:HTTP/1.1 200 OK

2024-07-17 23:30:23.016461 INFO: request:HTTP/1.1 200 OK
Content-Length:542

2024-07-17 23:30:23.016465 INFO: request:HTTP/1.1 200 OK
Content-Length:542
Connection:close

2024-07-17 23:30:23.016470 INFO: request:HTTP/1.1 200 OK
Content-Length:542
Connection:close


2024-07-17 23:30:23.016479 INFO: Thread 140246106080832 is running task

2024-07-17 23:30:23.016485 INFO: HttpConn 38 read success
2024-07-17 23:30:23.016492 INFO: GET / HTTP/1.1
2024-07-17 23:30:23.016502 INFO: Host: 39.98.202.182:9006
2024-07-17 23:30:23.016507 INFO: User-Agent: Go-http-client/1.1
2024-07-17 23:30:23.016511 INFO: oop!unknow header: User-Agent: Go-http-client/1.1
2024-07-17 23:30:23.016515 INFO: X-Vegeta-Seq: 3138
2024-07-17 23:30:23.016519 INFO: oop!unknow header: X-Vegeta-Seq: 3138
2024-07-17 23:30:23.016524 INFO: Accept-Encoding: gzip
2024-07-17 23:30:23.016528 INFO: oop!unknow header: Accept-Encoding: gzip
2024-07-17 23:30:23.016532 INFO: 
2024-07-17 23:30:23.016543 INFO: request:HTTP/1.1 200 OK

2024-07-17 23:30:23.016548 INFO: request:HTTP/1.1 200 OK
Content-Length:542

2024-07-17 23:30:23.016552 INFO: request:HTTP/1.1 200 OK
Content-Length:542
Connection:close

2024-07-17 23:30:23.016556 INFO: request:HTTP/1.1 200 OK
Content-Length:542
Connection:close


2024-07-17 23:30:23.016563 INFO: Thread 140246106080832 is running task

2024-07-17 23:30:23.016315 INFO: HttpConn 37 read success
2024-07-17 23:30:23.016582 INFO: GET / HTTP/1.1
2024-07-17 23:30:23.016587 INFO: Host: 39.98.202.182:9006
2024-07-17 23:30:23.016591 INFO: User-Agent: Go-http-client/1.1
2024-07-17 23:30:23.016596 INFO: oop!unknow header: User-Agent: Go-http-client/1.1
2024-07-17 23:30:23.016600 INFO: X-Vegeta-Seq: 3142
2024-07-17 23:30:23.016604 INFO: oop!unknow header: X-Vegeta-Seq: 3142
2024-07-17 23:30:23.016608 INFO: Accept-Encoding: gzip
2024-07-17 23:30:23.016612 INFO: oop!unknow header: Accept-Encoding: gzip
2024-07-17 23:30:23.016617 INFO: 
2024-07-17 23:30:23.016628 INFO: request:HTTP/1.1 200 OK

2024-07-17 23:30:23.016633 INFO: request:HTTP/1.1 200 OK
Content-Length:542

2024-07-17 23:30:23.016637 INFO: request:HTTP/1.1 200 OK
Content-Length:542
Connection:close

2024-07-17 23:30:23.016641 INFO: request:HTTP/1.1 200 OK
Content-Length:542
Connection:close


2024-07-17 23:30:23.016648 INFO: Thread 140246097688128 is running task

2024-07-17 23:30:23.016379 INFO: fd: 31, events: 1

2024-07-17 23:30:23.018193 INFO: fd: 39, events: 4

2024-07-17 23:30:23.019095 INFO: HttpConn 31 read success
2024-07-17 23:30:23.019107 INFO: eventNum: 7
2024-07-17 23:30:23.019140 INFO: fd: 36, events: 1

2024-07-17 23:30:23.019152 INFO: fd: 30, events: 1

2024-07-17 23:30:23.019168 INFO: HttpConn 36 read success
2024-07-17 23:30:23.019172 INFO: Thread 140246156437056 is running task

2024-07-17 23:30:23.019184 INFO: fd: 35, events: 1

2024-07-17 23:30:23.019188 INFO: HttpConn 30 read success
2024-07-17 23:30:23.019193 INFO: fd: 28, events: 4

2024-07-17 23:30:23.019197 INFO: GET / HTTP/1.1
2024-07-17 23:30:23.019203 INFO: fd: 38, events: 4

2024-07-17 23:30:23.019180 INFO: GET / HTTP/1.1
2024-07-17 23:30:23.019215 INFO: fd: 37, events: 4

2024-07-17 23:30:23.019225 INFO: HttpConn 35 read success
2024-07-17 23:30:23.019226 INFO: fd: 34, events: 1

2024-07-17 23:30:23.019262 INFO: Thread 140246114473536 is running task

2024-07-17 23:30:23.019290 INFO: Thread 140246114473536 is running task

2024-07-17 23:30:23.019320 INFO: Thread 140246114473536 is running task

2024-07-17 23:30:23.019327 INFO: HttpConn 34 read success
2024-07-17 23:30:23.019335 INFO: GET / HTTP/1.1
2024-07-17 23:30:23.019343 INFO: Host: 39.98.202.182:9006
2024-07-17 23:30:23.019348 INFO: User-Agent: Go-http-client/1.1
2024-07-17 23:30:23.019353 INFO: oop!unknow header: User-Agent: Go-http-client/1.1
2024-07-17 23:30:23.019359 INFO: X-Vegeta-Seq: 3132
2024-07-17 23:30:23.019364 INFO: oop!unknow header: X-Vegeta-Seq: 3132
2024-07-17 23:30:23.019368 INFO: Accept-Encoding: gzip
2024-07-17 23:30:23.019416 INFO: oop!unknow header: Accept-Encoding: gzip
2024-07-17 23:30:23.019422 INFO: 
2024-07-17 23:30:23.019440 INFO: request:HTTP/1.1 200 OK

2024-07-17 23:30:23.019445 INFO: request:HTTP/1.1 200 OK
Content-Length:542

2024-07-17 23:30:23.019449 INFO: request:HTTP/1.1 200 OK
Content-Length:542
Connection:close

2024-07-17 23:30:23.019454 INFO: request:HTTP/1.1 200 OK
Content-Length:542
Connection:close


2024-07-17 23:30:23.019466 INFO: Thread 140246114473536 is running task

2024-07-17 23:30:23.019467 INFO: eventNum: 1
2024-07-17 23:30:23.019490 INFO: fd: 34, events: 4

2024-07-17 23:30:23.019204 INFO: Host: 39.98.202.182:9006
2024-07-17 23:30:23.019515 INFO: User-Agent: Go-http-client/1.1
2024-07-17 23:30:23.019522 INFO: oop!unknow header: User-Agent: Go-http-client/1.1
2024-07-17 23:30:23.019529 INFO: X-Vegeta-Seq: 3133
2024-07-17 23:30:23.019536 INFO: oop!unknow header: X-Vegeta-Seq: 3133
2024-07-17 23:30:23.019542 INFO: Accept-Encoding: gzip
2024-07-17 23:30:23.019548 INFO: oop!unknow header: Accept-Encoding: gzip
2024-07-17 23:30:23.019554 INFO: 
2024-07-17 23:30:23.019572 INFO: request:HTTP/1.1 200 OK

2024-07-17 23:30:23.019580 INFO: request:HTTP/1.1 200 OK
Content-Length:542

2024-07-17 23:30:23.019586 INFO: request:HTTP/1.1 200 OK
Content-Length:542
Connection:close

2024-07-17 23:30:23.019593 INFO: request:HTTP/1.1 200 OK
Content-Length:542
Connection:close


2024-07-17 23:30:23.019609 INFO: Thread 140246156437056 is running task

2024-07-17 23:30:23.019611 INFO: eventNum: 1
2024-07-17 23:30:23.019127 INFO: GET / HTTP/1.1
2024-07-17 23:30:23.019669 INFO: Host: 39.98.202.182:9006
2024-07-17 23:30:23.019675 INFO: User-Agent: Go-http-client/1.1
2024-07-17 23:30:23.019679 INFO: oop!unknow header: User-Agent: Go-http-client/1.1
2024-07-17 23:30:23.019684 INFO: X-Vegeta-Seq: 3134
2024-07-17 23:30:23.019688 INFO: oop!unknow header: X-Vegeta-Seq: 3134
2024-07-17 23:30:23.019692 INFO: Accept-Encoding: gzip
2024-07-17 23:30:23.019696 INFO: oop!unknow header: Accept-Encoding: gzip
2024-07-17 23:30:23.019701 INFO: 
2024-07-17 23:30:23.019714 INFO: request:HTTP/1.1 200 OK

2024-07-17 23:30:23.019718 INFO: request:HTTP/1.1 200 OK
Content-Length:542

2024-07-17 23:30:23.019722 INFO: request:HTTP/1.1 200 OK
Content-Length:542
Connection:close

2024-07-17 23:30:23.019727 INFO: request:HTTP/1.1 200 OK
Content-Length:542
Connection:close


2024-07-17 23:30:23.019734 INFO: Thread 140246122866240 is running task

2024-07-17 23:30:23.019643 INFO: Thread 140246156437056 is running task

2024-07-17 23:30:23.019238 INFO: GET / HTTP/1.1
2024-07-17 23:30:23.019752 INFO: Host: 39.98.202.182:9006
2024-07-17 23:30:23.019757 INFO: User-Agent: Go-http-client/1.1
2024-07-17 23:30:23.019761 INFO: oop!unknow header: User-Agent: Go-http-client/1.1
2024-07-17 23:30:23.019766 INFO: X-Vegeta-Seq: 3136
2024-07-17 23:30:23.019770 INFO: oop!unknow header: X-Vegeta-Seq: 3136
2024-07-17 23:30:23.019774 INFO: Accept-Encoding: gzip
2024-07-17 23:30:23.019778 INFO: oop!unknow header: Accept-Encoding: gzip
2024-07-17 23:30:23.019782 INFO: 
2024-07-17 23:30:23.019793 INFO: request:HTTP/1.1 200 OK

2024-07-17 23:30:23.019798 INFO: request:HTTP/1.1 200 OK
Content-Length:542

2024-07-17 23:30:23.019802 INFO: request:HTTP/1.1 200 OK
Content-Length:542
Connection:close

2024-07-17 23:30:23.019806 INFO: request:HTTP/1.1 200 OK
Content-Length:542
Connection:close


2024-07-17 23:30:23.019818 INFO: Thread 140246139651648 is running task

2024-07-17 23:30:23.019217 INFO: Host: 39.98.202.182:9006
2024-07-17 23:30:23.019658 INFO: fd: 30, events: 4

2024-07-17 23:30:23.019833 INFO: User-Agent: Go-http-client/1.1
2024-07-17 23:30:23.019859 INFO: oop!unknow header: User-Agent: Go-http-client/1.1
2024-07-17 23:30:23.019861 INFO: eventNum: 3
2024-07-17 23:30:23.019885 INFO: fd: 13, events: 1

2024-07-17 23:30:23.019894 INFO: HandleListenEvent 13
2024-07-17 23:30:23.019870 INFO: X-Vegeta-Seq: 3137
2024-07-17 23:30:23.019911 INFO: oop!unknow header: X-Vegeta-Seq: 3137
2024-07-17 23:30:23.019915 INFO: Accept-Encoding: gzip
2024-07-17 23:30:23.019919 INFO: oop!unknow header: Accept-Encoding: gzip
2024-07-17 23:30:23.019897 INFO: Thread 140246097688128 is running task

2024-07-17 23:30:23.019921 INFO: HttpConn 16 init success
2024-07-17 23:30:23.019924 INFO: 
2024-07-17 23:30:23.019950 INFO: addTimer id:16 expireTime:1721230723
2024-07-17 23:30:23.019968 INFO: request:HTTP/1.1 200 OK

2024-07-17 23:30:23.019974 INFO: Client[16] in!
2024-07-17 23:30:23.019974 INFO: request:HTTP/1.1 200 OK
Content-Length:542

2024-07-17 23:30:23.019999 INFO: request:HTTP/1.1 200 OK
Content-Length:542
Connection:close

2024-07-17 23:30:23.020008 INFO: request:HTTP/1.1 200 OK
Content-Length:542
Connection:close


2024-07-17 23:30:23.019989 INFO: HandleListenEvent 13
2024-07-17 23:30:23.020019 INFO: Thread 140246148044352 is running task

2024-07-17 23:30:23.020038 ERROR: Accept failure -1
2024-07-17 23:30:23.020047 INFO: fd: 31, events: 4

2024-07-17 23:30:23.020058 INFO: fd: 35, events: 4

2024-07-17 23:30:23.020067 INFO: eventNum: 1
2024-07-17 23:30:23.020074 INFO: fd: 36, events: 4

2024-07-17 23:30:23.020080 INFO: Thread 140246114473536 is running task

2024-07-17 23:30:23.020101 INFO: Thread 140246114473536 is running task

2024-07-17 23:30:23.020125 INFO: Thread 140246114473536 is running task

2024-07-17 23:30:23.021158 INFO: eventNum: 1
2024-07-17 23:30:23.021182 INFO: fd: 16, events: 1

2024-07-17 23:30:23.021197 INFO: HttpConn 16 read success
2024-07-17 23:30:23.021208 INFO: GET / HTTP/1.1
2024-07-17 23:30:23.021213 INFO: Host: 39.98.202.182:9006
2024-07-17 23:30:23.021218 INFO: User-Agent: Go-http-client/1.1
2024-07-17 23:30:23.021222 INFO: oop!unknow header: User-Agent: Go-http-client/1.1
2024-07-17 23:30:23.021227 INFO: X-Vegeta-Seq: 3155
2024-07-17 23:30:23.021233 INFO: oop!unknow header: X-Vegeta-Seq: 3155
2024-07-17 23:30:23.021240 INFO: Accept-Encoding: gzip
2024-07-17 23:30:23.021246 INFO: oop!unknow header: Accept-Encoding: gzip
2024-07-17 23:30:23.021253 INFO: 
2024-07-17 23:30:23.021271 INFO: request:HTTP/1.1 200 OK

2024-07-17 23:30:23.021310 INFO: request:HTTP/1.1 200 OK
Content-Length:542

2024-07-17 23:30:23.021316 INFO: request:HTTP/1.1 200 OK
Content-Length:542
Connection:close

2024-07-17 23:30:23.021321 INFO: request:HTTP/1.1 200 OK
Content-Length:542
Connection:close


2024-07-17 23:30:23.021330 INFO: Thread 140246122866240 is running task

2024-07-17 23:30:23.021339 INFO: eventNum: 1
2024-07-17 23:30:23.021344 INFO: fd: 16, events: 4

2024-07-17 23:30:23.021377 INFO: Thread 140246156437056 is running task

2024-07-17 23:30:23.026094 INFO: eventNum: 1
2024-07-17 23:30:23.026155 INFO: fd: 13, events: 1

2024-07-17 23:30:23.026172 INFO: HandleListenEvent 13
2024-07-17 23:30:23.026192 INFO: HttpConn 17 init success
2024-07-17 23:30:23.026199 INFO: addTimer id:17 expireTime:1721230723
2024-07-17 23:30:23.026211 INFO: Client[17] in!
2024-07-17 23:30:23.026216 INFO: HandleListenEvent 13
2024-07-17 23:30:23.026226 INFO: HttpConn 18 init success
2024-07-17 23:30:23.026231 INFO: addTimer id:18 expireTime:1721230723
2024-07-17 23:30:23.026239 INFO: Client[18] in!
2024-07-17 23:30:23.026243 INFO: HandleListenEvent 13
2024-07-17 23:30:23.026253 INFO: HttpConn 32 init success
2024-07-17 23:30:23.026258 INFO: addTimer id:32 expireTime:1721230723
2024-07-17 23:30:23.026266 INFO: Client[32] in!
2024-07-17 23:30:23.026270 INFO: HandleListenEvent 13
2024-07-17 23:30:23.026285 INFO: HttpConn 42 init success
2024-07-17 23:30:23.026300 INFO: addTimer id:42 expireTime:1721230723
2024-07-17 23:30:23.026312 INFO: Client[42] in!
2024-07-17 23:30:23.026319 INFO: HandleListenEvent 13
2024-07-17 23:30:23.026330 ERROR: Accept failure -1
2024-07-17 23:30:23.026336 INFO: eventNum: 3
2024-07-17 23:30:23.026340 INFO: fd: 17, events: 1

2024-07-17 23:30:23.026355 INFO: HttpConn 17 read success
2024-07-17 23:30:23.026366 INFO: GET / HTTP/1.1
2024-07-17 23:30:23.026371 INFO: Host: 39.98.202.182:9006
2024-07-17 23:30:23.026376 INFO: User-Agent: Go-http-client/1.1
2024-07-17 23:30:23.026381 INFO: oop!unknow header: User-Agent: Go-http-client/1.1
2024-07-17 23:30:23.026385 INFO: X-Vegeta-Seq: 3154
2024-07-17 23:30:23.026389 INFO: oop!unknow header: X-Vegeta-Seq: 3154
2024-07-17 23:30:23.026394 INFO: Accept-Encoding: gzip
2024-07-17 23:30:23.026398 INFO: oop!unknow header: Accept-Encoding: gzip
2024-07-17 23:30:23.026402 INFO: 
2024-07-17 23:30:23.026419 INFO: request:HTTP/1.1 200 OK

2024-07-17 23:30:23.026424 INFO: request:HTTP/1.1 200 OK
Content-Length:542

2024-07-17 23:30:23.026429 INFO: request:HTTP/1.1 200 OK
Content-Length:542
Connection:close

2024-07-17 23:30:23.026433 INFO: request:HTTP/1.1 200 OK
Content-Length:542
Connection:close


2024-07-17 23:30:23.026444 INFO: Thread 140246139651648 is running task

2024-07-17 23:30:23.026452 INFO: fd: 18, events: 1

2024-07-17 23:30:23.026463 INFO: HttpConn 18 read success
2024-07-17 23:30:23.026471 INFO: GET / HTTP/1.1
2024-07-17 23:30:23.026476 INFO: Host: 39.98.202.182:9006
2024-07-17 23:30:23.026480 INFO: User-Agent: Go-http-client/1.1
2024-07-17 23:30:23.026484 INFO: oop!unknow header: User-Agent: Go-http-client/1.1
2024-07-17 23:30:23.026489 INFO: X-Vegeta-Seq: 3158
2024-07-17 23:30:23.026493 INFO: oop!unknow header: X-Vegeta-Seq: 3158
2024-07-17 23:30:23.026503 INFO: Accept-Encoding: gzip
2024-07-17 23:30:23.026507 INFO: oop!unknow header: Accept-Encoding: gzip
2024-07-17 23:30:23.026511 INFO: 
2024-07-17 23:30:23.026523 INFO: request:HTTP/1.1 200 OK

2024-07-17 23:30:23.026528 INFO: request:HTTP/1.1 200 OK
Content-Length:542

2024-07-17 23:30:23.026532 INFO: request:HTTP/1.1 200 OK
Content-Length:542
Connection:close

2024-07-17 23:30:23.026536 INFO: request:HTTP/1.1 200 OK
Content-Length:542
Connection:close


2024-07-17 23:30:23.026543 INFO: Thread 140246097688128 is running task

2024-07-17 23:30:23.026550 INFO: fd: 42, events: 1

2024-07-17 23:30:23.026561 INFO: HttpConn 42 read success
2024-07-17 23:30:23.026569 INFO: GET / HTTP/1.1
2024-07-17 23:30:23.026574 INFO: Host: 39.98.202.182:9006
2024-07-17 23:30:23.026579 INFO: User-Agent: Go-http-client/1.1
2024-07-17 23:30:23.026583 INFO: oop!unknow header: User-Agent: Go-http-client/1.1
2024-07-17 23:30:23.026587 INFO: X-Vegeta-Seq: 3157
2024-07-17 23:30:23.026591 INFO: oop!unknow header: X-Vegeta-Seq: 3157
2024-07-17 23:30:23.026596 INFO: Accept-Encoding: gzip
2024-07-17 23:30:23.026600 INFO: oop!unknow header: Accept-Encoding: gzip
2024-07-17 23:30:23.026604 INFO: 
2024-07-17 23:30:23.026615 INFO: request:HTTP/1.1 200 OK

2024-07-17 23:30:23.026619 INFO: request:HTTP/1.1 200 OK
Content-Length:542

2024-07-17 23:30:23.026624 INFO: request:HTTP/1.1 200 OK
Content-Length:542
Connection:close

2024-07-17 23:30:23.026632 INFO: request:HTTP/1.1 200 OK
Content-Length:542
Connection:close


2024-07-17 23:30:23.026638 INFO: Thread 140246148044352 is running task

2024-07-17 23:30:23.026647 INFO: eventNum: 4
2024-07-17 23:30:23.026652 INFO: fd: 17, events: 4

2024-07-17 23:30:23.026687 INFO: Thread 140246114473536 is running task

2024-07-17 23:30:23.026697 INFO: fd: 18, events: 4

2024-07-17 23:30:23.026719 INFO: Thread 140246106080832 is running task

2024-07-17 23:30:23.026732 INFO: fd: 32, events: 1

2024-07-17 23:30:23.026743 INFO: HttpConn 32 read success
2024-07-17 23:30:23.026752 INFO: GET / HTTP/1.1
2024-07-17 23:30:23.026757 INFO: Host: 39.98.202.182:9006
2024-07-17 23:30:23.026761 INFO: User-Agent: Go-http-client/1.1
2024-07-17 23:30:23.026765 INFO: oop!unknow header: User-Agent: Go-http-client/1.1
2024-07-17 23:30:23.026777 INFO: X-Vegeta-Seq: 3153
2024-07-17 23:30:23.026784 INFO: oop!unknow header: X-Vegeta-Seq: 3153
2024-07-17 23:30:23.026791 INFO: Accept-Encoding: gzip
2024-07-17 23:30:23.026796 INFO: oop!unknow header: Accept-Encoding: gzip
2024-07-17 23:30:23.026803 INFO: 
2024-07-17 23:30:23.026820 INFO: request:HTTP/1.1 200 OK

2024-07-17 23:30:23.026828 INFO: request:HTTP/1.1 200 OK
Content-Length:542

2024-07-17 23:30:23.026834 INFO: request:HTTP/1.1 200 OK
Content-Length:542
Connection:close

2024-07-17 23:30:23.026841 INFO: request:HTTP/1.1 200 OK
Content-Length:542
Connection:close


2024-07-17 23:30:23.026852 INFO: Thread 140246131258944 is running task

2024-07-17 23:30:23.026938 INFO: fd: 42, events: 4

2024-07-17 23:30:23.026980 INFO: Thread 140246122866240 is running task

2024-07-17 23:30:23.026993 INFO: eventNum: 2
2024-07-17 23:30:23.026997 INFO: fd: 33, events: 8193

2024-07-17 23:30:23.027013 INFO: HttpConn 33 close success
2024-07-17 23:30:23.027021 INFO: Client[33] quit!
2024-07-17 23:30:23.027025 INFO: fd: 32, events: 4

2024-07-17 23:30:23.027048 INFO: Thread 140246156437056 is running task

2024-07-17 23:30:23.027061 INFO: eventNum: 1
2024-07-17 23:30:23.027066 INFO: fd: 29, events: 8193

2024-07-17 23:30:23.027079 INFO: HttpConn 29 close success
2024-07-17 23:30:23.033424 INFO: Client[29] quit!
2024-07-17 23:30:23.033464 INFO: eventNum: 5
2024-07-17 23:30:23.033470 INFO: fd: 13, events: 1

2024-07-17 23:30:23.033474 INFO: HandleListenEvent 13
2024-07-17 23:30:23.033505 INFO: HttpConn 29 init success
2024-07-17 23:30:23.033515 INFO: addTimer id:29 expireTime:1721230723
2024-07-17 23:30:23.033531 INFO: Client[29] in!
2024-07-17 23:30:23.033538 INFO: HandleListenEvent 13
2024-07-17 23:30:23.033557 INFO: HttpConn 33 init success
2024-07-17 23:30:23.033564 INFO: addTimer id:33 expireTime:1721230723
2024-07-17 23:30:23.033576 INFO: Client[33] in!
2024-07-17 23:30:23.033582 INFO: HandleListenEvent 13
2024-07-17 23:30:23.033595 INFO: HttpConn 43 init success
2024-07-17 23:30:23.033602 INFO: addTimer id:43 expireTime:1721230723
2024-07-17 23:30:23.033627 INFO: Client[43] in!
2024-07-17 23:30:23.033634 INFO: HandleListenEvent 13
2024-07-17 23:30:23.033649 ERROR: Accept failure -1
2024-07-17 23:30:23.033656 INFO: fd: 41, events: 8193

2024-07-17 23:30:23.033680 INFO: HttpConn 41 close success
2024-07-17 23:30:23.033689 INFO: Client[41] quit!
2024-07-17 23:30:23.033695 INFO: fd: 26, events: 8193

2024-07-17 23:30:23.033711 INFO: HttpConn 26 close success
2024-07-17 23:30:23.033718 INFO: Client[26] quit!
2024-07-17 23:30:23.033724 INFO: fd: 40, events: 8193

2024-07-17 23:30:23.033739 INFO: HttpConn 40 close success
2024-07-17 23:30:23.033745 INFO: Client[40] quit!
2024-07-17 23:30:23.033751 INFO: fd: 37, events: 8193

2024-07-17 23:30:23.033766 INFO: HttpConn 37 close success
2024-07-17 23:30:23.033773 INFO: Client[37] quit!
2024-07-17 23:30:23.033780 INFO: eventNum: 3
2024-07-17 23:30:23.033787 INFO: fd: 29, events: 1

2024-07-17 23:30:23.033806 INFO: fd: 33, events: 1

2024-07-17 23:30:23.033825 INFO: HttpConn 29 read success
2024-07-17 23:30:23.033861 INFO: GET / HTTP/1.1
2024-07-17 23:30:23.033869 INFO: Host: 39.98.202.182:9006
2024-07-17 23:30:23.033874 INFO: User-Agent: Go-http-client/1.1
2024-07-17 23:30:23.033878 INFO: oop!unknow header: User-Agent: Go-http-client/1.1
2024-07-17 23:30:23.033883 INFO: X-Vegeta-Seq: 3156
2024-07-17 23:30:23.033888 INFO: oop!unknow header: X-Vegeta-Seq: 3156
2024-07-17 23:30:23.033892 INFO: Accept-Encoding: gzip
2024-07-17 23:30:23.033896 INFO: oop!unknow header: Accept-Encoding: gzip
2024-07-17 23:30:23.033901 INFO: 
2024-07-17 23:30:23.033923 INFO: request:HTTP/1.1 200 OK

2024-07-17 23:30:23.033931 INFO: request:HTTP/1.1 200 OK
Content-Length:542

2024-07-17 23:30:23.033937 INFO: request:HTTP/1.1 200 OK
Content-Length:542
Connection:close

2024-07-17 23:30:23.033944 INFO: request:HTTP/1.1 200 OK
Content-Length:542
Connection:close


2024-07-17 23:30:23.033963 INFO: Thread 140246139651648 is running task

2024-07-17 23:30:23.034082 INFO: fd: 43, events: 1

2024-07-17 23:30:23.034089 INFO: HttpConn 33 read success
2024-07-17 23:30:23.034151 INFO: GET / HTTP/1.1
2024-07-17 23:30:23.034158 INFO: Host: 39.98.202.182:9006
2024-07-17 23:30:23.034163 INFO: User-Agent: Go-http-client/1.1
2024-07-17 23:30:23.034167 INFO: oop!unknow header: User-Agent: Go-http-client/1.1
2024-07-17 23:30:23.034172 INFO: X-Vegeta-Seq: 3159
2024-07-17 23:30:23.034176 INFO: oop!unknow header: X-Vegeta-Seq: 3159
2024-07-17 23:30:23.034181 INFO: Accept-Encoding: gzip
2024-07-17 23:30:23.034185 INFO: oop!unknow header: Accept-Encoding: gzip
2024-07-17 23:30:23.034189 INFO: 
2024-07-17 23:30:23.034205 INFO: request:HTTP/1.1 200 OK

2024-07-17 23:30:23.034210 INFO: request:HTTP/1.1 200 OK
Content-Length:542

2024-07-17 23:30:23.034215 INFO: request:HTTP/1.1 200 OK
Content-Length:542
Connection:close

2024-07-17 23:30:23.034219 INFO: request:HTTP/1.1 200 OK
Content-Length:542
Connection:close


2024-07-17 23:30:23.034231 INFO: Thread 140246097688128 is running task

2024-07-17 23:30:23.034129 INFO: eventNum: 1
2024-07-17 23:30:23.034698 INFO: fd: 29, events: 4

2024-07-17 23:30:23.034135 INFO: HttpConn 43 read success
2024-07-17 23:30:23.034721 INFO: eventNum: 1
2024-07-17 23:30:23.034730 INFO: fd: 33, events: 4

2024-07-17 23:30:23.034767 INFO: Thread 140246114473536 is running task

2024-07-17 23:30:23.034792 INFO: Thread 140246114473536 is running task

2024-07-17 23:30:23.034731 INFO: GET / HTTP/1.1
2024-07-17 23:30:23.034822 INFO: Host: 39.98.202.182:9006
2024-07-17 23:30:23.034830 INFO: User-Agent: Go-http-client/1.1
2024-07-17 23:30:23.034835 INFO: oop!unknow header: User-Agent: Go-http-client/1.1
2024-07-17 23:30:23.034839 INFO: X-Vegeta-Seq: 3160
2024-07-17 23:30:23.034844 INFO: oop!unknow header: X-Vegeta-Seq: 3160
2024-07-17 23:30:23.034848 INFO: Accept-Encoding: gzip
2024-07-17 23:30:23.034852 INFO: oop!unknow header: Accept-Encoding: gzip
2024-07-17 23:30:23.034857 INFO: 
2024-07-17 23:30:23.034872 INFO: request:HTTP/1.1 200 OK

2024-07-17 23:30:23.034877 INFO: request:HTTP/1.1 200 OK
Content-Length:542

2024-07-17 23:30:23.034881 INFO: request:HTTP/1.1 200 OK
Content-Length:542
Connection:close

2024-07-17 23:30:23.034886 INFO: request:HTTP/1.1 200 OK
Content-Length:542
Connection:close


2024-07-17 23:30:23.034894 INFO: Thread 140246148044352 is running task

2024-07-17 23:30:23.034937 INFO: eventNum: 2
2024-07-17 23:30:23.034948 INFO: fd: 31, events: 8193

2024-07-17 23:30:23.034969 INFO: HttpConn 31 close success
2024-07-17 23:30:23.034974 INFO: Client[31] quit!
2024-07-17 23:30:23.034979 INFO: fd: 43, events: 4

2024-07-17 23:30:23.035018 INFO: Thread 140246131258944 is running task

2024-07-17 23:30:23.035148 INFO: eventNum: 1
2024-07-17 23:30:23.035162 INFO: fd: 30, events: 8193

2024-07-17 23:30:23.035180 INFO: HttpConn 30 close success
2024-07-17 23:30:23.035188 INFO: Client[30] quit!
2024-07-17 23:30:23.035528 INFO: eventNum: 2
2024-07-17 23:30:23.035553 INFO: fd: 35, events: 8193

2024-07-17 23:30:23.035577 INFO: HttpConn 35 close success
2024-07-17 23:30:23.035584 INFO: Client[35] quit!
2024-07-17 23:30:23.035591 INFO: fd: 38, events: 8193

2024-07-17 23:30:23.035606 INFO: HttpConn 38 close success
2024-07-17 23:30:23.035612 INFO: Client[38] quit!
2024-07-17 23:30:23.036561 INFO: eventNum: 1
2024-07-17 23:30:23.036587 INFO: fd: 34, events: 8193

2024-07-17 23:30:23.036613 INFO: HttpConn 34 close success
2024-07-17 23:30:23.036620 INFO: Client[34] quit!
2024-07-17 23:30:23.036724 INFO: eventNum: 1
2024-07-17 23:30:23.036740 INFO: fd: 39, events: 8193

2024-07-17 23:30:23.036761 INFO: HttpConn 39 close success
2024-07-17 23:30:23.036770 INFO: Client[39] quit!
2024-07-17 23:30:23.036957 INFO: eventNum: 1
2024-07-17 23:30:23.036976 INFO: fd: 28, events: 8193

2024-07-17 23:30:23.036997 INFO: HttpConn 28 close success
2024-07-17 23:30:23.037004 INFO: Client[28] quit!
2024-07-17 23:30:23.037339 INFO: eventNum: 1
2024-07-17 23:30:23.037363 INFO: fd: 36, events: 8193

2024-07-17 23:30:23.037387 INFO: HttpConn 36 close success
2024-07-17 23:30:23.037403 INFO: Client[36] quit!
2024-07-17 23:30:23.038431 INFO: eventNum: 1
2024-07-17 23:30:23.038457 INFO: fd: 13, events: 1

2024-07-17 23:30:23.038463 INFO: HandleListenEvent 13
2024-07-17 23:30:23.038476 INFO: HttpConn 26 init success
2024-07-17 23:30:23.038484 INFO: addTimer id:26 expireTime:1721230723
2024-07-17 23:30:23.038509 INFO: Client[26] in!
2024-07-17 23:30:23.038516 INFO: HandleListenEvent 13
2024-07-17 23:30:23.038529 ERROR: Accept failure -1
2024-07-17 23:30:23.038612 INFO: eventNum: 1
2024-07-17 23:30:23.038623 INFO: fd: 13, events: 1

2024-07-17 23:30:23.038628 INFO: HandleListenEvent 13
2024-07-17 23:30:23.038642 INFO: HttpConn 28 init success
2024-07-17 23:30:23.038650 INFO: addTimer id:28 expireTime:1721230723
2024-07-17 23:30:23.038664 INFO: Client[28] in!
2024-07-17 23:30:23.038670 INFO: HandleListenEvent 13
2024-07-17 23:30:23.038683 ERROR: Accept failure -1
2024-07-17 23:30:23.039881 INFO: eventNum: 1
2024-07-17 23:30:23.039909 INFO: fd: 13, events: 1

2024-07-17 23:30:23.039916 INFO: HandleListenEvent 13
2024-07-17 23:30:23.039934 INFO: HttpConn 30 init success
2024-07-17 23:30:23.039943 INFO: addTimer id:30 expireTime:1721230723
2024-07-17 23:30:23.039954 INFO: Client[30] in!
2024-07-17 23:30:23.039958 INFO: HandleListenEvent 13
2024-07-17 23:30:23.039968 ERROR: Accept failure -1
2024-07-17 23:30:23.040139 INFO: eventNum: 1
2024-07-17 23:30:23.040153 INFO: fd: 28, events: 1

2024-07-17 23:30:23.040176 INFO: HttpConn 28 read success
2024-07-17 23:30:23.040204 INFO: GET / HTTP/1.1
2024-07-17 23:30:23.040214 INFO: Host: 39.98.202.182:9006
2024-07-17 23:30:23.040219 INFO: User-Agent: Go-http-client/1.1
2024-07-17 23:30:23.040224 INFO: oop!unknow header: User-Agent: Go-http-client/1.1
2024-07-17 23:30:23.040232 INFO: X-Vegeta-Seq: 3165
2024-07-17 23:30:23.040236 INFO: oop!unknow header: X-Vegeta-Seq: 3165
2024-07-17 23:30:23.040240 INFO: Accept-Encoding: gzip
2024-07-17 23:30:23.040245 INFO: oop!unknow header: Accept-Encoding: gzip
2024-07-17 23:30:23.040252 INFO: 
2024-07-17 23:30:23.040275 INFO: request:HTTP/1.1 200 OK

2024-07-17 23:30:23.040280 INFO: request:HTTP/1.1 200 OK
Content-Length:542

2024-07-17 23:30:23.040285 INFO: request:HTTP/1.1 200 OK
Content-Length:542
Connection:close

2024-07-17 23:30:23.040290 INFO: request:HTTP/1.1 200 OK
Content-Length:542
Connection:close


2024-07-17 23:30:23.040305 INFO: Thread 140246122866240 is running task

2024-07-17 23:30:23.040351 INFO: eventNum: 1
2024-07-17 23:30:23.040364 INFO: fd: 28, events: 4

2024-07-17 23:30:23.040414 INFO: Thread 140246156437056 is running task

2024-07-17 23:30:23.040625 INFO: eventNum: 1
2024-07-17 23:30:23.040655 INFO: fd: 16, events: 8193

2024-07-17 23:30:23.040673 INFO: HttpConn 16 close success
2024-07-17 23:30:23.040678 INFO: Client[16] quit!
2024-07-17 23:30:23.040683 INFO: eventNum: 1
2024-07-17 23:30:23.040688 INFO: fd: 26, events: 1

2024-07-17 23:30:23.040707 INFO: HttpConn 26 read success
2024-07-17 23:30:23.040726 INFO: GET / HTTP/1.1
2024-07-17 23:30:23.040733 INFO: Host: 39.98.202.182:9006
2024-07-17 23:30:23.040738 INFO: User-Agent: Go-http-client/1.1
2024-07-17 23:30:23.040742 INFO: oop!unknow header: User-Agent: Go-http-client/1.1
2024-07-17 23:30:23.040747 INFO: X-Vegeta-Seq: 3166
2024-07-17 23:30:23.040751 INFO: oop!unknow header: X-Vegeta-Seq: 3166
2024-07-17 23:30:23.040755 INFO: Accept-Encoding: gzip
2024-07-17 23:30:23.040760 INFO: oop!unknow header: Accept-Encoding: gzip
2024-07-17 23:30:23.040768 INFO: 
2024-07-17 23:30:23.040789 INFO: request:HTTP/1.1 200 OK

2024-07-17 23:30:23.040796 INFO: request:HTTP/1.1 200 OK
Content-Length:542

2024-07-17 23:30:23.040801 INFO: request:HTTP/1.1 200 OK
Content-Length:542
Connection:close

2024-07-17 23:30:23.040810 INFO: request:HTTP/1.1 200 OK
Content-Length:542
Connection:close


2024-07-17 23:30:23.040830 INFO: Thread 140246139651648 is running task

2024-07-17 23:30:23.040884 INFO: eventNum: 1
2024-07-17 23:30:23.040892 INFO: fd: 26, events: 4

2024-07-17 23:30:23.040934 INFO: Thread 140246097688128 is running task

2024-07-17 23:30:23.041012 INFO: eventNum: 1
2024-07-17 23:30:23.041023 INFO: fd: 30, events: 1

2024-07-17 23:30:23.041040 INFO: HttpConn 30 read success
2024-07-17 23:30:23.041054 INFO: GET / HTTP/1.1
2024-07-17 23:30:23.041060 INFO: Host: 39.98.202.182:9006
2024-07-17 23:30:23.041064 INFO: User-Agent: Go-http-client/1.1
2024-07-17 23:30:23.041069 INFO: oop!unknow header: User-Agent: Go-http-client/1.1
2024-07-17 23:30:23.041073 INFO: X-Vegeta-Seq: 3163
2024-07-17 23:30:23.041077 INFO: oop!unknow header: X-Vegeta-Seq: 3163
2024-07-17 23:30:23.041081 INFO: Accept-Encoding: gzip
2024-07-17 23:30:23.041086 INFO: oop!unknow header: Accept-Encoding: gzip
2024-07-17 23:30:23.041090 INFO: 
2024-07-17 23:30:23.041105 INFO: request:HTTP/1.1 200 OK

2024-07-17 23:30:23.041110 INFO: request:HTTP/1.1 200 OK
Content-Length:542

2024-07-17 23:30:23.041115 INFO: request:HTTP/1.1 200 OK
Content-Length:542
Connection:close

2024-07-17 23:30:23.041122 INFO: request:HTTP/1.1 200 OK
Content-Length:542
Connection:close


2024-07-17 23:30:23.041136 INFO: Thread 140246114473536 is running task

2024-07-17 23:30:23.041184 INFO: eventNum: 1
2024-07-17 23:30:23.041194 INFO: fd: 30, events: 4

2024-07-17 23:30:23.041238 INFO: Thread 140246106080832 is running task

2024-07-17 23:30:23.095543 INFO: eventNum: 1
2024-07-17 23:30:23.095616 INFO: fd: 18, events: 8193

2024-07-17 23:30:23.095668 INFO: HttpConn 18 close success
2024-07-17 23:30:23.095678 INFO: Client[18] quit!
2024-07-17 23:30:23.095686 INFO: eventNum: 1
2024-07-17 23:30:23.095698 INFO: fd: 42, events: 8193

2024-07-17 23:30:23.095715 INFO: HttpConn 42 close success
2024-07-17 23:30:23.095722 INFO: Client[42] quit!
2024-07-17 23:30:23.096425 INFO: eventNum: 2
2024-07-17 23:30:23.096456 INFO: fd: 17, events: 8193

2024-07-17 23:30:23.096477 INFO: HttpConn 17 close success
2024-07-17 23:30:23.096483 INFO: Client[17] quit!
2024-07-17 23:30:23.096605 INFO: fd: 13, events: 1

2024-07-17 23:30:23.096613 INFO: HandleListenEvent 13
2024-07-17 23:30:23.096638 INFO: HttpConn 16 init success
2024-07-17 23:30:23.096648 INFO: addTimer id:16 expireTime:1721230723
2024-07-17 23:30:23.096666 INFO: Client[16] in!
2024-07-17 23:30:23.096672 INFO: HandleListenEvent 13
2024-07-17 23:30:23.096685 ERROR: Accept failure -1
2024-07-17 23:30:23.096819 INFO: eventNum: 1
2024-07-17 23:30:23.096836 INFO: fd: 13, events: 1

2024-07-17 23:30:23.096844 INFO: HandleListenEvent 13
2024-07-17 23:30:23.096860 INFO: HttpConn 17 init success
2024-07-17 23:30:23.096869 INFO: addTimer id:17 expireTime:1721230723
2024-07-17 23:30:23.096881 INFO: Client[17] in!
2024-07-17 23:30:23.096885 INFO: HandleListenEvent 13
2024-07-17 23:30:23.096896 ERROR: Accept failure -1
2024-07-17 23:30:23.097687 INFO: eventNum: 1
2024-07-17 23:30:23.097712 INFO: fd: 13, events: 1

2024-07-17 23:30:23.097719 INFO: HandleListenEvent 13
2024-07-17 23:30:23.097736 INFO: HttpConn 18 init success
2024-07-17 23:30:23.097743 INFO: addTimer id:18 expireTime:1721230723
2024-07-17 23:30:23.097756 INFO: Client[18] in!
2024-07-17 23:30:23.097763 INFO: HandleListenEvent 13
