2024-07-17 23:30:21.447578 INFO: X-Vegeta-Seq: 2361
2024-07-17 23:30:21.447633 INFO: oop!unknow header: X-Vegeta-Seq: 2361
2024-07-17 23:30:21.447638 INFO: Accept-Encoding: gzip
2024-07-17 23:30:21.447642 INFO: oop!unknow header: Accept-Encoding: gzip
2024-07-17 23:30:21.447646 INFO: 
2024-07-17 23:30:21.447668 INFO: request:HTTP/1.1 200 OK

2024-07-17 23:30:21.447673 INFO: request:HTTP/1.1 200 OK
Content-Length:542

2024-07-17 23:30:21.447678 INFO: request:HTTP/1.1 200 OK
Content-Length:542
Connection:close

2024-07-17 23:30:21.447682 INFO: request:HTTP/1.1 200 OK
Content-Length:542
Connection:close


2024-07-17 23:30:21.447699 INFO: Thread 140246139651648 is running task

2024-07-17 23:30:21.447709 INFO: eventNum: 1
2024-07-17 23:30:21.447714 INFO: fd: 33, events: 4

2024-07-17 23:30:21.447775 INFO: Thread 140246114473536 is running task

2024-07-17 23:30:21.448186 INFO: eventNum: 1
2024-07-17 23:30:21.448204 INFO: fd: 34, events: 1

2024-07-17 23:30:21.448223 INFO: HttpConn 34 read success
2024-07-17 23:30:21.448243 INFO: GET / HTTP/1.1
2024-07-17 23:30:21.448251 INFO: Host: 39.98.202.182:9006
2024-07-17 23:30:21.448261 INFO: User-Agent: Go-http-client/1.1
2024-07-17 23:30:21.448268 INFO: oop!unknow header: User-Agent: Go-http-client/1.1
2024-07-17 23:30:21.448274 INFO: X-Vegeta-Seq: 2362
2024-07-17 23:30:21.448281 INFO: oop!unknow header: X-Vegeta-Seq: 2362
2024-07-17 23:30:21.448288 INFO: Accept-Encoding: gzip
2024-07-17 23:30:21.448294 INFO: oop!unknow header: Accept-Encoding: gzip
2024-07-17 23:30:21.448298 INFO: 
2024-07-17 23:30:21.448319 INFO: request:HTTP/1.1 200 OK

2024-07-17 23:30:21.448324 INFO: request:HTTP/1.1 200 OK
Content-Length:542

2024-07-17 23:30:21.448328 INFO: request:HTTP/1.1 200 OK
Content-Length:542
Connection:close

2024-07-17 23:30:21.448333 INFO: request:HTTP/1.1 200 OK
Content-Length:542
Connection:close


2024-07-17 23:30:21.448353 INFO: eventNum: 1
2024-07-17 23:30:21.448356 INFO: Thread 140246148044352 is running task

2024-07-17 23:30:21.448370 INFO: fd: 34, events: 4

2024-07-17 23:30:21.448431 INFO: Thread 140246131258944 is running task

2024-07-17 23:30:21.448627 INFO: eventNum: 1
2024-07-17 23:30:21.448643 INFO: fd: 31, events: 1

2024-07-17 23:30:21.448656 INFO: HttpConn 31 read success
2024-07-17 23:30:21.448671 INFO: GET / HTTP/1.1
2024-07-17 23:30:21.448677 INFO: Host: 39.98.202.182:9006
2024-07-17 23:30:21.448682 INFO: User-Agent: Go-http-client/1.1
2024-07-17 23:30:21.448689 INFO: oop!unknow header: User-Agent: Go-http-client/1.1
2024-07-17 23:30:21.448694 INFO: X-Vegeta-Seq: 2360
2024-07-17 23:30:21.448698 INFO: oop!unknow header: X-Vegeta-Seq: 2360
2024-07-17 23:30:21.448702 INFO: Accept-Encoding: gzip
2024-07-17 23:30:21.448707 INFO: oop!unknow header: Accept-Encoding: gzip
2024-07-17 23:30:21.448711 INFO: 
2024-07-17 23:30:21.448726 INFO: request:HTTP/1.1 200 OK

2024-07-17 23:30:21.448731 INFO: request:HTTP/1.1 200 OK
Content-Length:542

2024-07-17 23:30:21.448735 INFO: request:HTTP/1.1 200 OK
Content-Length:542
Connection:close

2024-07-17 23:30:21.448739 INFO: request:HTTP/1.1 200 OK
Content-Length:542
Connection:close


2024-07-17 23:30:21.448748 INFO: Thread 140246106080832 is running task

2024-07-17 23:30:21.448757 INFO: eventNum: 3
2024-07-17 23:30:21.448762 INFO: fd: 29, events: 1

2024-07-17 23:30:21.448775 INFO: HttpConn 29 read success
2024-07-17 23:30:21.448784 INFO: GET / HTTP/1.1
2024-07-17 23:30:21.448789 INFO: Host: 39.98.202.182:9006
2024-07-17 23:30:21.448794 INFO: User-Agent: Go-http-client/1.1
2024-07-17 23:30:21.448798 INFO: oop!unknow header: User-Agent: Go-http-client/1.1
2024-07-17 23:30:21.448802 INFO: X-Vegeta-Seq: 2359
2024-07-17 23:30:21.448814 INFO: oop!unknow header: X-Vegeta-Seq: 2359
2024-07-17 23:30:21.448818 INFO: Accept-Encoding: gzip
2024-07-17 23:30:21.448822 INFO: oop!unknow header: Accept-Encoding: gzip
2024-07-17 23:30:21.448827 INFO: 
2024-07-17 23:30:21.448840 INFO: request:HTTP/1.1 200 OK

2024-07-17 23:30:21.448845 INFO: request:HTTP/1.1 200 OK
Content-Length:542

2024-07-17 23:30:21.448849 INFO: request:HTTP/1.1 200 OK
Content-Length:542
Connection:close

2024-07-17 23:30:21.448860 INFO: request:HTTP/1.1 200 OK
Content-Length:542
Connection:close


2024-07-17 23:30:21.448868 INFO: Thread 140246097688128 is running task

2024-07-17 23:30:21.448875 INFO: fd: 26, events: 1

2024-07-17 23:30:21.448885 INFO: fd: 31, events: 4

2024-07-17 23:30:21.448905 INFO: eventNum: 2
2024-07-17 23:30:21.448944 INFO: fd: 18, events: 1

2024-07-17 23:30:21.448912 INFO: HttpConn 26 read success
2024-07-17 23:30:21.448934 INFO: Thread 140246122866240 is running task

2024-07-17 23:30:21.448966 INFO: HttpConn 18 read success
2024-07-17 23:30:21.449010 INFO: GET / HTTP/1.1
2024-07-17 23:30:21.449016 INFO: Host: 39.98.202.182:9006
2024-07-17 23:30:21.449020 INFO: User-Agent: Go-http-client/1.1
2024-07-17 23:30:21.449024 INFO: oop!unknow header: User-Agent: Go-http-client/1.1
2024-07-17 23:30:21.449029 INFO: X-Vegeta-Seq: 2357
2024-07-17 23:30:21.449033 INFO: oop!unknow header: X-Vegeta-Seq: 2357
2024-07-17 23:30:21.449037 INFO: Accept-Encoding: gzip
2024-07-17 23:30:21.449041 INFO: oop!unknow header: Accept-Encoding: gzip
2024-07-17 23:30:21.449045 INFO: 
2024-07-17 23:30:21.449058 INFO: request:HTTP/1.1 200 OK

2024-07-17 23:30:21.449063 INFO: request:HTTP/1.1 200 OK
Content-Length:542

2024-07-17 23:30:21.449067 INFO: request:HTTP/1.1 200 OK
Content-Length:542
Connection:close

2024-07-17 23:30:21.449072 INFO: request:HTTP/1.1 200 OK
Content-Length:542
Connection:close


2024-07-17 23:30:21.449079 INFO: Thread 140246139651648 is running task

2024-07-17 23:30:21.448987 INFO: GET / HTTP/1.1
2024-07-17 23:30:21.449092 INFO: Host: 39.98.202.182:9006
2024-07-17 23:30:21.449096 INFO: User-Agent: Go-http-client/1.1
2024-07-17 23:30:21.449101 INFO: oop!unknow header: User-Agent: Go-http-client/1.1
2024-07-17 23:30:21.449105 INFO: X-Vegeta-Seq: 2356
2024-07-17 23:30:21.449110 INFO: oop!unknow header: X-Vegeta-Seq: 2356
2024-07-17 23:30:21.449114 INFO: Accept-Encoding: gzip
2024-07-17 23:30:21.449118 INFO: oop!unknow header: Accept-Encoding: gzip
2024-07-17 23:30:21.449122 INFO: 
2024-07-17 23:30:21.449133 INFO: request:HTTP/1.1 200 OK

2024-07-17 23:30:21.449137 INFO: request:HTTP/1.1 200 OK
Content-Length:542

2024-07-17 23:30:21.449142 INFO: request:HTTP/1.1 200 OK
Content-Length:542
Connection:close

2024-07-17 23:30:21.449146 INFO: request:HTTP/1.1 200 OK
Content-Length:542
Connection:close


2024-07-17 23:30:21.449153 INFO: Thread 140246156437056 is running task

2024-07-17 23:30:21.448970 INFO: fd: 29, events: 4

2024-07-17 23:30:21.449169 INFO: eventNum: 3
2024-07-17 23:30:21.449174 INFO: fd: 13, events: 1

2024-07-17 23:30:21.449179 INFO: HandleListenEvent 13
2024-07-17 23:30:21.449192 INFO: HttpConn 28 init success
2024-07-17 23:30:21.449201 INFO: addTimer id:28 expireTime:1721230721
2024-07-17 23:30:21.449206 INFO: Thread 140246114473536 is running task

2024-07-17 23:30:21.449211 INFO: Client[28] in!
2024-07-17 23:30:21.449239 INFO: HandleListenEvent 13
2024-07-17 23:30:21.449249 ERROR: Accept failure -1
2024-07-17 23:30:21.449253 INFO: fd: 18, events: 4

2024-07-17 23:30:21.449262 INFO: fd: 26, events: 4

2024-07-17 23:30:21.449291 INFO: Thread 140246148044352 is running task

2024-07-17 23:30:21.449298 INFO: Thread 140246131258944 is running task

2024-07-17 23:30:21.449412 INFO: eventNum: 1
2024-07-17 23:30:21.449444 INFO: fd: 13, events: 1

2024-07-17 23:30:21.449452 INFO: HandleListenEvent 13
2024-07-17 23:30:21.449468 INFO: HttpConn 32 init success
2024-07-17 23:30:21.449474 INFO: addTimer id:32 expireTime:1721230721
2024-07-17 23:30:21.449482 INFO: Client[32] in!
2024-07-17 23:30:21.449487 INFO: HandleListenEvent 13
2024-07-17 23:30:21.449497 INFO: HttpConn 35 init success
2024-07-17 23:30:21.449525 INFO: addTimer id:35 expireTime:1721230721
2024-07-17 23:30:21.449533 INFO: Client[35] in!
2024-07-17 23:30:21.449537 INFO: HandleListenEvent 13
2024-07-17 23:30:21.449547 INFO: HttpConn 36 init success
2024-07-17 23:30:21.449552 INFO: addTimer id:36 expireTime:1721230721
2024-07-17 23:30:21.449560 INFO: Client[36] in!
2024-07-17 23:30:21.449568 INFO: HandleListenEvent 13
2024-07-17 23:30:21.449576 ERROR: Accept failure -1
2024-07-17 23:30:21.449680 INFO: eventNum: 1
2024-07-17 23:30:21.449691 INFO: fd: 13, events: 1

2024-07-17 23:30:21.449695 INFO: HandleListenEvent 13
2024-07-17 23:30:21.449706 INFO: HttpConn 37 init success
2024-07-17 23:30:21.449711 INFO: addTimer id:37 expireTime:1721230721
2024-07-17 23:30:21.449719 INFO: Client[37] in!
2024-07-17 23:30:21.449724 INFO: HandleListenEvent 13
2024-07-17 23:30:21.449732 ERROR: Accept failure -1
2024-07-17 23:30:21.449776 INFO: eventNum: 1
2024-07-17 23:30:21.449782 INFO: fd: 17, events: 8193

2024-07-17 23:30:21.449798 INFO: HttpConn 17 close success
2024-07-17 23:30:21.449806 INFO: Client[17] quit!
2024-07-17 23:30:21.449903 INFO: eventNum: 1
2024-07-17 23:30:21.449913 INFO: fd: 30, events: 8193

2024-07-17 23:30:21.449927 INFO: HttpConn 30 close success
2024-07-17 23:30:21.449934 INFO: Client[30] quit!
2024-07-17 23:30:21.449939 INFO: eventNum: 1
2024-07-17 23:30:21.449943 INFO: fd: 13, events: 1

2024-07-17 23:30:21.449948 INFO: HandleListenEvent 13
2024-07-17 23:30:21.449958 INFO: HttpConn 17 init success
2024-07-17 23:30:21.449963 INFO: addTimer id:17 expireTime:1721230721
2024-07-17 23:30:21.449972 INFO: Client[17] in!
2024-07-17 23:30:21.449976 INFO: HandleListenEvent 13
2024-07-17 23:30:21.449983 ERROR: Accept failure -1
2024-07-17 23:30:21.450299 INFO: eventNum: 1
2024-07-17 23:30:21.450311 INFO: fd: 13, events: 1

2024-07-17 23:30:21.450316 INFO: HandleListenEvent 13
2024-07-17 23:30:21.450324 INFO: HttpConn 30 init success
2024-07-17 23:30:21.450330 INFO: addTimer id:30 expireTime:1721230721
2024-07-17 23:30:21.450338 INFO: Client[30] in!
2024-07-17 23:30:21.450342 INFO: HandleListenEvent 13
2024-07-17 23:30:21.450350 ERROR: Accept failure -1
2024-07-17 23:30:21.450697 INFO: eventNum: 1
2024-07-17 23:30:21.450713 INFO: fd: 30, events: 1

2024-07-17 23:30:21.450726 INFO: HttpConn 30 read success
2024-07-17 23:30:21.450734 INFO: GET / HTTP/1.1
2024-07-17 23:30:21.450740 INFO: Host: 39.98.202.182:9006
2024-07-17 23:30:21.450744 INFO: User-Agent: Go-http-client/1.1
2024-07-17 23:30:21.450749 INFO: oop!unknow header: User-Agent: Go-http-client/1.1
2024-07-17 23:30:21.450753 INFO: X-Vegeta-Seq: 2369
2024-07-17 23:30:21.450757 INFO: oop!unknow header: X-Vegeta-Seq: 2369
2024-07-17 23:30:21.450762 INFO: Accept-Encoding: gzip
2024-07-17 23:30:21.450766 INFO: oop!unknow header: Accept-Encoding: gzip
2024-07-17 23:30:21.450770 INFO: 
2024-07-17 23:30:21.450785 INFO: request:HTTP/1.1 200 OK

2024-07-17 23:30:21.450790 INFO: request:HTTP/1.1 200 OK
Content-Length:542

2024-07-17 23:30:21.450794 INFO: request:HTTP/1.1 200 OK
Content-Length:542
Connection:close

2024-07-17 23:30:21.450799 INFO: request:HTTP/1.1 200 OK
Content-Length:542
Connection:close


2024-07-17 23:30:21.450808 INFO: Thread 140246106080832 is running task

2024-07-17 23:30:21.450817 INFO: eventNum: 2
2024-07-17 23:30:21.450821 INFO: fd: 36, events: 1

2024-07-17 23:30:21.450832 INFO: HttpConn 36 read success
2024-07-17 23:30:21.450839 INFO: GET / HTTP/1.1
2024-07-17 23:30:21.450844 INFO: Host: 39.98.202.182:9006
2024-07-17 23:30:21.450851 INFO: User-Agent: Go-http-client/1.1
2024-07-17 23:30:21.450855 INFO: oop!unknow header: User-Agent: Go-http-client/1.1
2024-07-17 23:30:21.450860 INFO: X-Vegeta-Seq: 2367
2024-07-17 23:30:21.450864 INFO: oop!unknow header: X-Vegeta-Seq: 2367
2024-07-17 23:30:21.450869 INFO: Accept-Encoding: gzip
2024-07-17 23:30:21.450873 INFO: oop!unknow header: Accept-Encoding: gzip
2024-07-17 23:30:21.450877 INFO: 
2024-07-17 23:30:21.450888 INFO: request:HTTP/1.1 200 OK

2024-07-17 23:30:21.450893 INFO: request:HTTP/1.1 200 OK
Content-Length:542

2024-07-17 23:30:21.450897 INFO: request:HTTP/1.1 200 OK
Content-Length:542
Connection:close

2024-07-17 23:30:21.450902 INFO: request:HTTP/1.1 200 OK
Content-Length:542
Connection:close


2024-07-17 23:30:21.450908 INFO: Thread 140246097688128 is running task

2024-07-17 23:30:21.450916 INFO: fd: 30, events: 4

2024-07-17 23:30:21.450949 INFO: Thread 140246122866240 is running task

2024-07-17 23:30:21.450965 INFO: eventNum: 2
2024-07-17 23:30:21.450970 INFO: fd: 28, events: 1

2024-07-17 23:30:21.450981 INFO: HttpConn 28 read success
2024-07-17 23:30:21.450988 INFO: GET / HTTP/1.1
2024-07-17 23:30:21.450993 INFO: Host: 39.98.202.182:9006
2024-07-17 23:30:21.450997 INFO: User-Agent: Go-http-client/1.1
2024-07-17 23:30:21.451001 INFO: oop!unknow header: User-Agent: Go-http-client/1.1
2024-07-17 23:30:21.451006 INFO: X-Vegeta-Seq: 2366
2024-07-17 23:30:21.451010 INFO: oop!unknow header: X-Vegeta-Seq: 2366
2024-07-17 23:30:21.451014 INFO: Accept-Encoding: gzip
2024-07-17 23:30:21.451018 INFO: oop!unknow header: Accept-Encoding: gzip
2024-07-17 23:30:21.451023 INFO: 
2024-07-17 23:30:21.451034 INFO: request:HTTP/1.1 200 OK

2024-07-17 23:30:21.451039 INFO: request:HTTP/1.1 200 OK
Content-Length:542

2024-07-17 23:30:21.451043 INFO: request:HTTP/1.1 200 OK
Content-Length:542
Connection:close

2024-07-17 23:30:21.451048 INFO: request:HTTP/1.1 200 OK
Content-Length:542
Connection:close


2024-07-17 23:30:21.451054 INFO: Thread 140246139651648 is running task

2024-07-17 23:30:21.451061 INFO: fd: 36, events: 4

2024-07-17 23:30:21.451083 INFO: Thread 140246156437056 is running task

2024-07-17 23:30:21.451095 INFO: eventNum: 1
2024-07-17 23:30:21.451100 INFO: fd: 28, events: 4

2024-07-17 23:30:21.451142 INFO: Thread 140246114473536 is running task

2024-07-17 23:30:21.451214 INFO: eventNum: 1
2024-07-17 23:30:21.451227 INFO: fd: 37, events: 1

2024-07-17 23:30:21.451243 INFO: HttpConn 37 read success
2024-07-17 23:30:21.451259 INFO: GET / HTTP/1.1
2024-07-17 23:30:21.451265 INFO: Host: 39.98.202.182:9006
2024-07-17 23:30:21.451270 INFO: User-Agent: Go-http-client/1.1
2024-07-17 23:30:21.451274 INFO: oop!unknow header: User-Agent: Go-http-client/1.1
2024-07-17 23:30:21.451293 INFO: eventNum: 2
2024-07-17 23:30:21.451296 INFO: X-Vegeta-Seq: 2363
2024-07-17 23:30:21.451319 INFO: oop!unknow header: X-Vegeta-Seq: 2363
2024-07-17 23:30:21.451308 INFO: fd: 32, events: 1

2024-07-17 23:30:21.451324 INFO: Accept-Encoding: gzip
2024-07-17 23:30:21.451340 INFO: HttpConn 32 read success
2024-07-17 23:30:21.451341 INFO: oop!unknow header: Accept-Encoding: gzip
2024-07-17 23:30:21.451363 INFO: fd: 35, events: 1

2024-07-17 23:30:21.451358 INFO: GET / HTTP/1.1
2024-07-17 23:30:21.451367 INFO: 
2024-07-17 23:30:21.451395 INFO: HttpConn 35 read success
2024-07-17 23:30:21.451403 INFO: GET / HTTP/1.1
2024-07-17 23:30:21.451408 INFO: Host: 39.98.202.182:9006
2024-07-17 23:30:21.451386 INFO: Host: 39.98.202.182:9006
2024-07-17 23:30:21.451409 INFO: request:HTTP/1.1 200 OK

2024-07-17 23:30:21.451416 INFO: User-Agent: Go-http-client/1.1
2024-07-17 23:30:21.451435 INFO: request:HTTP/1.1 200 OK
Content-Length:542

2024-07-17 23:30:21.451449 INFO: request:HTTP/1.1 200 OK
Content-Length:542
Connection:close

2024-07-17 23:30:21.451437 INFO: oop!unknow header: User-Agent: Go-http-client/1.1
2024-07-17 23:30:21.451484 INFO: X-Vegeta-Seq: 2364
2024-07-17 23:30:21.451489 INFO: oop!unknow header: X-Vegeta-Seq: 2364
2024-07-17 23:30:21.451494 INFO: Accept-Encoding: gzip
2024-07-17 23:30:21.451517 INFO: oop!unknow header: Accept-Encoding: gzip
2024-07-17 23:30:21.451522 INFO: 
2024-07-17 23:30:21.451537 INFO: request:HTTP/1.1 200 OK

2024-07-17 23:30:21.451541 INFO: request:HTTP/1.1 200 OK
Content-Length:542

2024-07-17 23:30:21.451546 INFO: request:HTTP/1.1 200 OK
Content-Length:542
Connection:close

2024-07-17 23:30:21.451550 INFO: request:HTTP/1.1 200 OK
Content-Length:542
Connection:close


2024-07-17 23:30:21.451558 INFO: Thread 140246106080832 is running task

2024-07-17 23:30:21.451426 INFO: User-Agent: Go-http-client/1.1
2024-07-17 23:30:21.451474 INFO: request:HTTP/1.1 200 OK
Content-Length:542
Connection:close


2024-07-17 23:30:21.451581 INFO: oop!unknow header: User-Agent: Go-http-client/1.1
2024-07-17 23:30:21.451591 INFO: eventNum: 2
2024-07-17 23:30:21.451628 INFO: fd: 16, events: 8193

2024-07-17 23:30:21.451606 INFO: Thread 140246148044352 is running task

2024-07-17 23:30:21.451608 INFO: X-Vegeta-Seq: 2365
2024-07-17 23:30:21.451671 INFO: oop!unknow header: X-Vegeta-Seq: 2365
2024-07-17 23:30:21.451676 INFO: Accept-Encoding: gzip
2024-07-17 23:30:21.451680 INFO: oop!unknow header: Accept-Encoding: gzip
2024-07-17 23:30:21.451685 INFO: 
2024-07-17 23:30:21.451698 INFO: request:HTTP/1.1 200 OK

2024-07-17 23:30:21.451703 INFO: request:HTTP/1.1 200 OK
Content-Length:542

2024-07-17 23:30:21.451707 INFO: request:HTTP/1.1 200 OK
Content-Length:542
Connection:close

2024-07-17 23:30:21.451733 INFO: request:HTTP/1.1 200 OK
Content-Length:542
Connection:close


2024-07-17 23:30:21.451743 INFO: Thread 140246131258944 is running task

2024-07-17 23:30:21.451750 INFO: HttpConn 16 close success
2024-07-17 23:30:21.451755 INFO: Client[16] quit!
2024-07-17 23:30:21.451760 INFO: fd: 35, events: 4

2024-07-17 23:30:21.451785 INFO: Thread 140246097688128 is running task

2024-07-17 23:30:21.451798 INFO: eventNum: 2
2024-07-17 23:30:21.451803 INFO: fd: 37, events: 4

2024-07-17 23:30:21.451824 INFO: Thread 140246122866240 is running task

2024-07-17 23:30:21.451838 INFO: fd: 32, events: 4

2024-07-17 23:30:21.451860 INFO: Thread 140246139651648 is running task

2024-07-17 23:30:21.451873 INFO: eventNum: 1
2024-07-17 23:30:21.451878 INFO: fd: 17, events: 1

2024-07-17 23:30:21.451888 INFO: HttpConn 17 read success
2024-07-17 23:30:21.451896 INFO: GET / HTTP/1.1
2024-07-17 23:30:21.451901 INFO: Host: 39.98.202.182:9006
2024-07-17 23:30:21.451906 INFO: User-Agent: Go-http-client/1.1
2024-07-17 23:30:21.451910 INFO: oop!unknow header: User-Agent: Go-http-client/1.1
2024-07-17 23:30:21.451915 INFO: X-Vegeta-Seq: 2368
2024-07-17 23:30:21.451919 INFO: oop!unknow header: X-Vegeta-Seq: 2368
2024-07-17 23:30:21.451923 INFO: Accept-Encoding: gzip
2024-07-17 23:30:21.451927 INFO: oop!unknow header: Accept-Encoding: gzip
2024-07-17 23:30:21.451931 INFO: 
2024-07-17 23:30:21.451944 INFO: request:HTTP/1.1 200 OK

2024-07-17 23:30:21.451949 INFO: request:HTTP/1.1 200 OK
Content-Length:542

2024-07-17 23:30:21.451953 INFO: request:HTTP/1.1 200 OK
Content-Length:542
Connection:close

2024-07-17 23:30:21.451957 INFO: request:HTTP/1.1 200 OK
Content-Length:542
Connection:close


2024-07-17 23:30:21.451964 INFO: Thread 140246156437056 is running task

2024-07-17 23:30:21.451971 INFO: eventNum: 1
2024-07-17 23:30:21.451976 INFO: fd: 17, events: 4

2024-07-17 23:30:21.452015 INFO: Thread 140246114473536 is running task

2024-07-17 23:30:21.454555 INFO: eventNum: 1
2024-07-17 23:30:21.454579 INFO: fd: 13, events: 1

2024-07-17 23:30:21.454585 INFO: HandleListenEvent 13
2024-07-17 23:30:21.454600 INFO: HttpConn 16 init success
2024-07-17 23:30:21.454607 INFO: addTimer id:16 expireTime:1721230721
2024-07-17 23:30:21.454616 INFO: Client[16] in!
2024-07-17 23:30:21.454621 INFO: HandleListenEvent 13
2024-07-17 23:30:21.454630 ERROR: Accept failure -1
2024-07-17 23:30:21.454757 INFO: eventNum: 1
2024-07-17 23:30:21.454769 INFO: fd: 13, events: 1

2024-07-17 23:30:21.454773 INFO: HandleListenEvent 13
2024-07-17 23:30:21.454784 INFO: HttpConn 38 init success
2024-07-17 23:30:21.454789 INFO: addTimer id:38 expireTime:1721230721
2024-07-17 23:30:21.454798 INFO: Client[38] in!
2024-07-17 23:30:21.454802 INFO: HandleListenEvent 13
2024-07-17 23:30:21.454810 ERROR: Accept failure -1
2024-07-17 23:30:21.455959 INFO: eventNum: 1
2024-07-17 23:30:21.455976 INFO: fd: 16, events: 1

2024-07-17 23:30:21.455990 INFO: HttpConn 16 read success
2024-07-17 23:30:21.456000 INFO: GET / HTTP/1.1
2024-07-17 23:30:21.456006 INFO: Host: 39.98.202.182:9006
2024-07-17 23:30:21.456011 INFO: User-Agent: Go-http-client/1.1
2024-07-17 23:30:21.456015 INFO: oop!unknow header: User-Agent: Go-http-client/1.1
2024-07-17 23:30:21.456019 INFO: X-Vegeta-Seq: 2372
2024-07-17 23:30:21.456024 INFO: oop!unknow header: X-Vegeta-Seq: 2372
2024-07-17 23:30:21.456028 INFO: Accept-Encoding: gzip
2024-07-17 23:30:21.456032 INFO: oop!unknow header: Accept-Encoding: gzip
2024-07-17 23:30:21.456037 INFO: 
2024-07-17 23:30:21.456056 INFO: request:HTTP/1.1 200 OK

2024-07-17 23:30:21.456066 INFO: request:HTTP/1.1 200 OK
Content-Length:542

2024-07-17 23:30:21.456071 INFO: request:HTTP/1.1 200 OK
Content-Length:542
Connection:close

2024-07-17 23:30:21.456075 INFO: request:HTTP/1.1 200 OK
Content-Length:542
Connection:close


2024-07-17 23:30:21.456086 INFO: Thread 140246106080832 is running task

2024-07-17 23:30:21.456095 INFO: eventNum: 1
2024-07-17 23:30:21.456100 INFO: fd: 16, events: 4

2024-07-17 23:30:21.456146 INFO: Thread 140246148044352 is running task

2024-07-17 23:30:21.456601 INFO: eventNum: 1
2024-07-17 23:30:21.456617 INFO: fd: 38, events: 1

2024-07-17 23:30:21.456628 INFO: HttpConn 38 read success
2024-07-17 23:30:21.456637 INFO: GET / HTTP/1.1
2024-07-17 23:30:21.456642 INFO: Host: 39.98.202.182:9006
2024-07-17 23:30:21.456647 INFO: User-Agent: Go-http-client/1.1
2024-07-17 23:30:21.456651 INFO: oop!unknow header: User-Agent: Go-http-client/1.1
2024-07-17 23:30:21.456655 INFO: X-Vegeta-Seq: 2371
2024-07-17 23:30:21.456659 INFO: oop!unknow header: X-Vegeta-Seq: 2371
2024-07-17 23:30:21.456664 INFO: Accept-Encoding: gzip
2024-07-17 23:30:21.456668 INFO: oop!unknow header: Accept-Encoding: gzip
2024-07-17 23:30:21.456673 INFO: 
2024-07-17 23:30:21.456690 INFO: request:HTTP/1.1 200 OK

2024-07-17 23:30:21.456697 INFO: request:HTTP/1.1 200 OK
Content-Length:542

2024-07-17 23:30:21.456703 INFO: request:HTTP/1.1 200 OK
Content-Length:542
Connection:close

2024-07-17 23:30:21.456709 INFO: request:HTTP/1.1 200 OK
Content-Length:542
Connection:close


2024-07-17 23:30:21.456720 INFO: Thread 140246131258944 is running task

2024-07-17 23:30:21.456732 INFO: eventNum: 1
2024-07-17 23:30:21.456739 INFO: fd: 38, events: 4

2024-07-17 23:30:21.456771 INFO: Thread 140246097688128 is running task

2024-07-17 23:30:21.457082 INFO: eventNum: 1
2024-07-17 23:30:21.457112 INFO: fd: 13, events: 1

2024-07-17 23:30:21.457120 INFO: HandleListenEvent 13
2024-07-17 23:30:21.457146 INFO: HttpConn 39 init success
2024-07-17 23:30:21.457155 INFO: addTimer id:39 expireTime:1721230721
2024-07-17 23:30:21.457167 INFO: Client[39] in!
2024-07-17 23:30:21.457171 INFO: HandleListenEvent 13
2024-07-17 23:30:21.457181 ERROR: Accept failure -1
2024-07-17 23:30:21.457855 INFO: eventNum: 1
2024-07-17 23:30:21.457878 INFO: fd: 39, events: 1

2024-07-17 23:30:21.457899 INFO: HttpConn 39 read success
2024-07-17 23:30:21.457912 INFO: GET / HTTP/1.1
2024-07-17 23:30:21.457918 INFO: Host: 39.98.202.182:9006
2024-07-17 23:30:21.457923 INFO: User-Agent: Go-http-client/1.1
2024-07-17 23:30:21.457928 INFO: oop!unknow header: User-Agent: Go-http-client/1.1
2024-07-17 23:30:21.457932 INFO: X-Vegeta-Seq: 2374
2024-07-17 23:30:21.457936 INFO: oop!unknow header: X-Vegeta-Seq: 2374
2024-07-17 23:30:21.457941 INFO: Accept-Encoding: gzip
2024-07-17 23:30:21.457946 INFO: oop!unknow header: Accept-Encoding: gzip
2024-07-17 23:30:21.457950 INFO: 
2024-07-17 23:30:21.457966 INFO: request:HTTP/1.1 200 OK

2024-07-17 23:30:21.457970 INFO: request:HTTP/1.1 200 OK
Content-Length:542

2024-07-17 23:30:21.457975 INFO: request:HTTP/1.1 200 OK
Content-Length:542
Connection:close

2024-07-17 23:30:21.457979 INFO: request:HTTP/1.1 200 OK
Content-Length:542
Connection:close


2024-07-17 23:30:21.457992 INFO: Thread 140246122866240 is running task

2024-07-17 23:30:21.457996 INFO: eventNum: 1
2024-07-17 23:30:21.458004 INFO: fd: 39, events: 4

2024-07-17 23:30:21.458037 INFO: Thread 140246139651648 is running task

2024-07-17 23:30:21.459250 INFO: eventNum: 1
2024-07-17 23:30:21.459273 INFO: fd: 13, events: 1

2024-07-17 23:30:21.459279 INFO: HandleListenEvent 13
2024-07-17 23:30:21.459296 INFO: HttpConn 40 init success
2024-07-17 23:30:21.459302 INFO: addTimer id:40 expireTime:1721230721
2024-07-17 23:30:21.459313 INFO: Client[40] in!
2024-07-17 23:30:21.459318 INFO: HandleListenEvent 13
2024-07-17 23:30:21.459326 ERROR: Accept failure -1
2024-07-17 23:30:21.459652 INFO: eventNum: 1
2024-07-17 23:30:21.459679 INFO: fd: 40, events: 1

2024-07-17 23:30:21.459699 INFO: HttpConn 40 read success
2024-07-17 23:30:21.459720 INFO: GET / HTTP/1.1
2024-07-17 23:30:21.459726 INFO: Host: 39.98.202.182:9006
2024-07-17 23:30:21.459731 INFO: User-Agent: Go-http-client/1.1
2024-07-17 23:30:21.459735 INFO: oop!unknow header: User-Agent: Go-http-client/1.1
2024-07-17 23:30:21.459739 INFO: X-Vegeta-Seq: 2376
2024-07-17 23:30:21.459743 INFO: oop!unknow header: X-Vegeta-Seq: 2376
2024-07-17 23:30:21.459748 INFO: Accept-Encoding: gzip
2024-07-17 23:30:21.459752 INFO: oop!unknow header: Accept-Encoding: gzip
2024-07-17 23:30:21.459756 INFO: 
2024-07-17 23:30:21.459771 INFO: request:HTTP/1.1 200 OK

2024-07-17 23:30:21.459776 INFO: request:HTTP/1.1 200 OK
Content-Length:542

2024-07-17 23:30:21.459780 INFO: request:HTTP/1.1 200 OK
Content-Length:542
Connection:close

2024-07-17 23:30:21.459785 INFO: request:HTTP/1.1 200 OK
Content-Length:542
Connection:close


2024-07-17 23:30:21.459800 INFO: Thread 140246156437056 is running task

2024-07-17 23:30:21.459811 INFO: eventNum: 1
2024-07-17 23:30:21.459825 INFO: fd: 40, events: 4

2024-07-17 23:30:21.459867 INFO: Thread 140246114473536 is running task

2024-07-17 23:30:21.463784 INFO: eventNum: 1
2024-07-17 23:30:21.463825 INFO: fd: 13, events: 1

2024-07-17 23:30:21.463834 INFO: HandleListenEvent 13
2024-07-17 23:30:21.463857 INFO: HttpConn 41 init success
2024-07-17 23:30:21.463865 INFO: addTimer id:41 expireTime:1721230721
2024-07-17 23:30:21.463877 INFO: Client[41] in!
2024-07-17 23:30:21.463881 INFO: HandleListenEvent 13
2024-07-17 23:30:21.463891 ERROR: Accept failure -1
2024-07-17 23:30:21.463956 INFO: eventNum: 1
2024-07-17 23:30:21.463978 INFO: fd: 13, events: 1

2024-07-17 23:30:21.463983 INFO: HandleListenEvent 13
2024-07-17 23:30:21.463996 INFO: HttpConn 42 init success
2024-07-17 23:30:21.464001 INFO: addTimer id:42 expireTime:1721230721
2024-07-17 23:30:21.464026 INFO: Client[42] in!
2024-07-17 23:30:21.464033 INFO: HandleListenEvent 13
2024-07-17 23:30:21.464041 ERROR: Accept failure -1
2024-07-17 23:30:21.464932 INFO: eventNum: 1
2024-07-17 23:30:21.464956 INFO: fd: 13, events: 1

2024-07-17 23:30:21.464962 INFO: HandleListenEvent 13
2024-07-17 23:30:21.464978 INFO: HttpConn 43 init success
2024-07-17 23:30:21.464984 INFO: addTimer id:43 expireTime:1721230721
2024-07-17 23:30:21.464997 INFO: Client[43] in!
2024-07-17 23:30:21.465003 INFO: HandleListenEvent 13
2024-07-17 23:30:21.465015 ERROR: Accept failure -1
2024-07-17 23:30:21.465538 INFO: eventNum: 1
2024-07-17 23:30:21.465564 INFO: fd: 13, events: 1

2024-07-17 23:30:21.465634 INFO: HandleListenEvent 13
2024-07-17 23:30:21.465651 INFO: HttpConn 44 init success
2024-07-17 23:30:21.465657 INFO: addTimer id:44 expireTime:1721230721
2024-07-17 23:30:21.465668 INFO: Client[44] in!
2024-07-17 23:30:21.465672 INFO: HandleListenEvent 13
2024-07-17 23:30:21.465682 ERROR: Accept failure -1
2024-07-17 23:30:21.465903 INFO: eventNum: 1
2024-07-17 23:30:21.465939 INFO: fd: 44, events: 1

2024-07-17 23:30:21.465968 INFO: HttpConn 44 read success
2024-07-17 23:30:21.465989 INFO: GET / HTTP/1.1
2024-07-17 23:30:21.465996 INFO: Host: 39.98.202.182:9006
2024-07-17 23:30:21.465996 INFO: eventNum: 1
2024-07-17 23:30:21.466018 INFO: fd: 41, events: 1

2024-07-17 23:30:21.466007 INFO: User-Agent: Go-http-client/1.1
2024-07-17 23:30:21.466033 INFO: oop!unknow header: User-Agent: Go-http-client/1.1
2024-07-17 23:30:21.466035 INFO: HttpConn 41 read success
2024-07-17 23:30:21.466059 INFO: GET / HTTP/1.1
2024-07-17 23:30:21.466070 INFO: Host: 39.98.202.182:9006
2024-07-17 23:30:21.466078 INFO: User-Agent: Go-http-client/1.1
2024-07-17 23:30:21.466084 INFO: oop!unknow header: User-Agent: Go-http-client/1.1
2024-07-17 23:30:21.466089 INFO: X-Vegeta-Seq: 2377
2024-07-17 23:30:21.466093 INFO: oop!unknow header: X-Vegeta-Seq: 2377
2024-07-17 23:30:21.466097 INFO: Accept-Encoding: gzip
2024-07-17 23:30:21.466102 INFO: oop!unknow header: Accept-Encoding: gzip
2024-07-17 23:30:21.466106 INFO: 
2024-07-17 23:30:21.466146 INFO: request:HTTP/1.1 200 OK

2024-07-17 23:30:21.466154 INFO: request:HTTP/1.1 200 OK
Content-Length:542

2024-07-17 23:30:21.466169 INFO: request:HTTP/1.1 200 OK
Content-Length:542
Connection:close

2024-07-17 23:30:21.466176 INFO: request:HTTP/1.1 200 OK
Content-Length:542
Connection:close


2024-07-17 23:30:21.466194 INFO: Thread 140246148044352 is running task

2024-07-17 23:30:21.466039 INFO: X-Vegeta-Seq: 2378
2024-07-17 23:30:21.466215 INFO: oop!unknow header: X-Vegeta-Seq: 2378
2024-07-17 23:30:21.466222 INFO: Accept-Encoding: gzip
2024-07-17 23:30:21.466229 INFO: oop!unknow header: Accept-Encoding: gzip
2024-07-17 23:30:21.466235 INFO: 
2024-07-17 23:30:21.466272 INFO: request:HTTP/1.1 200 OK

2024-07-17 23:30:21.466298 INFO: request:HTTP/1.1 200 OK
Content-Length:542

2024-07-17 23:30:21.466303 INFO: request:HTTP/1.1 200 OK
Content-Length:542
Connection:close

2024-07-17 23:30:21.466308 INFO: request:HTTP/1.1 200 OK
Content-Length:542
Connection:close


2024-07-17 23:30:21.466335 INFO: Thread 140246106080832 is running task

2024-07-17 23:30:21.466358 INFO: eventNum: 3
2024-07-17 23:30:21.466365 INFO: fd: 41, events: 4

2024-07-17 23:30:21.466377 INFO: fd: 33, events: 8193

2024-07-17 23:30:21.466403 INFO: HttpConn 33 close success
2024-07-17 23:30:21.466410 INFO: Client[33] quit!
2024-07-17 23:30:21.466417 INFO: fd: 44, events: 4

2024-07-17 23:30:21.466417 INFO: Thread 140246131258944 is running task

2024-07-17 23:30:21.466454 INFO: Thread 140246131258944 is running task

2024-07-17 23:30:21.466912 INFO: eventNum: 1
2024-07-17 23:30:21.466938 INFO: fd: 42, events: 1

2024-07-17 23:30:21.466961 INFO: HttpConn 42 read success
2024-07-17 23:30:21.466979 INFO: GET / HTTP/1.1
2024-07-17 23:30:21.466985 INFO: Host: 39.98.202.182:9006
2024-07-17 23:30:21.466989 INFO: User-Agent: Go-http-client/1.1
2024-07-17 23:30:21.466993 INFO: oop!unknow header: User-Agent: Go-http-client/1.1
2024-07-17 23:30:21.466998 INFO: X-Vegeta-Seq: 2370
2024-07-17 23:30:21.467002 INFO: oop!unknow header: X-Vegeta-Seq: 2370
2024-07-17 23:30:21.467006 INFO: Accept-Encoding: gzip
2024-07-17 23:30:21.467010 INFO: oop!unknow header: Accept-Encoding: gzip
2024-07-17 23:30:21.467014 INFO: 
2024-07-17 23:30:21.467030 INFO: request:HTTP/1.1 200 OK

2024-07-17 23:30:21.467033 INFO: eventNum: 1
2024-07-17 23:30:21.467035 INFO: request:HTTP/1.1 200 OK
Content-Length:542

2024-07-17 23:30:21.467073 INFO: request:HTTP/1.1 200 OK
Content-Length:542
Connection:close

2024-07-17 23:30:21.467078 INFO: request:HTTP/1.1 200 OK
Content-Length:542
Connection:close


2024-07-17 23:30:21.467059 INFO: fd: 29, events: 8193

2024-07-17 23:30:21.467094 INFO: Thread 140246122866240 is running task

2024-07-17 23:30:21.467122 INFO: HttpConn 29 close success
2024-07-17 23:30:21.467132 INFO: Client[29] quit!
2024-07-17 23:30:21.467141 INFO: eventNum: 2
2024-07-17 23:30:21.467148 INFO: fd: 26, events: 8193

2024-07-17 23:30:21.467165 INFO: HttpConn 26 close success
2024-07-17 23:30:21.467172 INFO: Client[26] quit!
2024-07-17 23:30:21.467178 INFO: fd: 42, events: 4

2024-07-17 23:30:21.467219 INFO: Thread 140246139651648 is running task

2024-07-17 23:30:21.467379 INFO: eventNum: 1
2024-07-17 23:30:21.467409 INFO: fd: 31, events: 8193

2024-07-17 23:30:21.467428 INFO: HttpConn 31 close success
2024-07-17 23:30:21.467434 INFO: Client[31] quit!
2024-07-17 23:30:21.467522 INFO: eventNum: 1
2024-07-17 23:30:21.467534 INFO: fd: 43, events: 1

2024-07-17 23:30:21.467554 INFO: HttpConn 43 read success
2024-07-17 23:30:21.467567 INFO: GET / HTTP/1.1
2024-07-17 23:30:21.467572 INFO: Host: 39.98.202.182:9006
2024-07-17 23:30:21.467576 INFO: User-Agent: Go-http-client/1.1
2024-07-17 23:30:21.467581 INFO: oop!unknow header: User-Agent: Go-http-client/1.1
2024-07-17 23:30:21.467585 INFO: X-Vegeta-Seq: 2375
2024-07-17 23:30:21.467589 INFO: oop!unknow header: X-Vegeta-Seq: 2375
2024-07-17 23:30:21.467594 INFO: Accept-Encoding: gzip
2024-07-17 23:30:21.467598 INFO: oop!unknow header: Accept-Encoding: gzip
2024-07-17 23:30:21.467602 INFO: 
2024-07-17 23:30:21.467616 INFO: request:HTTP/1.1 200 OK

2024-07-17 23:30:21.467620 INFO: request:HTTP/1.1 200 OK
Content-Length:542

2024-07-17 23:30:21.467631 INFO: request:HTTP/1.1 200 OK
Content-Length:542
Connection:close

2024-07-17 23:30:21.467636 INFO: request:HTTP/1.1 200 OK
Content-Length:542
Connection:close


2024-07-17 23:30:21.467649 INFO: Thread 140246156437056 is running task

2024-07-17 23:30:21.467653 INFO: eventNum: 1
2024-07-17 23:30:21.467662 INFO: fd: 43, events: 4

2024-07-17 23:30:21.467709 INFO: Thread 140246114473536 is running task

2024-07-17 23:30:21.468046 INFO: eventNum: 1
2024-07-17 23:30:21.468064 INFO: fd: 34, events: 8193

2024-07-17 23:30:21.468082 INFO: HttpConn 34 close success
2024-07-17 23:30:21.468087 INFO: Client[34] quit!
2024-07-17 23:30:21.469105 INFO: eventNum: 1
2024-07-17 23:30:21.469131 INFO: fd: 18, events: 8193

2024-07-17 23:30:21.469152 INFO: HttpConn 18 close success
2024-07-17 23:30:21.469158 INFO: Client[18] quit!
2024-07-17 23:30:21.473193 INFO: eventNum: 1
2024-07-17 23:30:21.473230 INFO: fd: 30, events: 8193

2024-07-17 23:30:21.473255 INFO: HttpConn 30 close success
2024-07-17 23:30:21.473264 INFO: Client[30] quit!
2024-07-17 23:30:21.489386 INFO: eventNum: 1
2024-07-17 23:30:21.489444 INFO: fd: 13, events: 1

2024-07-17 23:30:21.489456 INFO: HandleListenEvent 13
2024-07-17 23:30:21.489478 INFO: HttpConn 18 init success
2024-07-17 23:30:21.489487 INFO: addTimer id:18 expireTime:1721230721
2024-07-17 23:30:21.489528 INFO: Client[18] in!
2024-07-17 23:30:21.489533 INFO: HandleListenEvent 13
2024-07-17 23:30:21.489544 ERROR: Accept failure -1
2024-07-17 23:30:21.489804 INFO: eventNum: 1
2024-07-17 23:30:21.489819 INFO: fd: 28, events: 8193

2024-07-17 23:30:21.489848 INFO: HttpConn 28 close success
2024-07-17 23:30:21.489857 INFO: Client[28] quit!
2024-07-17 23:30:21.490537 INFO: eventNum: 1
2024-07-17 23:30:21.490561 INFO: fd: 13, events: 1

2024-07-17 23:30:21.490569 INFO: HandleListenEvent 13
2024-07-17 23:30:21.490595 INFO: HttpConn 26 init success
2024-07-17 23:30:21.490602 INFO: addTimer id:26 expireTime:1721230721
2024-07-17 23:30:21.490613 INFO: Client[26] in!
2024-07-17 23:30:21.490618 INFO: HandleListenEvent 13
2024-07-17 23:30:21.490628 INFO: HttpConn 28 init success
2024-07-17 23:30:21.490633 INFO: addTimer id:28 expireTime:1721230721
2024-07-17 23:30:21.490640 INFO: Client[28] in!
2024-07-17 23:30:21.490645 INFO: HandleListenEvent 13
2024-07-17 23:30:21.490653 ERROR: Accept failure -1
2024-07-17 23:30:21.490716 INFO: eventNum: 1
2024-07-17 23:30:21.490723 INFO: fd: 13, events: 1

2024-07-17 23:30:21.490727 INFO: HandleListenEvent 13
2024-07-17 23:30:21.490737 INFO: HttpConn 29 init success
2024-07-17 23:30:21.490743 INFO: addTimer id:29 expireTime:1721230721
2024-07-17 23:30:21.490751 INFO: Client[29] in!
2024-07-17 23:30:21.490755 INFO: HandleListenEvent 13
2024-07-17 23:30:21.490763 ERROR: Accept failure -1
2024-07-17 23:30:21.490797 INFO: eventNum: 1
2024-07-17 23:30:21.490804 INFO: fd: 36, events: 8193

2024-07-17 23:30:21.490819 INFO: HttpConn 36 close success
2024-07-17 23:30:21.490827 INFO: Client[36] quit!
2024-07-17 23:30:21.490855 INFO: eventNum: 1
2024-07-17 23:30:21.490864 INFO: fd: 18, events: 1

2024-07-17 23:30:21.490887 INFO: HttpConn 18 read success
2024-07-17 23:30:21.490936 INFO: GET / HTTP/1.1
2024-07-17 23:30:21.490937 INFO: eventNum: 1
2024-07-17 23:30:21.490970 INFO: fd: 13, events: 1

2024-07-17 23:30:21.490975 INFO: HandleListenEvent 13
2024-07-17 23:30:21.490991 INFO: HttpConn 30 init success
2024-07-17 23:30:21.490953 INFO: Host: 39.98.202.182:9006
2024-07-17 23:30:21.491001 INFO: addTimer id:30 expireTime:1721230721
2024-07-17 23:30:21.491019 INFO: User-Agent: Go-http-client/1.1
2024-07-17 23:30:21.491031 INFO: Client[30] in!
2024-07-17 23:30:21.491042 INFO: HandleListenEvent 13
2024-07-17 23:30:21.491035 INFO: oop!unknow header: User-Agent: Go-http-client/1.1
2024-07-17 23:30:21.491055 ERROR: Accept failure -1
2024-07-17 23:30:21.491057 INFO: X-Vegeta-Seq: 2380
2024-07-17 23:30:21.491070 INFO: oop!unknow header: X-Vegeta-Seq: 2380
2024-07-17 23:30:21.491074 INFO: Accept-Encoding: gzip
2024-07-17 23:30:21.491079 INFO: oop!unknow header: Accept-Encoding: gzip
2024-07-17 23:30:21.491092 INFO: 
2024-07-17 23:30:21.491122 INFO: request:HTTP/1.1 200 OK

2024-07-17 23:30:21.491129 INFO: request:HTTP/1.1 200 OK
Content-Length:542

2024-07-17 23:30:21.491133 INFO: request:HTTP/1.1 200 OK
Content-Length:542
Connection:close

2024-07-17 23:30:21.491138 INFO: request:HTTP/1.1 200 OK
Content-Length:542
Connection:close


2024-07-17 23:30:21.491155 INFO: eventNum: 1
2024-07-17 23:30:21.491160 INFO: Thread 140246148044352 is running task

2024-07-17 23:30:21.491163 INFO: fd: 18, events: 4

2024-07-17 23:30:21.491227 INFO: Thread 140246106080832 is running task

2024-07-17 23:30:21.491468 INFO: eventNum: 1
2024-07-17 23:30:21.491481 INFO: fd: 35, events: 8193

2024-07-17 23:30:21.491497 INFO: HttpConn 35 close success
2024-07-17 23:30:21.491532 INFO: Client[35] quit!
2024-07-17 23:30:21.492119 INFO: eventNum: 1
2024-07-17 23:30:21.492146 INFO: fd: 37, events: 8193

2024-07-17 23:30:21.492162 INFO: HttpConn 37 close success
2024-07-17 23:30:21.492169 INFO: Client[37] quit!
2024-07-17 23:30:21.492597 INFO: eventNum: 1
2024-07-17 23:30:21.492612 INFO: fd: 41, events: 8193

2024-07-17 23:30:21.492643 INFO: HttpConn 41 close success
2024-07-17 23:30:21.492651 INFO: Client[41] quit!
2024-07-17 23:30:21.492663 INFO: eventNum: 1
2024-07-17 23:30:21.492671 INFO: fd: 32, events: 8193

2024-07-17 23:30:21.492682 INFO: HttpConn 32 close success
2024-07-17 23:30:21.492692 INFO: Client[32] quit!
2024-07-17 23:30:21.493246 INFO: eventNum: 1
2024-07-17 23:30:21.493272 INFO: fd: 44, events: 8193

2024-07-17 23:30:21.493290 INFO: HttpConn 44 close success
2024-07-17 23:30:21.493304 INFO: Client[44] quit!
2024-07-17 23:30:21.493755 INFO: eventNum: 1
2024-07-17 23:30:21.493786 INFO: fd: 40, events: 8193

2024-07-17 23:30:21.493815 INFO: HttpConn 40 close success
2024-07-17 23:30:21.493852 INFO: Client[40] quit!
2024-07-17 23:30:21.494302 INFO: eventNum: 1
2024-07-17 23:30:21.494327 INFO: fd: 17, events: 8193

2024-07-17 23:30:21.494347 INFO: HttpConn 17 close success
2024-07-17 23:30:21.494355 INFO: Client[17] quit!
2024-07-17 23:30:21.495389 INFO: eventNum: 1
2024-07-17 23:30:21.495432 INFO: fd: 39, events: 8193

2024-07-17 23:30:21.495469 INFO: HttpConn 39 close success
2024-07-17 23:30:21.495488 INFO: Client[39] quit!
2024-07-17 23:30:21.496027 INFO: eventNum: 1
2024-07-17 23:30:21.496051 INFO: fd: 38, events: 8193

2024-07-17 23:30:21.496075 INFO: HttpConn 38 close success
2024-07-17 23:30:21.496086 INFO: Client[38] quit!
2024-07-17 23:30:21.496305 INFO: eventNum: 2
2024-07-17 23:30:21.496339 INFO: fd: 26, events: 1

2024-07-17 23:30:21.496368 INFO: fd: 30, events: 1

2024-07-17 23:30:21.496376 INFO: HttpConn 26 read success
2024-07-17 23:30:21.496394 INFO: GET / HTTP/1.1
2024-07-17 23:30:21.496400 INFO: Host: 39.98.202.182:9006
2024-07-17 23:30:21.496405 INFO: User-Agent: Go-http-client/1.1
2024-07-17 23:30:21.496409 INFO: oop!unknow header: User-Agent: Go-http-client/1.1
2024-07-17 23:30:21.496414 INFO: X-Vegeta-Seq: 2381
2024-07-17 23:30:21.496423 INFO: oop!unknow header: X-Vegeta-Seq: 2381
