2024-07-17 23:30:23.813493 INFO: HttpConn 18 init success
2024-07-17 23:30:23.813607 INFO: addTimer id:18 expireTime:1721230723
2024-07-17 23:30:23.813619 INFO: Client[18] in!
2024-07-17 23:30:23.813624 INFO: HandleListenEvent 13
2024-07-17 23:30:23.813637 INFO: HttpConn 26 init success
2024-07-17 23:30:23.813642 INFO: addTimer id:26 expireTime:1721230723
2024-07-17 23:30:23.813650 INFO: Client[26] in!
2024-07-17 23:30:23.813655 INFO: HandleListenEvent 13
2024-07-17 23:30:23.813663 ERROR: Accept failure -1
2024-07-17 23:30:23.813670 INFO: eventNum: 2
2024-07-17 23:30:23.813674 INFO: fd: 18, events: 1

2024-07-17 23:30:23.813686 INFO: fd: 26, events: 1

2024-07-17 23:30:23.813693 INFO: HttpConn 18 read success
2024-07-17 23:30:23.813714 INFO: GET / HTTP/1.1
2024-07-17 23:30:23.813720 INFO: Host: 39.98.202.182:9006
2024-07-17 23:30:23.813725 INFO: User-Agent: Go-http-client/1.1
2024-07-17 23:30:23.813729 INFO: oop!unknow header: User-Agent: Go-http-client/1.1
2024-07-17 23:30:23.813734 INFO: X-Vegeta-Seq: 3553
2024-07-17 23:30:23.813738 INFO: oop!unknow header: X-Vegeta-Seq: 3553
2024-07-17 23:30:23.813742 INFO: Accept-Encoding: gzip
2024-07-17 23:30:23.813746 INFO: oop!unknow header: Accept-Encoding: gzip
2024-07-17 23:30:23.813751 INFO: 
2024-07-17 23:30:23.813768 INFO: request:HTTP/1.1 200 OK

2024-07-17 23:30:23.813773 INFO: request:HTTP/1.1 200 OK
Content-Length:542

2024-07-17 23:30:23.813778 INFO: request:HTTP/1.1 200 OK
Content-Length:542
Connection:close

2024-07-17 23:30:23.813782 INFO: request:HTTP/1.1 200 OK
Content-Length:542
Connection:close


2024-07-17 23:30:23.813799 INFO: Thread 140246106080832 is running task

2024-07-17 23:30:23.813803 INFO: eventNum: 1
2024-07-17 23:30:23.813815 INFO: fd: 18, events: 4

2024-07-17 23:30:23.813806 INFO: HttpConn 26 read success
2024-07-17 23:30:23.813832 INFO: GET / HTTP/1.1
2024-07-17 23:30:23.813838 INFO: Host: 39.98.202.182:9006
2024-07-17 23:30:23.813842 INFO: User-Agent: Go-http-client/1.1
2024-07-17 23:30:23.813847 INFO: oop!unknow header: User-Agent: Go-http-client/1.1
2024-07-17 23:30:23.813851 INFO: X-Vegeta-Seq: 3551
2024-07-17 23:30:23.813855 INFO: oop!unknow header: X-Vegeta-Seq: 3551
2024-07-17 23:30:23.813859 INFO: Accept-Encoding: gzip
2024-07-17 23:30:23.813864 INFO: oop!unknow header: Accept-Encoding: gzip
2024-07-17 23:30:23.813868 INFO: 
2024-07-17 23:30:23.813880 INFO: request:HTTP/1.1 200 OK

2024-07-17 23:30:23.813884 INFO: request:HTTP/1.1 200 OK
Content-Length:542

2024-07-17 23:30:23.813889 INFO: request:HTTP/1.1 200 OK
Content-Length:542
Connection:close

2024-07-17 23:30:23.813893 INFO: request:HTTP/1.1 200 OK
Content-Length:542
Connection:close


2024-07-17 23:30:23.813904 INFO: Thread 140246106080832 is running task

2024-07-17 23:30:23.813909 INFO: eventNum: 1
2024-07-17 23:30:23.813918 INFO: fd: 26, events: 4

2024-07-17 23:30:23.813934 INFO: Thread 140246106080832 is running task

2024-07-17 23:30:23.813952 INFO: Thread 140246106080832 is running task

2024-07-17 23:30:23.825658 INFO: eventNum: 1
2024-07-17 23:30:23.825708 INFO: fd: 29, events: 8193

2024-07-17 23:30:23.825735 INFO: HttpConn 29 close success
2024-07-17 23:30:23.825741 INFO: Client[29] quit!
2024-07-17 23:30:23.852590 INFO: eventNum: 1
2024-07-17 23:30:23.852652 INFO: fd: 13, events: 1

2024-07-17 23:30:23.852662 INFO: HandleListenEvent 13
2024-07-17 23:30:23.852696 INFO: HttpConn 28 init success
2024-07-17 23:30:23.852707 INFO: addTimer id:28 expireTime:1721230723
2024-07-17 23:30:23.852727 INFO: Client[28] in!
2024-07-17 23:30:23.852754 INFO: HandleListenEvent 13
2024-07-17 23:30:23.852814 ERROR: Accept failure -1
2024-07-17 23:30:23.853377 INFO: eventNum: 1
2024-07-17 23:30:23.853393 INFO: fd: 13, events: 1

2024-07-17 23:30:23.853401 INFO: HandleListenEvent 13
2024-07-17 23:30:23.853421 INFO: HttpConn 29 init success
2024-07-17 23:30:23.853430 INFO: addTimer id:29 expireTime:1721230723
2024-07-17 23:30:23.853448 INFO: Client[29] in!
2024-07-17 23:30:23.853454 INFO: HandleListenEvent 13
2024-07-17 23:30:23.853466 ERROR: Accept failure -1
2024-07-17 23:30:23.853634 INFO: eventNum: 1
2024-07-17 23:30:23.853672 INFO: fd: 13, events: 1

2024-07-17 23:30:23.853679 INFO: HandleListenEvent 13
2024-07-17 23:30:23.853696 INFO: HttpConn 30 init success
2024-07-17 23:30:23.853702 INFO: addTimer id:30 expireTime:1721230723
2024-07-17 23:30:23.853714 INFO: Client[30] in!
2024-07-17 23:30:23.853718 INFO: HandleListenEvent 13
2024-07-17 23:30:23.853726 INFO: HttpConn 31 init success
2024-07-17 23:30:23.853731 INFO: addTimer id:31 expireTime:1721230723
2024-07-17 23:30:23.853739 INFO: Client[31] in!
2024-07-17 23:30:23.853743 INFO: HandleListenEvent 13
2024-07-17 23:30:23.853753 INFO: HttpConn 32 init success
2024-07-17 23:30:23.853758 INFO: addTimer id:32 expireTime:1721230723
2024-07-17 23:30:23.853766 INFO: Client[32] in!
2024-07-17 23:30:23.853770 INFO: HandleListenEvent 13
2024-07-17 23:30:23.853780 INFO: HttpConn 33 init success
2024-07-17 23:30:23.853785 INFO: addTimer id:33 expireTime:1721230723
2024-07-17 23:30:23.853792 INFO: Client[33] in!
2024-07-17 23:30:23.853797 INFO: HandleListenEvent 13
2024-07-17 23:30:23.853806 INFO: HttpConn 34 init success
2024-07-17 23:30:23.853811 INFO: addTimer id:34 expireTime:1721230723
2024-07-17 23:30:23.853819 INFO: Client[34] in!
2024-07-17 23:30:23.853823 INFO: HandleListenEvent 13
2024-07-17 23:30:23.853832 ERROR: Accept failure -1
2024-07-17 23:30:23.853970 INFO: eventNum: 1
2024-07-17 23:30:23.853986 INFO: fd: 30, events: 1

2024-07-17 23:30:23.854010 INFO: HttpConn 30 read success
2024-07-17 23:30:23.854063 INFO: GET / HTTP/1.1
2024-07-17 23:30:23.854076 INFO: Host: 39.98.202.182:9006
2024-07-17 23:30:23.854084 INFO: User-Agent: Go-http-client/1.1
2024-07-17 23:30:23.854089 INFO: oop!unknow header: User-Agent: Go-http-client/1.1
2024-07-17 23:30:23.854093 INFO: X-Vegeta-Seq: 3564
2024-07-17 23:30:23.854098 INFO: oop!unknow header: X-Vegeta-Seq: 3564
2024-07-17 23:30:23.854102 INFO: Accept-Encoding: gzip
2024-07-17 23:30:23.854107 INFO: oop!unknow header: Accept-Encoding: gzip
2024-07-17 23:30:23.854147 INFO: 
2024-07-17 23:30:23.854177 INFO: request:HTTP/1.1 200 OK

2024-07-17 23:30:23.854183 INFO: request:HTTP/1.1 200 OK
Content-Length:542

2024-07-17 23:30:23.854187 INFO: request:HTTP/1.1 200 OK
Content-Length:542
Connection:close

2024-07-17 23:30:23.854192 INFO: request:HTTP/1.1 200 OK
Content-Length:542
Connection:close


2024-07-17 23:30:23.854209 INFO: Thread 140246131258944 is running task

2024-07-17 23:30:23.854256 INFO: eventNum: 2
2024-07-17 23:30:23.854273 INFO: fd: 13, events: 1

2024-07-17 23:30:23.854280 INFO: HandleListenEvent 13
2024-07-17 23:30:23.854295 INFO: HttpConn 35 init success
2024-07-17 23:30:23.854303 INFO: addTimer id:35 expireTime:1721230723
2024-07-17 23:30:23.854319 INFO: Client[35] in!
2024-07-17 23:30:23.854327 INFO: HandleListenEvent 13
2024-07-17 23:30:23.854336 ERROR: Accept failure -1
2024-07-17 23:30:23.854340 INFO: fd: 30, events: 4

2024-07-17 23:30:23.854352 INFO: eventNum: 1
2024-07-17 23:30:23.854357 INFO: fd: 16, events: 8193

2024-07-17 23:30:23.854375 INFO: HttpConn 16 close success
2024-07-17 23:30:23.854387 INFO: Client[16] quit!
2024-07-17 23:30:23.854394 INFO: Thread 140246156437056 is running task

2024-07-17 23:30:23.854428 INFO: eventNum: 1
2024-07-17 23:30:23.854436 INFO: fd: 13, events: 1

2024-07-17 23:30:23.854440 INFO: HandleListenEvent 13
2024-07-17 23:30:23.854456 INFO: HttpConn 16 init success
2024-07-17 23:30:23.854462 INFO: addTimer id:16 expireTime:1721230723
2024-07-17 23:30:23.854472 INFO: Client[16] in!
2024-07-17 23:30:23.854476 INFO: HandleListenEvent 13
2024-07-17 23:30:23.854485 ERROR: Accept failure -1
2024-07-17 23:30:23.854811 INFO: eventNum: 1
2024-07-17 23:30:23.854852 INFO: fd: 35, events: 1

2024-07-17 23:30:23.854874 INFO: HttpConn 35 read success
2024-07-17 23:30:23.854887 INFO: GET / HTTP/1.1
2024-07-17 23:30:23.854895 INFO: Host: 39.98.202.182:9006
2024-07-17 23:30:23.854902 INFO: User-Agent: Go-http-client/1.1
2024-07-17 23:30:23.854909 INFO: oop!unknow header: User-Agent: Go-http-client/1.1
2024-07-17 23:30:23.854916 INFO: X-Vegeta-Seq: 3567
2024-07-17 23:30:23.854930 INFO: oop!unknow header: X-Vegeta-Seq: 3567
2024-07-17 23:30:23.854941 INFO: Accept-Encoding: gzip
2024-07-17 23:30:23.854947 INFO: oop!unknow header: Accept-Encoding: gzip
2024-07-17 23:30:23.854954 INFO: 
2024-07-17 23:30:23.854977 INFO: request:HTTP/1.1 200 OK

2024-07-17 23:30:23.854982 INFO: request:HTTP/1.1 200 OK
Content-Length:542

2024-07-17 23:30:23.854987 INFO: request:HTTP/1.1 200 OK
Content-Length:542
Connection:close

2024-07-17 23:30:23.854992 INFO: request:HTTP/1.1 200 OK
Content-Length:542
Connection:close


2024-07-17 23:30:23.855004 INFO: Thread 140246148044352 is running task

2024-07-17 23:30:23.855020 INFO: eventNum: 1
2024-07-17 23:30:23.855028 INFO: fd: 35, events: 4

2024-07-17 23:30:23.855078 INFO: Thread 140246097688128 is running task

2024-07-17 23:30:23.855180 INFO: eventNum: 1
2024-07-17 23:30:23.855199 INFO: fd: 28, events: 1

2024-07-17 23:30:23.855215 INFO: HttpConn 28 read success
2024-07-17 23:30:23.855233 INFO: GET / HTTP/1.1
2024-07-17 23:30:23.855241 INFO: Host: 39.98.202.182:9006
2024-07-17 23:30:23.855248 INFO: User-Agent: Go-http-client/1.1
2024-07-17 23:30:23.855254 INFO: oop!unknow header: User-Agent: Go-http-client/1.1
2024-07-17 23:30:23.855260 INFO: X-Vegeta-Seq: 3557
2024-07-17 23:30:23.855267 INFO: oop!unknow header: X-Vegeta-Seq: 3557
2024-07-17 23:30:23.855271 INFO: Accept-Encoding: gzip
2024-07-17 23:30:23.855275 INFO: oop!unknow header: Accept-Encoding: gzip
2024-07-17 23:30:23.855280 INFO: 
2024-07-17 23:30:23.855297 INFO: request:HTTP/1.1 200 OK

2024-07-17 23:30:23.855301 INFO: request:HTTP/1.1 200 OK
Content-Length:542

2024-07-17 23:30:23.855306 INFO: request:HTTP/1.1 200 OK
Content-Length:542
Connection:close

2024-07-17 23:30:23.855310 INFO: request:HTTP/1.1 200 OK
Content-Length:542
Connection:close


2024-07-17 23:30:23.855320 INFO: Thread 140246139651648 is running task

2024-07-17 23:30:23.855330 INFO: eventNum: 2
2024-07-17 23:30:23.855335 INFO: fd: 29, events: 1

2024-07-17 23:30:23.855349 INFO: HttpConn 29 read success
2024-07-17 23:30:23.855360 INFO: GET / HTTP/1.1
2024-07-17 23:30:23.855366 INFO: Host: 39.98.202.182:9006
2024-07-17 23:30:23.855370 INFO: User-Agent: Go-http-client/1.1
2024-07-17 23:30:23.855374 INFO: oop!unknow header: User-Agent: Go-http-client/1.1
2024-07-17 23:30:23.855379 INFO: X-Vegeta-Seq: 3565
2024-07-17 23:30:23.855383 INFO: oop!unknow header: X-Vegeta-Seq: 3565
2024-07-17 23:30:23.855390 INFO: Accept-Encoding: gzip
2024-07-17 23:30:23.855394 INFO: oop!unknow header: Accept-Encoding: gzip
2024-07-17 23:30:23.855398 INFO: 
2024-07-17 23:30:23.855411 INFO: request:HTTP/1.1 200 OK

2024-07-17 23:30:23.855416 INFO: request:HTTP/1.1 200 OK
Content-Length:542

2024-07-17 23:30:23.855420 INFO: request:HTTP/1.1 200 OK
Content-Length:542
Connection:close

2024-07-17 23:30:23.855424 INFO: request:HTTP/1.1 200 OK
Content-Length:542
Connection:close


2024-07-17 23:30:23.855431 INFO: Thread 140246106080832 is running task

2024-07-17 23:30:23.855438 INFO: fd: 28, events: 4

2024-07-17 23:30:23.855468 INFO: Thread 140246122866240 is running task

2024-07-17 23:30:23.855481 INFO: eventNum: 1
2024-07-17 23:30:23.855486 INFO: fd: 29, events: 4

2024-07-17 23:30:23.855536 INFO: Thread 140246114473536 is running task

2024-07-17 23:30:23.855626 INFO: eventNum: 1
2024-07-17 23:30:23.855639 INFO: fd: 31, events: 1

2024-07-17 23:30:23.855662 INFO: HttpConn 31 read success
2024-07-17 23:30:23.855677 INFO: eventNum: 1
2024-07-17 23:30:23.855715 INFO: fd: 17, events: 8193

2024-07-17 23:30:23.855704 INFO: GET / HTTP/1.1
2024-07-17 23:30:23.855735 INFO: Host: 39.98.202.182:9006
2024-07-17 23:30:23.855745 INFO: User-Agent: Go-http-client/1.1
2024-07-17 23:30:23.855756 INFO: oop!unknow header: User-Agent: Go-http-client/1.1
2024-07-17 23:30:23.855737 INFO: HttpConn 17 close success
2024-07-17 23:30:23.855762 INFO: X-Vegeta-Seq: 3563
2024-07-17 23:30:23.855783 INFO: oop!unknow header: X-Vegeta-Seq: 3563
2024-07-17 23:30:23.855796 INFO: Accept-Encoding: gzip
2024-07-17 23:30:23.855809 INFO: oop!unknow header: Accept-Encoding: gzip
2024-07-17 23:30:23.855827 INFO: 
2024-07-17 23:30:23.855772 INFO: Client[17] quit!
2024-07-17 23:30:23.855852 INFO: request:HTTP/1.1 200 OK

2024-07-17 23:30:23.855859 INFO: request:HTTP/1.1 200 OK
Content-Length:542

2024-07-17 23:30:23.855863 INFO: request:HTTP/1.1 200 OK
Content-Length:542
Connection:close

2024-07-17 23:30:23.855868 INFO: request:HTTP/1.1 200 OK
Content-Length:542
Connection:close


2024-07-17 23:30:23.855882 INFO: Thread 140246131258944 is running task

2024-07-17 23:30:23.855883 INFO: eventNum: 1
2024-07-17 23:30:23.855892 INFO: fd: 31, events: 4

2024-07-17 23:30:23.855931 INFO: Thread 140246156437056 is running task

2024-07-17 23:30:23.855979 INFO: eventNum: 1
2024-07-17 23:30:23.855992 INFO: fd: 33, events: 1

2024-07-17 23:30:23.856006 INFO: eventNum: 1
2024-07-17 23:30:23.856011 INFO: fd: 34, events: 1

2024-07-17 23:30:23.856011 INFO: HttpConn 33 read success
2024-07-17 23:30:23.856026 INFO: HttpConn 34 read success
2024-07-17 23:30:23.856030 INFO: GET / HTTP/1.1
2024-07-17 23:30:23.856037 INFO: GET / HTTP/1.1
2024-07-17 23:30:23.856037 INFO: Host: 39.98.202.182:9006
2024-07-17 23:30:23.856056 INFO: User-Agent: Go-http-client/1.1
2024-07-17 23:30:23.856068 INFO: oop!unknow header: User-Agent: Go-http-client/1.1
2024-07-17 23:30:23.856047 INFO: Host: 39.98.202.182:9006
2024-07-17 23:30:23.856073 INFO: X-Vegeta-Seq: 3556
2024-07-17 23:30:23.856094 INFO: oop!unknow header: X-Vegeta-Seq: 3556
2024-07-17 23:30:23.856083 INFO: User-Agent: Go-http-client/1.1
2024-07-17 23:30:23.856100 INFO: Accept-Encoding: gzip
2024-07-17 23:30:23.856120 INFO: oop!unknow header: Accept-Encoding: gzip
2024-07-17 23:30:23.856109 INFO: oop!unknow header: User-Agent: Go-http-client/1.1
2024-07-17 23:30:23.856125 INFO: 
2024-07-17 23:30:23.856135 INFO: X-Vegeta-Seq: 3562
2024-07-17 23:30:23.856157 INFO: oop!unknow header: X-Vegeta-Seq: 3562
2024-07-17 23:30:23.856162 INFO: Accept-Encoding: gzip
2024-07-17 23:30:23.856166 INFO: request:HTTP/1.1 200 OK

2024-07-17 23:30:23.856170 INFO: eventNum: 1
2024-07-17 23:30:23.856196 INFO: fd: 18, events: 8193

2024-07-17 23:30:23.856177 INFO: request:HTTP/1.1 200 OK
Content-Length:542

2024-07-17 23:30:23.856223 INFO: request:HTTP/1.1 200 OK
Content-Length:542
Connection:close

2024-07-17 23:30:23.856232 INFO: request:HTTP/1.1 200 OK
Content-Length:542
Connection:close


2024-07-17 23:30:23.856167 INFO: oop!unknow header: Accept-Encoding: gzip
2024-07-17 23:30:23.856237 INFO: HttpConn 18 close success
2024-07-17 23:30:23.856244 INFO: Thread 140246148044352 is running task

2024-07-17 23:30:23.856248 INFO: 
2024-07-17 23:30:23.856300 INFO: request:HTTP/1.1 200 OK

2024-07-17 23:30:23.856305 INFO: request:HTTP/1.1 200 OK
Content-Length:542

2024-07-17 23:30:23.856309 INFO: request:HTTP/1.1 200 OK
Content-Length:542
Connection:close

2024-07-17 23:30:23.856314 INFO: request:HTTP/1.1 200 OK
Content-Length:542
Connection:close


2024-07-17 23:30:23.856324 INFO: Thread 140246097688128 is running task

2024-07-17 23:30:23.856258 INFO: Client[18] quit!
2024-07-17 23:30:23.856339 INFO: eventNum: 4
2024-07-17 23:30:23.856343 INFO: fd: 33, events: 4

2024-07-17 23:30:23.856372 INFO: Thread 140246139651648 is running task

2024-07-17 23:30:23.856384 INFO: fd: 16, events: 1

2024-07-17 23:30:23.856395 INFO: HttpConn 16 read success
2024-07-17 23:30:23.856405 INFO: GET / HTTP/1.1
2024-07-17 23:30:23.856410 INFO: Host: 39.98.202.182:9006
2024-07-17 23:30:23.856414 INFO: User-Agent: Go-http-client/1.1
2024-07-17 23:30:23.856418 INFO: oop!unknow header: User-Agent: Go-http-client/1.1
2024-07-17 23:30:23.856425 INFO: X-Vegeta-Seq: 3554
2024-07-17 23:30:23.856430 INFO: oop!unknow header: X-Vegeta-Seq: 3554
2024-07-17 23:30:23.856434 INFO: Accept-Encoding: gzip
2024-07-17 23:30:23.856441 INFO: oop!unknow header: Accept-Encoding: gzip
2024-07-17 23:30:23.856446 INFO: 
2024-07-17 23:30:23.856458 INFO: request:HTTP/1.1 200 OK

2024-07-17 23:30:23.856462 INFO: request:HTTP/1.1 200 OK
Content-Length:542

2024-07-17 23:30:23.856467 INFO: request:HTTP/1.1 200 OK
Content-Length:542
Connection:close

2024-07-17 23:30:23.856540 INFO: request:HTTP/1.1 200 OK
Content-Length:542
Connection:close


2024-07-17 23:30:23.856549 INFO: Thread 140246106080832 is running task

2024-07-17 23:30:23.856557 INFO: fd: 26, events: 8193

2024-07-17 23:30:23.856572 INFO: HttpConn 26 close success
2024-07-17 23:30:23.856579 INFO: Client[26] quit!
2024-07-17 23:30:23.856584 INFO: fd: 34, events: 4

2024-07-17 23:30:23.856609 INFO: Thread 140246122866240 is running task

2024-07-17 23:30:23.856622 INFO: eventNum: 2
2024-07-17 23:30:23.856629 INFO: fd: 32, events: 1

2024-07-17 23:30:23.856640 INFO: HttpConn 32 read success
2024-07-17 23:30:23.856649 INFO: GET / HTTP/1.1
2024-07-17 23:30:23.856654 INFO: Host: 39.98.202.182:9006
2024-07-17 23:30:23.856658 INFO: User-Agent: Go-http-client/1.1
2024-07-17 23:30:23.856663 INFO: oop!unknow header: User-Agent: Go-http-client/1.1
2024-07-17 23:30:23.856667 INFO: X-Vegeta-Seq: 3560
2024-07-17 23:30:23.856671 INFO: oop!unknow header: X-Vegeta-Seq: 3560
2024-07-17 23:30:23.856675 INFO: Accept-Encoding: gzip
2024-07-17 23:30:23.856679 INFO: oop!unknow header: Accept-Encoding: gzip
2024-07-17 23:30:23.856684 INFO: 
2024-07-17 23:30:23.856696 INFO: request:HTTP/1.1 200 OK

2024-07-17 23:30:23.856701 INFO: request:HTTP/1.1 200 OK
Content-Length:542

2024-07-17 23:30:23.856705 INFO: request:HTTP/1.1 200 OK
Content-Length:542
Connection:close

2024-07-17 23:30:23.856709 INFO: request:HTTP/1.1 200 OK
Content-Length:542
Connection:close


2024-07-17 23:30:23.856716 INFO: Thread 140246114473536 is running task

2024-07-17 23:30:23.856723 INFO: fd: 16, events: 4

2024-07-17 23:30:23.856734 INFO: eventNum: 1
2024-07-17 23:30:23.856739 INFO: fd: 32, events: 4

2024-07-17 23:30:23.856761 INFO: Thread 140246131258944 is running task

2024-07-17 23:30:23.856787 INFO: Thread 140246131258944 is running task

2024-07-17 23:30:23.876523 INFO: eventNum: 1
2024-07-17 23:30:23.876579 INFO: fd: 13, events: 1

2024-07-17 23:30:23.876585 INFO: HandleListenEvent 13
2024-07-17 23:30:23.876620 INFO: HttpConn 17 init success
2024-07-17 23:30:23.876628 INFO: addTimer id:17 expireTime:1721230723
2024-07-17 23:30:23.876642 INFO: Client[17] in!
2024-07-17 23:30:23.876647 INFO: HandleListenEvent 13
2024-07-17 23:30:23.876659 ERROR: Accept failure -1
2024-07-17 23:30:23.882862 INFO: eventNum: 1
2024-07-17 23:30:23.882910 INFO: fd: 17, events: 1

2024-07-17 23:30:23.882943 INFO: HttpConn 17 read success
2024-07-17 23:30:23.882959 INFO: GET / HTTP/1.1
2024-07-17 23:30:23.882965 INFO: Host: 39.98.202.182:9006
2024-07-17 23:30:23.882970 INFO: User-Agent: Go-http-client/1.1
2024-07-17 23:30:23.882974 INFO: oop!unknow header: User-Agent: Go-http-client/1.1
2024-07-17 23:30:23.882979 INFO: X-Vegeta-Seq: 3575
2024-07-17 23:30:23.882983 INFO: oop!unknow header: X-Vegeta-Seq: 3575
2024-07-17 23:30:23.882987 INFO: Accept-Encoding: gzip
2024-07-17 23:30:23.882992 INFO: oop!unknow header: Accept-Encoding: gzip
2024-07-17 23:30:23.882996 INFO: 
2024-07-17 23:30:23.883022 INFO: request:HTTP/1.1 200 OK

2024-07-17 23:30:23.883030 INFO: request:HTTP/1.1 200 OK
Content-Length:542

2024-07-17 23:30:23.883035 INFO: request:HTTP/1.1 200 OK
Content-Length:542
Connection:close

2024-07-17 23:30:23.883039 INFO: request:HTTP/1.1 200 OK
Content-Length:542
Connection:close


2024-07-17 23:30:23.883057 INFO: Thread 140246148044352 is running task

2024-07-17 23:30:23.883068 INFO: eventNum: 1
2024-07-17 23:30:23.883073 INFO: fd: 17, events: 4

2024-07-17 23:30:23.883122 INFO: Thread 140246097688128 is running task

2024-07-17 23:30:23.883134 INFO: eventNum: 1
2024-07-17 23:30:23.883139 INFO: fd: 13, events: 1

2024-07-17 23:30:23.883143 INFO: HandleListenEvent 13
2024-07-17 23:30:23.883160 INFO: HttpConn 18 init success
2024-07-17 23:30:23.883165 INFO: addTimer id:18 expireTime:1721230723
2024-07-17 23:30:23.883177 INFO: Client[18] in!
2024-07-17 23:30:23.883181 INFO: HandleListenEvent 13
2024-07-17 23:30:23.883191 ERROR: Accept failure -1
2024-07-17 23:30:23.883495 INFO: eventNum: 1
2024-07-17 23:30:23.883527 INFO: fd: 18, events: 1

2024-07-17 23:30:23.883546 INFO: HttpConn 18 read success
2024-07-17 23:30:23.883562 INFO: GET / HTTP/1.1
2024-07-17 23:30:23.883570 INFO: Host: 39.98.202.182:9006
2024-07-17 23:30:23.883577 INFO: User-Agent: Go-http-client/1.1
2024-07-17 23:30:23.883583 INFO: oop!unknow header: User-Agent: Go-http-client/1.1
2024-07-17 23:30:23.883590 INFO: X-Vegeta-Seq: 3577
2024-07-17 23:30:23.883596 INFO: oop!unknow header: X-Vegeta-Seq: 3577
2024-07-17 23:30:23.883603 INFO: Accept-Encoding: gzip
2024-07-17 23:30:23.883608 INFO: oop!unknow header: Accept-Encoding: gzip
2024-07-17 23:30:23.883612 INFO: 
2024-07-17 23:30:23.883630 INFO: request:HTTP/1.1 200 OK

2024-07-17 23:30:23.883635 INFO: request:HTTP/1.1 200 OK
Content-Length:542

2024-07-17 23:30:23.883640 INFO: request:HTTP/1.1 200 OK
Content-Length:542
Connection:close

2024-07-17 23:30:23.883644 INFO: request:HTTP/1.1 200 OK
Content-Length:542
Connection:close


2024-07-17 23:30:23.883655 INFO: Thread 140246139651648 is running task

2024-07-17 23:30:23.883664 INFO: eventNum: 1
2024-07-17 23:30:23.883669 INFO: fd: 18, events: 4

2024-07-17 23:30:23.883704 INFO: Thread 140246106080832 is running task

2024-07-17 23:30:23.909159 INFO: eventNum: 1
2024-07-17 23:30:23.909210 INFO: fd: 30, events: 8193

2024-07-17 23:30:23.909247 INFO: HttpConn 30 close success
2024-07-17 23:30:23.909253 INFO: Client[30] quit!
2024-07-17 23:30:23.909647 INFO: eventNum: 1
2024-07-17 23:30:23.909663 INFO: fd: 29, events: 8193

2024-07-17 23:30:23.909680 INFO: HttpConn 29 close success
2024-07-17 23:30:23.909688 INFO: Client[29] quit!
2024-07-17 23:30:23.911126 INFO: eventNum: 1
2024-07-17 23:30:23.911145 INFO: fd: 32, events: 8193

2024-07-17 23:30:23.911166 INFO: HttpConn 32 close success
2024-07-17 23:30:23.911175 INFO: Client[32] quit!
2024-07-17 23:30:23.911356 INFO: eventNum: 1
2024-07-17 23:30:23.911367 INFO: fd: 13, events: 1

2024-07-17 23:30:23.911371 INFO: HandleListenEvent 13
2024-07-17 23:30:23.911396 INFO: HttpConn 26 init success
2024-07-17 23:30:23.911403 INFO: addTimer id:26 expireTime:1721230723
2024-07-17 23:30:23.911415 INFO: Client[26] in!
2024-07-17 23:30:23.911420 INFO: HandleListenEvent 13
2024-07-17 23:30:23.911428 ERROR: Accept failure -1
2024-07-17 23:30:23.911434 INFO: eventNum: 1
2024-07-17 23:30:23.911438 INFO: fd: 35, events: 8193

2024-07-17 23:30:23.911453 INFO: HttpConn 35 close success
2024-07-17 23:30:23.911460 INFO: Client[35] quit!
2024-07-17 23:30:23.911879 INFO: eventNum: 1
2024-07-17 23:30:23.911890 INFO: fd: 33, events: 8193

2024-07-17 23:30:23.911904 INFO: HttpConn 33 close success
2024-07-17 23:30:23.911912 INFO: Client[33] quit!
2024-07-17 23:30:23.912205 INFO: eventNum: 1
2024-07-17 23:30:23.912216 INFO: fd: 28, events: 8193

2024-07-17 23:30:23.912228 INFO: HttpConn 28 close success
2024-07-17 23:30:23.912235 INFO: Client[28] quit!
2024-07-17 23:30:23.912277 INFO: eventNum: 1
2024-07-17 23:30:23.912283 INFO: fd: 34, events: 8193

2024-07-17 23:30:23.912296 INFO: HttpConn 34 close success
2024-07-17 23:30:23.912303 INFO: Client[34] quit!
2024-07-17 23:30:23.912583 INFO: eventNum: 1
2024-07-17 23:30:23.912596 INFO: fd: 13, events: 1

2024-07-17 23:30:23.912601 INFO: HandleListenEvent 13
2024-07-17 23:30:23.912616 INFO: HttpConn 28 init success
2024-07-17 23:30:23.912622 INFO: addTimer id:28 expireTime:1721230723
2024-07-17 23:30:23.912631 INFO: Client[28] in!
2024-07-17 23:30:23.912636 INFO: HandleListenEvent 13
2024-07-17 23:30:23.912643 ERROR: Accept failure -1
2024-07-17 23:30:23.912948 INFO: eventNum: 1
2024-07-17 23:30:23.912961 INFO: fd: 13, events: 1

2024-07-17 23:30:23.912966 INFO: HandleListenEvent 13
2024-07-17 23:30:23.912979 INFO: HttpConn 29 init success
2024-07-17 23:30:23.912984 INFO: addTimer id:29 expireTime:1721230723
2024-07-17 23:30:23.912993 INFO: Client[29] in!
2024-07-17 23:30:23.912997 INFO: HandleListenEvent 13
2024-07-17 23:30:23.913006 INFO: HttpConn 30 init success
2024-07-17 23:30:23.913011 INFO: addTimer id:30 expireTime:1721230723
2024-07-17 23:30:23.913019 INFO: Client[30] in!
2024-07-17 23:30:23.913032 INFO: HandleListenEvent 13
2024-07-17 23:30:23.913040 ERROR: Accept failure -1
2024-07-17 23:30:23.913169 INFO: eventNum: 1
2024-07-17 23:30:23.913180 INFO: fd: 13, events: 1

2024-07-17 23:30:23.913184 INFO: HandleListenEvent 13
2024-07-17 23:30:23.913192 INFO: HttpConn 32 init success
2024-07-17 23:30:23.913197 INFO: addTimer id:32 expireTime:1721230723
2024-07-17 23:30:23.913205 INFO: Client[32] in!
2024-07-17 23:30:23.913210 INFO: HandleListenEvent 13
2024-07-17 23:30:23.913217 ERROR: Accept failure -1
2024-07-17 23:30:23.913222 INFO: eventNum: 1
2024-07-17 23:30:23.913230 INFO: fd: 26, events: 1

2024-07-17 23:30:23.913244 INFO: HttpConn 26 read success
2024-07-17 23:30:23.913258 INFO: GET / HTTP/1.1
2024-07-17 23:30:23.913263 INFO: Host: 39.98.202.182:9006
2024-07-17 23:30:23.913268 INFO: User-Agent: Go-http-client/1.1
2024-07-17 23:30:23.913273 INFO: oop!unknow header: User-Agent: Go-http-client/1.1
2024-07-17 23:30:23.913277 INFO: X-Vegeta-Seq: 3579
2024-07-17 23:30:23.913282 INFO: oop!unknow header: X-Vegeta-Seq: 3579
2024-07-17 23:30:23.913286 INFO: Accept-Encoding: gzip
2024-07-17 23:30:23.913290 INFO: oop!unknow header: Accept-Encoding: gzip
2024-07-17 23:30:23.913294 INFO: 
2024-07-17 23:30:23.913354 INFO: request:HTTP/1.1 200 OK

2024-07-17 23:30:23.913365 INFO: request:HTTP/1.1 200 OK
Content-Length:542

2024-07-17 23:30:23.913371 INFO: request:HTTP/1.1 200 OK
Content-Length:542
Connection:close

2024-07-17 23:30:23.913375 INFO: request:HTTP/1.1 200 OK
Content-Length:542
Connection:close


2024-07-17 23:30:23.913391 INFO: Thread 140246122866240 is running task

2024-07-17 23:30:23.913407 INFO: eventNum: 1
2024-07-17 23:30:23.913412 INFO: fd: 26, events: 4

2024-07-17 23:30:23.913453 INFO: Thread 140246114473536 is running task

2024-07-17 23:30:23.913615 INFO: eventNum: 1
2024-07-17 23:30:23.913627 INFO: fd: 13, events: 1

2024-07-17 23:30:23.913631 INFO: HandleListenEvent 13
2024-07-17 23:30:23.913644 INFO: HttpConn 33 init success
2024-07-17 23:30:23.913650 INFO: addTimer id:33 expireTime:1721230723
2024-07-17 23:30:23.913659 INFO: Client[33] in!
2024-07-17 23:30:23.913664 INFO: HandleListenEvent 13
2024-07-17 23:30:23.913671 ERROR: Accept failure -1
2024-07-17 23:30:23.913856 INFO: eventNum: 1
2024-07-17 23:30:23.913870 INFO: fd: 13, events: 1

2024-07-17 23:30:23.913875 INFO: HandleListenEvent 13
2024-07-17 23:30:23.913887 INFO: HttpConn 34 init success
2024-07-17 23:30:23.913897 INFO: addTimer id:34 expireTime:1721230723
2024-07-17 23:30:23.913905 INFO: Client[34] in!
2024-07-17 23:30:23.913910 INFO: HandleListenEvent 13
2024-07-17 23:30:23.913920 INFO: HttpConn 35 init success
2024-07-17 23:30:23.913925 INFO: addTimer id:35 expireTime:1721230723
2024-07-17 23:30:23.913932 INFO: Client[35] in!
2024-07-17 23:30:23.913937 INFO: HandleListenEvent 13
2024-07-17 23:30:23.913946 INFO: HttpConn 36 init success
2024-07-17 23:30:23.913951 INFO: addTimer id:36 expireTime:1721230723
2024-07-17 23:30:23.913959 INFO: Client[36] in!
2024-07-17 23:30:23.913963 INFO: HandleListenEvent 13
2024-07-17 23:30:23.913971 ERROR: Accept failure -1
2024-07-17 23:30:23.913977 INFO: eventNum: 1
2024-07-17 23:30:23.913981 INFO: fd: 32, events: 1

2024-07-17 23:30:23.914002 INFO: HttpConn 32 read success
2024-07-17 23:30:23.914038 INFO: eventNum: 1
2024-07-17 23:30:23.914060 INFO: fd: 13, events: 1

2024-07-17 23:30:23.914064 INFO: GET / HTTP/1.1
2024-07-17 23:30:23.914087 INFO: Host: 39.98.202.182:9006
2024-07-17 23:30:23.914065 INFO: HandleListenEvent 13
2024-07-17 23:30:23.914098 INFO: User-Agent: Go-http-client/1.1
2024-07-17 23:30:23.914151 INFO: oop!unknow header: User-Agent: Go-http-client/1.1
2024-07-17 23:30:23.914164 INFO: X-Vegeta-Seq: 3584
2024-07-17 23:30:23.914172 INFO: oop!unknow header: X-Vegeta-Seq: 3584
2024-07-17 23:30:23.914181 INFO: Accept-Encoding: gzip
2024-07-17 23:30:23.914186 INFO: oop!unknow header: Accept-Encoding: gzip
2024-07-17 23:30:23.914196 INFO: 
2024-07-17 23:30:23.914137 INFO: HttpConn 37 init success
2024-07-17 23:30:23.914220 INFO: addTimer id:37 expireTime:1721230723
2024-07-17 23:30:23.914228 INFO: request:HTTP/1.1 200 OK

2024-07-17 23:30:23.914235 INFO: Client[37] in!
2024-07-17 23:30:23.914250 INFO: HandleListenEvent 13
2024-07-17 23:30:23.914241 INFO: request:HTTP/1.1 200 OK
Content-Length:542

2024-07-17 23:30:23.914264 INFO: HttpConn 38 init success
2024-07-17 23:30:23.914268 INFO: request:HTTP/1.1 200 OK
Content-Length:542
Connection:close

2024-07-17 23:30:23.914287 INFO: request:HTTP/1.1 200 OK
Content-Length:542
Connection:close


2024-07-17 23:30:23.914276 INFO: addTimer id:38 expireTime:1721230723
2024-07-17 23:30:23.914312 INFO: Thread 140246131258944 is running task

2024-07-17 23:30:23.914316 INFO: Client[38] in!
2024-07-17 23:30:23.914339 INFO: HandleListenEvent 13
2024-07-17 23:30:23.914348 ERROR: Accept failure -1
2024-07-17 23:30:23.914354 INFO: eventNum: 2
2024-07-17 23:30:23.914359 INFO: fd: 30, events: 1

2024-07-17 23:30:23.914368 INFO: fd: 32, events: 4

2024-07-17 23:30:23.914374 INFO: HttpConn 30 read success
2024-07-17 23:30:23.914386 INFO: GET / HTTP/1.1
2024-07-17 23:30:23.914392 INFO: Host: 39.98.202.182:9006
2024-07-17 23:30:23.914397 INFO: User-Agent: Go-http-client/1.1
2024-07-17 23:30:23.914403 INFO: oop!unknow header: User-Agent: Go-http-client/1.1
2024-07-17 23:30:23.914407 INFO: X-Vegeta-Seq: 3581
2024-07-17 23:30:23.914408 INFO: Thread 140246148044352 is running task

2024-07-17 23:30:23.914419 INFO: oop!unknow header: X-Vegeta-Seq: 3581
2024-07-17 23:30:23.914467 INFO: Accept-Encoding: gzip
2024-07-17 23:30:23.914479 INFO: oop!unknow header: Accept-Encoding: gzip
2024-07-17 23:30:23.914452 INFO: eventNum: 1
2024-07-17 23:30:23.914484 INFO: 
2024-07-17 23:30:23.914493 INFO: fd: 28, events: 1

2024-07-17 23:30:23.914532 INFO: request:HTTP/1.1 200 OK

2024-07-17 23:30:23.914536 INFO: HttpConn 28 read success
2024-07-17 23:30:23.914550 INFO: GET / HTTP/1.1
2024-07-17 23:30:23.914556 INFO: Host: 39.98.202.182:9006
2024-07-17 23:30:23.914560 INFO: User-Agent: Go-http-client/1.1
2024-07-17 23:30:23.914565 INFO: oop!unknow header: User-Agent: Go-http-client/1.1
2024-07-17 23:30:23.914570 INFO: X-Vegeta-Seq: 3583
2024-07-17 23:30:23.914574 INFO: oop!unknow header: X-Vegeta-Seq: 3583
2024-07-17 23:30:23.914578 INFO: Accept-Encoding: gzip
2024-07-17 23:30:23.914582 INFO: oop!unknow header: Accept-Encoding: gzip
2024-07-17 23:30:23.914587 INFO: 
2024-07-17 23:30:23.914604 INFO: request:HTTP/1.1 200 OK

2024-07-17 23:30:23.914609 INFO: request:HTTP/1.1 200 OK
Content-Length:542

2024-07-17 23:30:23.914613 INFO: request:HTTP/1.1 200 OK
Content-Length:542
Connection:close

2024-07-17 23:30:23.914618 INFO: request:HTTP/1.1 200 OK
Content-Length:542
Connection:close


2024-07-17 23:30:23.914626 INFO: Thread 140246097688128 is running task

2024-07-17 23:30:23.914538 INFO: request:HTTP/1.1 200 OK
Content-Length:542

2024-07-17 23:30:23.914640 INFO: request:HTTP/1.1 200 OK
Content-Length:542
Connection:close

2024-07-17 23:30:23.914645 INFO: request:HTTP/1.1 200 OK
Content-Length:542
Connection:close


2024-07-17 23:30:23.914651 INFO: Thread 140246156437056 is running task

2024-07-17 23:30:23.914659 INFO: eventNum: 3
2024-07-17 23:30:23.914664 INFO: fd: 31, events: 8193

2024-07-17 23:30:23.914680 INFO: HttpConn 31 close success
2024-07-17 23:30:23.914688 INFO: Client[31] quit!
2024-07-17 23:30:23.914693 INFO: fd: 28, events: 4

2024-07-17 23:30:23.914718 INFO: Thread 140246139651648 is running task

2024-07-17 23:30:23.914730 INFO: fd: 30, events: 4

2024-07-17 23:30:23.914753 INFO: Thread 140246106080832 is running task

2024-07-17 23:30:23.914805 INFO: eventNum: 1
2024-07-17 23:30:23.914815 INFO: fd: 29, events: 1

2024-07-17 23:30:23.914830 INFO: HttpConn 29 read success
2024-07-17 23:30:23.914840 INFO: GET / HTTP/1.1
2024-07-17 23:30:23.914845 INFO: Host: 39.98.202.182:9006
2024-07-17 23:30:23.914850 INFO: User-Agent: Go-http-client/1.1
2024-07-17 23:30:23.914854 INFO: oop!unknow header: User-Agent: Go-http-client/1.1
2024-07-17 23:30:23.914859 INFO: X-Vegeta-Seq: 3582
2024-07-17 23:30:23.914863 INFO: oop!unknow header: X-Vegeta-Seq: 3582
2024-07-17 23:30:23.914873 INFO: Accept-Encoding: gzip
2024-07-17 23:30:23.914878 INFO: oop!unknow header: Accept-Encoding: gzip
2024-07-17 23:30:23.914882 INFO: 
2024-07-17 23:30:23.914897 INFO: request:HTTP/1.1 200 OK

2024-07-17 23:30:23.914902 INFO: request:HTTP/1.1 200 OK
Content-Length:542

2024-07-17 23:30:23.914906 INFO: request:HTTP/1.1 200 OK
Content-Length:542
Connection:close

2024-07-17 23:30:23.914910 INFO: request:HTTP/1.1 200 OK
Content-Length:542
Connection:close


2024-07-17 23:30:23.914919 INFO: Thread 140246122866240 is running task

2024-07-17 23:30:23.914928 INFO: eventNum: 1
2024-07-17 23:30:23.914933 INFO: fd: 29, events: 4

2024-07-17 23:30:23.914959 INFO: Thread 140246114473536 is running task

2024-07-17 23:30:23.914973 INFO: eventNum: 1
2024-07-17 23:30:23.914978 INFO: fd: 18, events: 8193

2024-07-17 23:30:23.914992 INFO: HttpConn 18 close success
2024-07-17 23:30:23.914999 INFO: Client[18] quit!
2024-07-17 23:30:23.915067 INFO: eventNum: 1
2024-07-17 23:30:23.915084 INFO: fd: 17, events: 8193

2024-07-17 23:30:23.915105 INFO: HttpConn 17 close success
2024-07-17 23:30:23.915111 INFO: Client[17] quit!
2024-07-17 23:30:23.915182 INFO: eventNum: 1
2024-07-17 23:30:23.915194 INFO: fd: 37, events: 1

2024-07-17 23:30:23.915208 INFO: HttpConn 37 read success
2024-07-17 23:30:23.915219 INFO: GET / HTTP/1.1
2024-07-17 23:30:23.915224 INFO: Host: 39.98.202.182:9006
2024-07-17 23:30:23.915229 INFO: User-Agent: Go-http-client/1.1
2024-07-17 23:30:23.915236 INFO: oop!unknow header: User-Agent: Go-http-client/1.1
2024-07-17 23:30:23.915242 INFO: X-Vegeta-Seq: 3597
2024-07-17 23:30:23.915249 INFO: oop!unknow header: X-Vegeta-Seq: 3597
2024-07-17 23:30:23.915255 INFO: Accept-Encoding: gzip
2024-07-17 23:30:23.915261 INFO: oop!unknow header: Accept-Encoding: gzip
2024-07-17 23:30:23.915268 INFO: 
2024-07-17 23:30:23.915289 INFO: request:HTTP/1.1 200 OK

2024-07-17 23:30:23.915296 INFO: request:HTTP/1.1 200 OK
Content-Length:542

2024-07-17 23:30:23.915303 INFO: request:HTTP/1.1 200 OK
Content-Length:542
Connection:close

2024-07-17 23:30:23.915309 INFO: request:HTTP/1.1 200 OK
Content-Length:542
Connection:close


2024-07-17 23:30:23.915322 INFO: Thread 140246131258944 is running task

2024-07-17 23:30:23.915334 INFO: eventNum: 1
2024-07-17 23:30:23.915341 INFO: fd: 37, events: 4

2024-07-17 23:30:23.915381 INFO: Thread 140246148044352 is running task

2024-07-17 23:30:23.915541 INFO: eventNum: 1
2024-07-17 23:30:23.915556 INFO: fd: 16, events: 8193

2024-07-17 23:30:23.915574 INFO: HttpConn 16 close success
2024-07-17 23:30:23.915580 INFO: Client[16] quit!
2024-07-17 23:30:23.916934 INFO: eventNum: 1
2024-07-17 23:30:23.916964 INFO: fd: 36, events: 1

2024-07-17 23:30:23.916985 INFO: HttpConn 36 read success
2024-07-17 23:30:23.917005 INFO: GET / HTTP/1.1
2024-07-17 23:30:23.917010 INFO: Host: 39.98.202.182:9006
2024-07-17 23:30:23.917015 INFO: User-Agent: Go-http-client/1.1
2024-07-17 23:30:23.917019 INFO: oop!unknow header: User-Agent: Go-http-client/1.1
2024-07-17 23:30:23.917027 INFO: X-Vegeta-Seq: 3589
2024-07-17 23:30:23.917031 INFO: oop!unknow header: X-Vegeta-Seq: 3589
2024-07-17 23:30:23.917036 INFO: Accept-Encoding: gzip
2024-07-17 23:30:23.917040 INFO: oop!unknow header: Accept-Encoding: gzip
2024-07-17 23:30:23.917044 INFO: 
2024-07-17 23:30:23.917060 INFO: request:HTTP/1.1 200 OK

2024-07-17 23:30:23.917064 INFO: request:HTTP/1.1 200 OK
Content-Length:542

2024-07-17 23:30:23.917069 INFO: request:HTTP/1.1 200 OK
Content-Length:542
Connection:close

2024-07-17 23:30:23.917073 INFO: request:HTTP/1.1 200 OK
Content-Length:542
Connection:close


2024-07-17 23:30:23.917082 INFO: Thread 140246097688128 is running task

2024-07-17 23:30:23.917083 INFO: eventNum: 2
2024-07-17 23:30:23.917102 INFO: fd: 38, events: 1

2024-07-17 23:30:23.917117 INFO: fd: 36, events: 4

2024-07-17 23:30:23.917122 INFO: HttpConn 38 read success
2024-07-17 23:30:23.917132 INFO: GET / HTTP/1.1
2024-07-17 23:30:23.917137 INFO: Host: 39.98.202.182:9006
2024-07-17 23:30:23.917147 INFO: User-Agent: Go-http-client/1.1
2024-07-17 23:30:23.917151 INFO: oop!unknow header: User-Agent: Go-http-client/1.1
2024-07-17 23:30:23.917155 INFO: X-Vegeta-Seq: 3588
2024-07-17 23:30:23.917163 INFO: oop!unknow header: X-Vegeta-Seq: 3588
2024-07-17 23:30:23.917167 INFO: Accept-Encoding: gzip
2024-07-17 23:30:23.917171 INFO: oop!unknow header: Accept-Encoding: gzip
2024-07-17 23:30:23.917175 INFO: 
2024-07-17 23:30:23.917187 INFO: request:HTTP/1.1 200 OK

2024-07-17 23:30:23.917192 INFO: request:HTTP/1.1 200 OK
Content-Length:542

2024-07-17 23:30:23.917196 INFO: request:HTTP/1.1 200 OK
Content-Length:542
Connection:close

2024-07-17 23:30:23.917201 INFO: request:HTTP/1.1 200 OK
Content-Length:542
Connection:close


2024-07-17 23:30:23.917210 INFO: Thread 140246156437056 is running task

2024-07-17 23:30:23.917221 INFO: eventNum: 2
2024-07-17 23:30:23.917232 INFO: fd: 38, events: 4

2024-07-17 23:30:23.917239 INFO: Thread 140246156437056 is running task

2024-07-17 23:30:23.917242 INFO: fd: 35, events: 1

2024-07-17 23:30:23.917267 INFO: Thread 140246156437056 is running task

2024-07-17 23:30:23.917275 INFO: HttpConn 35 read success
2024-07-17 23:30:23.917282 INFO: GET / HTTP/1.1
2024-07-17 23:30:23.917286 INFO: Host: 39.98.202.182:9006
2024-07-17 23:30:23.917291 INFO: User-Agent: Go-http-client/1.1
2024-07-17 23:30:23.917295 INFO: oop!unknow header: User-Agent: Go-http-client/1.1
2024-07-17 23:30:23.917299 INFO: X-Vegeta-Seq: 3586
2024-07-17 23:30:23.917303 INFO: oop!unknow header: X-Vegeta-Seq: 3586
2024-07-17 23:30:23.917307 INFO: Accept-Encoding: gzip
2024-07-17 23:30:23.917312 INFO: oop!unknow header: Accept-Encoding: gzip
2024-07-17 23:30:23.917316 INFO: 
2024-07-17 23:30:23.917327 INFO: request:HTTP/1.1 200 OK

2024-07-17 23:30:23.917332 INFO: request:HTTP/1.1 200 OK
Content-Length:542

2024-07-17 23:30:23.917336 INFO: request:HTTP/1.1 200 OK
Content-Length:542
Connection:close

2024-07-17 23:30:23.917340 INFO: request:HTTP/1.1 200 OK
Content-Length:542
Connection:close


2024-07-17 23:30:23.917346 INFO: Thread 140246156437056 is running task

2024-07-17 23:30:23.917351 INFO: eventNum: 2
2024-07-17 23:30:23.917361 INFO: fd: 33, events: 1

2024-07-17 23:30:23.917372 INFO: fd: 35, events: 4

2024-07-17 23:30:23.917376 INFO: HttpConn 33 read success
2024-07-17 23:30:23.917384 INFO: GET / HTTP/1.1
2024-07-17 23:30:23.917389 INFO: Host: 39.98.202.182:9006
2024-07-17 23:30:23.917394 INFO: User-Agent: Go-http-client/1.1
2024-07-17 23:30:23.917398 INFO: oop!unknow header: User-Agent: Go-http-client/1.1
2024-07-17 23:30:23.917406 INFO: X-Vegeta-Seq: 3585
2024-07-17 23:30:23.917411 INFO: oop!unknow header: X-Vegeta-Seq: 3585
2024-07-17 23:30:23.917412 INFO: Thread 140246131258944 is running task

2024-07-17 23:30:23.917422 INFO: Accept-Encoding: gzip
2024-07-17 23:30:23.917444 INFO: oop!unknow header: Accept-Encoding: gzip
2024-07-17 23:30:23.917449 INFO: 
2024-07-17 23:30:23.917547 INFO: request:HTTP/1.1 200 OK

2024-07-17 23:30:23.917563 INFO: request:HTTP/1.1 200 OK
Content-Length:542

