2024-07-17 23:30:21.637621 INFO: 
2024-07-17 23:30:21.637691 INFO: request:HTTP/1.1 200 OK

2024-07-17 23:30:21.637697 INFO: request:HTTP/1.1 200 OK
Content-Length:542

2024-07-17 23:30:21.637701 INFO: request:HTTP/1.1 200 OK
Content-Length:542
Connection:close

2024-07-17 23:30:21.637706 INFO: request:HTTP/1.1 200 OK
Content-Length:542
Connection:close


2024-07-17 23:30:21.637724 INFO: eventNum: 1
2024-07-17 23:30:21.637741 INFO: fd: 16, events: 4

2024-07-17 23:30:21.637724 INFO: Thread 140246148044352 is running task

2024-07-17 23:30:21.637785 INFO: Thread 140246106080832 is running task

2024-07-17 23:30:21.640088 INFO: eventNum: 1
2024-07-17 23:30:21.640119 INFO: fd: 26, events: 8193

2024-07-17 23:30:21.640138 INFO: HttpConn 26 close success
2024-07-17 23:30:21.640156 INFO: Client[26] quit!
2024-07-17 23:30:21.658957 INFO: eventNum: 1
2024-07-17 23:30:21.659010 INFO: fd: 16, events: 8193

2024-07-17 23:30:21.659037 INFO: HttpConn 16 close success
2024-07-17 23:30:21.659043 INFO: Client[16] quit!
2024-07-17 23:30:21.660057 INFO: eventNum: 1
2024-07-17 23:30:21.660094 INFO: fd: 13, events: 1

2024-07-17 23:30:21.660100 INFO: HandleListenEvent 13
2024-07-17 23:30:21.660124 INFO: HttpConn 16 init success
2024-07-17 23:30:21.660131 INFO: addTimer id:16 expireTime:1721230721
2024-07-17 23:30:21.660145 INFO: Client[16] in!
2024-07-17 23:30:21.660149 INFO: HandleListenEvent 13
2024-07-17 23:30:21.660159 ERROR: Accept failure -1
2024-07-17 23:30:21.660371 INFO: eventNum: 1
2024-07-17 23:30:21.660382 INFO: fd: 13, events: 1

2024-07-17 23:30:21.660386 INFO: HandleListenEvent 13
2024-07-17 23:30:21.660395 INFO: HttpConn 17 init success
2024-07-17 23:30:21.660400 INFO: addTimer id:17 expireTime:1721230721
2024-07-17 23:30:21.660413 INFO: Client[17] in!
2024-07-17 23:30:21.660418 INFO: HandleListenEvent 13
2024-07-17 23:30:21.660425 ERROR: Accept failure -1
2024-07-17 23:30:21.660431 INFO: eventNum: 1
2024-07-17 23:30:21.660435 INFO: fd: 16, events: 1

2024-07-17 23:30:21.660450 INFO: HttpConn 16 read success
2024-07-17 23:30:21.660463 INFO: GET / HTTP/1.1
2024-07-17 23:30:21.660470 INFO: Host: 39.98.202.182:9006
2024-07-17 23:30:21.660475 INFO: User-Agent: Go-http-client/1.1
2024-07-17 23:30:21.660479 INFO: oop!unknow header: User-Agent: Go-http-client/1.1
2024-07-17 23:30:21.660484 INFO: X-Vegeta-Seq: 2473
2024-07-17 23:30:21.660488 INFO: oop!unknow header: X-Vegeta-Seq: 2473
2024-07-17 23:30:21.660492 INFO: Accept-Encoding: gzip
2024-07-17 23:30:21.660497 INFO: oop!unknow header: Accept-Encoding: gzip
2024-07-17 23:30:21.660522 INFO: 
2024-07-17 23:30:21.660552 INFO: request:HTTP/1.1 200 OK

2024-07-17 23:30:21.660557 INFO: request:HTTP/1.1 200 OK
Content-Length:542

2024-07-17 23:30:21.660561 INFO: request:HTTP/1.1 200 OK
Content-Length:542
Connection:close

2024-07-17 23:30:21.660566 INFO: request:HTTP/1.1 200 OK
Content-Length:542
Connection:close


2024-07-17 23:30:21.660582 INFO: Thread 140246131258944 is running task

2024-07-17 23:30:21.660592 INFO: eventNum: 1
2024-07-17 23:30:21.660597 INFO: fd: 16, events: 4

2024-07-17 23:30:21.660684 INFO: Thread 140246122866240 is running task

2024-07-17 23:30:21.661117 INFO: eventNum: 1
2024-07-17 23:30:21.661137 INFO: fd: 17, events: 1

2024-07-17 23:30:21.661151 INFO: HttpConn 17 read success
2024-07-17 23:30:21.661162 INFO: GET / HTTP/1.1
2024-07-17 23:30:21.661168 INFO: Host: 39.98.202.182:9006
2024-07-17 23:30:21.661173 INFO: User-Agent: Go-http-client/1.1
2024-07-17 23:30:21.661177 INFO: oop!unknow header: User-Agent: Go-http-client/1.1
2024-07-17 23:30:21.661182 INFO: X-Vegeta-Seq: 2471
2024-07-17 23:30:21.661186 INFO: oop!unknow header: X-Vegeta-Seq: 2471
2024-07-17 23:30:21.661190 INFO: Accept-Encoding: gzip
2024-07-17 23:30:21.661194 INFO: oop!unknow header: Accept-Encoding: gzip
2024-07-17 23:30:21.661198 INFO: 
2024-07-17 23:30:21.661214 INFO: request:HTTP/1.1 200 OK

2024-07-17 23:30:21.661219 INFO: request:HTTP/1.1 200 OK
Content-Length:542

2024-07-17 23:30:21.661223 INFO: request:HTTP/1.1 200 OK
Content-Length:542
Connection:close

2024-07-17 23:30:21.661228 INFO: request:HTTP/1.1 200 OK
Content-Length:542
Connection:close


2024-07-17 23:30:21.661246 INFO: Thread 140246097688128 is running task

2024-07-17 23:30:21.661256 INFO: eventNum: 1
2024-07-17 23:30:21.661260 INFO: fd: 17, events: 4

2024-07-17 23:30:21.661296 INFO: Thread 140246139651648 is running task

2024-07-17 23:30:21.661407 INFO: eventNum: 1
2024-07-17 23:30:21.661418 INFO: fd: 13, events: 1

2024-07-17 23:30:21.661423 INFO: HandleListenEvent 13
2024-07-17 23:30:21.661437 INFO: HttpConn 18 init success
2024-07-17 23:30:21.661443 INFO: addTimer id:18 expireTime:1721230721
2024-07-17 23:30:21.661453 INFO: Client[18] in!
2024-07-17 23:30:21.661458 INFO: HandleListenEvent 13
2024-07-17 23:30:21.661466 ERROR: Accept failure -1
2024-07-17 23:30:21.661554 INFO: eventNum: 1
2024-07-17 23:30:21.661564 INFO: fd: 13, events: 1

2024-07-17 23:30:21.661569 INFO: HandleListenEvent 13
2024-07-17 23:30:21.661579 INFO: HttpConn 26 init success
2024-07-17 23:30:21.661585 INFO: addTimer id:26 expireTime:1721230721
2024-07-17 23:30:21.661593 INFO: Client[26] in!
2024-07-17 23:30:21.661598 INFO: HandleListenEvent 13
2024-07-17 23:30:21.661605 ERROR: Accept failure -1
2024-07-17 23:30:21.661648 INFO: eventNum: 1
2024-07-17 23:30:21.661654 INFO: fd: 13, events: 1

2024-07-17 23:30:21.661659 INFO: HandleListenEvent 13
2024-07-17 23:30:21.661669 INFO: HttpConn 28 init success
2024-07-17 23:30:21.661674 INFO: addTimer id:28 expireTime:1721230721
2024-07-17 23:30:21.661682 INFO: Client[28] in!
2024-07-17 23:30:21.661686 INFO: HandleListenEvent 13
2024-07-17 23:30:21.661693 ERROR: Accept failure -1
2024-07-17 23:30:21.661756 INFO: eventNum: 1
2024-07-17 23:30:21.661765 INFO: fd: 18, events: 1

2024-07-17 23:30:21.661785 INFO: HttpConn 18 read success
2024-07-17 23:30:21.661808 INFO: GET / HTTP/1.1
2024-07-17 23:30:21.661815 INFO: Host: 39.98.202.182:9006
2024-07-17 23:30:21.661820 INFO: User-Agent: Go-http-client/1.1
2024-07-17 23:30:21.661824 INFO: oop!unknow header: User-Agent: Go-http-client/1.1
2024-07-17 23:30:21.661829 INFO: X-Vegeta-Seq: 2474
2024-07-17 23:30:21.661833 INFO: oop!unknow header: X-Vegeta-Seq: 2474
2024-07-17 23:30:21.661837 INFO: Accept-Encoding: gzip
2024-07-17 23:30:21.661841 INFO: oop!unknow header: Accept-Encoding: gzip
2024-07-17 23:30:21.661846 INFO: 
2024-07-17 23:30:21.661862 INFO: request:HTTP/1.1 200 OK

2024-07-17 23:30:21.661867 INFO: request:HTTP/1.1 200 OK
Content-Length:542

2024-07-17 23:30:21.661872 INFO: request:HTTP/1.1 200 OK
Content-Length:542
Connection:close

2024-07-17 23:30:21.661876 INFO: request:HTTP/1.1 200 OK
Content-Length:542
Connection:close


2024-07-17 23:30:21.661891 INFO: Thread 140246114473536 is running task

2024-07-17 23:30:21.661893 INFO: eventNum: 1
2024-07-17 23:30:21.661901 INFO: fd: 18, events: 4

2024-07-17 23:30:21.661938 INFO: Thread 140246156437056 is running task

2024-07-17 23:30:21.662025 INFO: eventNum: 1
2024-07-17 23:30:21.662043 INFO: fd: 28, events: 1

2024-07-17 23:30:21.662056 INFO: HttpConn 28 read success
2024-07-17 23:30:21.662066 INFO: GET / HTTP/1.1
2024-07-17 23:30:21.662072 INFO: Host: 39.98.202.182:9006
2024-07-17 23:30:21.662076 INFO: User-Agent: Go-http-client/1.1
2024-07-17 23:30:21.662081 INFO: oop!unknow header: User-Agent: Go-http-client/1.1
2024-07-17 23:30:21.662086 INFO: X-Vegeta-Seq: 2475
2024-07-17 23:30:21.662090 INFO: oop!unknow header: X-Vegeta-Seq: 2475
2024-07-17 23:30:21.662094 INFO: Accept-Encoding: gzip
2024-07-17 23:30:21.662098 INFO: oop!unknow header: Accept-Encoding: gzip
2024-07-17 23:30:21.662103 INFO: 
2024-07-17 23:30:21.662132 INFO: request:HTTP/1.1 200 OK

2024-07-17 23:30:21.662138 INFO: request:HTTP/1.1 200 OK
Content-Length:542

2024-07-17 23:30:21.662146 INFO: request:HTTP/1.1 200 OK
Content-Length:542
Connection:close

2024-07-17 23:30:21.662150 INFO: request:HTTP/1.1 200 OK
Content-Length:542
Connection:close


2024-07-17 23:30:21.662159 INFO: Thread 140246148044352 is running task

2024-07-17 23:30:21.662171 INFO: eventNum: 1
2024-07-17 23:30:21.662176 INFO: fd: 28, events: 4

2024-07-17 23:30:21.662231 INFO: eventNum: 1
2024-07-17 23:30:21.662244 INFO: Thread 140246106080832 is running task

2024-07-17 23:30:21.662244 INFO: fd: 13, events: 1

2024-07-17 23:30:21.662267 INFO: HandleListenEvent 13
2024-07-17 23:30:21.662280 INFO: HttpConn 29 init success
2024-07-17 23:30:21.662286 INFO: addTimer id:29 expireTime:1721230721
2024-07-17 23:30:21.662295 INFO: Client[29] in!
2024-07-17 23:30:21.662303 INFO: HandleListenEvent 13
2024-07-17 23:30:21.662311 ERROR: Accept failure -1
2024-07-17 23:30:21.662317 INFO: eventNum: 1
2024-07-17 23:30:21.662321 INFO: fd: 26, events: 1

2024-07-17 23:30:21.662332 INFO: HttpConn 26 read success
2024-07-17 23:30:21.662341 INFO: GET / HTTP/1.1
2024-07-17 23:30:21.662347 INFO: Host: 39.98.202.182:9006
2024-07-17 23:30:21.662351 INFO: User-Agent: Go-http-client/1.1
2024-07-17 23:30:21.662355 INFO: oop!unknow header: User-Agent: Go-http-client/1.1
2024-07-17 23:30:21.662360 INFO: X-Vegeta-Seq: 2470
2024-07-17 23:30:21.662364 INFO: oop!unknow header: X-Vegeta-Seq: 2470
2024-07-17 23:30:21.662368 INFO: Accept-Encoding: gzip
2024-07-17 23:30:21.662372 INFO: oop!unknow header: Accept-Encoding: gzip
2024-07-17 23:30:21.662377 INFO: 
2024-07-17 23:30:21.662389 INFO: request:HTTP/1.1 200 OK

2024-07-17 23:30:21.662394 INFO: request:HTTP/1.1 200 OK
Content-Length:542

2024-07-17 23:30:21.662398 INFO: request:HTTP/1.1 200 OK
Content-Length:542
Connection:close

2024-07-17 23:30:21.662403 INFO: request:HTTP/1.1 200 OK
Content-Length:542
Connection:close


2024-07-17 23:30:21.662410 INFO: Thread 140246131258944 is running task

2024-07-17 23:30:21.662419 INFO: eventNum: 1
2024-07-17 23:30:21.662423 INFO: fd: 26, events: 4

2024-07-17 23:30:21.662457 INFO: Thread 140246122866240 is running task

2024-07-17 23:30:21.662617 INFO: eventNum: 1
2024-07-17 23:30:21.662633 INFO: fd: 29, events: 1

2024-07-17 23:30:21.662646 INFO: HttpConn 29 read success
2024-07-17 23:30:21.662655 INFO: GET / HTTP/1.1
2024-07-17 23:30:21.662660 INFO: Host: 39.98.202.182:9006
2024-07-17 23:30:21.662664 INFO: User-Agent: Go-http-client/1.1
2024-07-17 23:30:21.662669 INFO: oop!unknow header: User-Agent: Go-http-client/1.1
2024-07-17 23:30:21.662673 INFO: X-Vegeta-Seq: 2476
2024-07-17 23:30:21.662678 INFO: oop!unknow header: X-Vegeta-Seq: 2476
2024-07-17 23:30:21.662682 INFO: Accept-Encoding: gzip
2024-07-17 23:30:21.662687 INFO: oop!unknow header: Accept-Encoding: gzip
2024-07-17 23:30:21.662691 INFO: 
2024-07-17 23:30:21.662704 INFO: request:HTTP/1.1 200 OK

2024-07-17 23:30:21.662708 INFO: request:HTTP/1.1 200 OK
Content-Length:542

2024-07-17 23:30:21.662713 INFO: request:HTTP/1.1 200 OK
Content-Length:542
Connection:close

2024-07-17 23:30:21.662717 INFO: request:HTTP/1.1 200 OK
Content-Length:542
Connection:close


2024-07-17 23:30:21.662725 INFO: Thread 140246097688128 is running task

2024-07-17 23:30:21.662733 INFO: eventNum: 1
2024-07-17 23:30:21.662738 INFO: fd: 29, events: 4

2024-07-17 23:30:21.662770 INFO: Thread 140246139651648 is running task

2024-07-17 23:30:21.667149 INFO: eventNum: 1
2024-07-17 23:30:21.667188 INFO: fd: 13, events: 1

2024-07-17 23:30:21.667194 INFO: HandleListenEvent 13
2024-07-17 23:30:21.667215 INFO: HttpConn 30 init success
2024-07-17 23:30:21.667222 INFO: addTimer id:30 expireTime:1721230721
2024-07-17 23:30:21.667234 INFO: Client[30] in!
2024-07-17 23:30:21.667238 INFO: HandleListenEvent 13
2024-07-17 23:30:21.667248 ERROR: Accept failure -1
2024-07-17 23:30:21.668227 INFO: eventNum: 1
2024-07-17 23:30:21.668245 INFO: fd: 30, events: 1

2024-07-17 23:30:21.668270 INFO: HttpConn 30 read success
2024-07-17 23:30:21.668304 INFO: GET / HTTP/1.1
2024-07-17 23:30:21.668314 INFO: Host: 39.98.202.182:9006
2024-07-17 23:30:21.668319 INFO: User-Agent: Go-http-client/1.1
2024-07-17 23:30:21.668324 INFO: oop!unknow header: User-Agent: Go-http-client/1.1
2024-07-17 23:30:21.668331 INFO: X-Vegeta-Seq: 2478
2024-07-17 23:30:21.668338 INFO: oop!unknow header: X-Vegeta-Seq: 2478
2024-07-17 23:30:21.668344 INFO: Accept-Encoding: gzip
2024-07-17 23:30:21.668351 INFO: oop!unknow header: Accept-Encoding: gzip
2024-07-17 23:30:21.668369 INFO: 
2024-07-17 23:30:21.668396 INFO: request:HTTP/1.1 200 OK

2024-07-17 23:30:21.668401 INFO: request:HTTP/1.1 200 OK
Content-Length:542

2024-07-17 23:30:21.668405 INFO: request:HTTP/1.1 200 OK
Content-Length:542
Connection:close

2024-07-17 23:30:21.668410 INFO: request:HTTP/1.1 200 OK
Content-Length:542
Connection:close


2024-07-17 23:30:21.668427 INFO: eventNum: 1
2024-07-17 23:30:21.668429 INFO: Thread 140246114473536 is running task

2024-07-17 23:30:21.668443 INFO: fd: 30, events: 4

2024-07-17 23:30:21.668594 INFO: Thread 140246156437056 is running task

2024-07-17 23:30:21.668676 INFO: eventNum: 1
2024-07-17 23:30:21.668689 INFO: fd: 13, events: 1

2024-07-17 23:30:21.668694 INFO: HandleListenEvent 13
2024-07-17 23:30:21.668709 INFO: HttpConn 31 init success
2024-07-17 23:30:21.668715 INFO: addTimer id:31 expireTime:1721230721
2024-07-17 23:30:21.668724 INFO: Client[31] in!
2024-07-17 23:30:21.668728 INFO: HandleListenEvent 13
2024-07-17 23:30:21.668737 ERROR: Accept failure -1
2024-07-17 23:30:21.669031 INFO: eventNum: 1
2024-07-17 23:30:21.669049 INFO: fd: 31, events: 1

2024-07-17 23:30:21.669062 INFO: HttpConn 31 read success
2024-07-17 23:30:21.669073 INFO: GET / HTTP/1.1
2024-07-17 23:30:21.669082 INFO: Host: 39.98.202.182:9006
2024-07-17 23:30:21.669086 INFO: User-Agent: Go-http-client/1.1
2024-07-17 23:30:21.669091 INFO: oop!unknow header: User-Agent: Go-http-client/1.1
2024-07-17 23:30:21.669095 INFO: X-Vegeta-Seq: 2477
2024-07-17 23:30:21.669099 INFO: oop!unknow header: X-Vegeta-Seq: 2477
2024-07-17 23:30:21.669104 INFO: Accept-Encoding: gzip
2024-07-17 23:30:21.669108 INFO: oop!unknow header: Accept-Encoding: gzip
2024-07-17 23:30:21.669112 INFO: 
2024-07-17 23:30:21.669128 INFO: request:HTTP/1.1 200 OK

2024-07-17 23:30:21.669133 INFO: request:HTTP/1.1 200 OK
Content-Length:542

2024-07-17 23:30:21.669138 INFO: request:HTTP/1.1 200 OK
Content-Length:542
Connection:close

2024-07-17 23:30:21.669142 INFO: request:HTTP/1.1 200 OK
Content-Length:542
Connection:close


2024-07-17 23:30:21.669152 INFO: Thread 140246148044352 is running task

2024-07-17 23:30:21.669161 INFO: eventNum: 1
2024-07-17 23:30:21.669165 INFO: fd: 31, events: 4

2024-07-17 23:30:21.669214 INFO: Thread 140246106080832 is running task

2024-07-17 23:30:21.681469 INFO: eventNum: 1
2024-07-17 23:30:21.681530 INFO: fd: 13, events: 1

2024-07-17 23:30:21.681536 INFO: HandleListenEvent 13
2024-07-17 23:30:21.681561 INFO: HttpConn 32 init success
2024-07-17 23:30:21.681568 INFO: addTimer id:32 expireTime:1721230721
2024-07-17 23:30:21.681580 INFO: Client[32] in!
2024-07-17 23:30:21.681585 INFO: HandleListenEvent 13
2024-07-17 23:30:21.681595 ERROR: Accept failure -1
2024-07-17 23:30:21.682133 INFO: eventNum: 1
2024-07-17 23:30:21.682146 INFO: fd: 16, events: 8193

2024-07-17 23:30:21.682171 INFO: HttpConn 16 close success
2024-07-17 23:30:21.682181 INFO: Client[16] quit!
2024-07-17 23:30:21.682571 INFO: eventNum: 1
2024-07-17 23:30:21.682587 INFO: fd: 32, events: 1

2024-07-17 23:30:21.682602 INFO: HttpConn 32 read success
2024-07-17 23:30:21.682616 INFO: GET / HTTP/1.1
2024-07-17 23:30:21.682622 INFO: Host: 39.98.202.182:9006
2024-07-17 23:30:21.682627 INFO: User-Agent: Go-http-client/1.1
2024-07-17 23:30:21.682631 INFO: oop!unknow header: User-Agent: Go-http-client/1.1
2024-07-17 23:30:21.682636 INFO: X-Vegeta-Seq: 2485
2024-07-17 23:30:21.682640 INFO: oop!unknow header: X-Vegeta-Seq: 2485
2024-07-17 23:30:21.682644 INFO: Accept-Encoding: gzip
2024-07-17 23:30:21.682649 INFO: oop!unknow header: Accept-Encoding: gzip
2024-07-17 23:30:21.682653 INFO: 
2024-07-17 23:30:21.682676 INFO: request:HTTP/1.1 200 OK

2024-07-17 23:30:21.682681 INFO: request:HTTP/1.1 200 OK
Content-Length:542

2024-07-17 23:30:21.682685 INFO: request:HTTP/1.1 200 OK
Content-Length:542
Connection:close

2024-07-17 23:30:21.682689 INFO: request:HTTP/1.1 200 OK
Content-Length:542
Connection:close


2024-07-17 23:30:21.682705 INFO: Thread 140246131258944 is running task

2024-07-17 23:30:21.682723 INFO: eventNum: 1
2024-07-17 23:30:21.682728 INFO: fd: 32, events: 4

2024-07-17 23:30:21.682790 INFO: Thread 140246122866240 is running task

2024-07-17 23:30:21.689568 INFO: eventNum: 1
2024-07-17 23:30:21.689610 INFO: fd: 18, events: 8193

2024-07-17 23:30:21.689637 INFO: HttpConn 18 close success
2024-07-17 23:30:21.689646 INFO: Client[18] quit!
2024-07-17 23:30:21.689652 INFO: eventNum: 1
2024-07-17 23:30:21.689657 INFO: fd: 17, events: 8193

2024-07-17 23:30:21.689667 INFO: HttpConn 17 close success
2024-07-17 23:30:21.689675 INFO: Client[17] quit!
2024-07-17 23:30:21.689779 INFO: eventNum: 1
2024-07-17 23:30:21.689790 INFO: fd: 28, events: 8193

2024-07-17 23:30:21.689805 INFO: HttpConn 28 close success
2024-07-17 23:30:21.689812 INFO: Client[28] quit!
2024-07-17 23:30:21.689937 INFO: eventNum: 1
2024-07-17 23:30:21.689949 INFO: fd: 30, events: 8193

2024-07-17 23:30:21.689962 INFO: HttpConn 30 close success
2024-07-17 23:30:21.689969 INFO: Client[30] quit!
2024-07-17 23:30:21.690360 INFO: eventNum: 1
2024-07-17 23:30:21.690376 INFO: fd: 29, events: 8193

2024-07-17 23:30:21.690395 INFO: HttpConn 29 close success
2024-07-17 23:30:21.690403 INFO: Client[29] quit!
2024-07-17 23:30:21.690411 INFO: eventNum: 1
2024-07-17 23:30:21.690416 INFO: fd: 31, events: 8193

2024-07-17 23:30:21.690426 INFO: HttpConn 31 close success
2024-07-17 23:30:21.690433 INFO: Client[31] quit!
2024-07-17 23:30:21.690790 INFO: eventNum: 1
2024-07-17 23:30:21.690803 INFO: fd: 26, events: 8193

2024-07-17 23:30:21.690816 INFO: HttpConn 26 close success
2024-07-17 23:30:21.690823 INFO: Client[26] quit!
2024-07-17 23:30:21.693477 INFO: eventNum: 1
2024-07-17 23:30:21.693517 INFO: fd: 32, events: 8193

2024-07-17 23:30:21.693536 INFO: HttpConn 32 close success
2024-07-17 23:30:21.693545 INFO: Client[32] quit!
2024-07-17 23:30:21.694239 INFO: eventNum: 1
2024-07-17 23:30:21.694256 INFO: fd: 13, events: 1

2024-07-17 23:30:21.694261 INFO: HandleListenEvent 13
2024-07-17 23:30:21.694283 INFO: HttpConn 16 init success
2024-07-17 23:30:21.694289 INFO: addTimer id:16 expireTime:1721230721
2024-07-17 23:30:21.694301 INFO: Client[16] in!
2024-07-17 23:30:21.694306 INFO: HandleListenEvent 13
2024-07-17 23:30:21.694314 ERROR: Accept failure -1
2024-07-17 23:30:21.694936 INFO: eventNum: 1
2024-07-17 23:30:21.694956 INFO: fd: 16, events: 1

2024-07-17 23:30:21.694973 INFO: HttpConn 16 read success
2024-07-17 23:30:21.694987 INFO: GET / HTTP/1.1
2024-07-17 23:30:21.694994 INFO: Host: 39.98.202.182:9006
2024-07-17 23:30:21.694998 INFO: User-Agent: Go-http-client/1.1
2024-07-17 23:30:21.695002 INFO: oop!unknow header: User-Agent: Go-http-client/1.1
2024-07-17 23:30:21.695007 INFO: X-Vegeta-Seq: 2493
2024-07-17 23:30:21.695011 INFO: oop!unknow header: X-Vegeta-Seq: 2493
2024-07-17 23:30:21.695016 INFO: Accept-Encoding: gzip
2024-07-17 23:30:21.695020 INFO: oop!unknow header: Accept-Encoding: gzip
2024-07-17 23:30:21.695024 INFO: 
2024-07-17 23:30:21.695049 INFO: request:HTTP/1.1 200 OK

2024-07-17 23:30:21.695054 INFO: request:HTTP/1.1 200 OK
Content-Length:542

2024-07-17 23:30:21.695086 INFO: request:HTTP/1.1 200 OK
Content-Length:542
Connection:close

2024-07-17 23:30:21.695091 INFO: request:HTTP/1.1 200 OK
Content-Length:542
Connection:close


2024-07-17 23:30:21.695107 INFO: Thread 140246097688128 is running task

2024-07-17 23:30:21.695117 INFO: eventNum: 2
2024-07-17 23:30:21.695122 INFO: fd: 13, events: 1

2024-07-17 23:30:21.695126 INFO: HandleListenEvent 13
2024-07-17 23:30:21.695136 INFO: HttpConn 17 init success
2024-07-17 23:30:21.695141 INFO: addTimer id:17 expireTime:1721230721
2024-07-17 23:30:21.695151 INFO: Client[17] in!
2024-07-17 23:30:21.695156 INFO: HandleListenEvent 13
2024-07-17 23:30:21.695168 INFO: HttpConn 18 init success
2024-07-17 23:30:21.695174 INFO: addTimer id:18 expireTime:1721230721
2024-07-17 23:30:21.695181 INFO: Client[18] in!
2024-07-17 23:30:21.695186 INFO: HandleListenEvent 13
2024-07-17 23:30:21.695193 ERROR: Accept failure -1
2024-07-17 23:30:21.695198 INFO: fd: 16, events: 4

2024-07-17 23:30:21.695250 INFO: Thread 140246139651648 is running task

2024-07-17 23:30:21.695461 INFO: eventNum: 1
2024-07-17 23:30:21.695478 INFO: fd: 17, events: 1

2024-07-17 23:30:21.695520 INFO: HttpConn 17 read success
2024-07-17 23:30:21.695530 INFO: eventNum: 1
2024-07-17 23:30:21.695583 INFO: fd: 18, events: 1

2024-07-17 23:30:21.695573 INFO: GET / HTTP/1.1
2024-07-17 23:30:21.695610 INFO: Host: 39.98.202.182:9006
2024-07-17 23:30:21.695627 INFO: User-Agent: Go-http-client/1.1
2024-07-17 23:30:21.695642 INFO: oop!unknow header: User-Agent: Go-http-client/1.1
2024-07-17 23:30:21.695650 INFO: X-Vegeta-Seq: 2492
2024-07-17 23:30:21.695659 INFO: oop!unknow header: X-Vegeta-Seq: 2492
2024-07-17 23:30:21.695673 INFO: Accept-Encoding: gzip
2024-07-17 23:30:21.695598 INFO: eventNum: 1
2024-07-17 23:30:21.695700 INFO: fd: 13, events: 1

2024-07-17 23:30:21.695704 INFO: HttpConn 18 read success
2024-07-17 23:30:21.695706 INFO: HandleListenEvent 13
2024-07-17 23:30:21.695726 INFO: GET / HTTP/1.1
2024-07-17 23:30:21.695736 INFO: Host: 39.98.202.182:9006
2024-07-17 23:30:21.695750 INFO: User-Agent: Go-http-client/1.1
2024-07-17 23:30:21.695762 INFO: oop!unknow header: User-Agent: Go-http-client/1.1
2024-07-17 23:30:21.695774 INFO: X-Vegeta-Seq: 2496
2024-07-17 23:30:21.695787 INFO: oop!unknow header: X-Vegeta-Seq: 2496
2024-07-17 23:30:21.695799 INFO: Accept-Encoding: gzip
2024-07-17 23:30:21.695690 INFO: oop!unknow header: Accept-Encoding: gzip
2024-07-17 23:30:21.695818 INFO: 
2024-07-17 23:30:21.695737 INFO: HttpConn 26 init success
2024-07-17 23:30:21.695830 INFO: addTimer id:26 expireTime:1721230721
2024-07-17 23:30:21.695840 INFO: Client[26] in!
2024-07-17 23:30:21.695845 INFO: HandleListenEvent 13
2024-07-17 23:30:21.695852 INFO: request:HTTP/1.1 200 OK

2024-07-17 23:30:21.695867 INFO: request:HTTP/1.1 200 OK
Content-Length:542

2024-07-17 23:30:21.695853 ERROR: Accept failure -1
2024-07-17 23:30:21.695873 INFO: request:HTTP/1.1 200 OK
Content-Length:542
Connection:close

2024-07-17 23:30:21.695892 INFO: request:HTTP/1.1 200 OK
Content-Length:542
Connection:close


2024-07-17 23:30:21.695806 INFO: oop!unknow header: Accept-Encoding: gzip
2024-07-17 23:30:21.695927 INFO: 
2024-07-17 23:30:21.695911 INFO: eventNum: 1
2024-07-17 23:30:21.695987 INFO: fd: 17, events: 4

2024-07-17 23:30:21.695913 INFO: Thread 140246114473536 is running task

2024-07-17 23:30:21.695966 INFO: request:HTTP/1.1 200 OK

2024-07-17 23:30:21.696013 INFO: request:HTTP/1.1 200 OK
Content-Length:542

2024-07-17 23:30:21.696021 INFO: request:HTTP/1.1 200 OK
Content-Length:542
Connection:close

2024-07-17 23:30:21.696026 INFO: request:HTTP/1.1 200 OK
Content-Length:542
Connection:close


2024-07-17 23:30:21.696030 INFO: Thread 140246148044352 is running task

2024-07-17 23:30:21.696035 INFO: Thread 140246156437056 is running task

2024-07-17 23:30:21.696047 INFO: eventNum: 2
2024-07-17 23:30:21.696053 INFO: fd: 26, events: 1

2024-07-17 23:30:21.696063 INFO: fd: 18, events: 4

2024-07-17 23:30:21.696069 INFO: HttpConn 26 read success
2024-07-17 23:30:21.696079 INFO: GET / HTTP/1.1
2024-07-17 23:30:21.696087 INFO: Host: 39.98.202.182:9006
2024-07-17 23:30:21.696092 INFO: Thread 140246131258944 is running task

2024-07-17 23:30:21.696094 INFO: User-Agent: Go-http-client/1.1
2024-07-17 23:30:21.696115 INFO: oop!unknow header: User-Agent: Go-http-client/1.1
2024-07-17 23:30:21.696120 INFO: X-Vegeta-Seq: 2495
2024-07-17 23:30:21.696125 INFO: oop!unknow header: X-Vegeta-Seq: 2495
2024-07-17 23:30:21.696129 INFO: Accept-Encoding: gzip
2024-07-17 23:30:21.696133 INFO: oop!unknow header: Accept-Encoding: gzip
2024-07-17 23:30:21.696137 INFO: 
2024-07-17 23:30:21.696153 INFO: request:HTTP/1.1 200 OK

2024-07-17 23:30:21.696159 INFO: request:HTTP/1.1 200 OK
Content-Length:542

2024-07-17 23:30:21.696163 INFO: request:HTTP/1.1 200 OK
Content-Length:542
Connection:close

2024-07-17 23:30:21.696167 INFO: request:HTTP/1.1 200 OK
Content-Length:542
Connection:close


2024-07-17 23:30:21.696174 INFO: Thread 140246106080832 is running task

2024-07-17 23:30:21.696188 INFO: eventNum: 1
2024-07-17 23:30:21.696193 INFO: fd: 26, events: 4

2024-07-17 23:30:21.696238 INFO: Thread 140246122866240 is running task

2024-07-17 23:30:21.696782 INFO: eventNum: 1
2024-07-17 23:30:21.696803 INFO: fd: 13, events: 1

2024-07-17 23:30:21.696810 INFO: HandleListenEvent 13
2024-07-17 23:30:21.696830 INFO: HttpConn 28 init success
2024-07-17 23:30:21.696838 INFO: addTimer id:28 expireTime:1721230721
2024-07-17 23:30:21.696847 INFO: Client[28] in!
2024-07-17 23:30:21.696852 INFO: HandleListenEvent 13
2024-07-17 23:30:21.696862 INFO: HttpConn 29 init success
2024-07-17 23:30:21.696893 INFO: addTimer id:29 expireTime:1721230721
2024-07-17 23:30:21.696903 INFO: Client[29] in!
2024-07-17 23:30:21.696908 INFO: HandleListenEvent 13
2024-07-17 23:30:21.696916 ERROR: Accept failure -1
2024-07-17 23:30:21.697162 INFO: eventNum: 1
2024-07-17 23:30:21.697180 INFO: fd: 28, events: 1

2024-07-17 23:30:21.697193 INFO: HttpConn 28 read success
2024-07-17 23:30:21.697204 INFO: GET / HTTP/1.1
2024-07-17 23:30:21.697210 INFO: Host: 39.98.202.182:9006
2024-07-17 23:30:21.697215 INFO: User-Agent: Go-http-client/1.1
2024-07-17 23:30:21.697219 INFO: oop!unknow header: User-Agent: Go-http-client/1.1
2024-07-17 23:30:21.697226 INFO: X-Vegeta-Seq: 2497
2024-07-17 23:30:21.697230 INFO: oop!unknow header: X-Vegeta-Seq: 2497
2024-07-17 23:30:21.697235 INFO: Accept-Encoding: gzip
2024-07-17 23:30:21.697242 INFO: oop!unknow header: Accept-Encoding: gzip
2024-07-17 23:30:21.697246 INFO: 
2024-07-17 23:30:21.697268 INFO: request:HTTP/1.1 200 OK

2024-07-17 23:30:21.697273 INFO: request:HTTP/1.1 200 OK
Content-Length:542

2024-07-17 23:30:21.697277 INFO: request:HTTP/1.1 200 OK
Content-Length:542
Connection:close

2024-07-17 23:30:21.697285 INFO: request:HTTP/1.1 200 OK
Content-Length:542
Connection:close


2024-07-17 23:30:21.697294 INFO: Thread 140246097688128 is running task

2024-07-17 23:30:21.697303 INFO: eventNum: 2
2024-07-17 23:30:21.697308 INFO: fd: 29, events: 1

2024-07-17 23:30:21.697318 INFO: HttpConn 29 read success
2024-07-17 23:30:21.697327 INFO: GET / HTTP/1.1
2024-07-17 23:30:21.697332 INFO: Host: 39.98.202.182:9006
2024-07-17 23:30:21.697336 INFO: User-Agent: Go-http-client/1.1
2024-07-17 23:30:21.697341 INFO: oop!unknow header: User-Agent: Go-http-client/1.1
2024-07-17 23:30:21.697345 INFO: X-Vegeta-Seq: 2489
2024-07-17 23:30:21.697349 INFO: oop!unknow header: X-Vegeta-Seq: 2489
2024-07-17 23:30:21.697354 INFO: Accept-Encoding: gzip
2024-07-17 23:30:21.697358 INFO: oop!unknow header: Accept-Encoding: gzip
2024-07-17 23:30:21.697362 INFO: 
2024-07-17 23:30:21.697374 INFO: request:HTTP/1.1 200 OK

2024-07-17 23:30:21.697378 INFO: request:HTTP/1.1 200 OK
Content-Length:542

2024-07-17 23:30:21.697383 INFO: request:HTTP/1.1 200 OK
Content-Length:542
Connection:close

2024-07-17 23:30:21.697387 INFO: request:HTTP/1.1 200 OK
Content-Length:542
Connection:close


2024-07-17 23:30:21.697394 INFO: Thread 140246139651648 is running task

2024-07-17 23:30:21.697401 INFO: fd: 28, events: 4

2024-07-17 23:30:21.697411 INFO: eventNum: 1
2024-07-17 23:30:21.697416 INFO: fd: 29, events: 4

2024-07-17 23:30:21.697455 INFO: Thread 140246114473536 is running task

2024-07-17 23:30:21.697479 INFO: Thread 140246148044352 is running task

2024-07-17 23:30:21.698118 INFO: eventNum: 1
2024-07-17 23:30:21.698146 INFO: fd: 13, events: 1

2024-07-17 23:30:21.698151 INFO: HandleListenEvent 13
2024-07-17 23:30:21.698165 INFO: HttpConn 30 init success
2024-07-17 23:30:21.698171 INFO: addTimer id:30 expireTime:1721230721
2024-07-17 23:30:21.698180 INFO: Client[30] in!
2024-07-17 23:30:21.698185 INFO: HandleListenEvent 13
2024-07-17 23:30:21.698193 ERROR: Accept failure -1
2024-07-17 23:30:21.698487 INFO: eventNum: 1
2024-07-17 23:30:21.698507 INFO: fd: 30, events: 1

2024-07-17 23:30:21.698525 INFO: HttpConn 30 read success
2024-07-17 23:30:21.698546 INFO: GET / HTTP/1.1
2024-07-17 23:30:21.698553 INFO: Host: 39.98.202.182:9006
2024-07-17 23:30:21.698558 INFO: User-Agent: Go-http-client/1.1
2024-07-17 23:30:21.698568 INFO: oop!unknow header: User-Agent: Go-http-client/1.1
2024-07-17 23:30:21.698573 INFO: X-Vegeta-Seq: 2490
2024-07-17 23:30:21.698577 INFO: oop!unknow header: X-Vegeta-Seq: 2490
2024-07-17 23:30:21.698582 INFO: Accept-Encoding: gzip
2024-07-17 23:30:21.698586 INFO: oop!unknow header: Accept-Encoding: gzip
2024-07-17 23:30:21.698590 INFO: 
2024-07-17 23:30:21.698607 INFO: request:HTTP/1.1 200 OK

2024-07-17 23:30:21.698612 INFO: request:HTTP/1.1 200 OK
Content-Length:542

2024-07-17 23:30:21.698622 INFO: request:HTTP/1.1 200 OK
Content-Length:542
Connection:close

2024-07-17 23:30:21.698630 INFO: request:HTTP/1.1 200 OK
Content-Length:542
Connection:close


2024-07-17 23:30:21.698648 INFO: Thread 140246156437056 is running task

2024-07-17 23:30:21.698649 INFO: eventNum: 1
2024-07-17 23:30:21.698671 INFO: fd: 30, events: 4

2024-07-17 23:30:21.698705 INFO: Thread 140246131258944 is running task

2024-07-17 23:30:21.710699 INFO: eventNum: 1
2024-07-17 23:30:21.710751 INFO: fd: 16, events: 8193

2024-07-17 23:30:21.710786 INFO: HttpConn 16 close success
2024-07-17 23:30:21.710792 INFO: Client[16] quit!
2024-07-17 23:30:21.715561 INFO: eventNum: 1
2024-07-17 23:30:21.715602 INFO: fd: 13, events: 1

2024-07-17 23:30:21.715608 INFO: HandleListenEvent 13
2024-07-17 23:30:21.715632 INFO: HttpConn 16 init success
2024-07-17 23:30:21.715640 INFO: addTimer id:16 expireTime:1721230721
2024-07-17 23:30:21.715653 INFO: Client[16] in!
2024-07-17 23:30:21.715657 INFO: HandleListenEvent 13
2024-07-17 23:30:21.715668 ERROR: Accept failure -1
2024-07-17 23:30:21.716148 INFO: eventNum: 1
2024-07-17 23:30:21.716160 INFO: fd: 18, events: 8193

2024-07-17 23:30:21.716179 INFO: HttpConn 18 close success
2024-07-17 23:30:21.716187 INFO: Client[18] quit!
2024-07-17 23:30:21.716487 INFO: eventNum: 1
2024-07-17 23:30:21.716512 INFO: fd: 30, events: 8193

2024-07-17 23:30:21.716526 INFO: HttpConn 30 close success
2024-07-17 23:30:21.716534 INFO: Client[30] quit!
2024-07-17 23:30:21.716667 INFO: eventNum: 1
2024-07-17 23:30:21.716681 INFO: fd: 16, events: 1

2024-07-17 23:30:21.716697 INFO: HttpConn 16 read success
2024-07-17 23:30:21.716709 INFO: GET / HTTP/1.1
2024-07-17 23:30:21.716716 INFO: Host: 39.98.202.182:9006
2024-07-17 23:30:21.716720 INFO: User-Agent: Go-http-client/1.1
2024-07-17 23:30:21.716725 INFO: oop!unknow header: User-Agent: Go-http-client/1.1
2024-07-17 23:30:21.716730 INFO: X-Vegeta-Seq: 2505
2024-07-17 23:30:21.716734 INFO: oop!unknow header: X-Vegeta-Seq: 2505
2024-07-17 23:30:21.716738 INFO: Accept-Encoding: gzip
2024-07-17 23:30:21.716742 INFO: oop!unknow header: Accept-Encoding: gzip
2024-07-17 23:30:21.716747 INFO: 
2024-07-17 23:30:21.716772 INFO: request:HTTP/1.1 200 OK

2024-07-17 23:30:21.716777 INFO: request:HTTP/1.1 200 OK
Content-Length:542

2024-07-17 23:30:21.716781 INFO: request:HTTP/1.1 200 OK
Content-Length:542
Connection:close

2024-07-17 23:30:21.716786 INFO: request:HTTP/1.1 200 OK
Content-Length:542
Connection:close


2024-07-17 23:30:21.716802 INFO: Thread 140246106080832 is running task

2024-07-17 23:30:21.716813 INFO: eventNum: 2
2024-07-17 23:30:21.716818 INFO: fd: 13, events: 1

2024-07-17 23:30:21.716822 INFO: HandleListenEvent 13
2024-07-17 23:30:21.716835 INFO: HttpConn 18 init success
2024-07-17 23:30:21.716841 INFO: addTimer id:18 expireTime:1721230721
2024-07-17 23:30:21.716850 INFO: Client[18] in!
2024-07-17 23:30:21.716855 INFO: HandleListenEvent 13
2024-07-17 23:30:21.716862 ERROR: Accept failure -1
2024-07-17 23:30:21.716867 INFO: fd: 16, events: 4

2024-07-17 23:30:21.716942 INFO: eventNum: 1
2024-07-17 23:30:21.716951 INFO: fd: 26, events: 8193

2024-07-17 23:30:21.716961 INFO: Thread 140246122866240 is running task

2024-07-17 23:30:21.716966 INFO: HttpConn 26 close success
2024-07-17 23:30:21.717010 INFO: Client[26] quit!
2024-07-17 23:30:21.717546 INFO: eventNum: 1
2024-07-17 23:30:21.717561 INFO: fd: 18, events: 1

2024-07-17 23:30:21.717574 INFO: HttpConn 18 read success
2024-07-17 23:30:21.717584 INFO: GET / HTTP/1.1
2024-07-17 23:30:21.717589 INFO: Host: 39.98.202.182:9006
2024-07-17 23:30:21.717602 INFO: User-Agent: Go-http-client/1.1
2024-07-17 23:30:21.717606 INFO: oop!unknow header: User-Agent: Go-http-client/1.1
2024-07-17 23:30:21.717611 INFO: X-Vegeta-Seq: 2502
2024-07-17 23:30:21.717615 INFO: oop!unknow header: X-Vegeta-Seq: 2502
2024-07-17 23:30:21.717619 INFO: Accept-Encoding: gzip
2024-07-17 23:30:21.717624 INFO: oop!unknow header: Accept-Encoding: gzip
2024-07-17 23:30:21.717628 INFO: 
2024-07-17 23:30:21.717642 INFO: request:HTTP/1.1 200 OK

2024-07-17 23:30:21.717647 INFO: request:HTTP/1.1 200 OK
Content-Length:542

2024-07-17 23:30:21.717651 INFO: request:HTTP/1.1 200 OK
Content-Length:542
Connection:close

2024-07-17 23:30:21.717655 INFO: request:HTTP/1.1 200 OK
Content-Length:542
Connection:close


2024-07-17 23:30:21.717665 INFO: Thread 140246097688128 is running task

2024-07-17 23:30:21.717674 INFO: eventNum: 2
2024-07-17 23:30:21.717678 INFO: fd: 17, events: 8193

2024-07-17 23:30:21.717692 INFO: HttpConn 17 close success
2024-07-17 23:30:21.717699 INFO: Client[17] quit!
2024-07-17 23:30:21.717704 INFO: fd: 18, events: 4

2024-07-17 23:30:21.717736 INFO: Thread 140246139651648 is running task

2024-07-17 23:30:21.718151 INFO: eventNum: 1
2024-07-17 23:30:21.718165 INFO: fd: 28, events: 8193

2024-07-17 23:30:21.718180 INFO: HttpConn 28 close success
2024-07-17 23:30:21.718188 INFO: Client[28] quit!
2024-07-17 23:30:21.718232 INFO: eventNum: 1
2024-07-17 23:30:21.718239 INFO: fd: 29, events: 8193

2024-07-17 23:30:21.718251 INFO: HttpConn 29 close success
2024-07-17 23:30:21.718258 INFO: Client[29] quit!
2024-07-17 23:30:21.722125 INFO: eventNum: 1
2024-07-17 23:30:21.722153 INFO: fd: 13, events: 1

2024-07-17 23:30:21.722158 INFO: HandleListenEvent 13
2024-07-17 23:30:21.722175 INFO: HttpConn 17 init success
2024-07-17 23:30:21.722181 INFO: addTimer id:17 expireTime:1721230721
2024-07-17 23:30:21.722192 INFO: Client[17] in!
2024-07-17 23:30:21.722196 INFO: HandleListenEvent 13
2024-07-17 23:30:21.722204 ERROR: Accept failure -1
2024-07-17 23:30:21.723227 INFO: eventNum: 1
2024-07-17 23:30:21.723246 INFO: fd: 17, events: 1

2024-07-17 23:30:21.723269 INFO: HttpConn 17 read success
2024-07-17 23:30:21.723301 INFO: GET / HTTP/1.1
2024-07-17 23:30:21.723309 INFO: Host: 39.98.202.182:9006
2024-07-17 23:30:21.723314 INFO: User-Agent: Go-http-client/1.1
2024-07-17 23:30:21.723319 INFO: oop!unknow header: User-Agent: Go-http-client/1.1
2024-07-17 23:30:21.723324 INFO: X-Vegeta-Seq: 2506
2024-07-17 23:30:21.723331 INFO: oop!unknow header: X-Vegeta-Seq: 2506
2024-07-17 23:30:21.723338 INFO: Accept-Encoding: gzip
2024-07-17 23:30:21.723344 INFO: oop!unknow header: Accept-Encoding: gzip
2024-07-17 23:30:21.723351 INFO: 
2024-07-17 23:30:21.723382 INFO: request:HTTP/1.1 200 OK

2024-07-17 23:30:21.723394 INFO: request:HTTP/1.1 200 OK
Content-Length:542

2024-07-17 23:30:21.723401 INFO: request:HTTP/1.1 200 OK
Content-Length:542
Connection:close

2024-07-17 23:30:21.723407 INFO: request:HTTP/1.1 200 OK
Content-Length:542
Connection:close


2024-07-17 23:30:21.723429 INFO: Thread 140246114473536 is running task

2024-07-17 23:30:21.723450 INFO: eventNum: 1
2024-07-17 23:30:21.723456 INFO: fd: 17, events: 4

2024-07-17 23:30:21.723528 INFO: Thread 140246148044352 is running task

2024-07-17 23:30:21.725722 INFO: eventNum: 1
2024-07-17 23:30:21.725769 INFO: fd: 13, events: 1

2024-07-17 23:30:21.725778 INFO: HandleListenEvent 13
2024-07-17 23:30:21.725805 INFO: HttpConn 26 init success
2024-07-17 23:30:21.725814 INFO: addTimer id:26 expireTime:1721230721
2024-07-17 23:30:21.725827 INFO: Client[26] in!
2024-07-17 23:30:21.725831 INFO: HandleListenEvent 13
2024-07-17 23:30:21.725842 ERROR: Accept failure -1
2024-07-17 23:30:21.726870 INFO: eventNum: 1
2024-07-17 23:30:21.726908 INFO: fd: 26, events: 1

2024-07-17 23:30:21.726933 INFO: HttpConn 26 read success
2024-07-17 23:30:21.726949 INFO: GET / HTTP/1.1
2024-07-17 23:30:21.726967 INFO: Host: 39.98.202.182:9006
2024-07-17 23:30:21.726973 INFO: User-Agent: Go-http-client/1.1
2024-07-17 23:30:21.726991 INFO: oop!unknow header: User-Agent: Go-http-client/1.1
2024-07-17 23:30:21.726998 INFO: X-Vegeta-Seq: 2512
2024-07-17 23:30:21.727005 INFO: oop!unknow header: X-Vegeta-Seq: 2512
2024-07-17 23:30:21.727012 INFO: Accept-Encoding: gzip
2024-07-17 23:30:21.727018 INFO: oop!unknow header: Accept-Encoding: gzip
2024-07-17 23:30:21.727025 INFO: 
2024-07-17 23:30:21.727052 INFO: request:HTTP/1.1 200 OK

2024-07-17 23:30:21.727060 INFO: request:HTTP/1.1 200 OK
Content-Length:542

2024-07-17 23:30:21.727067 INFO: request:HTTP/1.1 200 OK
Content-Length:542
Connection:close

2024-07-17 23:30:21.727073 INFO: request:HTTP/1.1 200 OK
Content-Length:542
Connection:close


2024-07-17 23:30:21.727092 INFO: Thread 140246156437056 is running task

2024-07-17 23:30:21.727115 INFO: eventNum: 1
2024-07-17 23:30:21.727124 INFO: fd: 26, events: 4

2024-07-17 23:30:21.727177 INFO: Thread 140246131258944 is running task

2024-07-17 23:30:21.743308 INFO: eventNum: 1
2024-07-17 23:30:21.743372 INFO: fd: 13, events: 1

2024-07-17 23:30:21.743381 INFO: HandleListenEvent 13
2024-07-17 23:30:21.743399 INFO: HttpConn 28 init success
2024-07-17 23:30:21.743407 INFO: addTimer id:28 expireTime:1721230721
2024-07-17 23:30:21.743421 INFO: Client[28] in!
2024-07-17 23:30:21.743426 INFO: HandleListenEvent 13
2024-07-17 23:30:21.743437 ERROR: Accept failure -1
2024-07-17 23:30:21.744053 INFO: eventNum: 2
2024-07-17 23:30:21.744088 INFO: fd: 13, events: 1

2024-07-17 23:30:21.744096 INFO: HandleListenEvent 13
2024-07-17 23:30:21.744122 INFO: HttpConn 29 init success
2024-07-17 23:30:21.744130 INFO: addTimer id:29 expireTime:1721230721
2024-07-17 23:30:21.744141 INFO: Client[29] in!
2024-07-17 23:30:21.744146 INFO: HandleListenEvent 13
2024-07-17 23:30:21.744155 ERROR: Accept failure -1
2024-07-17 23:30:21.744160 INFO: fd: 28, events: 1

2024-07-17 23:30:21.744214 INFO: HttpConn 28 read success
2024-07-17 23:30:21.744254 INFO: GET / HTTP/1.1
2024-07-17 23:30:21.744261 INFO: Host: 39.98.202.182:9006
2024-07-17 23:30:21.744266 INFO: User-Agent: Go-http-client/1.1
2024-07-17 23:30:21.744270 INFO: oop!unknow header: User-Agent: Go-http-client/1.1
2024-07-17 23:30:21.744275 INFO: X-Vegeta-Seq: 2510
2024-07-17 23:30:21.744279 INFO: oop!unknow header: X-Vegeta-Seq: 2510
2024-07-17 23:30:21.744311 INFO: Accept-Encoding: gzip
2024-07-17 23:30:21.744317 INFO: oop!unknow header: Accept-Encoding: gzip
2024-07-17 23:30:21.744321 INFO: 
2024-07-17 23:30:21.744353 INFO: request:HTTP/1.1 200 OK

2024-07-17 23:30:21.744361 INFO: request:HTTP/1.1 200 OK
Content-Length:542

2024-07-17 23:30:21.744368 INFO: request:HTTP/1.1 200 OK
Content-Length:542
Connection:close

2024-07-17 23:30:21.744376 INFO: request:HTTP/1.1 200 OK
Content-Length:542
Connection:close


2024-07-17 23:30:21.744399 INFO: Thread 140246106080832 is running task

2024-07-17 23:30:21.744419 INFO: eventNum: 2
2024-07-17 23:30:21.744425 INFO: fd: 29, events: 1

2024-07-17 23:30:21.744438 INFO: fd: 28, events: 4

2024-07-17 23:30:21.744456 INFO: HttpConn 29 read success
2024-07-17 23:30:21.744482 INFO: GET / HTTP/1.1
