2024-07-17 23:30:23.994053 INFO: Client[17] quit!
2024-07-17 23:30:23.994110 INFO: eventNum: 1
2024-07-17 23:30:23.994129 INFO: fd: 28, events: 8193

2024-07-17 23:30:23.994142 INFO: HttpConn 28 close success
2024-07-17 23:30:23.994149 INFO: Client[28] quit!
2024-07-17 23:30:23.994413 INFO: eventNum: 1
2024-07-17 23:30:23.997231 INFO: fd: 26, events: 8193

2024-07-17 23:30:23.997277 INFO: HttpConn 26 close success
2024-07-17 23:30:23.997285 INFO: Client[26] quit!
2024-07-17 23:30:23.997293 INFO: eventNum: 5
2024-07-17 23:30:23.997297 INFO: fd: 33, events: 1

2024-07-17 23:30:23.997312 INFO: fd: 34, events: 1

2024-07-17 23:30:23.997328 INFO: HttpConn 33 read success
2024-07-17 23:30:23.997359 INFO: GET / HTTP/1.1
2024-07-17 23:30:23.997367 INFO: Host: 39.98.202.182:9006
2024-07-17 23:30:23.997373 INFO: User-Agent: Go-http-client/1.1
2024-07-17 23:30:23.997377 INFO: oop!unknow header: User-Agent: Go-http-client/1.1
2024-07-17 23:30:23.997382 INFO: X-Vegeta-Seq: 3619
2024-07-17 23:30:23.997386 INFO: oop!unknow header: X-Vegeta-Seq: 3619
2024-07-17 23:30:23.997391 INFO: Accept-Encoding: gzip
2024-07-17 23:30:23.997395 INFO: oop!unknow header: Accept-Encoding: gzip
2024-07-17 23:30:23.997399 INFO: 
2024-07-17 23:30:23.997422 INFO: request:HTTP/1.1 200 OK

2024-07-17 23:30:23.997427 INFO: request:HTTP/1.1 200 OK
Content-Length:542

2024-07-17 23:30:23.997432 INFO: request:HTTP/1.1 200 OK
Content-Length:542
Connection:close

2024-07-17 23:30:23.997436 INFO: request:HTTP/1.1 200 OK
Content-Length:542
Connection:close


2024-07-17 23:30:23.997451 INFO: Thread 140246122866240 is running task

2024-07-17 23:30:23.997339 INFO: HttpConn 34 read success
2024-07-17 23:30:23.997344 INFO: fd: 29, events: 1

2024-07-17 23:30:23.997475 INFO: GET / HTTP/1.1
2024-07-17 23:30:23.997502 INFO: HttpConn 29 read success
2024-07-17 23:30:23.997517 INFO: GET / HTTP/1.1
2024-07-17 23:30:23.997494 INFO: Host: 39.98.202.182:9006
2024-07-17 23:30:23.997533 INFO: fd: 30, events: 1

2024-07-17 23:30:23.997528 INFO: Host: 39.98.202.182:9006
2024-07-17 23:30:23.997545 INFO: fd: 13, events: 1

2024-07-17 23:30:23.997553 INFO: HttpConn 30 read success
2024-07-17 23:30:23.997554 INFO: HandleListenEvent 13
2024-07-17 23:30:23.997568 INFO: GET / HTTP/1.1
2024-07-17 23:30:23.997575 INFO: Host: 39.98.202.182:9006
2024-07-17 23:30:23.997579 INFO: User-Agent: Go-http-client/1.1
2024-07-17 23:30:23.997580 INFO: HttpConn 17 init success
2024-07-17 23:30:23.997588 INFO: oop!unknow header: User-Agent: Go-http-client/1.1
2024-07-17 23:30:23.997606 INFO: X-Vegeta-Seq: 3625
2024-07-17 23:30:23.997615 INFO: oop!unknow header: X-Vegeta-Seq: 3625
2024-07-17 23:30:23.997623 INFO: Accept-Encoding: gzip
2024-07-17 23:30:23.997599 INFO: addTimer id:17 expireTime:1721230723
2024-07-17 23:30:23.997536 INFO: User-Agent: Go-http-client/1.1
2024-07-17 23:30:23.997642 INFO: Client[17] in!
2024-07-17 23:30:23.997705 INFO: HandleListenEvent 13
2024-07-17 23:30:23.997546 INFO: User-Agent: Go-http-client/1.1
2024-07-17 23:30:23.997725 INFO: oop!unknow header: User-Agent: Go-http-client/1.1
2024-07-17 23:30:23.997731 INFO: X-Vegeta-Seq: 3617
2024-07-17 23:30:23.997735 INFO: oop!unknow header: X-Vegeta-Seq: 3617
2024-07-17 23:30:23.997740 INFO: Accept-Encoding: gzip
2024-07-17 23:30:23.997744 INFO: oop!unknow header: Accept-Encoding: gzip
2024-07-17 23:30:23.997748 INFO: 
2024-07-17 23:30:23.997763 INFO: request:HTTP/1.1 200 OK

2024-07-17 23:30:23.997719 ERROR: Accept failure -1
2024-07-17 23:30:23.997693 INFO: oop!unknow header: User-Agent: Go-http-client/1.1
2024-07-17 23:30:23.997837 INFO: X-Vegeta-Seq: 3622
2024-07-17 23:30:23.997844 INFO: oop!unknow header: X-Vegeta-Seq: 3622
2024-07-17 23:30:23.997850 INFO: Accept-Encoding: gzip
2024-07-17 23:30:23.997856 INFO: oop!unknow header: Accept-Encoding: gzip
2024-07-17 23:30:23.997862 INFO: 
2024-07-17 23:30:23.997879 INFO: request:HTTP/1.1 200 OK

2024-07-17 23:30:23.997886 INFO: request:HTTP/1.1 200 OK
Content-Length:542

2024-07-17 23:30:23.997892 INFO: request:HTTP/1.1 200 OK
Content-Length:542
Connection:close

2024-07-17 23:30:23.997899 INFO: request:HTTP/1.1 200 OK
Content-Length:542
Connection:close


2024-07-17 23:30:23.997926 INFO: Thread 140246131258944 is running task

2024-07-17 23:30:23.997627 INFO: oop!unknow header: Accept-Encoding: gzip
2024-07-17 23:30:23.997942 INFO: 
2024-07-17 23:30:23.997954 INFO: request:HTTP/1.1 200 OK

2024-07-17 23:30:23.997959 INFO: request:HTTP/1.1 200 OK
Content-Length:542

2024-07-17 23:30:23.997963 INFO: request:HTTP/1.1 200 OK
Content-Length:542
Connection:close

2024-07-17 23:30:23.997826 INFO: eventNum: 2
2024-07-17 23:30:23.997978 INFO: request:HTTP/1.1 200 OK
Content-Length:542
Connection:close


2024-07-17 23:30:23.997992 INFO: fd: 33, events: 4

2024-07-17 23:30:23.998010 INFO: Thread 140246148044352 is running task

2024-07-17 23:30:23.998019 INFO: fd: 17, events: 1

2024-07-17 23:30:23.998048 INFO: Thread 140246148044352 is running task

2024-07-17 23:30:23.998057 INFO: HttpConn 17 read success
2024-07-17 23:30:23.998065 INFO: GET / HTTP/1.1
2024-07-17 23:30:23.998070 INFO: Host: 39.98.202.182:9006
2024-07-17 23:30:23.998075 INFO: User-Agent: Go-http-client/1.1
2024-07-17 23:30:23.998079 INFO: oop!unknow header: User-Agent: Go-http-client/1.1
2024-07-17 23:30:23.998083 INFO: X-Vegeta-Seq: 3643
2024-07-17 23:30:23.998087 INFO: oop!unknow header: X-Vegeta-Seq: 3643
2024-07-17 23:30:23.998091 INFO: Accept-Encoding: gzip
2024-07-17 23:30:23.998096 INFO: oop!unknow header: Accept-Encoding: gzip
2024-07-17 23:30:23.998100 INFO: 
2024-07-17 23:30:23.998125 INFO: request:HTTP/1.1 200 OK

2024-07-17 23:30:23.998132 INFO: request:HTTP/1.1 200 OK
Content-Length:542

2024-07-17 23:30:23.998136 INFO: request:HTTP/1.1 200 OK
Content-Length:542
Connection:close

2024-07-17 23:30:23.998140 INFO: request:HTTP/1.1 200 OK
Content-Length:542
Connection:close


2024-07-17 23:30:23.998147 INFO: Thread 140246148044352 is running task

2024-07-17 23:30:23.997811 INFO: request:HTTP/1.1 200 OK
Content-Length:542

2024-07-17 23:30:23.998167 INFO: request:HTTP/1.1 200 OK
Content-Length:542
Connection:close

2024-07-17 23:30:23.998167 INFO: eventNum: 3
2024-07-17 23:30:23.998191 INFO: fd: 34, events: 4

2024-07-17 23:30:23.998204 INFO: fd: 30, events: 4

2024-07-17 23:30:23.998214 INFO: fd: 17, events: 4

2024-07-17 23:30:23.998176 INFO: request:HTTP/1.1 200 OK
Content-Length:542
Connection:close


2024-07-17 23:30:23.998242 INFO: eventNum: 1
2024-07-17 23:30:23.998251 INFO: fd: 29, events: 4

2024-07-17 23:30:23.998301 INFO: Thread 140246106080832 is running task

2024-07-17 23:30:23.998323 INFO: Thread 140246106080832 is running task

2024-07-17 23:30:23.998341 INFO: Thread 140246106080832 is running task

2024-07-17 23:30:23.998353 INFO: Thread 140246139651648 is running task

2024-07-17 23:30:23.998242 INFO: Thread 140246114473536 is running task

2024-07-17 23:30:24.022902 INFO: eventNum: 1
2024-07-17 23:30:24.022947 INFO: fd: 32, events: 8193

2024-07-17 23:30:24.022980 INFO: HttpConn 32 close success
2024-07-17 23:30:24.022989 INFO: Client[32] quit!
2024-07-17 23:30:24.024858 INFO: eventNum: 1
2024-07-17 23:30:24.024889 INFO: fd: 13, events: 1

2024-07-17 23:30:24.024896 INFO: HandleListenEvent 13
2024-07-17 23:30:24.024915 INFO: HttpConn 18 init success
2024-07-17 23:30:24.024922 INFO: addTimer id:18 expireTime:1721230724
2024-07-17 23:30:24.024935 INFO: Client[18] in!
2024-07-17 23:30:24.024939 INFO: HandleListenEvent 13
2024-07-17 23:30:24.024948 ERROR: Accept failure -1
2024-07-17 23:30:24.029807 INFO: eventNum: 1
2024-07-17 23:30:24.029838 INFO: fd: 17, events: 8193

2024-07-17 23:30:24.029884 INFO: HttpConn 17 close success
2024-07-17 23:30:24.029892 INFO: Client[17] quit!
2024-07-17 23:30:24.029898 INFO: eventNum: 2
2024-07-17 23:30:24.029903 INFO: fd: 13, events: 1

2024-07-17 23:30:24.029907 INFO: HandleListenEvent 13
2024-07-17 23:30:24.029921 INFO: HttpConn 17 init success
2024-07-17 23:30:24.029928 INFO: addTimer id:17 expireTime:1721230724
2024-07-17 23:30:24.029940 INFO: Client[17] in!
2024-07-17 23:30:24.029945 INFO: HandleListenEvent 13
2024-07-17 23:30:24.029952 ERROR: Accept failure -1
2024-07-17 23:30:24.029964 INFO: fd: 16, events: 8193

2024-07-17 23:30:24.029977 INFO: HttpConn 16 close success
2024-07-17 23:30:24.029982 INFO: Client[16] quit!
2024-07-17 23:30:24.030085 INFO: eventNum: 2
2024-07-17 23:30:24.030179 INFO: fd: 34, events: 8193

2024-07-17 23:30:24.030206 INFO: HttpConn 34 close success
2024-07-17 23:30:24.030215 INFO: Client[34] quit!
2024-07-17 23:30:24.030220 INFO: fd: 18, events: 1

2024-07-17 23:30:24.030238 INFO: HttpConn 18 read success
2024-07-17 23:30:24.030250 INFO: GET / HTTP/1.1
2024-07-17 23:30:24.030256 INFO: Host: 39.98.202.182:9006
2024-07-17 23:30:24.030261 INFO: User-Agent: Go-http-client/1.1
2024-07-17 23:30:24.030266 INFO: oop!unknow header: User-Agent: Go-http-client/1.1
2024-07-17 23:30:24.030271 INFO: X-Vegeta-Seq: 3651
2024-07-17 23:30:24.030275 INFO: oop!unknow header: X-Vegeta-Seq: 3651
2024-07-17 23:30:24.030279 INFO: Accept-Encoding: gzip
2024-07-17 23:30:24.030283 INFO: oop!unknow header: Accept-Encoding: gzip
2024-07-17 23:30:24.030288 INFO: 
2024-07-17 23:30:24.030306 INFO: request:HTTP/1.1 200 OK

2024-07-17 23:30:24.030311 INFO: request:HTTP/1.1 200 OK
Content-Length:542

2024-07-17 23:30:24.030316 INFO: request:HTTP/1.1 200 OK
Content-Length:542
Connection:close

2024-07-17 23:30:24.030321 INFO: request:HTTP/1.1 200 OK
Content-Length:542
Connection:close


2024-07-17 23:30:24.030337 INFO: Thread 140246148044352 is running task

2024-07-17 23:30:24.030381 INFO: eventNum: 1
2024-07-17 23:30:24.030388 INFO: fd: 18, events: 4

2024-07-17 23:30:24.030426 INFO: Thread 140246097688128 is running task

2024-07-17 23:30:24.030473 INFO: eventNum: 1
2024-07-17 23:30:24.030480 INFO: fd: 33, events: 8193

2024-07-17 23:30:24.030528 INFO: HttpConn 33 close success
2024-07-17 23:30:24.030535 INFO: Client[33] quit!
2024-07-17 23:30:24.030791 INFO: eventNum: 1
2024-07-17 23:30:24.030818 INFO: fd: 30, events: 8193

2024-07-17 23:30:24.030839 INFO: HttpConn 30 close success
2024-07-17 23:30:24.030845 INFO: Client[30] quit!
2024-07-17 23:30:24.031797 INFO: eventNum: 1
2024-07-17 23:30:24.031826 INFO: fd: 29, events: 8193

2024-07-17 23:30:24.031848 INFO: HttpConn 29 close success
2024-07-17 23:30:24.031853 INFO: Client[29] quit!
2024-07-17 23:30:24.034832 INFO: eventNum: 1
2024-07-17 23:30:24.034884 INFO: fd: 17, events: 1

2024-07-17 23:30:24.035096 INFO: HttpConn 17 read success
2024-07-17 23:30:24.035122 INFO: GET / HTTP/1.1
2024-07-17 23:30:24.035129 INFO: Host: 39.98.202.182:9006
2024-07-17 23:30:24.035134 INFO: User-Agent: Go-http-client/1.1
2024-07-17 23:30:24.035138 INFO: oop!unknow header: User-Agent: Go-http-client/1.1
2024-07-17 23:30:24.035144 INFO: X-Vegeta-Seq: 3662
2024-07-17 23:30:24.035148 INFO: oop!unknow header: X-Vegeta-Seq: 3662
2024-07-17 23:30:24.035152 INFO: Accept-Encoding: gzip
2024-07-17 23:30:24.035157 INFO: oop!unknow header: Accept-Encoding: gzip
2024-07-17 23:30:24.035161 INFO: 
2024-07-17 23:30:24.035180 INFO: request:HTTP/1.1 200 OK

2024-07-17 23:30:24.035185 INFO: request:HTTP/1.1 200 OK
Content-Length:542

2024-07-17 23:30:24.035189 INFO: request:HTTP/1.1 200 OK
Content-Length:542
Connection:close

2024-07-17 23:30:24.035194 INFO: request:HTTP/1.1 200 OK
Content-Length:542
Connection:close


2024-07-17 23:30:24.035208 INFO: eventNum: 1
2024-07-17 23:30:24.035235 INFO: fd: 17, events: 4

2024-07-17 23:30:24.035329 INFO: Thread 140246106080832 is running task

2024-07-17 23:30:24.035212 INFO: Thread 140246156437056 is running task

2024-07-17 23:30:24.045473 INFO: eventNum: 1
2024-07-17 23:30:24.045578 INFO: fd: 13, events: 1

2024-07-17 23:30:24.045589 INFO: HandleListenEvent 13
2024-07-17 23:30:24.045619 INFO: HttpConn 16 init success
2024-07-17 23:30:24.045633 INFO: addTimer id:16 expireTime:1721230724
2024-07-17 23:30:24.045653 INFO: Client[16] in!
2024-07-17 23:30:24.045659 INFO: HandleListenEvent 13
2024-07-17 23:30:24.045670 ERROR: Accept failure -1
2024-07-17 23:30:24.048096 INFO: eventNum: 1
2024-07-17 23:30:24.048138 INFO: fd: 16, events: 1

2024-07-17 23:30:24.048171 INFO: HttpConn 16 read success
2024-07-17 23:30:24.048204 INFO: GET / HTTP/1.1
2024-07-17 23:30:24.048214 INFO: Host: 39.98.202.182:9006
2024-07-17 23:30:24.048219 INFO: User-Agent: Go-http-client/1.1
2024-07-17 23:30:24.048223 INFO: oop!unknow header: User-Agent: Go-http-client/1.1
2024-07-17 23:30:24.048228 INFO: X-Vegeta-Seq: 3660
2024-07-17 23:30:24.048233 INFO: oop!unknow header: X-Vegeta-Seq: 3660
2024-07-17 23:30:24.048238 INFO: Accept-Encoding: gzip
2024-07-17 23:30:24.048244 INFO: oop!unknow header: Accept-Encoding: gzip
2024-07-17 23:30:24.048251 INFO: 
2024-07-17 23:30:24.048282 INFO: request:HTTP/1.1 200 OK

2024-07-17 23:30:24.048288 INFO: request:HTTP/1.1 200 OK
Content-Length:542

2024-07-17 23:30:24.048293 INFO: request:HTTP/1.1 200 OK
Content-Length:542
Connection:close

2024-07-17 23:30:24.048297 INFO: request:HTTP/1.1 200 OK
Content-Length:542
Connection:close


2024-07-17 23:30:24.048316 INFO: Thread 140246139651648 is running task

2024-07-17 23:30:24.048339 INFO: eventNum: 1
2024-07-17 23:30:24.048347 INFO: fd: 16, events: 4

2024-07-17 23:30:24.048400 INFO: Thread 140246122866240 is running task

2024-07-17 23:30:24.049485 INFO: eventNum: 1
2024-07-17 23:30:24.049521 INFO: fd: 13, events: 1

2024-07-17 23:30:24.049527 INFO: HandleListenEvent 13
2024-07-17 23:30:24.049546 INFO: HttpConn 26 init success
2024-07-17 23:30:24.049566 INFO: addTimer id:26 expireTime:1721230724
2024-07-17 23:30:24.049582 INFO: Client[26] in!
2024-07-17 23:30:24.049589 INFO: HandleListenEvent 13
2024-07-17 23:30:24.049600 ERROR: Accept failure -1
2024-07-17 23:30:24.049860 INFO: eventNum: 1
2024-07-17 23:30:24.049882 INFO: fd: 26, events: 1

2024-07-17 23:30:24.049908 INFO: HttpConn 26 read success
2024-07-17 23:30:24.049920 INFO: GET / HTTP/1.1
2024-07-17 23:30:24.049927 INFO: Host: 39.98.202.182:9006
2024-07-17 23:30:24.049932 INFO: User-Agent: Go-http-client/1.1
2024-07-17 23:30:24.049936 INFO: oop!unknow header: User-Agent: Go-http-client/1.1
2024-07-17 23:30:24.049941 INFO: X-Vegeta-Seq: 3666
2024-07-17 23:30:24.049945 INFO: oop!unknow header: X-Vegeta-Seq: 3666
2024-07-17 23:30:24.049949 INFO: Accept-Encoding: gzip
2024-07-17 23:30:24.049953 INFO: oop!unknow header: Accept-Encoding: gzip
2024-07-17 23:30:24.049957 INFO: 
2024-07-17 23:30:24.049980 INFO: request:HTTP/1.1 200 OK

2024-07-17 23:30:24.049985 INFO: request:HTTP/1.1 200 OK
Content-Length:542

2024-07-17 23:30:24.049990 INFO: request:HTTP/1.1 200 OK
Content-Length:542
Connection:close

2024-07-17 23:30:24.049994 INFO: request:HTTP/1.1 200 OK
Content-Length:542
Connection:close


2024-07-17 23:30:24.050007 INFO: Thread 140246114473536 is running task

2024-07-17 23:30:24.050017 INFO: eventNum: 1
2024-07-17 23:30:24.050022 INFO: fd: 26, events: 4

2024-07-17 23:30:24.050060 INFO: Thread 140246131258944 is running task

2024-07-17 23:30:24.050348 INFO: eventNum: 1
2024-07-17 23:30:24.050372 INFO: fd: 18, events: 8193

2024-07-17 23:30:24.050394 INFO: HttpConn 18 close success
2024-07-17 23:30:24.050403 INFO: Client[18] quit!
2024-07-17 23:30:24.050529 INFO: eventNum: 1
2024-07-17 23:30:24.050553 INFO: fd: 17, events: 8193

2024-07-17 23:30:24.050576 INFO: HttpConn 17 close success
2024-07-17 23:30:24.050582 INFO: Client[17] quit!
2024-07-17 23:30:24.050641 INFO: eventNum: 1
2024-07-17 23:30:24.050655 INFO: fd: 13, events: 1

2024-07-17 23:30:24.050661 INFO: HandleListenEvent 13
2024-07-17 23:30:24.050678 INFO: HttpConn 17 init success
2024-07-17 23:30:24.050685 INFO: addTimer id:17 expireTime:1721230724
2024-07-17 23:30:24.050695 INFO: Client[17] in!
2024-07-17 23:30:24.050700 INFO: HandleListenEvent 13
2024-07-17 23:30:24.050709 ERROR: Accept failure -1
2024-07-17 23:30:24.051014 INFO: eventNum: 1
2024-07-17 23:30:24.051031 INFO: fd: 17, events: 1

2024-07-17 23:30:24.051047 INFO: HttpConn 17 read success
2024-07-17 23:30:24.051058 INFO: GET / HTTP/1.1
2024-07-17 23:30:24.051064 INFO: Host: 39.98.202.182:9006
2024-07-17 23:30:24.051068 INFO: User-Agent: Go-http-client/1.1
2024-07-17 23:30:24.051073 INFO: oop!unknow header: User-Agent: Go-http-client/1.1
2024-07-17 23:30:24.051085 INFO: X-Vegeta-Seq: 3667
2024-07-17 23:30:24.051090 INFO: oop!unknow header: X-Vegeta-Seq: 3667
2024-07-17 23:30:24.051094 INFO: Accept-Encoding: gzip
2024-07-17 23:30:24.051099 INFO: oop!unknow header: Accept-Encoding: gzip
2024-07-17 23:30:24.051103 INFO: 
2024-07-17 23:30:24.051121 INFO: request:HTTP/1.1 200 OK

2024-07-17 23:30:24.051126 INFO: request:HTTP/1.1 200 OK
Content-Length:542

2024-07-17 23:30:24.051131 INFO: request:HTTP/1.1 200 OK
Content-Length:542
Connection:close

2024-07-17 23:30:24.051135 INFO: request:HTTP/1.1 200 OK
Content-Length:542
Connection:close


2024-07-17 23:30:24.051148 INFO: Thread 140246148044352 is running task

2024-07-17 23:30:24.051157 INFO: eventNum: 1
2024-07-17 23:30:24.051161 INFO: fd: 17, events: 4

2024-07-17 23:30:24.051197 INFO: Thread 140246097688128 is running task

2024-07-17 23:30:24.051346 INFO: eventNum: 1
2024-07-17 23:30:24.051358 INFO: fd: 13, events: 1

2024-07-17 23:30:24.051362 INFO: HandleListenEvent 13
2024-07-17 23:30:24.051377 INFO: HttpConn 18 init success
2024-07-17 23:30:24.051383 INFO: addTimer id:18 expireTime:1721230724
2024-07-17 23:30:24.051392 INFO: Client[18] in!
2024-07-17 23:30:24.051396 INFO: HandleListenEvent 13
2024-07-17 23:30:24.051405 ERROR: Accept failure -1
2024-07-17 23:30:24.051682 INFO: eventNum: 1
2024-07-17 23:30:24.051698 INFO: fd: 18, events: 1

2024-07-17 23:30:24.051713 INFO: HttpConn 18 read success
2024-07-17 23:30:24.051725 INFO: GET / HTTP/1.1
2024-07-17 23:30:24.051731 INFO: Host: 39.98.202.182:9006
2024-07-17 23:30:24.051736 INFO: User-Agent: Go-http-client/1.1
2024-07-17 23:30:24.051740 INFO: oop!unknow header: User-Agent: Go-http-client/1.1
2024-07-17 23:30:24.051748 INFO: X-Vegeta-Seq: 3671
2024-07-17 23:30:24.051752 INFO: oop!unknow header: X-Vegeta-Seq: 3671
2024-07-17 23:30:24.051756 INFO: Accept-Encoding: gzip
2024-07-17 23:30:24.051763 INFO: oop!unknow header: Accept-Encoding: gzip
2024-07-17 23:30:24.051767 INFO: 
2024-07-17 23:30:24.051783 INFO: request:HTTP/1.1 200 OK

2024-07-17 23:30:24.051788 INFO: request:HTTP/1.1 200 OK
Content-Length:542

2024-07-17 23:30:24.051793 INFO: request:HTTP/1.1 200 OK
Content-Length:542
Connection:close

2024-07-17 23:30:24.051797 INFO: request:HTTP/1.1 200 OK
Content-Length:542
Connection:close


2024-07-17 23:30:24.051807 INFO: Thread 140246106080832 is running task

2024-07-17 23:30:24.051816 INFO: eventNum: 1
2024-07-17 23:30:24.051820 INFO: fd: 18, events: 4

2024-07-17 23:30:24.051855 INFO: Thread 140246156437056 is running task

2024-07-17 23:30:24.059981 INFO: eventNum: 1
2024-07-17 23:30:24.060063 INFO: fd: 13, events: 1

2024-07-17 23:30:24.060070 INFO: HandleListenEvent 13
2024-07-17 23:30:24.060092 INFO: HttpConn 28 init success
2024-07-17 23:30:24.060099 INFO: addTimer id:28 expireTime:1721230724
2024-07-17 23:30:24.060112 INFO: Client[28] in!
2024-07-17 23:30:24.060117 INFO: HandleListenEvent 13
2024-07-17 23:30:24.060128 ERROR: Accept failure -1
2024-07-17 23:30:24.063000 INFO: eventNum: 1
2024-07-17 23:30:24.063043 INFO: fd: 28, events: 1

2024-07-17 23:30:24.063094 INFO: HttpConn 28 read success
2024-07-17 23:30:24.063109 INFO: GET / HTTP/1.1
2024-07-17 23:30:24.063116 INFO: Host: 39.98.202.182:9006
2024-07-17 23:30:24.063122 INFO: User-Agent: Go-http-client/1.1
2024-07-17 23:30:24.063129 INFO: oop!unknow header: User-Agent: Go-http-client/1.1
2024-07-17 23:30:24.063136 INFO: X-Vegeta-Seq: 3676
2024-07-17 23:30:24.063142 INFO: oop!unknow header: X-Vegeta-Seq: 3676
2024-07-17 23:30:24.063148 INFO: Accept-Encoding: gzip
2024-07-17 23:30:24.063155 INFO: oop!unknow header: Accept-Encoding: gzip
2024-07-17 23:30:24.063161 INFO: 
2024-07-17 23:30:24.063193 INFO: request:HTTP/1.1 200 OK

2024-07-17 23:30:24.063199 INFO: request:HTTP/1.1 200 OK
Content-Length:542

2024-07-17 23:30:24.063203 INFO: request:HTTP/1.1 200 OK
Content-Length:542
Connection:close

2024-07-17 23:30:24.063208 INFO: request:HTTP/1.1 200 OK
Content-Length:542
Connection:close


2024-07-17 23:30:24.063228 INFO: Thread 140246139651648 is running task

2024-07-17 23:30:24.063253 INFO: eventNum: 1
2024-07-17 23:30:24.063261 INFO: fd: 28, events: 4

2024-07-17 23:30:24.063316 INFO: Thread 140246122866240 is running task

2024-07-17 23:30:24.063438 INFO: eventNum: 1
2024-07-17 23:30:24.063449 INFO: fd: 16, events: 8193

2024-07-17 23:30:24.063476 INFO: HttpConn 16 close success
2024-07-17 23:30:24.063483 INFO: Client[16] quit!
2024-07-17 23:30:24.064281 INFO: eventNum: 1
2024-07-17 23:30:24.064311 INFO: fd: 26, events: 8193

2024-07-17 23:30:24.064336 INFO: HttpConn 26 close success
2024-07-17 23:30:24.064343 INFO: Client[26] quit!
2024-07-17 23:30:24.076115 INFO: eventNum: 1
2024-07-17 23:30:24.076167 INFO: fd: 17, events: 8193

2024-07-17 23:30:24.076198 INFO: HttpConn 17 close success
2024-07-17 23:30:24.076207 INFO: Client[17] quit!
2024-07-17 23:30:24.092694 INFO: eventNum: 1
2024-07-17 23:30:24.092745 INFO: fd: 13, events: 1

2024-07-17 23:30:24.092752 INFO: HandleListenEvent 13
2024-07-17 23:30:24.092776 INFO: HttpConn 16 init success
2024-07-17 23:30:24.092783 INFO: addTimer id:16 expireTime:1721230724
2024-07-17 23:30:24.092798 INFO: Client[16] in!
2024-07-17 23:30:24.092803 INFO: HandleListenEvent 13
2024-07-17 23:30:24.092814 ERROR: Accept failure -1
2024-07-17 23:30:24.092820 INFO: eventNum: 1
2024-07-17 23:30:24.092824 INFO: fd: 16, events: 1

2024-07-17 23:30:24.092844 INFO: HttpConn 16 read success
2024-07-17 23:30:24.092856 INFO: GET / HTTP/1.1
2024-07-17 23:30:24.092863 INFO: Host: 39.98.202.182:9006
2024-07-17 23:30:24.092868 INFO: User-Agent: Go-http-client/1.1
2024-07-17 23:30:24.092872 INFO: oop!unknow header: User-Agent: Go-http-client/1.1
2024-07-17 23:30:24.092877 INFO: X-Vegeta-Seq: 3681
2024-07-17 23:30:24.092881 INFO: oop!unknow header: X-Vegeta-Seq: 3681
2024-07-17 23:30:24.092886 INFO: Accept-Encoding: gzip
2024-07-17 23:30:24.092890 INFO: oop!unknow header: Accept-Encoding: gzip
2024-07-17 23:30:24.092894 INFO: 
2024-07-17 23:30:24.092923 INFO: request:HTTP/1.1 200 OK

2024-07-17 23:30:24.092931 INFO: request:HTTP/1.1 200 OK
Content-Length:542

2024-07-17 23:30:24.092936 INFO: request:HTTP/1.1 200 OK
Content-Length:542
Connection:close

2024-07-17 23:30:24.092940 INFO: request:HTTP/1.1 200 OK
Content-Length:542
Connection:close


2024-07-17 23:30:24.092957 INFO: Thread 140246114473536 is running task

2024-07-17 23:30:24.092971 INFO: eventNum: 1
2024-07-17 23:30:24.092978 INFO: fd: 16, events: 4

2024-07-17 23:30:24.093040 INFO: Thread 140246131258944 is running task

2024-07-17 23:30:24.093210 INFO: eventNum: 1
2024-07-17 23:30:24.093224 INFO: fd: 13, events: 1

2024-07-17 23:30:24.093229 INFO: HandleListenEvent 13
2024-07-17 23:30:24.093244 INFO: HttpConn 17 init success
2024-07-17 23:30:24.093250 INFO: addTimer id:17 expireTime:1721230724
2024-07-17 23:30:24.093260 INFO: Client[17] in!
2024-07-17 23:30:24.093265 INFO: HandleListenEvent 13
2024-07-17 23:30:24.093281 ERROR: Accept failure -1
2024-07-17 23:30:24.093288 INFO: eventNum: 1
2024-07-17 23:30:24.093292 INFO: fd: 18, events: 8193

2024-07-17 23:30:24.093318 INFO: HttpConn 18 close success
2024-07-17 23:30:24.093324 INFO: Client[18] quit!
2024-07-17 23:30:24.093330 INFO: eventNum: 1
2024-07-17 23:30:24.093334 INFO: fd: 28, events: 8193

2024-07-17 23:30:24.093346 INFO: HttpConn 28 close success
2024-07-17 23:30:24.093352 INFO: Client[28] quit!
2024-07-17 23:30:24.093974 INFO: eventNum: 1
2024-07-17 23:30:24.094002 INFO: fd: 13, events: 1

2024-07-17 23:30:24.094008 INFO: HandleListenEvent 13
2024-07-17 23:30:24.094035 INFO: HttpConn 18 init success
2024-07-17 23:30:24.094043 INFO: addTimer id:18 expireTime:1721230724
2024-07-17 23:30:24.094054 INFO: Client[18] in!
2024-07-17 23:30:24.094058 INFO: HandleListenEvent 13
2024-07-17 23:30:24.094067 ERROR: Accept failure -1
2024-07-17 23:30:24.094212 INFO: eventNum: 1
2024-07-17 23:30:24.094228 INFO: fd: 13, events: 1

2024-07-17 23:30:24.094233 INFO: HandleListenEvent 13
2024-07-17 23:30:24.094243 INFO: HttpConn 26 init success
2024-07-17 23:30:24.094249 INFO: addTimer id:26 expireTime:1721230724
2024-07-17 23:30:24.094258 INFO: Client[26] in!
2024-07-17 23:30:24.094280 INFO: HandleListenEvent 13
2024-07-17 23:30:24.094295 ERROR: Accept failure -1
2024-07-17 23:30:24.094315 INFO: eventNum: 1
2024-07-17 23:30:24.094331 INFO: fd: 18, events: 1

2024-07-17 23:30:24.094349 INFO: eventNum: 1
2024-07-17 23:30:24.094357 INFO: fd: 17, events: 1

2024-07-17 23:30:24.094358 INFO: HttpConn 18 read success
2024-07-17 23:30:24.094391 INFO: GET / HTTP/1.1
2024-07-17 23:30:24.094398 INFO: Host: 39.98.202.182:9006
2024-07-17 23:30:24.094404 INFO: User-Agent: Go-http-client/1.1
2024-07-17 23:30:24.094408 INFO: oop!unknow header: User-Agent: Go-http-client/1.1
2024-07-17 23:30:24.094413 INFO: X-Vegeta-Seq: 3686
2024-07-17 23:30:24.094417 INFO: oop!unknow header: X-Vegeta-Seq: 3686
2024-07-17 23:30:24.094421 INFO: Accept-Encoding: gzip
2024-07-17 23:30:24.094426 INFO: oop!unknow header: Accept-Encoding: gzip
2024-07-17 23:30:24.094430 INFO: 
2024-07-17 23:30:24.094452 INFO: request:HTTP/1.1 200 OK

2024-07-17 23:30:24.094457 INFO: request:HTTP/1.1 200 OK
Content-Length:542

2024-07-17 23:30:24.094461 INFO: request:HTTP/1.1 200 OK
Content-Length:542
Connection:close

2024-07-17 23:30:24.094466 INFO: request:HTTP/1.1 200 OK
Content-Length:542
Connection:close


2024-07-17 23:30:24.094488 INFO: eventNum: 1
2024-07-17 23:30:24.094489 INFO: Thread 140246148044352 is running task

2024-07-17 23:30:24.094532 INFO: HttpConn 17 read success
2024-07-17 23:30:24.094571 INFO: GET / HTTP/1.1
2024-07-17 23:30:24.094580 INFO: Host: 39.98.202.182:9006
2024-07-17 23:30:24.094541 INFO: fd: 18, events: 4

2024-07-17 23:30:24.094585 INFO: User-Agent: Go-http-client/1.1
2024-07-17 23:30:24.094602 INFO: oop!unknow header: User-Agent: Go-http-client/1.1
2024-07-17 23:30:24.094607 INFO: X-Vegeta-Seq: 3687
2024-07-17 23:30:24.094612 INFO: oop!unknow header: X-Vegeta-Seq: 3687
2024-07-17 23:30:24.094616 INFO: Accept-Encoding: gzip
2024-07-17 23:30:24.094620 INFO: oop!unknow header: Accept-Encoding: gzip
2024-07-17 23:30:24.094624 INFO: 
2024-07-17 23:30:24.094639 INFO: request:HTTP/1.1 200 OK

2024-07-17 23:30:24.094644 INFO: request:HTTP/1.1 200 OK
Content-Length:542

2024-07-17 23:30:24.094648 INFO: request:HTTP/1.1 200 OK
Content-Length:542
Connection:close

2024-07-17 23:30:24.094652 INFO: request:HTTP/1.1 200 OK
Content-Length:542
Connection:close


2024-07-17 23:30:24.094666 INFO: Thread 140246097688128 is running task

2024-07-17 23:30:24.094669 INFO: eventNum: 1
2024-07-17 23:30:24.094677 INFO: fd: 17, events: 4

2024-07-17 23:30:24.094703 INFO: Thread 140246097688128 is running task

2024-07-17 23:30:24.094721 INFO: Thread 140246097688128 is running task

2024-07-17 23:30:24.095380 INFO: eventNum: 1
2024-07-17 23:30:24.095401 INFO: fd: 26, events: 1

2024-07-17 23:30:24.095419 INFO: HttpConn 26 read success
2024-07-17 23:30:24.095432 INFO: GET / HTTP/1.1
2024-07-17 23:30:24.095438 INFO: Host: 39.98.202.182:9006
2024-07-17 23:30:24.095443 INFO: User-Agent: Go-http-client/1.1
2024-07-17 23:30:24.095447 INFO: oop!unknow header: User-Agent: Go-http-client/1.1
2024-07-17 23:30:24.095452 INFO: X-Vegeta-Seq: 3685
2024-07-17 23:30:24.095456 INFO: oop!unknow header: X-Vegeta-Seq: 3685
2024-07-17 23:30:24.095461 INFO: Accept-Encoding: gzip
2024-07-17 23:30:24.095465 INFO: oop!unknow header: Accept-Encoding: gzip
2024-07-17 23:30:24.095470 INFO: 
2024-07-17 23:30:24.095523 INFO: request:HTTP/1.1 200 OK

2024-07-17 23:30:24.095535 INFO: request:HTTP/1.1 200 OK
Content-Length:542

2024-07-17 23:30:24.095545 INFO: request:HTTP/1.1 200 OK
Content-Length:542
Connection:close

2024-07-17 23:30:24.095550 INFO: request:HTTP/1.1 200 OK
Content-Length:542
Connection:close


2024-07-17 23:30:24.095564 INFO: Thread 140246139651648 is running task

2024-07-17 23:30:24.095574 INFO: eventNum: 1
2024-07-17 23:30:24.095579 INFO: fd: 26, events: 4

2024-07-17 23:30:24.095613 INFO: Thread 140246122866240 is running task

2024-07-17 23:30:24.102792 INFO: eventNum: 1
2024-07-17 23:30:24.102855 INFO: fd: 13, events: 1

2024-07-17 23:30:24.102862 INFO: HandleListenEvent 13
2024-07-17 23:30:24.102889 INFO: HttpConn 28 init success
2024-07-17 23:30:24.102904 INFO: addTimer id:28 expireTime:1721230724
2024-07-17 23:30:24.102918 INFO: Client[28] in!
2024-07-17 23:30:24.102922 INFO: HandleListenEvent 13
2024-07-17 23:30:24.102934 ERROR: Accept failure -1
2024-07-17 23:30:24.105771 INFO: eventNum: 1
2024-07-17 23:30:24.105826 INFO: fd: 28, events: 1

2024-07-17 23:30:24.105852 INFO: HttpConn 28 read success
2024-07-17 23:30:24.105874 INFO: GET / HTTP/1.1
2024-07-17 23:30:24.105880 INFO: Host: 39.98.202.182:9006
2024-07-17 23:30:24.105885 INFO: User-Agent: Go-http-client/1.1
2024-07-17 23:30:24.105890 INFO: oop!unknow header: User-Agent: Go-http-client/1.1
2024-07-17 23:30:24.105895 INFO: X-Vegeta-Seq: 3699
2024-07-17 23:30:24.105900 INFO: oop!unknow header: X-Vegeta-Seq: 3699
2024-07-17 23:30:24.105904 INFO: Accept-Encoding: gzip
2024-07-17 23:30:24.105909 INFO: oop!unknow header: Accept-Encoding: gzip
2024-07-17 23:30:24.105913 INFO: 
2024-07-17 23:30:24.105940 INFO: request:HTTP/1.1 200 OK

2024-07-17 23:30:24.105999 INFO: request:HTTP/1.1 200 OK
Content-Length:542

2024-07-17 23:30:24.106010 INFO: request:HTTP/1.1 200 OK
Content-Length:542
Connection:close

2024-07-17 23:30:24.106016 INFO: request:HTTP/1.1 200 OK
Content-Length:542
Connection:close


2024-07-17 23:30:24.106034 INFO: Thread 140246114473536 is running task

2024-07-17 23:30:24.106047 INFO: eventNum: 2
2024-07-17 23:30:24.106053 INFO: fd: 16, events: 8193

2024-07-17 23:30:24.106137 INFO: HttpConn 16 close success
2024-07-17 23:30:24.106168 INFO: Client[16] quit!
2024-07-17 23:30:24.106174 INFO: fd: 28, events: 4

2024-07-17 23:30:24.106243 INFO: Thread 140246131258944 is running task

2024-07-17 23:30:24.106262 INFO: eventNum: 1
2024-07-17 23:30:24.106269 INFO: fd: 13, events: 1

2024-07-17 23:30:24.106276 INFO: HandleListenEvent 13
2024-07-17 23:30:24.106299 INFO: HttpConn 16 init success
2024-07-17 23:30:24.106308 INFO: addTimer id:16 expireTime:1721230724
2024-07-17 23:30:24.106321 INFO: Client[16] in!
2024-07-17 23:30:24.106327 INFO: HandleListenEvent 13
2024-07-17 23:30:24.106336 ERROR: Accept failure -1
2024-07-17 23:30:24.106631 INFO: eventNum: 1
2024-07-17 23:30:24.106648 INFO: fd: 16, events: 1

2024-07-17 23:30:24.106662 INFO: HttpConn 16 read success
2024-07-17 23:30:24.106673 INFO: GET / HTTP/1.1
2024-07-17 23:30:24.106682 INFO: Host: 39.98.202.182:9006
2024-07-17 23:30:24.106687 INFO: User-Agent: Go-http-client/1.1
2024-07-17 23:30:24.106695 INFO: oop!unknow header: User-Agent: Go-http-client/1.1
2024-07-17 23:30:24.106700 INFO: X-Vegeta-Seq: 3698
2024-07-17 23:30:24.106704 INFO: oop!unknow header: X-Vegeta-Seq: 3698
2024-07-17 23:30:24.106708 INFO: Accept-Encoding: gzip
2024-07-17 23:30:24.106713 INFO: oop!unknow header: Accept-Encoding: gzip
2024-07-17 23:30:24.106717 INFO: 
2024-07-17 23:30:24.106736 INFO: request:HTTP/1.1 200 OK

2024-07-17 23:30:24.106741 INFO: request:HTTP/1.1 200 OK
Content-Length:542

2024-07-17 23:30:24.106745 INFO: request:HTTP/1.1 200 OK
Content-Length:542
Connection:close

2024-07-17 23:30:24.106750 INFO: request:HTTP/1.1 200 OK
Content-Length:542
Connection:close


2024-07-17 23:30:24.106759 INFO: Thread 140246148044352 is running task

2024-07-17 23:30:24.106769 INFO: eventNum: 1
2024-07-17 23:30:24.106773 INFO: fd: 16, events: 4

2024-07-17 23:30:24.106806 INFO: Thread 140246097688128 is running task

2024-07-17 23:30:24.115771 INFO: eventNum: 1
2024-07-17 23:30:24.115825 INFO: fd: 17, events: 8193

2024-07-17 23:30:24.115864 INFO: HttpConn 17 close success
2024-07-17 23:30:24.115870 INFO: Client[17] quit!
2024-07-17 23:30:24.116864 INFO: eventNum: 1
2024-07-17 23:30:24.116884 INFO: fd: 18, events: 8193

2024-07-17 23:30:24.116906 INFO: HttpConn 18 close success
2024-07-17 23:30:24.116915 INFO: Client[18] quit!
2024-07-17 23:30:24.116920 INFO: eventNum: 1
2024-07-17 23:30:24.116925 INFO: fd: 13, events: 1

2024-07-17 23:30:24.116929 INFO: HandleListenEvent 13
2024-07-17 23:30:24.116954 INFO: HttpConn 17 init success
2024-07-17 23:30:24.116964 INFO: addTimer id:17 expireTime:1721230724
2024-07-17 23:30:24.116988 INFO: Client[17] in!
2024-07-17 23:30:24.116994 INFO: HandleListenEvent 13
2024-07-17 23:30:24.117002 ERROR: Accept failure -1
2024-07-17 23:30:24.117846 INFO: eventNum: 1
2024-07-17 23:30:24.117875 INFO: fd: 13, events: 1

2024-07-17 23:30:24.117881 INFO: HandleListenEvent 13
2024-07-17 23:30:24.117896 INFO: HttpConn 18 init success
2024-07-17 23:30:24.117903 INFO: addTimer id:18 expireTime:1721230724
2024-07-17 23:30:24.117914 INFO: Client[18] in!
2024-07-17 23:30:24.117919 INFO: HandleListenEvent 13
2024-07-17 23:30:24.117929 ERROR: Accept failure -1
2024-07-17 23:30:24.118271 INFO: eventNum: 1
2024-07-17 23:30:24.118297 INFO: fd: 26, events: 8193

2024-07-17 23:30:24.118320 INFO: HttpConn 26 close success
2024-07-17 23:30:24.118330 INFO: Client[26] quit!
2024-07-17 23:30:24.118715 INFO: eventNum: 1
2024-07-17 23:30:24.118729 INFO: fd: 17, events: 1

2024-07-17 23:30:24.118746 INFO: HttpConn 17 read success
2024-07-17 23:30:24.118758 INFO: GET / HTTP/1.1
2024-07-17 23:30:24.118764 INFO: Host: 39.98.202.182:9006
2024-07-17 23:30:24.118771 INFO: User-Agent: Go-http-client/1.1
2024-07-17 23:30:24.118776 INFO: oop!unknow header: User-Agent: Go-http-client/1.1
2024-07-17 23:30:24.118781 INFO: X-Vegeta-Seq: 3700
2024-07-17 23:30:24.118785 INFO: oop!unknow header: X-Vegeta-Seq: 3700
2024-07-17 23:30:24.118789 INFO: Accept-Encoding: gzip
2024-07-17 23:30:24.118793 INFO: oop!unknow header: Accept-Encoding: gzip
2024-07-17 23:30:24.118798 INFO: 
2024-07-17 23:30:24.118820 INFO: request:HTTP/1.1 200 OK

2024-07-17 23:30:24.118825 INFO: request:HTTP/1.1 200 OK
Content-Length:542

2024-07-17 23:30:24.118829 INFO: request:HTTP/1.1 200 OK
Content-Length:542
Connection:close

2024-07-17 23:30:24.118834 INFO: request:HTTP/1.1 200 OK
Content-Length:542
Connection:close


2024-07-17 23:30:24.118849 INFO: Thread 140246106080832 is running task

2024-07-17 23:30:24.118859 INFO: eventNum: 1
2024-07-17 23:30:24.118863 INFO: fd: 17, events: 4

2024-07-17 23:30:24.118907 INFO: Thread 140246156437056 is running task

2024-07-17 23:30:24.119366 INFO: eventNum: 1
2024-07-17 23:30:24.119379 INFO: fd: 18, events: 1

2024-07-17 23:30:24.119401 INFO: HttpConn 18 read success
2024-07-17 23:30:24.119447 INFO: GET / HTTP/1.1
2024-07-17 23:30:24.119455 INFO: eventNum: 1
2024-07-17 23:30:24.119456 INFO: Host: 39.98.202.182:9006
2024-07-17 23:30:24.119477 INFO: User-Agent: Go-http-client/1.1
2024-07-17 23:30:24.119484 INFO: oop!unknow header: User-Agent: Go-http-client/1.1
2024-07-17 23:30:24.119489 INFO: X-Vegeta-Seq: 3702
2024-07-17 23:30:24.119494 INFO: oop!unknow header: X-Vegeta-Seq: 3702
2024-07-17 23:30:24.119508 INFO: Accept-Encoding: gzip
2024-07-17 23:30:24.119514 INFO: oop!unknow header: Accept-Encoding: gzip
2024-07-17 23:30:24.119521 INFO: 
2024-07-17 23:30:24.119544 INFO: request:HTTP/1.1 200 OK

2024-07-17 23:30:24.119550 INFO: request:HTTP/1.1 200 OK
Content-Length:542

2024-07-17 23:30:24.119554 INFO: request:HTTP/1.1 200 OK
Content-Length:542
Connection:close

2024-07-17 23:30:24.119559 INFO: request:HTTP/1.1 200 OK
Content-Length:542
Connection:close


2024-07-17 23:30:24.119584 INFO: Thread 140246139651648 is running task

2024-07-17 23:30:24.119468 INFO: fd: 13, events: 1

2024-07-17 23:30:24.119644 INFO: HandleListenEvent 13
2024-07-17 23:30:24.119661 INFO: HttpConn 26 init success
2024-07-17 23:30:24.119670 INFO: addTimer id:26 expireTime:1721230724
2024-07-17 23:30:24.119680 INFO: Client[26] in!
2024-07-17 23:30:24.119685 INFO: HandleListenEvent 13
2024-07-17 23:30:24.119693 ERROR: Accept failure -1
2024-07-17 23:30:24.119700 INFO: eventNum: 2
2024-07-17 23:30:24.119704 INFO: fd: 18, events: 4

2024-07-17 23:30:24.119712 INFO: fd: 26, events: 1

2024-07-17 23:30:24.121016 INFO: Thread 140246122866240 is running task

2024-07-17 23:30:24.121049 INFO: HttpConn 26 read success
2024-07-17 23:30:24.121063 INFO: GET / HTTP/1.1
2024-07-17 23:30:24.121070 INFO: Host: 39.98.202.182:9006
2024-07-17 23:30:24.121075 INFO: User-Agent: Go-http-client/1.1
2024-07-17 23:30:24.121079 INFO: oop!unknow header: User-Agent: Go-http-client/1.1
2024-07-17 23:30:24.121091 INFO: X-Vegeta-Seq: 3701
2024-07-17 23:30:24.121096 INFO: oop!unknow header: X-Vegeta-Seq: 3701
2024-07-17 23:30:24.121100 INFO: Accept-Encoding: gzip
2024-07-17 23:30:24.121104 INFO: oop!unknow header: Accept-Encoding: gzip
2024-07-17 23:30:24.121109 INFO: 
2024-07-17 23:30:24.121126 INFO: request:HTTP/1.1 200 OK

2024-07-17 23:30:24.121131 INFO: request:HTTP/1.1 200 OK
Content-Length:542

2024-07-17 23:30:24.121136 INFO: request:HTTP/1.1 200 OK
Content-Length:542
Connection:close

2024-07-17 23:30:24.121140 INFO: request:HTTP/1.1 200 OK
Content-Length:542
Connection:close


2024-07-17 23:30:24.121152 INFO: Thread 140246122866240 is running task

2024-07-17 23:30:24.121209 INFO: eventNum: 1
2024-07-17 23:30:24.121228 INFO: fd: 26, events: 4

2024-07-17 23:30:24.121271 INFO: Thread 140246131258944 is running task

2024-07-17 23:30:24.123913 INFO: eventNum: 2
2024-07-17 23:30:24.123946 INFO: fd: 28, events: 8193

2024-07-17 23:30:24.123985 INFO: HttpConn 28 close success
2024-07-17 23:30:24.123996 INFO: Client[28] quit!
2024-07-17 23:30:24.124005 INFO: fd: 16, events: 8193

2024-07-17 23:30:24.124023 INFO: HttpConn 16 close success
2024-07-17 23:30:24.124033 INFO: Client[16] quit!
2024-07-17 23:30:24.129582 INFO: eventNum: 1
2024-07-17 23:30:24.129620 INFO: fd: 17, events: 8193

2024-07-17 23:30:24.129647 INFO: HttpConn 17 close success
2024-07-17 23:30:24.129659 INFO: Client[17] quit!
2024-07-17 23:30:24.131583 INFO: eventNum: 1
2024-07-17 23:30:24.131793 INFO: fd: 13, events: 1

2024-07-17 23:30:24.131804 INFO: HandleListenEvent 13
2024-07-17 23:30:24.131824 INFO: HttpConn 16 init success
2024-07-17 23:30:24.131831 INFO: addTimer id:16 expireTime:1721230724
2024-07-17 23:30:24.131844 INFO: Client[16] in!
2024-07-17 23:30:24.131849 INFO: HandleListenEvent 13
2024-07-17 23:30:24.131859 ERROR: Accept failure -1
2024-07-17 23:30:24.132607 INFO: eventNum: 1
2024-07-17 23:30:24.132626 INFO: fd: 13, events: 1

2024-07-17 23:30:24.132632 INFO: HandleListenEvent 13
2024-07-17 23:30:24.132648 INFO: HttpConn 17 init success
2024-07-17 23:30:24.132654 INFO: addTimer id:17 expireTime:1721230724
2024-07-17 23:30:24.132665 INFO: Client[17] in!
2024-07-17 23:30:24.132669 INFO: HandleListenEvent 13
2024-07-17 23:30:24.132678 ERROR: Accept failure -1
2024-07-17 23:30:24.132984 INFO: eventNum: 1
2024-07-17 23:30:24.132999 INFO: fd: 17, events: 1

2024-07-17 23:30:24.133014 INFO: HttpConn 17 read success
2024-07-17 23:30:24.133026 INFO: GET / HTTP/1.1
2024-07-17 23:30:24.133032 INFO: Host: 39.98.202.182:9006
2024-07-17 23:30:24.133037 INFO: User-Agent: Go-http-client/1.1
2024-07-17 23:30:24.133041 INFO: oop!unknow header: User-Agent: Go-http-client/1.1
2024-07-17 23:30:24.133046 INFO: X-Vegeta-Seq: 3709
2024-07-17 23:30:24.133053 INFO: oop!unknow header: X-Vegeta-Seq: 3709
2024-07-17 23:30:24.133057 INFO: Accept-Encoding: gzip
2024-07-17 23:30:24.133061 INFO: oop!unknow header: Accept-Encoding: gzip
2024-07-17 23:30:24.133066 INFO: 
2024-07-17 23:30:24.133087 INFO: request:HTTP/1.1 200 OK

