2024-07-17 23:32:21.454208 INFO: HandleListenEvent 13
2024-07-17 23:32:21.454284 ERROR: Accept failure -1
2024-07-17 23:32:21.454742 INFO: eventNum: 1
2024-07-17 23:32:21.454768 INFO: fd: 13, events: 1

2024-07-17 23:32:21.454776 INFO: HandleListenEvent 13
2024-07-17 23:32:21.454797 INFO: HttpConn 268 init success
2024-07-17 23:32:21.454806 INFO: addTimer id:268 expireTime:1721230841
2024-07-17 23:32:21.454822 INFO: Client[268] in!
2024-07-17 23:32:21.454831 INFO: HandleListenEvent 13
2024-07-17 23:32:21.454844 ERROR: Accept failure -1
2024-07-17 23:32:21.454853 INFO: eventNum: 1
2024-07-17 23:32:21.454859 INFO: fd: 13, events: 1

2024-07-17 23:32:21.454869 INFO: HandleListenEvent 13
2024-07-17 23:32:21.454884 INFO: HttpConn 269 init success
2024-07-17 23:32:21.454892 INFO: addTimer id:269 expireTime:1721230841
2024-07-17 23:32:21.454906 INFO: Client[269] in!
2024-07-17 23:32:21.454913 INFO: HandleListenEvent 13
2024-07-17 23:32:21.454925 ERROR: Accept failure -1
2024-07-17 23:32:21.455659 INFO: eventNum: 1
2024-07-17 23:32:21.455684 INFO: fd: 13, events: 1

2024-07-17 23:32:21.455689 INFO: HandleListenEvent 13
2024-07-17 23:32:21.455704 INFO: HttpConn 270 init success
2024-07-17 23:32:21.455710 INFO: addTimer id:270 expireTime:1721230841
2024-07-17 23:32:21.455722 INFO: Client[270] in!
2024-07-17 23:32:21.455727 INFO: HandleListenEvent 13
2024-07-17 23:32:21.455739 INFO: HttpConn 271 init success
2024-07-17 23:32:21.455746 INFO: addTimer id:271 expireTime:1721230841
2024-07-17 23:32:21.455758 INFO: Client[271] in!
2024-07-17 23:32:21.455764 INFO: HandleListenEvent 13
2024-07-17 23:32:21.455775 ERROR: Accept failure -1
2024-07-17 23:32:21.455850 INFO: eventNum: 1
2024-07-17 23:32:21.455862 INFO: fd: 13, events: 1

2024-07-17 23:32:21.455873 INFO: HandleListenEvent 13
2024-07-17 23:32:21.455891 INFO: HttpConn 272 init success
2024-07-17 23:32:21.455900 INFO: addTimer id:272 expireTime:1721230841
2024-07-17 23:32:21.455913 INFO: Client[272] in!
2024-07-17 23:32:21.455918 INFO: HandleListenEvent 13
2024-07-17 23:32:21.455926 ERROR: Accept failure -1
2024-07-17 23:32:21.456322 INFO: eventNum: 1
2024-07-17 23:32:21.456335 INFO: fd: 13, events: 1

2024-07-17 23:32:21.456339 INFO: HandleListenEvent 13
2024-07-17 23:32:21.456352 INFO: HttpConn 273 init success
2024-07-17 23:32:21.456357 INFO: addTimer id:273 expireTime:1721230841
2024-07-17 23:32:21.456367 INFO: Client[273] in!
2024-07-17 23:32:21.456371 INFO: HandleListenEvent 13
2024-07-17 23:32:21.456384 ERROR: Accept failure -1
2024-07-17 23:32:21.456540 INFO: eventNum: 1
2024-07-17 23:32:21.456554 INFO: fd: 13, events: 1

2024-07-17 23:32:21.456561 INFO: HandleListenEvent 13
2024-07-17 23:32:21.456578 INFO: HttpConn 274 init success
2024-07-17 23:32:21.456587 INFO: addTimer id:274 expireTime:1721230841
2024-07-17 23:32:21.456599 INFO: Client[274] in!
2024-07-17 23:32:21.456606 INFO: HandleListenEvent 13
2024-07-17 23:32:21.456617 ERROR: Accept failure -1
2024-07-17 23:32:21.456847 INFO: eventNum: 1
2024-07-17 23:32:21.456862 INFO: fd: 13, events: 1

2024-07-17 23:32:21.456870 INFO: HandleListenEvent 13
2024-07-17 23:32:21.456885 INFO: HttpConn 275 init success
2024-07-17 23:32:21.456892 INFO: addTimer id:275 expireTime:1721230841
2024-07-17 23:32:21.456902 INFO: Client[275] in!
2024-07-17 23:32:21.456906 INFO: HandleListenEvent 13
2024-07-17 23:32:21.456914 ERROR: Accept failure -1
2024-07-17 23:32:21.457087 INFO: eventNum: 1
2024-07-17 23:32:21.457097 INFO: fd: 13, events: 1

2024-07-17 23:32:21.457102 INFO: HandleListenEvent 13
2024-07-17 23:32:21.457113 INFO: HttpConn 276 init success
2024-07-17 23:32:21.457118 INFO: addTimer id:276 expireTime:1721230841
2024-07-17 23:32:21.457127 INFO: Client[276] in!
2024-07-17 23:32:21.457131 INFO: HandleListenEvent 13
2024-07-17 23:32:21.457139 ERROR: Accept failure -1
2024-07-17 23:32:21.457879 INFO: eventNum: 1
2024-07-17 23:32:21.457900 INFO: fd: 13, events: 1

2024-07-17 23:32:21.457905 INFO: HandleListenEvent 13
2024-07-17 23:32:21.457921 INFO: HttpConn 277 init success
2024-07-17 23:32:21.457927 INFO: addTimer id:277 expireTime:1721230841
2024-07-17 23:32:21.457944 INFO: Client[277] in!
2024-07-17 23:32:21.457949 INFO: HandleListenEvent 13
2024-07-17 23:32:21.457958 ERROR: Accept failure -1
2024-07-17 23:32:21.458210 INFO: eventNum: 1
2024-07-17 23:32:21.458222 INFO: fd: 13, events: 1

2024-07-17 23:32:21.458227 INFO: HandleListenEvent 13
2024-07-17 23:32:21.458235 INFO: HttpConn 278 init success
2024-07-17 23:32:21.458240 INFO: addTimer id:278 expireTime:1721230841
2024-07-17 23:32:21.458249 INFO: Client[278] in!
2024-07-17 23:32:21.458253 INFO: HandleListenEvent 13
2024-07-17 23:32:21.458264 ERROR: Accept failure -1
2024-07-17 23:32:21.458922 INFO: eventNum: 1
2024-07-17 23:32:21.458946 INFO: fd: 13, events: 1

2024-07-17 23:32:21.458952 INFO: HandleListenEvent 13
2024-07-17 23:32:21.458967 INFO: HttpConn 279 init success
2024-07-17 23:32:21.458972 INFO: addTimer id:279 expireTime:1721230841
2024-07-17 23:32:21.458983 INFO: Client[279] in!
2024-07-17 23:32:21.458988 INFO: HandleListenEvent 13
2024-07-17 23:32:21.458996 ERROR: Accept failure -1
2024-07-17 23:32:21.459197 INFO: eventNum: 1
2024-07-17 23:32:21.459212 INFO: fd: 13, events: 1

2024-07-17 23:32:21.459218 INFO: HandleListenEvent 13
2024-07-17 23:32:21.459229 INFO: HttpConn 280 init success
2024-07-17 23:32:21.459234 INFO: addTimer id:280 expireTime:1721230841
2024-07-17 23:32:21.459244 INFO: Client[280] in!
2024-07-17 23:32:21.459249 INFO: HandleListenEvent 13
2024-07-17 23:32:21.459261 ERROR: Accept failure -1
2024-07-17 23:32:21.459996 INFO: eventNum: 1
2024-07-17 23:32:21.460017 INFO: fd: 13, events: 1

2024-07-17 23:32:21.460022 INFO: HandleListenEvent 13
2024-07-17 23:32:21.460037 INFO: HttpConn 281 init success
2024-07-17 23:32:21.460043 INFO: addTimer id:281 expireTime:1721230841
2024-07-17 23:32:21.460053 INFO: Client[281] in!
2024-07-17 23:32:21.460058 INFO: HandleListenEvent 13
2024-07-17 23:32:21.460066 ERROR: Accept failure -1
2024-07-17 23:32:21.460087 INFO: eventNum: 1
2024-07-17 23:32:21.460093 INFO: fd: 13, events: 1

2024-07-17 23:32:21.460097 INFO: HandleListenEvent 13
2024-07-17 23:32:21.460108 INFO: HttpConn 282 init success
2024-07-17 23:32:21.460113 INFO: addTimer id:282 expireTime:1721230841
2024-07-17 23:32:21.460122 INFO: Client[282] in!
2024-07-17 23:32:21.460126 INFO: HandleListenEvent 13
2024-07-17 23:32:21.460134 ERROR: Accept failure -1
2024-07-17 23:32:21.460528 INFO: eventNum: 1
2024-07-17 23:32:21.460547 INFO: fd: 13, events: 1

2024-07-17 23:32:21.460552 INFO: HandleListenEvent 13
2024-07-17 23:32:21.460566 INFO: HttpConn 283 init success
2024-07-17 23:32:21.460571 INFO: addTimer id:283 expireTime:1721230841
2024-07-17 23:32:21.460581 INFO: Client[283] in!
2024-07-17 23:32:21.460585 INFO: HandleListenEvent 13
2024-07-17 23:32:21.460597 ERROR: Accept failure -1
2024-07-17 23:32:21.461051 INFO: eventNum: 1
2024-07-17 23:32:21.461074 INFO: fd: 13, events: 1

2024-07-17 23:32:21.461081 INFO: HandleListenEvent 13
2024-07-17 23:32:21.461096 INFO: HttpConn 284 init success
2024-07-17 23:32:21.461102 INFO: addTimer id:284 expireTime:1721230841
2024-07-17 23:32:21.461116 INFO: Client[284] in!
2024-07-17 23:32:21.461121 INFO: HandleListenEvent 13
2024-07-17 23:32:21.461129 ERROR: Accept failure -1
2024-07-17 23:32:21.461480 INFO: eventNum: 1
2024-07-17 23:32:21.461495 INFO: fd: 13, events: 1

2024-07-17 23:32:21.461500 INFO: HandleListenEvent 13
2024-07-17 23:32:21.461513 INFO: HttpConn 285 init success
2024-07-17 23:32:21.461518 INFO: addTimer id:285 expireTime:1721230841
2024-07-17 23:32:21.461528 INFO: Client[285] in!
2024-07-17 23:32:21.461533 INFO: HandleListenEvent 13
2024-07-17 23:32:21.461541 ERROR: Accept failure -1
2024-07-17 23:32:21.461978 INFO: eventNum: 1
2024-07-17 23:32:21.461991 INFO: fd: 13, events: 1

2024-07-17 23:32:21.461996 INFO: HandleListenEvent 13
2024-07-17 23:32:21.462007 INFO: HttpConn 286 init success
2024-07-17 23:32:21.462013 INFO: addTimer id:286 expireTime:1721230841
2024-07-17 23:32:21.462025 INFO: Client[286] in!
2024-07-17 23:32:21.462033 INFO: HandleListenEvent 13
2024-07-17 23:32:21.462044 ERROR: Accept failure -1
2024-07-17 23:32:21.462766 INFO: eventNum: 1
2024-07-17 23:32:21.462801 INFO: fd: 13, events: 1

2024-07-17 23:32:21.462810 INFO: HandleListenEvent 13
2024-07-17 23:32:21.462827 INFO: HttpConn 287 init success
2024-07-17 23:32:21.462833 INFO: addTimer id:287 expireTime:1721230841
2024-07-17 23:32:21.462843 INFO: Client[287] in!
2024-07-17 23:32:21.462847 INFO: HandleListenEvent 13
2024-07-17 23:32:21.462854 INFO: HttpConn 288 init success
2024-07-17 23:32:21.462859 INFO: addTimer id:288 expireTime:1721230841
2024-07-17 23:32:21.462867 INFO: Client[288] in!
2024-07-17 23:32:21.462871 INFO: HandleListenEvent 13
2024-07-17 23:32:21.462880 ERROR: Accept failure -1
2024-07-17 23:32:21.462966 INFO: eventNum: 1
2024-07-17 23:32:21.462980 INFO: fd: 13, events: 1

2024-07-17 23:32:21.462988 INFO: HandleListenEvent 13
2024-07-17 23:32:21.463003 INFO: HttpConn 289 init success
2024-07-17 23:32:21.463009 INFO: addTimer id:289 expireTime:1721230841
2024-07-17 23:32:21.463017 INFO: Client[289] in!
2024-07-17 23:32:21.463022 INFO: HandleListenEvent 13
2024-07-17 23:32:21.463029 ERROR: Accept failure -1
2024-07-17 23:32:21.463596 INFO: eventNum: 1
2024-07-17 23:32:21.463614 INFO: fd: 13, events: 1

2024-07-17 23:32:21.463620 INFO: HandleListenEvent 13
2024-07-17 23:32:21.463633 INFO: HttpConn 290 init success
2024-07-17 23:32:21.463639 INFO: addTimer id:290 expireTime:1721230841
2024-07-17 23:32:21.463648 INFO: Client[290] in!
2024-07-17 23:32:21.463653 INFO: HandleListenEvent 13
2024-07-17 23:32:21.463661 ERROR: Accept failure -1
2024-07-17 23:32:21.463870 INFO: eventNum: 1
2024-07-17 23:32:21.463888 INFO: fd: 287, events: 1

2024-07-17 23:32:21.463905 INFO: HttpConn 287 read success
2024-07-17 23:32:21.463917 INFO: GET / HTTP/1.1
2024-07-17 23:32:21.463923 INFO: Host: 39.98.202.182:9006
2024-07-17 23:32:21.463928 INFO: User-Agent: Go-http-client/1.1
2024-07-17 23:32:21.463933 INFO: oop!unknow header: User-Agent: Go-http-client/1.1
2024-07-17 23:32:21.463937 INFO: X-Vegeta-Seq: 1398
2024-07-17 23:32:21.463942 INFO: oop!unknow header: X-Vegeta-Seq: 1398
2024-07-17 23:32:21.463947 INFO: Accept-Encoding: gzip
2024-07-17 23:32:21.463951 INFO: oop!unknow header: Accept-Encoding: gzip
2024-07-17 23:32:21.463955 INFO: 
2024-07-17 23:32:21.463979 INFO: request:HTTP/1.1 200 OK

2024-07-17 23:32:21.463984 INFO: request:HTTP/1.1 200 OK
Content-Length:542

2024-07-17 23:32:21.463989 INFO: request:HTTP/1.1 200 OK
Content-Length:542
Connection:close

2024-07-17 23:32:21.463994 INFO: request:HTTP/1.1 200 OK
Content-Length:542
Connection:close


2024-07-17 23:32:21.464009 INFO: Thread 140246139651648 is running task

2024-07-17 23:32:21.464020 INFO: eventNum: 1
2024-07-17 23:32:21.464024 INFO: fd: 287, events: 4

2024-07-17 23:32:21.464085 INFO: Thread 140246114473536 is running task

2024-07-17 23:32:21.464105 INFO: eventNum: 2
2024-07-17 23:32:21.464111 INFO: fd: 289, events: 1

2024-07-17 23:32:21.464124 INFO: HttpConn 289 read success
2024-07-17 23:32:21.464133 INFO: GET / HTTP/1.1
2024-07-17 23:32:21.464139 INFO: Host: 39.98.202.182:9006
2024-07-17 23:32:21.464143 INFO: User-Agent: Go-http-client/1.1
2024-07-17 23:32:21.464147 INFO: oop!unknow header: User-Agent: Go-http-client/1.1
2024-07-17 23:32:21.464152 INFO: X-Vegeta-Seq: 1415
2024-07-17 23:32:21.464156 INFO: oop!unknow header: X-Vegeta-Seq: 1415
2024-07-17 23:32:21.464160 INFO: Accept-Encoding: gzip
2024-07-17 23:32:21.464165 INFO: oop!unknow header: Accept-Encoding: gzip
2024-07-17 23:32:21.464173 INFO: 
2024-07-17 23:32:21.464191 INFO: request:HTTP/1.1 200 OK

2024-07-17 23:32:21.464197 INFO: request:HTTP/1.1 200 OK
Content-Length:542

2024-07-17 23:32:21.464201 INFO: request:HTTP/1.1 200 OK
Content-Length:542
Connection:close

2024-07-17 23:32:21.464206 INFO: request:HTTP/1.1 200 OK
Content-Length:542
Connection:close


2024-07-17 23:32:21.464214 INFO: Thread 140246122866240 is running task

2024-07-17 23:32:21.464222 INFO: fd: 280, events: 1

2024-07-17 23:32:21.464233 INFO: eventNum: 2
2024-07-17 23:32:21.464238 INFO: fd: 13, events: 1

2024-07-17 23:32:21.464241 INFO: HttpConn 280 read success
2024-07-17 23:32:21.464291 INFO: GET / HTTP/1.1
2024-07-17 23:32:21.464299 INFO: Host: 39.98.202.182:9006
2024-07-17 23:32:21.464304 INFO: User-Agent: Go-http-client/1.1
2024-07-17 23:32:21.464312 INFO: oop!unknow header: User-Agent: Go-http-client/1.1
2024-07-17 23:32:21.464323 INFO: X-Vegeta-Seq: 1434
2024-07-17 23:32:21.464243 INFO: HandleListenEvent 13
2024-07-17 23:32:21.464327 INFO: oop!unknow header: X-Vegeta-Seq: 1434
2024-07-17 23:32:21.464401 INFO: Accept-Encoding: gzip
2024-07-17 23:32:21.464420 INFO: oop!unknow header: Accept-Encoding: gzip
2024-07-17 23:32:21.464425 INFO: 
2024-07-17 23:32:21.464411 INFO: HttpConn 291 init success
2024-07-17 23:32:21.464446 INFO: request:HTTP/1.1 200 OK

2024-07-17 23:32:21.464458 INFO: addTimer id:291 expireTime:1721230841
2024-07-17 23:32:21.464462 INFO: request:HTTP/1.1 200 OK
Content-Length:542

2024-07-17 23:32:21.464487 INFO: request:HTTP/1.1 200 OK
Content-Length:542
Connection:close

2024-07-17 23:32:21.464495 INFO: request:HTTP/1.1 200 OK
Content-Length:542
Connection:close


2024-07-17 23:32:21.464488 INFO: Client[291] in!
2024-07-17 23:32:21.464518 INFO: Thread 140246106080832 is running task

2024-07-17 23:32:21.464522 INFO: HandleListenEvent 13
2024-07-17 23:32:21.464560 ERROR: Accept failure -1
2024-07-17 23:32:21.464568 INFO: fd: 289, events: 4

2024-07-17 23:32:21.464619 INFO: Thread 140246156437056 is running task

2024-07-17 23:32:21.464635 INFO: eventNum: 4
2024-07-17 23:32:21.464646 INFO: fd: 285, events: 1

2024-07-17 23:32:21.464665 INFO: HttpConn 285 read success
2024-07-17 23:32:21.464683 INFO: GET / HTTP/1.1
2024-07-17 23:32:21.464692 INFO: Host: 39.98.202.182:9006
2024-07-17 23:32:21.464699 INFO: User-Agent: Go-http-client/1.1
2024-07-17 23:32:21.464706 INFO: oop!unknow header: User-Agent: Go-http-client/1.1
2024-07-17 23:32:21.464711 INFO: X-Vegeta-Seq: 1419
2024-07-17 23:32:21.464723 INFO: oop!unknow header: X-Vegeta-Seq: 1419
2024-07-17 23:32:21.464730 INFO: Accept-Encoding: gzip
2024-07-17 23:32:21.464736 INFO: oop!unknow header: Accept-Encoding: gzip
2024-07-17 23:32:21.464742 INFO: 
2024-07-17 23:32:21.464764 INFO: request:HTTP/1.1 200 OK

2024-07-17 23:32:21.464772 INFO: request:HTTP/1.1 200 OK
Content-Length:542

2024-07-17 23:32:21.464778 INFO: request:HTTP/1.1 200 OK
Content-Length:542
Connection:close

2024-07-17 23:32:21.464785 INFO: request:HTTP/1.1 200 OK
Content-Length:542
Connection:close


2024-07-17 23:32:21.464798 INFO: Thread 140246097688128 is running task

2024-07-17 23:32:21.464808 INFO: fd: 280, events: 4

2024-07-17 23:32:21.464821 INFO: fd: 291, events: 1

2024-07-17 23:32:21.464834 INFO: HttpConn 291 read success
2024-07-17 23:32:21.464843 INFO: GET / HTTP/1.1
2024-07-17 23:32:21.464860 INFO: Thread 140246131258944 is running task

2024-07-17 23:32:21.464862 INFO: Host: 39.98.202.182:9006
2024-07-17 23:32:21.464898 INFO: User-Agent: Go-http-client/1.1
2024-07-17 23:32:21.464909 INFO: oop!unknow header: User-Agent: Go-http-client/1.1
2024-07-17 23:32:21.464915 INFO: X-Vegeta-Seq: 1410
2024-07-17 23:32:21.464920 INFO: oop!unknow header: X-Vegeta-Seq: 1410
2024-07-17 23:32:21.464924 INFO: Accept-Encoding: gzip
2024-07-17 23:32:21.464928 INFO: oop!unknow header: Accept-Encoding: gzip
2024-07-17 23:32:21.464938 INFO: 
2024-07-17 23:32:21.464967 INFO: request:HTTP/1.1 200 OK

2024-07-17 23:32:21.464974 INFO: request:HTTP/1.1 200 OK
Content-Length:542

2024-07-17 23:32:21.464982 INFO: request:HTTP/1.1 200 OK
Content-Length:542
Connection:close

2024-07-17 23:32:21.464993 INFO: request:HTTP/1.1 200 OK
Content-Length:542
Connection:close


2024-07-17 23:32:21.465003 INFO: Thread 140246148044352 is running task

2024-07-17 23:32:21.464866 INFO: fd: 286, events: 1

2024-07-17 23:32:21.465057 INFO: HttpConn 286 read success
2024-07-17 23:32:21.465080 INFO: GET / HTTP/1.1
2024-07-17 23:32:21.465085 INFO: Host: 39.98.202.182:9006
2024-07-17 23:32:21.465090 INFO: User-Agent: Go-http-client/1.1
2024-07-17 23:32:21.465097 INFO: oop!unknow header: User-Agent: Go-http-client/1.1
2024-07-17 23:32:21.465103 INFO: X-Vegeta-Seq: 1409
2024-07-17 23:32:21.465117 INFO: oop!unknow header: X-Vegeta-Seq: 1409
2024-07-17 23:32:21.465124 INFO: Accept-Encoding: gzip
2024-07-17 23:32:21.465130 INFO: oop!unknow header: Accept-Encoding: gzip
2024-07-17 23:32:21.465134 INFO: 
2024-07-17 23:32:21.465149 INFO: request:HTTP/1.1 200 OK

2024-07-17 23:32:21.465154 INFO: request:HTTP/1.1 200 OK
Content-Length:542

2024-07-17 23:32:21.465158 INFO: request:HTTP/1.1 200 OK
Content-Length:542
Connection:close

2024-07-17 23:32:21.465162 INFO: request:HTTP/1.1 200 OK
Content-Length:542
Connection:close


2024-07-17 23:32:21.465171 INFO: Thread 140246139651648 is running task

2024-07-17 23:32:21.465184 INFO: eventNum: 11
2024-07-17 23:32:21.465189 INFO: fd: 275, events: 1

2024-07-17 23:32:21.465204 INFO: HttpConn 275 read success
2024-07-17 23:32:21.465216 INFO: GET / HTTP/1.1
2024-07-17 23:32:21.465223 INFO: Host: 39.98.202.182:9006
2024-07-17 23:32:21.465229 INFO: User-Agent: Go-http-client/1.1
2024-07-17 23:32:21.465235 INFO: oop!unknow header: User-Agent: Go-http-client/1.1
2024-07-17 23:32:21.465246 INFO: X-Vegeta-Seq: 1373
2024-07-17 23:32:21.465252 INFO: oop!unknow header: X-Vegeta-Seq: 1373
2024-07-17 23:32:21.465259 INFO: Accept-Encoding: gzip
2024-07-17 23:32:21.465264 INFO: oop!unknow header: Accept-Encoding: gzip
2024-07-17 23:32:21.465273 INFO: 
2024-07-17 23:32:21.465291 INFO: request:HTTP/1.1 200 OK

2024-07-17 23:32:21.465299 INFO: request:HTTP/1.1 200 OK
Content-Length:542

2024-07-17 23:32:21.465303 INFO: request:HTTP/1.1 200 OK
Content-Length:542
Connection:close

2024-07-17 23:32:21.465308 INFO: request:HTTP/1.1 200 OK
Content-Length:542
Connection:close


2024-07-17 23:32:21.465316 INFO: Thread 140246114473536 is running task

2024-07-17 23:32:21.465325 INFO: fd: 290, events: 1

2024-07-17 23:32:21.465339 INFO: HttpConn 290 read success
2024-07-17 23:32:21.465350 INFO: GET / HTTP/1.1
2024-07-17 23:32:21.465355 INFO: Host: 39.98.202.182:9006
2024-07-17 23:32:21.465360 INFO: User-Agent: Go-http-client/1.1
2024-07-17 23:32:21.465364 INFO: oop!unknow header: User-Agent: Go-http-client/1.1
2024-07-17 23:32:21.465368 INFO: X-Vegeta-Seq: 1397
2024-07-17 23:32:21.465372 INFO: oop!unknow header: X-Vegeta-Seq: 1397
2024-07-17 23:32:21.465405 INFO: Accept-Encoding: gzip
2024-07-17 23:32:21.465412 INFO: oop!unknow header: Accept-Encoding: gzip
2024-07-17 23:32:21.465419 INFO: 
2024-07-17 23:32:21.465438 INFO: request:HTTP/1.1 200 OK

2024-07-17 23:32:21.465450 INFO: request:HTTP/1.1 200 OK
Content-Length:542

2024-07-17 23:32:21.465456 INFO: request:HTTP/1.1 200 OK
Content-Length:542
Connection:close

2024-07-17 23:32:21.465462 INFO: request:HTTP/1.1 200 OK
Content-Length:542
Connection:close


2024-07-17 23:32:21.465474 INFO: Thread 140246122866240 is running task

2024-07-17 23:32:21.465483 INFO: fd: 288, events: 1

2024-07-17 23:32:21.465495 INFO: fd: 285, events: 4

2024-07-17 23:32:21.465503 INFO: HttpConn 288 read success
2024-07-17 23:32:21.465518 INFO: GET / HTTP/1.1
2024-07-17 23:32:21.465524 INFO: Host: 39.98.202.182:9006
2024-07-17 23:32:21.465528 INFO: User-Agent: Go-http-client/1.1
2024-07-17 23:32:21.465534 INFO: oop!unknow header: User-Agent: Go-http-client/1.1
2024-07-17 23:32:21.465537 INFO: Thread 140246156437056 is running task

2024-07-17 23:32:21.465557 INFO: fd: 272, events: 1

2024-07-17 23:32:21.465539 INFO: X-Vegeta-Seq: 1412
2024-07-17 23:32:21.465573 INFO: oop!unknow header: X-Vegeta-Seq: 1412
2024-07-17 23:32:21.465576 INFO: HttpConn 272 read success
2024-07-17 23:32:21.465579 INFO: Accept-Encoding: gzip
2024-07-17 23:32:21.465590 INFO: GET / HTTP/1.1
2024-07-17 23:32:21.465593 INFO: oop!unknow header: Accept-Encoding: gzip
2024-07-17 23:32:21.465601 INFO: Host: 39.98.202.182:9006
2024-07-17 23:32:21.465607 INFO: 
2024-07-17 23:32:21.465632 INFO: fd: 278, events: 1

2024-07-17 23:32:21.465626 INFO: User-Agent: Go-http-client/1.1
2024-07-17 23:32:21.465653 INFO: oop!unknow header: User-Agent: Go-http-client/1.1
2024-07-17 23:32:21.465655 INFO: request:HTTP/1.1 200 OK

2024-07-17 23:32:21.465665 INFO: X-Vegeta-Seq: 1444
2024-07-17 23:32:21.465696 INFO: HttpConn 278 read success
2024-07-17 23:32:21.465722 INFO: GET / HTTP/1.1
2024-07-17 23:32:21.465728 INFO: Host: 39.98.202.182:9006
2024-07-17 23:32:21.465739 INFO: User-Agent: Go-http-client/1.1
2024-07-17 23:32:21.465743 INFO: oop!unknow header: User-Agent: Go-http-client/1.1
2024-07-17 23:32:21.465672 INFO: fd: 267, events: 1

2024-07-17 23:32:21.465699 INFO: oop!unknow header: X-Vegeta-Seq: 1444
2024-07-17 23:32:21.465689 INFO: request:HTTP/1.1 200 OK
Content-Length:542

2024-07-17 23:32:21.465790 INFO: request:HTTP/1.1 200 OK
Content-Length:542
Connection:close

2024-07-17 23:32:21.465798 INFO: request:HTTP/1.1 200 OK
Content-Length:542
Connection:close


2024-07-17 23:32:21.465800 INFO: HttpConn 267 read success
2024-07-17 23:32:21.465810 INFO: Thread 140246106080832 is running task

2024-07-17 23:32:21.465815 INFO: GET / HTTP/1.1
2024-07-17 23:32:21.465753 INFO: X-Vegeta-Seq: 1442
2024-07-17 23:32:21.465779 INFO: Accept-Encoding: gzip
2024-07-17 23:32:21.465836 INFO: oop!unknow header: X-Vegeta-Seq: 1442
2024-07-17 23:32:21.465849 INFO: fd: 277, events: 1

2024-07-17 23:32:21.465828 INFO: Host: 39.98.202.182:9006
2024-07-17 23:32:21.465865 INFO: User-Agent: Go-http-client/1.1
2024-07-17 23:32:21.465870 INFO: oop!unknow header: User-Agent: Go-http-client/1.1
2024-07-17 23:32:21.465874 INFO: X-Vegeta-Seq: 1267
2024-07-17 23:32:21.465878 INFO: oop!unknow header: X-Vegeta-Seq: 1267
2024-07-17 23:32:21.465883 INFO: Accept-Encoding: gzip
2024-07-17 23:32:21.465887 INFO: oop!unknow header: Accept-Encoding: gzip
2024-07-17 23:32:21.465891 INFO: 
2024-07-17 23:32:21.465908 INFO: request:HTTP/1.1 200 OK

2024-07-17 23:32:21.465913 INFO: request:HTTP/1.1 200 OK
Content-Length:542

2024-07-17 23:32:21.465917 INFO: request:HTTP/1.1 200 OK
Content-Length:542
Connection:close

2024-07-17 23:32:21.465922 INFO: request:HTTP/1.1 200 OK
Content-Length:542
Connection:close


2024-07-17 23:32:21.465932 INFO: Thread 140246148044352 is running task

2024-07-17 23:32:21.465842 INFO: oop!unknow header: Accept-Encoding: gzip
2024-07-17 23:32:21.465949 INFO: 
2024-07-17 23:32:21.465853 INFO: Accept-Encoding: gzip
2024-07-17 23:32:21.465966 INFO: request:HTTP/1.1 200 OK

2024-07-17 23:32:21.465964 INFO: oop!unknow header: Accept-Encoding: gzip
2024-07-17 23:32:21.465995 INFO: HttpConn 277 read success
2024-07-17 23:32:21.465995 INFO: 
2024-07-17 23:32:21.466007 INFO: GET / HTTP/1.1
2024-07-17 23:32:21.466014 INFO: Host: 39.98.202.182:9006
2024-07-17 23:32:21.466019 INFO: User-Agent: Go-http-client/1.1
2024-07-17 23:32:21.465988 INFO: request:HTTP/1.1 200 OK
Content-Length:542

2024-07-17 23:32:21.466020 INFO: request:HTTP/1.1 200 OK

2024-07-17 23:32:21.466065 INFO: request:HTTP/1.1 200 OK
Content-Length:542

2024-07-17 23:32:21.466024 INFO: oop!unknow header: User-Agent: Go-http-client/1.1
2024-07-17 23:32:21.466077 INFO: X-Vegeta-Seq: 1371
2024-07-17 23:32:21.466081 INFO: oop!unknow header: X-Vegeta-Seq: 1371
2024-07-17 23:32:21.466086 INFO: Accept-Encoding: gzip
2024-07-17 23:32:21.466090 INFO: oop!unknow header: Accept-Encoding: gzip
2024-07-17 23:32:21.466094 INFO: 
2024-07-17 23:32:21.466107 INFO: request:HTTP/1.1 200 OK

2024-07-17 23:32:21.466130 INFO: request:HTTP/1.1 200 OK
Content-Length:542

2024-07-17 23:32:21.466136 INFO: request:HTTP/1.1 200 OK
Content-Length:542
Connection:close

2024-07-17 23:32:21.466141 INFO: request:HTTP/1.1 200 OK
Content-Length:542
Connection:close


2024-07-17 23:32:21.466149 INFO: Thread 140246139651648 is running task

2024-07-17 23:32:21.466030 INFO: request:HTTP/1.1 200 OK
Content-Length:542
Connection:close

2024-07-17 23:32:21.466163 INFO: request:HTTP/1.1 200 OK
Content-Length:542
Connection:close


2024-07-17 23:32:21.466172 INFO: Thread 140246097688128 is running task

2024-07-17 23:32:21.466031 INFO: fd: 283, events: 1

2024-07-17 23:32:21.466070 INFO: request:HTTP/1.1 200 OK
Content-Length:542
Connection:close

2024-07-17 23:32:21.466198 INFO: request:HTTP/1.1 200 OK
Content-Length:542
Connection:close


2024-07-17 23:32:21.466202 INFO: HttpConn 283 read success
2024-07-17 23:32:21.466209 INFO: fd: 291, events: 4

2024-07-17 23:32:21.466217 INFO: Thread 140246131258944 is running task

2024-07-17 23:32:21.466222 INFO: GET / HTTP/1.1
2024-07-17 23:32:21.466246 INFO: Host: 39.98.202.182:9006
2024-07-17 23:32:21.466250 INFO: User-Agent: Go-http-client/1.1
2024-07-17 23:32:21.466255 INFO: oop!unknow header: User-Agent: Go-http-client/1.1
2024-07-17 23:32:21.466263 INFO: Thread 140246131258944 is running task

2024-07-17 23:32:21.466265 INFO: X-Vegeta-Seq: 1423
2024-07-17 23:32:21.466277 INFO: oop!unknow header: X-Vegeta-Seq: 1423
2024-07-17 23:32:21.466281 INFO: Accept-Encoding: gzip
2024-07-17 23:32:21.466286 INFO: oop!unknow header: Accept-Encoding: gzip
2024-07-17 23:32:21.466290 INFO: 
2024-07-17 23:32:21.466303 INFO: request:HTTP/1.1 200 OK

2024-07-17 23:32:21.466308 INFO: request:HTTP/1.1 200 OK
Content-Length:542

2024-07-17 23:32:21.466314 INFO: request:HTTP/1.1 200 OK
Content-Length:542
Connection:close

2024-07-17 23:32:21.466321 INFO: request:HTTP/1.1 200 OK
Content-Length:542
Connection:close


2024-07-17 23:32:21.466331 INFO: Thread 140246114473536 is running task

2024-07-17 23:32:21.466341 INFO: fd: 286, events: 4

2024-07-17 23:32:21.466404 INFO: Thread 140246156437056 is running task

2024-07-17 23:32:21.466431 INFO: eventNum: 21
2024-07-17 23:32:21.466436 INFO: fd: 268, events: 1

2024-07-17 23:32:21.466447 INFO: fd: 281, events: 1

2024-07-17 23:32:21.466453 INFO: HttpConn 268 read success
2024-07-17 23:32:21.466463 INFO: fd: 276, events: 1

2024-07-17 23:32:21.466475 INFO: GET / HTTP/1.1
2024-07-17 23:32:21.466485 INFO: HttpConn 276 read success
2024-07-17 23:32:21.466485 INFO: Host: 39.98.202.182:9006
2024-07-17 23:32:21.466459 INFO: HttpConn 281 read success
2024-07-17 23:32:21.466510 INFO: User-Agent: Go-http-client/1.1
2024-07-17 23:32:21.466520 INFO: fd: 275, events: 4

2024-07-17 23:32:21.466502 INFO: GET / HTTP/1.1
2024-07-17 23:32:21.466537 INFO: Host: 39.98.202.182:9006
2024-07-17 23:32:21.466542 INFO: User-Agent: Go-http-client/1.1
2024-07-17 23:32:21.466546 INFO: oop!unknow header: User-Agent: Go-http-client/1.1
2024-07-17 23:32:21.466551 INFO: X-Vegeta-Seq: 1372
2024-07-17 23:32:21.466555 INFO: oop!unknow header: X-Vegeta-Seq: 1372
2024-07-17 23:32:21.466560 INFO: Accept-Encoding: gzip
2024-07-17 23:32:21.466564 INFO: oop!unknow header: Accept-Encoding: gzip
2024-07-17 23:32:21.466570 INFO: 
2024-07-17 23:32:21.466589 INFO: request:HTTP/1.1 200 OK

2024-07-17 23:32:21.466603 INFO: request:HTTP/1.1 200 OK
Content-Length:542

2024-07-17 23:32:21.466612 INFO: request:HTTP/1.1 200 OK
Content-Length:542
Connection:close

2024-07-17 23:32:21.466618 INFO: request:HTTP/1.1 200 OK
Content-Length:542
Connection:close


2024-07-17 23:32:21.466628 INFO: Thread 140246139651648 is running task

2024-07-17 23:32:21.466513 INFO: GET / HTTP/1.1
2024-07-17 23:32:21.466524 INFO: oop!unknow header: User-Agent: Go-http-client/1.1
2024-07-17 23:32:21.466663 INFO: X-Vegeta-Seq: 1262
2024-07-17 23:32:21.466669 INFO: oop!unknow header: X-Vegeta-Seq: 1262
2024-07-17 23:32:21.466651 INFO: Host: 39.98.202.182:9006
2024-07-17 23:32:21.466673 INFO: Accept-Encoding: gzip
2024-07-17 23:32:21.466692 INFO: Thread 140246097688128 is running task

2024-07-17 23:32:21.466721 INFO: oop!unknow header: Accept-Encoding: gzip
2024-07-17 23:32:21.466737 INFO: fd: 263, events: 1

2024-07-17 23:32:21.466709 INFO: User-Agent: Go-http-client/1.1
2024-07-17 23:32:21.466744 INFO: 
2024-07-17 23:32:21.466764 INFO: oop!unknow header: User-Agent: Go-http-client/1.1
2024-07-17 23:32:21.466781 INFO: X-Vegeta-Seq: 1437
2024-07-17 23:32:21.466786 INFO: oop!unknow header: X-Vegeta-Seq: 1437
2024-07-17 23:32:21.466787 INFO: request:HTTP/1.1 200 OK

2024-07-17 23:32:21.466795 INFO: Accept-Encoding: gzip
2024-07-17 23:32:21.466813 INFO: oop!unknow header: Accept-Encoding: gzip
2024-07-17 23:32:21.466821 INFO: 
2024-07-17 23:32:21.466805 INFO: request:HTTP/1.1 200 OK
Content-Length:542

2024-07-17 23:32:21.466841 INFO: request:HTTP/1.1 200 OK

2024-07-17 23:32:21.466841 INFO: request:HTTP/1.1 200 OK
Content-Length:542
Connection:close

2024-07-17 23:32:21.466798 INFO: HttpConn 263 read success
2024-07-17 23:32:21.466858 INFO: request:HTTP/1.1 200 OK
Content-Length:542
Connection:close


2024-07-17 23:32:21.466865 INFO: GET / HTTP/1.1
2024-07-17 23:32:21.466872 INFO: Thread 140246106080832 is running task

2024-07-17 23:32:21.466909 INFO: Host: 39.98.202.182:9006
2024-07-17 23:32:21.466851 INFO: request:HTTP/1.1 200 OK
Content-Length:542

2024-07-17 23:32:21.466936 INFO: User-Agent: Go-http-client/1.1
2024-07-17 23:32:21.466958 INFO: oop!unknow header: User-Agent: Go-http-client/1.1
2024-07-17 23:32:21.466964 INFO: X-Vegeta-Seq: 1270
2024-07-17 23:32:21.466969 INFO: oop!unknow header: X-Vegeta-Seq: 1270
2024-07-17 23:32:21.466975 INFO: Accept-Encoding: gzip
2024-07-17 23:32:21.466981 INFO: oop!unknow header: Accept-Encoding: gzip
2024-07-17 23:32:21.466987 INFO: 
2024-07-17 23:32:21.467004 INFO: request:HTTP/1.1 200 OK

2024-07-17 23:32:21.467010 INFO: request:HTTP/1.1 200 OK
Content-Length:542

2024-07-17 23:32:21.467015 INFO: request:HTTP/1.1 200 OK
Content-Length:542
Connection:close

2024-07-17 23:32:21.467019 INFO: request:HTTP/1.1 200 OK
Content-Length:542
Connection:close


2024-07-17 23:32:21.467029 INFO: Thread 140246122866240 is running task

2024-07-17 23:32:21.466943 INFO: request:HTTP/1.1 200 OK
Content-Length:542
Connection:close

2024-07-17 23:32:21.467042 INFO: request:HTTP/1.1 200 OK
Content-Length:542
Connection:close


2024-07-17 23:32:21.467049 INFO: Thread 140246148044352 is running task

2024-07-17 23:32:21.466916 INFO: fd: 265, events: 1

2024-07-17 23:32:21.467066 INFO: fd: 271, events: 1

2024-07-17 23:32:21.467071 INFO: HttpConn 265 read success
2024-07-17 23:32:21.467078 INFO: HttpConn 271 read success
2024-07-17 23:32:21.467083 INFO: GET / HTTP/1.1
2024-07-17 23:32:21.467094 INFO: GET / HTTP/1.1
2024-07-17 23:32:21.467096 INFO: Host: 39.98.202.182:9006
2024-07-17 23:32:21.467108 INFO: Host: 39.98.202.182:9006
2024-07-17 23:32:21.467114 INFO: fd: 290, events: 4

2024-07-17 23:32:21.467118 INFO: User-Agent: Go-http-client/1.1
2024-07-17 23:32:21.467126 INFO: User-Agent: Go-http-client/1.1
2024-07-17 23:32:21.467146 INFO: oop!unknow header: User-Agent: Go-http-client/1.1
2024-07-17 23:32:21.467167 INFO: X-Vegeta-Seq: 1295
2024-07-17 23:32:21.467173 INFO: oop!unknow header: X-Vegeta-Seq: 1295
2024-07-17 23:32:21.467182 INFO: Accept-Encoding: gzip
2024-07-17 23:32:21.467189 INFO: oop!unknow header: Accept-Encoding: gzip
2024-07-17 23:32:21.467192 INFO: Thread 140246156437056 is running task

2024-07-17 23:32:21.467195 INFO: 
2024-07-17 23:32:21.467220 INFO: fd: 274, events: 1

2024-07-17 23:32:21.467157 INFO: oop!unknow header: User-Agent: Go-http-client/1.1
2024-07-17 23:32:21.467238 INFO: request:HTTP/1.1 200 OK

2024-07-17 23:32:21.467247 INFO: X-Vegeta-Seq: 1445
2024-07-17 23:32:21.467257 INFO: request:HTTP/1.1 200 OK
Content-Length:542

2024-07-17 23:32:21.467277 INFO: request:HTTP/1.1 200 OK
Content-Length:542
Connection:close

2024-07-17 23:32:21.467280 INFO: HttpConn 274 read success
2024-07-17 23:32:21.467281 INFO: request:HTTP/1.1 200 OK
Content-Length:542
Connection:close


2024-07-17 23:32:21.467295 INFO: GET / HTTP/1.1
2024-07-17 23:32:21.467301 INFO: Host: 39.98.202.182:9006
2024-07-17 23:32:21.467268 INFO: oop!unknow header: X-Vegeta-Seq: 1445
2024-07-17 23:32:21.467301 INFO: Thread 140246131258944 is running task

2024-07-17 23:32:21.467309 INFO: User-Agent: Go-http-client/1.1
2024-07-17 23:32:21.467329 INFO: oop!unknow header: User-Agent: Go-http-client/1.1
2024-07-17 23:32:21.467334 INFO: X-Vegeta-Seq: 1374
2024-07-17 23:32:21.467338 INFO: oop!unknow header: X-Vegeta-Seq: 1374
2024-07-17 23:32:21.467342 INFO: Accept-Encoding: gzip
2024-07-17 23:32:21.467347 INFO: oop!unknow header: Accept-Encoding: gzip
2024-07-17 23:32:21.467351 INFO: 
2024-07-17 23:32:21.467366 INFO: request:HTTP/1.1 200 OK

2024-07-17 23:32:21.467371 INFO: request:HTTP/1.1 200 OK
Content-Length:542

2024-07-17 23:32:21.467386 INFO: request:HTTP/1.1 200 OK
Content-Length:542
Connection:close

2024-07-17 23:32:21.467391 INFO: request:HTTP/1.1 200 OK
Content-Length:542
Connection:close


2024-07-17 23:32:21.467399 INFO: Thread 140246139651648 is running task

2024-07-17 23:32:21.467318 INFO: Accept-Encoding: gzip
2024-07-17 23:32:21.467411 INFO: oop!unknow header: Accept-Encoding: gzip
2024-07-17 23:32:21.467415 INFO: 
2024-07-17 23:32:21.467428 INFO: request:HTTP/1.1 200 OK

2024-07-17 23:32:21.467435 INFO: request:HTTP/1.1 200 OK
Content-Length:542

2024-07-17 23:32:21.467441 INFO: request:HTTP/1.1 200 OK
Content-Length:542
Connection:close

2024-07-17 23:32:21.467448 INFO: request:HTTP/1.1 200 OK
Content-Length:542
Connection:close


2024-07-17 23:32:21.467458 INFO: Thread 140246114473536 is running task

2024-07-17 23:32:21.467467 INFO: fd: 266, events: 1

2024-07-17 23:32:21.467481 INFO: HttpConn 266 read success
2024-07-17 23:32:21.467493 INFO: GET / HTTP/1.1
2024-07-17 23:32:21.467500 INFO: Host: 39.98.202.182:9006
2024-07-17 23:32:21.467504 INFO: User-Agent: Go-http-client/1.1
2024-07-17 23:32:21.467509 INFO: oop!unknow header: User-Agent: Go-http-client/1.1
2024-07-17 23:32:21.467513 INFO: X-Vegeta-Seq: 1301
2024-07-17 23:32:21.467518 INFO: oop!unknow header: X-Vegeta-Seq: 1301
2024-07-17 23:32:21.467522 INFO: Accept-Encoding: gzip
2024-07-17 23:32:21.467529 INFO: oop!unknow header: Accept-Encoding: gzip
2024-07-17 23:32:21.467534 INFO: 
2024-07-17 23:32:21.467550 INFO: request:HTTP/1.1 200 OK

2024-07-17 23:32:21.467555 INFO: request:HTTP/1.1 200 OK
Content-Length:542

2024-07-17 23:32:21.467560 INFO: request:HTTP/1.1 200 OK
Content-Length:542
Connection:close

2024-07-17 23:32:21.467568 INFO: request:HTTP/1.1 200 OK
Content-Length:542
Connection:close


2024-07-17 23:32:21.467575 INFO: Thread 140246097688128 is running task

2024-07-17 23:32:21.467586 INFO: fd: 284, events: 1

2024-07-17 23:32:21.467596 INFO: fd: 269, events: 1

2024-07-17 23:32:21.467600 INFO: HttpConn 284 read success
2024-07-17 23:32:21.467607 INFO: HttpConn 269 read success
2024-07-17 23:32:21.467614 INFO: GET / HTTP/1.1
2024-07-17 23:32:21.467618 INFO: GET / HTTP/1.1
2024-07-17 23:32:21.467621 INFO: Host: 39.98.202.182:9006
2024-07-17 23:32:21.467632 INFO: fd: 264, events: 1

2024-07-17 23:32:21.467628 INFO: Host: 39.98.202.182:9006
2024-07-17 23:32:21.467638 INFO: User-Agent: Go-http-client/1.1
2024-07-17 23:32:21.467672 INFO: oop!unknow header: User-Agent: Go-http-client/1.1
2024-07-17 23:32:21.467679 INFO: HttpConn 264 read success
2024-07-17 23:32:21.467680 INFO: X-Vegeta-Seq: 1433
2024-07-17 23:32:21.467698 INFO: GET / HTTP/1.1
2024-07-17 23:32:21.467702 INFO: oop!unknow header: X-Vegeta-Seq: 1433
2024-07-17 23:32:21.467661 INFO: User-Agent: Go-http-client/1.1
2024-07-17 23:32:21.467721 INFO: Accept-Encoding: gzip
2024-07-17 23:32:21.467712 INFO: Host: 39.98.202.182:9006
2024-07-17 23:32:21.467739 INFO: oop!unknow header: Accept-Encoding: gzip
2024-07-17 23:32:21.467731 INFO: oop!unknow header: User-Agent: Go-http-client/1.1
2024-07-17 23:32:21.467756 INFO: 
2024-07-17 23:32:21.467765 INFO: X-Vegeta-Seq: 1263
2024-07-17 23:32:21.467748 INFO: User-Agent: Go-http-client/1.1
2024-07-17 23:32:21.467787 INFO: oop!unknow header: X-Vegeta-Seq: 1263
2024-07-17 23:32:21.467774 INFO: fd: 282, events: 1

2024-07-17 23:32:21.467791 INFO: request:HTTP/1.1 200 OK

2024-07-17 23:32:21.467793 INFO: oop!unknow header: User-Agent: Go-http-client/1.1
2024-07-17 23:32:21.467839 INFO: request:HTTP/1.1 200 OK
Content-Length:542

2024-07-17 23:32:21.467805 INFO: Accept-Encoding: gzip
2024-07-17 23:32:21.467856 INFO: request:HTTP/1.1 200 OK
Content-Length:542
Connection:close

2024-07-17 23:32:21.467831 INFO: HttpConn 282 read success
2024-07-17 23:32:21.467874 INFO: request:HTTP/1.1 200 OK
Content-Length:542
Connection:close


2024-07-17 23:32:21.467887 INFO: GET / HTTP/1.1
2024-07-17 23:32:21.467894 INFO: Thread 140246106080832 is running task

2024-07-17 23:32:21.467867 INFO: oop!unknow header: Accept-Encoding: gzip
2024-07-17 23:32:21.467919 INFO: 
2024-07-17 23:32:21.467896 INFO: Host: 39.98.202.182:9006
2024-07-17 23:32:21.467847 INFO: X-Vegeta-Seq: 1308
2024-07-17 23:32:21.467939 INFO: User-Agent: Go-http-client/1.1
2024-07-17 23:32:21.467940 INFO: request:HTTP/1.1 200 OK

2024-07-17 23:32:21.467954 INFO: oop!unknow header: User-Agent: Go-http-client/1.1
2024-07-17 23:32:21.467948 INFO: oop!unknow header: X-Vegeta-Seq: 1308
2024-07-17 23:32:21.467971 INFO: X-Vegeta-Seq: 1439
2024-07-17 23:32:21.467962 INFO: request:HTTP/1.1 200 OK
Content-Length:542

2024-07-17 23:32:21.467987 INFO: oop!unknow header: X-Vegeta-Seq: 1439
2024-07-17 23:32:21.467979 INFO: Accept-Encoding: gzip
2024-07-17 23:32:21.468004 INFO: Accept-Encoding: gzip
2024-07-17 23:32:21.467996 INFO: request:HTTP/1.1 200 OK
Content-Length:542
Connection:close

2024-07-17 23:32:21.468020 INFO: oop!unknow header: Accept-Encoding: gzip
2024-07-17 23:32:21.468012 INFO: oop!unknow header: Accept-Encoding: gzip
2024-07-17 23:32:21.468035 INFO: 
2024-07-17 23:32:21.468027 INFO: request:HTTP/1.1 200 OK
Content-Length:542
Connection:close


2024-07-17 23:32:21.468042 INFO: 
2024-07-17 23:32:21.468060 INFO: request:HTTP/1.1 200 OK

2024-07-17 23:32:21.468077 INFO: request:HTTP/1.1 200 OK
Content-Length:542

2024-07-17 23:32:21.468080 INFO: request:HTTP/1.1 200 OK

2024-07-17 23:32:21.468082 INFO: request:HTTP/1.1 200 OK
Content-Length:542
Connection:close

2024-07-17 23:32:21.468061 INFO: Thread 140246122866240 is running task

2024-07-17 23:32:21.468097 INFO: request:HTTP/1.1 200 OK
Content-Length:542
Connection:close


2024-07-17 23:32:21.468109 INFO: fd: 288, events: 4

2024-07-17 23:32:21.468120 INFO: Thread 140246156437056 is running task

2024-07-17 23:32:21.468090 INFO: request:HTTP/1.1 200 OK
Content-Length:542

2024-07-17 23:32:21.468136 INFO: request:HTTP/1.1 200 OK
Content-Length:542
Connection:close

2024-07-17 23:32:21.468147 INFO: request:HTTP/1.1 200 OK
Content-Length:542
Connection:close


2024-07-17 23:32:21.468164 INFO: Thread 140246148044352 is running task

2024-07-17 23:32:21.468153 INFO: Thread 140246156437056 is running task

2024-07-17 23:32:21.468129 INFO: fd: 267, events: 4

2024-07-17 23:32:21.468211 INFO: Thread 140246139651648 is running task

2024-07-17 23:32:21.468220 INFO: fd: 279, events: 1

2024-07-17 23:32:21.468231 INFO: HttpConn 279 read success
2024-07-17 23:32:21.468241 INFO: GET / HTTP/1.1
2024-07-17 23:32:21.468247 INFO: Host: 39.98.202.182:9006
2024-07-17 23:32:21.468251 INFO: User-Agent: Go-http-client/1.1
2024-07-17 23:32:21.468256 INFO: oop!unknow header: User-Agent: Go-http-client/1.1
2024-07-17 23:32:21.468260 INFO: X-Vegeta-Seq: 1370
2024-07-17 23:32:21.468264 INFO: oop!unknow header: X-Vegeta-Seq: 1370
2024-07-17 23:32:21.468269 INFO: Accept-Encoding: gzip
2024-07-17 23:32:21.468273 INFO: oop!unknow header: Accept-Encoding: gzip
2024-07-17 23:32:21.468277 INFO: 
2024-07-17 23:32:21.468293 INFO: request:HTTP/1.1 200 OK

2024-07-17 23:32:21.468300 INFO: request:HTTP/1.1 200 OK
Content-Length:542

