2024-07-17 23:34:19.495897 INFO: X-Vegeta-Seq: 2482
2024-07-17 23:34:19.495949 INFO: oop!unknow header: X-Vegeta-Seq: 2482
2024-07-17 23:34:19.495956 INFO: Accept-Encoding: gzip
2024-07-17 23:34:19.495962 INFO: oop!unknow header: Accept-Encoding: gzip
2024-07-17 23:34:19.495969 INFO: 
2024-07-17 23:34:19.495986 INFO: request:HTTP/1.1 200 OK

2024-07-17 23:34:19.495993 INFO: request:HTTP/1.1 200 OK
Content-Length:542

2024-07-17 23:34:19.495998 INFO: request:HTTP/1.1 200 OK
Content-Length:542
Connection:close

2024-07-17 23:34:19.496002 INFO: request:HTTP/1.1 200 OK
Content-Length:542
Connection:close


2024-07-17 23:34:19.496011 INFO: Thread 140246106080832 is running task

2024-07-17 23:34:19.496026 INFO: eventNum: 3
2024-07-17 23:34:19.496031 INFO: fd: 28, events: 4

2024-07-17 23:34:19.496048 INFO: fd: 18, events: 4

2024-07-17 23:34:19.496077 INFO: Thread 140246139651648 is running task

2024-07-17 23:34:19.496112 INFO: Thread 140246114473536 is running task

2024-07-17 23:34:19.496127 INFO: fd: 13, events: 1

2024-07-17 23:34:19.496134 INFO: HandleListenEvent 13
2024-07-17 23:34:19.496147 INFO: HttpConn 48 init success
2024-07-17 23:34:19.496153 INFO: addTimer id:48 expireTime:1721230959
2024-07-17 23:34:19.496162 INFO: Client[48] in!
2024-07-17 23:34:19.496166 INFO: HandleListenEvent 13
2024-07-17 23:34:19.496175 ERROR: Accept failure -1
2024-07-17 23:34:19.496181 INFO: eventNum: 2
2024-07-17 23:34:19.496185 INFO: fd: 30, events: 1

2024-07-17 23:34:19.496197 INFO: HttpConn 30 read success
2024-07-17 23:34:19.496206 INFO: GET / HTTP/1.1
2024-07-17 23:34:19.496212 INFO: Host: 39.98.202.182:9006
2024-07-17 23:34:19.496217 INFO: User-Agent: Go-http-client/1.1
2024-07-17 23:34:19.496221 INFO: oop!unknow header: User-Agent: Go-http-client/1.1
2024-07-17 23:34:19.496225 INFO: X-Vegeta-Seq: 2478
2024-07-17 23:34:19.496229 INFO: oop!unknow header: X-Vegeta-Seq: 2478
2024-07-17 23:34:19.496234 INFO: Accept-Encoding: gzip
2024-07-17 23:34:19.496238 INFO: oop!unknow header: Accept-Encoding: gzip
2024-07-17 23:34:19.496244 INFO: 
2024-07-17 23:34:19.496261 INFO: request:HTTP/1.1 200 OK

2024-07-17 23:34:19.496268 INFO: request:HTTP/1.1 200 OK
Content-Length:542

2024-07-17 23:34:19.496275 INFO: request:HTTP/1.1 200 OK
Content-Length:542
Connection:close

2024-07-17 23:34:19.496282 INFO: request:HTTP/1.1 200 OK
Content-Length:542
Connection:close


2024-07-17 23:34:19.496294 INFO: Thread 140246148044352 is running task

2024-07-17 23:34:19.496304 INFO: fd: 47, events: 1

2024-07-17 23:34:19.496316 INFO: HttpConn 47 read success
2024-07-17 23:34:19.496324 INFO: GET / HTTP/1.1
2024-07-17 23:34:19.496330 INFO: Host: 39.98.202.182:9006
2024-07-17 23:34:19.496334 INFO: User-Agent: Go-http-client/1.1
2024-07-17 23:34:19.496338 INFO: oop!unknow header: User-Agent: Go-http-client/1.1
2024-07-17 23:34:19.496343 INFO: X-Vegeta-Seq: 2485
2024-07-17 23:34:19.496354 INFO: oop!unknow header: X-Vegeta-Seq: 2485
2024-07-17 23:34:19.496358 INFO: Accept-Encoding: gzip
2024-07-17 23:34:19.496362 INFO: oop!unknow header: Accept-Encoding: gzip
2024-07-17 23:34:19.496366 INFO: 
2024-07-17 23:34:19.496379 INFO: request:HTTP/1.1 200 OK

2024-07-17 23:34:19.496384 INFO: request:HTTP/1.1 200 OK
Content-Length:542

2024-07-17 23:34:19.496388 INFO: request:HTTP/1.1 200 OK
Content-Length:542
Connection:close

2024-07-17 23:34:19.496393 INFO: request:HTTP/1.1 200 OK
Content-Length:542
Connection:close


2024-07-17 23:34:19.496400 INFO: Thread 140246097688128 is running task

2024-07-17 23:34:19.496409 INFO: eventNum: 3
2024-07-17 23:34:19.496413 INFO: fd: 30, events: 4

2024-07-17 23:34:19.496426 INFO: fd: 13, events: 1

2024-07-17 23:34:19.496433 INFO: HandleListenEvent 13
2024-07-17 23:34:19.496450 INFO: HttpConn 50 init success
2024-07-17 23:34:19.496459 INFO: addTimer id:50 expireTime:1721230959
2024-07-17 23:34:19.496463 INFO: Thread 140246122866240 is running task

2024-07-17 23:34:19.496468 INFO: Client[50] in!
2024-07-17 23:34:19.496495 INFO: HandleListenEvent 13
2024-07-17 23:34:19.496513 INFO: HttpConn 51 init success
2024-07-17 23:34:19.496528 INFO: addTimer id:51 expireTime:1721230959
2024-07-17 23:34:19.496545 INFO: Client[51] in!
2024-07-17 23:34:19.496552 INFO: HandleListenEvent 13
2024-07-17 23:34:19.496567 ERROR: Accept failure -1
2024-07-17 23:34:19.496577 INFO: fd: 47, events: 4

2024-07-17 23:34:19.496620 INFO: Thread 140246131258944 is running task

2024-07-17 23:34:19.496674 INFO: eventNum: 1
2024-07-17 23:34:19.496685 INFO: fd: 13, events: 1

2024-07-17 23:34:19.496692 INFO: HandleListenEvent 13
2024-07-17 23:34:19.496707 INFO: HttpConn 52 init success
2024-07-17 23:34:19.496716 INFO: addTimer id:52 expireTime:1721230959
2024-07-17 23:34:19.496735 INFO: Client[52] in!
2024-07-17 23:34:19.496742 INFO: HandleListenEvent 13
2024-07-17 23:34:19.496767 INFO: HttpConn 53 init success
2024-07-17 23:34:19.496775 INFO: addTimer id:53 expireTime:1721230959
2024-07-17 23:34:19.496786 INFO: Client[53] in!
2024-07-17 23:34:19.496791 INFO: HandleListenEvent 13
2024-07-17 23:34:19.496805 ERROR: Accept failure -1
2024-07-17 23:34:19.496816 INFO: eventNum: 3
2024-07-17 23:34:19.496823 INFO: fd: 48, events: 1

2024-07-17 23:34:19.496839 INFO: HttpConn 48 read success
2024-07-17 23:34:19.496853 INFO: GET / HTTP/1.1
2024-07-17 23:34:19.496860 INFO: Host: 39.98.202.182:9006
2024-07-17 23:34:19.496866 INFO: User-Agent: Go-http-client/1.1
2024-07-17 23:34:19.496871 INFO: oop!unknow header: User-Agent: Go-http-client/1.1
2024-07-17 23:34:19.496878 INFO: X-Vegeta-Seq: 2493
2024-07-17 23:34:19.496885 INFO: oop!unknow header: X-Vegeta-Seq: 2493
2024-07-17 23:34:19.496889 INFO: Accept-Encoding: gzip
2024-07-17 23:34:19.496894 INFO: oop!unknow header: Accept-Encoding: gzip
2024-07-17 23:34:19.496898 INFO: 
2024-07-17 23:34:19.496917 INFO: request:HTTP/1.1 200 OK

2024-07-17 23:34:19.496922 INFO: request:HTTP/1.1 200 OK
Content-Length:542

2024-07-17 23:34:19.496926 INFO: request:HTTP/1.1 200 OK
Content-Length:542
Connection:close

2024-07-17 23:34:19.496931 INFO: request:HTTP/1.1 200 OK
Content-Length:542
Connection:close


2024-07-17 23:34:19.496946 INFO: Thread 140246156437056 is running task

2024-07-17 23:34:19.496958 INFO: fd: 51, events: 1

2024-07-17 23:34:19.496972 INFO: HttpConn 51 read success
2024-07-17 23:34:19.496983 INFO: GET / HTTP/1.1
2024-07-17 23:34:19.496990 INFO: Host: 39.98.202.182:9006
2024-07-17 23:34:19.496996 INFO: User-Agent: Go-http-client/1.1
2024-07-17 23:34:19.497003 INFO: oop!unknow header: User-Agent: Go-http-client/1.1
2024-07-17 23:34:19.497009 INFO: X-Vegeta-Seq: 2497
2024-07-17 23:34:19.497014 INFO: oop!unknow header: X-Vegeta-Seq: 2497
2024-07-17 23:34:19.497023 INFO: Accept-Encoding: gzip
2024-07-17 23:34:19.497031 INFO: oop!unknow header: Accept-Encoding: gzip
2024-07-17 23:34:19.497037 INFO: 
2024-07-17 23:34:19.497054 INFO: request:HTTP/1.1 200 OK

2024-07-17 23:34:19.497060 INFO: request:HTTP/1.1 200 OK
Content-Length:542

2024-07-17 23:34:19.497067 INFO: request:HTTP/1.1 200 OK
Content-Length:542
Connection:close

2024-07-17 23:34:19.497072 INFO: request:HTTP/1.1 200 OK
Content-Length:542
Connection:close


2024-07-17 23:34:19.497081 INFO: Thread 140246106080832 is running task

2024-07-17 23:34:19.497089 INFO: fd: 53, events: 1

2024-07-17 23:34:19.497102 INFO: eventNum: 4
2024-07-17 23:34:19.497107 INFO: fd: 48, events: 4

2024-07-17 23:34:19.497112 INFO: HttpConn 53 read success
2024-07-17 23:34:19.497137 INFO: GET / HTTP/1.1
2024-07-17 23:34:19.497142 INFO: Thread 140246114473536 is running task

2024-07-17 23:34:19.497145 INFO: Host: 39.98.202.182:9006
2024-07-17 23:34:19.497165 INFO: User-Agent: Go-http-client/1.1
2024-07-17 23:34:19.497178 INFO: oop!unknow header: User-Agent: Go-http-client/1.1
2024-07-17 23:34:19.497183 INFO: X-Vegeta-Seq: 1491
2024-07-17 23:34:19.497189 INFO: oop!unknow header: X-Vegeta-Seq: 1491
2024-07-17 23:34:19.497198 INFO: Accept-Encoding: gzip
2024-07-17 23:34:19.497157 INFO: fd: 50, events: 1

2024-07-17 23:34:19.497203 INFO: oop!unknow header: Accept-Encoding: gzip
2024-07-17 23:34:19.497219 INFO: 
2024-07-17 23:34:19.497220 INFO: HttpConn 50 read success
2024-07-17 23:34:19.497236 INFO: request:HTTP/1.1 200 OK

2024-07-17 23:34:19.497243 INFO: fd: 13, events: 1

2024-07-17 23:34:19.497238 INFO: GET / HTTP/1.1
2024-07-17 23:34:19.497248 INFO: request:HTTP/1.1 200 OK
Content-Length:542

2024-07-17 23:34:19.497275 INFO: request:HTTP/1.1 200 OK
Content-Length:542
Connection:close

2024-07-17 23:34:19.497288 INFO: request:HTTP/1.1 200 OK
Content-Length:542
Connection:close


2024-07-17 23:34:19.497266 INFO: Host: 39.98.202.182:9006
2024-07-17 23:34:19.497299 INFO: Thread 140246139651648 is running task

2024-07-17 23:34:19.497270 INFO: HandleListenEvent 13
2024-07-17 23:34:19.497302 INFO: User-Agent: Go-http-client/1.1
2024-07-17 23:34:19.497320 INFO: oop!unknow header: User-Agent: Go-http-client/1.1
2024-07-17 23:34:19.497324 INFO: X-Vegeta-Seq: 2483
2024-07-17 23:34:19.497329 INFO: oop!unknow header: X-Vegeta-Seq: 2483
2024-07-17 23:34:19.497333 INFO: Accept-Encoding: gzip
2024-07-17 23:34:19.497337 INFO: oop!unknow header: Accept-Encoding: gzip
2024-07-17 23:34:19.497341 INFO: 
2024-07-17 23:34:19.497382 INFO: request:HTTP/1.1 200 OK

2024-07-17 23:34:19.497386 INFO: request:HTTP/1.1 200 OK
Content-Length:542

2024-07-17 23:34:19.497391 INFO: request:HTTP/1.1 200 OK
Content-Length:542
Connection:close

2024-07-17 23:34:19.497395 INFO: request:HTTP/1.1 200 OK
Content-Length:542
Connection:close


2024-07-17 23:34:19.497403 INFO: Thread 140246148044352 is running task

2024-07-17 23:34:19.497419 INFO: HttpConn 55 init success
2024-07-17 23:34:19.497426 INFO: addTimer id:55 expireTime:1721230959
2024-07-17 23:34:19.497435 INFO: Client[55] in!
2024-07-17 23:34:19.497439 INFO: HandleListenEvent 13
2024-07-17 23:34:19.497450 INFO: HttpConn 56 init success
2024-07-17 23:34:19.497455 INFO: addTimer id:56 expireTime:1721230959
2024-07-17 23:34:19.497462 INFO: Client[56] in!
2024-07-17 23:34:19.497468 INFO: HandleListenEvent 13
2024-07-17 23:34:19.497480 ERROR: Accept failure -1
2024-07-17 23:34:19.497486 INFO: fd: 51, events: 4

2024-07-17 23:34:19.497525 INFO: Thread 140246097688128 is running task

2024-07-17 23:34:19.497540 INFO: eventNum: 3
2024-07-17 23:34:19.497559 INFO: fd: 53, events: 4

2024-07-17 23:34:19.497578 INFO: fd: 50, events: 4

2024-07-17 23:34:19.497592 INFO: fd: 55, events: 1

2024-07-17 23:34:19.497617 INFO: Thread 140246131258944 is running task

2024-07-17 23:34:19.497641 INFO: Thread 140246131258944 is running task

2024-07-17 23:34:19.497654 INFO: HttpConn 55 read success
2024-07-17 23:34:19.497665 INFO: GET / HTTP/1.1
2024-07-17 23:34:19.497673 INFO: Host: 39.98.202.182:9006
2024-07-17 23:34:19.497680 INFO: User-Agent: Go-http-client/1.1
2024-07-17 23:34:19.497686 INFO: oop!unknow header: User-Agent: Go-http-client/1.1
2024-07-17 23:34:19.497694 INFO: X-Vegeta-Seq: 2480
2024-07-17 23:34:19.497700 INFO: oop!unknow header: X-Vegeta-Seq: 2480
2024-07-17 23:34:19.497707 INFO: Accept-Encoding: gzip
2024-07-17 23:34:19.497714 INFO: oop!unknow header: Accept-Encoding: gzip
2024-07-17 23:34:19.497721 INFO: 
2024-07-17 23:34:19.497740 INFO: request:HTTP/1.1 200 OK

2024-07-17 23:34:19.497748 INFO: request:HTTP/1.1 200 OK
Content-Length:542

2024-07-17 23:34:19.497752 INFO: eventNum: 1
2024-07-17 23:34:19.497755 INFO: request:HTTP/1.1 200 OK
Content-Length:542
Connection:close

2024-07-17 23:34:19.497780 INFO: request:HTTP/1.1 200 OK
Content-Length:542
Connection:close


2024-07-17 23:34:19.497789 INFO: Thread 140246131258944 is running task

2024-07-17 23:34:19.497768 INFO: fd: 38, events: 8193

2024-07-17 23:34:19.497867 INFO: HttpConn 38 close success
2024-07-17 23:34:19.497872 INFO: Client[38] quit!
2024-07-17 23:34:19.497879 INFO: eventNum: 1
2024-07-17 23:34:19.497886 INFO: fd: 55, events: 4

2024-07-17 23:34:19.497935 INFO: Thread 140246106080832 is running task

2024-07-17 23:34:19.513547 INFO: eventNum: 1
2024-07-17 23:34:19.513609 INFO: fd: 52, events: 1

2024-07-17 23:34:19.513649 INFO: HttpConn 52 read success
2024-07-17 23:34:19.513670 INFO: GET / HTTP/1.1
2024-07-17 23:34:19.513680 INFO: Host: 39.98.202.182:9006
2024-07-17 23:34:19.513688 INFO: User-Agent: Go-http-client/1.1
2024-07-17 23:34:19.513707 INFO: oop!unknow header: User-Agent: Go-http-client/1.1
2024-07-17 23:34:19.513715 INFO: X-Vegeta-Seq: 2494
2024-07-17 23:34:19.513722 INFO: oop!unknow header: X-Vegeta-Seq: 2494
2024-07-17 23:34:19.513729 INFO: Accept-Encoding: gzip
2024-07-17 23:34:19.513736 INFO: oop!unknow header: Accept-Encoding: gzip
2024-07-17 23:34:19.513743 INFO: 
2024-07-17 23:34:19.513779 INFO: request:HTTP/1.1 200 OK

2024-07-17 23:34:19.513787 INFO: request:HTTP/1.1 200 OK
Content-Length:542

2024-07-17 23:34:19.513793 INFO: request:HTTP/1.1 200 OK
Content-Length:542
Connection:close

2024-07-17 23:34:19.513800 INFO: request:HTTP/1.1 200 OK
Content-Length:542
Connection:close


2024-07-17 23:34:19.513821 INFO: Thread 140246114473536 is running task

2024-07-17 23:34:19.513838 INFO: eventNum: 1
2024-07-17 23:34:19.513846 INFO: fd: 52, events: 4

2024-07-17 23:34:19.513911 INFO: Thread 140246139651648 is running task

2024-07-17 23:34:19.517918 INFO: eventNum: 1
2024-07-17 23:34:19.517974 INFO: fd: 13, events: 1

2024-07-17 23:34:19.517984 INFO: HandleListenEvent 13
2024-07-17 23:34:19.518014 INFO: HttpConn 38 init success
2024-07-17 23:34:19.518028 INFO: addTimer id:38 expireTime:1721230959
2024-07-17 23:34:19.518048 INFO: Client[38] in!
2024-07-17 23:34:19.518056 INFO: HandleListenEvent 13
2024-07-17 23:34:19.518072 ERROR: Accept failure -1
2024-07-17 23:34:19.548580 INFO: eventNum: 1
2024-07-17 23:34:19.548652 INFO: fd: 56, events: 1

2024-07-17 23:34:19.548693 INFO: HttpConn 56 read success
2024-07-17 23:34:19.548741 INFO: GET / HTTP/1.1
2024-07-17 23:34:19.548752 INFO: Host: 39.98.202.182:9006
2024-07-17 23:34:19.548757 INFO: User-Agent: Go-http-client/1.1
2024-07-17 23:34:19.548764 INFO: oop!unknow header: User-Agent: Go-http-client/1.1
2024-07-17 23:34:19.548771 INFO: X-Vegeta-Seq: 2495
2024-07-17 23:34:19.548778 INFO: oop!unknow header: X-Vegeta-Seq: 2495
2024-07-17 23:34:19.548784 INFO: Accept-Encoding: gzip
2024-07-17 23:34:19.548790 INFO: oop!unknow header: Accept-Encoding: gzip
2024-07-17 23:34:19.548796 INFO: 
2024-07-17 23:34:19.548836 INFO: request:HTTP/1.1 200 OK

2024-07-17 23:34:19.548850 INFO: request:HTTP/1.1 200 OK
Content-Length:542

2024-07-17 23:34:19.548857 INFO: request:HTTP/1.1 200 OK
Content-Length:542
Connection:close

2024-07-17 23:34:19.548864 INFO: request:HTTP/1.1 200 OK
Content-Length:542
Connection:close


2024-07-17 23:34:19.548890 INFO: Thread 140246148044352 is running task

2024-07-17 23:34:19.548914 INFO: eventNum: 1
2024-07-17 23:34:19.548925 INFO: fd: 56, events: 4

2024-07-17 23:34:19.548988 INFO: Thread 140246097688128 is running task

2024-07-17 23:34:19.550136 INFO: eventNum: 2
2024-07-17 23:34:19.550179 INFO: fd: 38, events: 1

2024-07-17 23:34:19.550199 INFO: HttpConn 38 read success
2024-07-17 23:34:19.550211 INFO: GET / HTTP/1.1
2024-07-17 23:34:19.550218 INFO: Host: 39.98.202.182:9006
2024-07-17 23:34:19.550222 INFO: User-Agent: Go-http-client/1.1
2024-07-17 23:34:19.550227 INFO: oop!unknow header: User-Agent: Go-http-client/1.1
2024-07-17 23:34:19.550234 INFO: X-Vegeta-Seq: 2491
2024-07-17 23:34:19.550248 INFO: oop!unknow header: X-Vegeta-Seq: 2491
2024-07-17 23:34:19.550256 INFO: Accept-Encoding: gzip
2024-07-17 23:34:19.550262 INFO: oop!unknow header: Accept-Encoding: gzip
2024-07-17 23:34:19.550268 INFO: 
2024-07-17 23:34:19.550296 INFO: request:HTTP/1.1 200 OK

2024-07-17 23:34:19.550303 INFO: request:HTTP/1.1 200 OK
Content-Length:542

2024-07-17 23:34:19.550310 INFO: request:HTTP/1.1 200 OK
Content-Length:542
Connection:close

2024-07-17 23:34:19.550316 INFO: request:HTTP/1.1 200 OK
Content-Length:542
Connection:close


2024-07-17 23:34:19.550330 INFO: Thread 140246156437056 is running task

2024-07-17 23:34:19.550340 INFO: fd: 13, events: 1

2024-07-17 23:34:19.550373 INFO: HandleListenEvent 13
2024-07-17 23:34:19.550398 INFO: HttpConn 57 init success
2024-07-17 23:34:19.550408 INFO: addTimer id:57 expireTime:1721230959
2024-07-17 23:34:19.550419 INFO: Client[57] in!
2024-07-17 23:34:19.550424 INFO: HandleListenEvent 13
2024-07-17 23:34:19.550453 ERROR: Accept failure -1
2024-07-17 23:34:19.550464 INFO: eventNum: 1
2024-07-17 23:34:19.550471 INFO: fd: 38, events: 4

2024-07-17 23:34:19.550527 INFO: Thread 140246122866240 is running task

2024-07-17 23:34:19.550544 INFO: eventNum: 1
2024-07-17 23:34:19.550551 INFO: fd: 57, events: 1

2024-07-17 23:34:19.550568 INFO: HttpConn 57 read success
2024-07-17 23:34:19.550580 INFO: GET / HTTP/1.1
2024-07-17 23:34:19.550585 INFO: Host: 39.98.202.182:9006
2024-07-17 23:34:19.550590 INFO: User-Agent: Go-http-client/1.1
2024-07-17 23:34:19.550594 INFO: oop!unknow header: User-Agent: Go-http-client/1.1
2024-07-17 23:34:19.550599 INFO: X-Vegeta-Seq: 2496
2024-07-17 23:34:19.550603 INFO: oop!unknow header: X-Vegeta-Seq: 2496
2024-07-17 23:34:19.550607 INFO: Accept-Encoding: gzip
2024-07-17 23:34:19.550612 INFO: oop!unknow header: Accept-Encoding: gzip
2024-07-17 23:34:19.550616 INFO: 
2024-07-17 23:34:19.550633 INFO: request:HTTP/1.1 200 OK

2024-07-17 23:34:19.550640 INFO: request:HTTP/1.1 200 OK
Content-Length:542

2024-07-17 23:34:19.550647 INFO: request:HTTP/1.1 200 OK
Content-Length:542
Connection:close

2024-07-17 23:34:19.550668 INFO: request:HTTP/1.1 200 OK
Content-Length:542
Connection:close


2024-07-17 23:34:19.550681 INFO: Thread 140246131258944 is running task

2024-07-17 23:34:19.550693 INFO: eventNum: 1
2024-07-17 23:34:19.550701 INFO: fd: 57, events: 4

2024-07-17 23:34:19.550745 INFO: Thread 140246106080832 is running task

2024-07-17 23:34:19.551586 INFO: eventNum: 1
2024-07-17 23:34:19.551609 INFO: fd: 13, events: 1

2024-07-17 23:34:19.551615 INFO: HandleListenEvent 13
2024-07-17 23:34:19.551633 INFO: HttpConn 58 init success
2024-07-17 23:34:19.551642 INFO: addTimer id:58 expireTime:1721230959
2024-07-17 23:34:19.551657 INFO: Client[58] in!
2024-07-17 23:34:19.551664 INFO: HandleListenEvent 13
2024-07-17 23:34:19.551677 ERROR: Accept failure -1
2024-07-17 23:34:19.551685 INFO: eventNum: 1
2024-07-17 23:34:19.551692 INFO: fd: 58, events: 1

2024-07-17 23:34:19.551713 INFO: HttpConn 58 read success
2024-07-17 23:34:19.551729 INFO: GET / HTTP/1.1
2024-07-17 23:34:19.551738 INFO: Host: 39.98.202.182:9006
2024-07-17 23:34:19.551746 INFO: User-Agent: Go-http-client/1.1
2024-07-17 23:34:19.551753 INFO: oop!unknow header: User-Agent: Go-http-client/1.1
2024-07-17 23:34:19.551759 INFO: X-Vegeta-Seq: 1490
2024-07-17 23:34:19.551766 INFO: oop!unknow header: X-Vegeta-Seq: 1490
2024-07-17 23:34:19.551773 INFO: Accept-Encoding: gzip
2024-07-17 23:34:19.551780 INFO: oop!unknow header: Accept-Encoding: gzip
2024-07-17 23:34:19.551784 INFO: 
2024-07-17 23:34:19.551800 INFO: request:HTTP/1.1 200 OK

2024-07-17 23:34:19.551805 INFO: request:HTTP/1.1 200 OK
Content-Length:542

2024-07-17 23:34:19.551810 INFO: request:HTTP/1.1 200 OK
Content-Length:542
Connection:close

2024-07-17 23:34:19.551814 INFO: request:HTTP/1.1 200 OK
Content-Length:542
Connection:close


2024-07-17 23:34:19.551825 INFO: Thread 140246114473536 is running task

2024-07-17 23:34:19.551835 INFO: eventNum: 2
2024-07-17 23:34:19.551840 INFO: fd: 31, events: 8193

2024-07-17 23:34:19.551860 INFO: HttpConn 31 close success
2024-07-17 23:34:19.551873 INFO: Client[31] quit!
2024-07-17 23:34:19.551880 INFO: fd: 58, events: 4

2024-07-17 23:34:19.551897 INFO: eventNum: 1
2024-07-17 23:34:19.551904 INFO: fd: 34, events: 8193

2024-07-17 23:34:19.551921 INFO: HttpConn 34 close success
2024-07-17 23:34:19.551936 INFO: Client[34] quit!
2024-07-17 23:34:19.551946 INFO: Thread 140246139651648 is running task

2024-07-17 23:34:19.551988 INFO: eventNum: 1
2024-07-17 23:34:19.551997 INFO: fd: 32, events: 8193

2024-07-17 23:34:19.552015 INFO: HttpConn 32 close success
2024-07-17 23:34:19.552021 INFO: Client[32] quit!
2024-07-17 23:34:19.552064 INFO: eventNum: 1
2024-07-17 23:34:19.552072 INFO: fd: 13, events: 1

2024-07-17 23:34:19.552076 INFO: HandleListenEvent 13
2024-07-17 23:34:19.552108 INFO: HttpConn 31 init success
2024-07-17 23:34:19.552117 INFO: addTimer id:31 expireTime:1721230959
2024-07-17 23:34:19.552140 INFO: Client[31] in!
2024-07-17 23:34:19.552148 INFO: HandleListenEvent 13
2024-07-17 23:34:19.552159 ERROR: Accept failure -1
2024-07-17 23:34:19.552419 INFO: eventNum: 1
2024-07-17 23:34:19.552433 INFO: fd: 31, events: 1

2024-07-17 23:34:19.552454 INFO: HttpConn 31 read success
2024-07-17 23:34:19.552478 INFO: GET / HTTP/1.1
2024-07-17 23:34:19.552488 INFO: Host: 39.98.202.182:9006
2024-07-17 23:34:19.552493 INFO: User-Agent: Go-http-client/1.1
2024-07-17 23:34:19.552497 INFO: oop!unknow header: User-Agent: Go-http-client/1.1
2024-07-17 23:34:19.552502 INFO: X-Vegeta-Seq: 2500
2024-07-17 23:34:19.552506 INFO: oop!unknow header: X-Vegeta-Seq: 2500
2024-07-17 23:34:19.552510 INFO: Accept-Encoding: gzip
2024-07-17 23:34:19.552514 INFO: oop!unknow header: Accept-Encoding: gzip
2024-07-17 23:34:19.552518 INFO: 
2024-07-17 23:34:19.552534 INFO: request:HTTP/1.1 200 OK

2024-07-17 23:34:19.552539 INFO: request:HTTP/1.1 200 OK
Content-Length:542

2024-07-17 23:34:19.552544 INFO: request:HTTP/1.1 200 OK
Content-Length:542
Connection:close

2024-07-17 23:34:19.552548 INFO: request:HTTP/1.1 200 OK
Content-Length:542
Connection:close


2024-07-17 23:34:19.552564 INFO: Thread 140246148044352 is running task

2024-07-17 23:34:19.552570 INFO: eventNum: 1
2024-07-17 23:34:19.552581 INFO: fd: 31, events: 4

2024-07-17 23:34:19.552621 INFO: Thread 140246097688128 is running task

2024-07-17 23:34:19.554217 INFO: eventNum: 1
2024-07-17 23:34:19.554245 INFO: fd: 41, events: 8193

2024-07-17 23:34:19.554269 INFO: HttpConn 41 close success
2024-07-17 23:34:19.554277 INFO: Client[41] quit!
2024-07-17 23:34:19.554476 INFO: eventNum: 1
2024-07-17 23:34:19.554488 INFO: fd: 43, events: 8193

2024-07-17 23:34:19.554504 INFO: HttpConn 43 close success
2024-07-17 23:34:19.554509 INFO: Client[43] quit!
2024-07-17 23:34:19.555245 INFO: eventNum: 1
2024-07-17 23:34:19.555275 INFO: fd: 33, events: 8193

2024-07-17 23:34:19.555301 INFO: HttpConn 33 close success
2024-07-17 23:34:19.555308 INFO: Client[33] quit!
2024-07-17 23:34:19.555392 INFO: eventNum: 2
2024-07-17 23:34:19.555404 INFO: fd: 39, events: 8193

2024-07-17 23:34:19.555424 INFO: HttpConn 39 close success
2024-07-17 23:34:19.555432 INFO: Client[39] quit!
2024-07-17 23:34:19.555438 INFO: fd: 40, events: 8193

2024-07-17 23:34:19.555454 INFO: HttpConn 40 close success
2024-07-17 23:34:19.555460 INFO: Client[40] quit!
2024-07-17 23:34:19.557010 INFO: eventNum: 1
2024-07-17 23:34:19.557039 INFO: fd: 42, events: 8193

2024-07-17 23:34:19.557063 INFO: HttpConn 42 close success
2024-07-17 23:34:19.557072 INFO: Client[42] quit!
2024-07-17 23:34:19.558052 INFO: eventNum: 1
2024-07-17 23:34:19.558076 INFO: fd: 13, events: 1

2024-07-17 23:34:19.558084 INFO: HandleListenEvent 13
2024-07-17 23:34:19.558106 INFO: HttpConn 32 init success
2024-07-17 23:34:19.558137 INFO: addTimer id:32 expireTime:1721230959
2024-07-17 23:34:19.558157 INFO: Client[32] in!
2024-07-17 23:34:19.558164 INFO: HandleListenEvent 13
2024-07-17 23:34:19.558176 INFO: HttpConn 33 init success
2024-07-17 23:34:19.558182 INFO: addTimer id:33 expireTime:1721230959
2024-07-17 23:34:19.558190 INFO: Client[33] in!
2024-07-17 23:34:19.558194 INFO: HandleListenEvent 13
2024-07-17 23:34:19.558203 ERROR: Accept failure -1
2024-07-17 23:34:19.558209 INFO: eventNum: 2
2024-07-17 23:34:19.558213 INFO: fd: 32, events: 1

2024-07-17 23:34:19.558228 INFO: HttpConn 32 read success
2024-07-17 23:34:19.558239 INFO: GET / HTTP/1.1
2024-07-17 23:34:19.558246 INFO: Host: 39.98.202.182:9006
2024-07-17 23:34:19.558250 INFO: User-Agent: Go-http-client/1.1
2024-07-17 23:34:19.558255 INFO: oop!unknow header: User-Agent: Go-http-client/1.1
2024-07-17 23:34:19.558259 INFO: X-Vegeta-Seq: 1404
2024-07-17 23:34:19.558263 INFO: oop!unknow header: X-Vegeta-Seq: 1404
2024-07-17 23:34:19.558267 INFO: Accept-Encoding: gzip
2024-07-17 23:34:19.558271 INFO: oop!unknow header: Accept-Encoding: gzip
2024-07-17 23:34:19.558275 INFO: 
2024-07-17 23:34:19.558295 INFO: request:HTTP/1.1 200 OK

2024-07-17 23:34:19.558300 INFO: request:HTTP/1.1 200 OK
Content-Length:542

2024-07-17 23:34:19.558314 INFO: request:HTTP/1.1 200 OK
Content-Length:542
Connection:close

2024-07-17 23:34:19.558321 INFO: request:HTTP/1.1 200 OK
Content-Length:542
Connection:close


2024-07-17 23:34:19.558336 INFO: Thread 140246156437056 is running task

2024-07-17 23:34:19.558422 INFO: fd: 33, events: 1

2024-07-17 23:34:19.558442 INFO: HttpConn 33 read success
2024-07-17 23:34:19.558452 INFO: GET / HTTP/1.1
2024-07-17 23:34:19.558458 INFO: Host: 39.98.202.182:9006
2024-07-17 23:34:19.558462 INFO: User-Agent: Go-http-client/1.1
2024-07-17 23:34:19.558466 INFO: oop!unknow header: User-Agent: Go-http-client/1.1
2024-07-17 23:34:19.558471 INFO: X-Vegeta-Seq: 1406
2024-07-17 23:34:19.558475 INFO: oop!unknow header: X-Vegeta-Seq: 1406
2024-07-17 23:34:19.558479 INFO: Accept-Encoding: gzip
2024-07-17 23:34:19.558483 INFO: oop!unknow header: Accept-Encoding: gzip
2024-07-17 23:34:19.558487 INFO: 
2024-07-17 23:34:19.558502 INFO: request:HTTP/1.1 200 OK

2024-07-17 23:34:19.558507 INFO: request:HTTP/1.1 200 OK
Content-Length:542

2024-07-17 23:34:19.558511 INFO: request:HTTP/1.1 200 OK
Content-Length:542
Connection:close

2024-07-17 23:34:19.558516 INFO: request:HTTP/1.1 200 OK
Content-Length:542
Connection:close


2024-07-17 23:34:19.558525 INFO: Thread 140246122866240 is running task

2024-07-17 23:34:19.558564 INFO: eventNum: 2
2024-07-17 23:34:19.558571 INFO: fd: 32, events: 4

2024-07-17 23:34:19.558608 INFO: Thread 140246131258944 is running task

2024-07-17 23:34:19.558668 INFO: fd: 33, events: 4

2024-07-17 23:34:19.558715 INFO: Thread 140246106080832 is running task

2024-07-17 23:34:19.560385 INFO: eventNum: 1
2024-07-17 23:34:19.560407 INFO: fd: 13, events: 1

2024-07-17 23:34:19.560413 INFO: HandleListenEvent 13
2024-07-17 23:34:19.560431 INFO: HttpConn 34 init success
2024-07-17 23:34:19.560438 INFO: addTimer id:34 expireTime:1721230959
2024-07-17 23:34:19.560449 INFO: Client[34] in!
2024-07-17 23:34:19.560454 INFO: HandleListenEvent 13
2024-07-17 23:34:19.560463 ERROR: Accept failure -1
2024-07-17 23:34:19.560468 INFO: eventNum: 1
2024-07-17 23:34:19.560473 INFO: fd: 34, events: 1

2024-07-17 23:34:19.561365 INFO: eventNum: 1
2024-07-17 23:34:19.561382 INFO: fd: 13, events: 1

2024-07-17 23:34:19.561387 INFO: HandleListenEvent 13
2024-07-17 23:34:19.561398 INFO: HttpConn 39 init success
2024-07-17 23:34:19.561403 INFO: addTimer id:39 expireTime:1721230959
2024-07-17 23:34:19.561414 INFO: Client[39] in!
2024-07-17 23:34:19.561418 INFO: HandleListenEvent 13
2024-07-17 23:34:19.561427 ERROR: Accept failure -1
2024-07-17 23:34:19.561432 INFO: eventNum: 1
2024-07-17 23:34:19.561437 INFO: fd: 39, events: 1

2024-07-17 23:34:19.561451 INFO: HttpConn 34 read success
2024-07-17 23:34:19.561462 INFO: GET / HTTP/1.1
2024-07-17 23:34:19.561468 INFO: Host: 39.98.202.182:9006
2024-07-17 23:34:19.561473 INFO: User-Agent: Go-http-client/1.1
2024-07-17 23:34:19.561478 INFO: oop!unknow header: User-Agent: Go-http-client/1.1
2024-07-17 23:34:19.561482 INFO: X-Vegeta-Seq: 501
2024-07-17 23:34:19.561486 INFO: oop!unknow header: X-Vegeta-Seq: 501
2024-07-17 23:34:19.561490 INFO: Accept-Encoding: gzip
2024-07-17 23:34:19.561495 INFO: oop!unknow header: Accept-Encoding: gzip
2024-07-17 23:34:19.561499 INFO: 
2024-07-17 23:34:19.561520 INFO: request:HTTP/1.1 200 OK

2024-07-17 23:34:19.561528 INFO: request:HTTP/1.1 200 OK
Content-Length:542

2024-07-17 23:34:19.561533 INFO: request:HTTP/1.1 200 OK
Content-Length:542
Connection:close

2024-07-17 23:34:19.561537 INFO: request:HTTP/1.1 200 OK
Content-Length:542
Connection:close


2024-07-17 23:34:19.561549 INFO: Thread 140246139651648 is running task

2024-07-17 23:34:19.561555 INFO: HttpConn 39 read success
2024-07-17 23:34:19.561562 INFO: GET / HTTP/1.1
2024-07-17 23:34:19.561569 INFO: Host: 39.98.202.182:9006
2024-07-17 23:34:19.561576 INFO: User-Agent: Go-http-client/1.1
2024-07-17 23:34:19.561582 INFO: oop!unknow header: User-Agent: Go-http-client/1.1
2024-07-17 23:34:19.561588 INFO: X-Vegeta-Seq: 500
2024-07-17 23:34:19.561595 INFO: oop!unknow header: X-Vegeta-Seq: 500
2024-07-17 23:34:19.561607 INFO: Accept-Encoding: gzip
2024-07-17 23:34:19.561612 INFO: oop!unknow header: Accept-Encoding: gzip
2024-07-17 23:34:19.561617 INFO: 
2024-07-17 23:34:19.561631 INFO: request:HTTP/1.1 200 OK

2024-07-17 23:34:19.561638 INFO: request:HTTP/1.1 200 OK
Content-Length:542

2024-07-17 23:34:19.561644 INFO: request:HTTP/1.1 200 OK
Content-Length:542
Connection:close

2024-07-17 23:34:19.561651 INFO: request:HTTP/1.1 200 OK
Content-Length:542
Connection:close


2024-07-17 23:34:19.561661 INFO: Thread 140246139651648 is running task

2024-07-17 23:34:19.561676 INFO: eventNum: 2
2024-07-17 23:34:19.561683 INFO: fd: 34, events: 4

2024-07-17 23:34:19.561697 INFO: fd: 39, events: 4

2024-07-17 23:34:19.562171 INFO: Thread 140246114473536 is running task

2024-07-17 23:34:19.562216 INFO: Thread 140246114473536 is running task

2024-07-17 23:34:19.563954 INFO: eventNum: 1
2024-07-17 23:34:19.563979 INFO: fd: 13, events: 1

2024-07-17 23:34:19.563988 INFO: HandleListenEvent 13
2024-07-17 23:34:19.564009 INFO: HttpConn 40 init success
2024-07-17 23:34:19.564021 INFO: addTimer id:40 expireTime:1721230959
2024-07-17 23:34:19.564037 INFO: Client[40] in!
2024-07-17 23:34:19.564043 INFO: HandleListenEvent 13
2024-07-17 23:34:19.564053 ERROR: Accept failure -1
2024-07-17 23:34:19.564061 INFO: eventNum: 1
2024-07-17 23:34:19.564065 INFO: fd: 40, events: 1

2024-07-17 23:34:19.564082 INFO: HttpConn 40 read success
2024-07-17 23:34:19.564092 INFO: GET / HTTP/1.1
2024-07-17 23:34:19.564100 INFO: Host: 39.98.202.182:9006
2024-07-17 23:34:19.564107 INFO: User-Agent: Go-http-client/1.1
2024-07-17 23:34:19.564114 INFO: oop!unknow header: User-Agent: Go-http-client/1.1
2024-07-17 23:34:19.564121 INFO: X-Vegeta-Seq: 1498
2024-07-17 23:34:19.564127 INFO: oop!unknow header: X-Vegeta-Seq: 1498
2024-07-17 23:34:19.564134 INFO: Accept-Encoding: gzip
2024-07-17 23:34:19.564140 INFO: oop!unknow header: Accept-Encoding: gzip
2024-07-17 23:34:19.564144 INFO: 
2024-07-17 23:34:19.564161 INFO: request:HTTP/1.1 200 OK

2024-07-17 23:34:19.564166 INFO: request:HTTP/1.1 200 OK
Content-Length:542

2024-07-17 23:34:19.564170 INFO: request:HTTP/1.1 200 OK
Content-Length:542
Connection:close

2024-07-17 23:34:19.564174 INFO: request:HTTP/1.1 200 OK
Content-Length:542
Connection:close


2024-07-17 23:34:19.564185 INFO: Thread 140246156437056 is running task

2024-07-17 23:34:19.564250 INFO: eventNum: 1
2024-07-17 23:34:19.564257 INFO: fd: 40, events: 4

2024-07-17 23:34:19.564375 INFO: Thread 140246122866240 is running task

2024-07-17 23:34:19.565215 INFO: eventNum: 1
2024-07-17 23:34:19.565232 INFO: fd: 17, events: 8193

2024-07-17 23:34:19.565254 INFO: HttpConn 17 close success
2024-07-17 23:34:19.565263 INFO: Client[17] quit!
2024-07-17 23:34:19.566527 INFO: eventNum: 1
2024-07-17 23:34:19.566547 INFO: fd: 45, events: 8193

2024-07-17 23:34:19.566572 INFO: HttpConn 45 close success
2024-07-17 23:34:19.566585 INFO: Client[45] quit!
2024-07-17 23:34:19.566592 INFO: eventNum: 1
2024-07-17 23:34:19.566596 INFO: fd: 36, events: 8193

2024-07-17 23:34:19.566610 INFO: HttpConn 36 close success
2024-07-17 23:34:19.566617 INFO: Client[36] quit!
2024-07-17 23:34:19.567213 INFO: eventNum: 1
2024-07-17 23:34:19.567234 INFO: fd: 46, events: 8193

2024-07-17 23:34:19.567253 INFO: HttpConn 46 close success
2024-07-17 23:34:19.567262 INFO: Client[46] quit!
2024-07-17 23:34:19.568601 INFO: eventNum: 1
2024-07-17 23:34:19.568621 INFO: fd: 35, events: 8193

2024-07-17 23:34:19.568646 INFO: HttpConn 35 close success
2024-07-17 23:34:19.568658 INFO: Client[35] quit!
2024-07-17 23:34:19.569112 INFO: eventNum: 1
2024-07-17 23:34:19.569130 INFO: fd: 44, events: 8193

2024-07-17 23:34:19.569149 INFO: HttpConn 44 close success
2024-07-17 23:34:19.569156 INFO: Client[44] quit!
2024-07-17 23:34:19.570186 INFO: eventNum: 1
2024-07-17 23:34:19.570206 INFO: fd: 37, events: 8193

2024-07-17 23:34:19.570222 INFO: HttpConn 37 close success
2024-07-17 23:34:19.570230 INFO: Client[37] quit!
2024-07-17 23:34:19.571615 INFO: eventNum: 1
2024-07-17 23:34:19.571659 INFO: fd: 18, events: 8193

2024-07-17 23:34:19.571687 INFO: HttpConn 18 close success
2024-07-17 23:34:19.571699 INFO: Client[18] quit!
2024-07-17 23:34:19.572516 INFO: eventNum: 1
2024-07-17 23:34:19.572535 INFO: fd: 47, events: 8193

2024-07-17 23:34:19.572554 INFO: HttpConn 47 close success
2024-07-17 23:34:19.572562 INFO: Client[47] quit!
2024-07-17 23:34:19.572593 INFO: eventNum: 1
2024-07-17 23:34:19.572599 INFO: fd: 28, events: 8193

2024-07-17 23:34:19.572612 INFO: HttpConn 28 close success
2024-07-17 23:34:19.572619 INFO: Client[28] quit!
2024-07-17 23:34:19.572833 INFO: eventNum: 1
2024-07-17 23:34:19.572862 INFO: fd: 53, events: 8193

2024-07-17 23:34:19.572886 INFO: HttpConn 53 close success
2024-07-17 23:34:19.572896 INFO: Client[53] quit!
2024-07-17 23:34:19.573164 INFO: eventNum: 1
2024-07-17 23:34:19.573178 INFO: fd: 48, events: 8193

2024-07-17 23:34:19.573196 INFO: HttpConn 48 close success
2024-07-17 23:34:19.573204 INFO: Client[48] quit!
2024-07-17 23:34:19.573210 INFO: eventNum: 1
2024-07-17 23:34:19.573214 INFO: fd: 30, events: 8193

2024-07-17 23:34:19.573226 INFO: HttpConn 30 close success
2024-07-17 23:34:19.573233 INFO: Client[30] quit!
2024-07-17 23:34:19.574043 INFO: eventNum: 1
2024-07-17 23:34:19.574072 INFO: fd: 26, events: 8193

2024-07-17 23:34:19.574097 INFO: HttpConn 26 close success
2024-07-17 23:34:19.574108 INFO: Client[26] quit!
2024-07-17 23:34:19.574783 INFO: eventNum: 1
2024-07-17 23:34:19.574810 INFO: fd: 51, events: 8193

2024-07-17 23:34:19.574834 INFO: HttpConn 51 close success
2024-07-17 23:34:19.574844 INFO: Client[51] quit!
2024-07-17 23:34:19.576467 INFO: eventNum: 1
2024-07-17 23:34:19.576491 INFO: fd: 55, events: 8193

2024-07-17 23:34:19.576512 INFO: HttpConn 55 close success
2024-07-17 23:34:19.576522 INFO: Client[55] quit!
2024-07-17 23:34:19.576881 INFO: eventNum: 1
2024-07-17 23:34:19.576902 INFO: fd: 52, events: 8193

2024-07-17 23:34:19.576921 INFO: HttpConn 52 close success
2024-07-17 23:34:19.576927 INFO: Client[52] quit!
2024-07-17 23:34:19.577610 INFO: eventNum: 1
2024-07-17 23:34:19.577635 INFO: fd: 50, events: 8193

2024-07-17 23:34:19.577665 INFO: HttpConn 50 close success
2024-07-17 23:34:19.577673 INFO: Client[50] quit!
2024-07-17 23:34:19.579227 INFO: eventNum: 1
2024-07-17 23:34:19.579252 INFO: fd: 56, events: 8193

2024-07-17 23:34:19.579277 INFO: HttpConn 56 close success
2024-07-17 23:34:19.579282 INFO: Client[56] quit!
2024-07-17 23:34:20.271701 INFO: eventNum: 1
2024-07-17 23:34:20.271767 INFO: fd: 125, events: 1

2024-07-17 23:34:20.271804 INFO: HttpConn 125 read success
2024-07-17 23:34:20.271848 INFO: GET / HTTP/1.1
2024-07-17 23:34:20.271857 INFO: Host: 39.98.202.182:9006
2024-07-17 23:34:20.271862 INFO: User-Agent: Go-http-client/1.1
2024-07-17 23:34:20.271867 INFO: oop!unknow header: User-Agent: Go-http-client/1.1
2024-07-17 23:34:20.271872 INFO: X-Vegeta-Seq: 1385
2024-07-17 23:34:20.271876 INFO: oop!unknow header: X-Vegeta-Seq: 1385
2024-07-17 23:34:20.271881 INFO: Accept-Encoding: gzip
2024-07-17 23:34:20.271885 INFO: oop!unknow header: Accept-Encoding: gzip
2024-07-17 23:34:20.271890 INFO: 
2024-07-17 23:34:20.271920 INFO: request:HTTP/1.1 200 OK

2024-07-17 23:34:20.271925 INFO: request:HTTP/1.1 200 OK
Content-Length:542

2024-07-17 23:34:20.271930 INFO: request:HTTP/1.1 200 OK
Content-Length:542
Connection:close

2024-07-17 23:34:20.271934 INFO: request:HTTP/1.1 200 OK
Content-Length:542
Connection:close


2024-07-17 23:34:20.271951 INFO: eventNum: 1
2024-07-17 23:34:20.271959 INFO: Thread 140246131258944 is running task

2024-07-17 23:34:20.271959 INFO: fd: 125, events: 4

2024-07-17 23:34:20.272036 INFO: Thread 140246106080832 is running task

2024-07-17 23:34:20.301197 INFO: eventNum: 1
2024-07-17 23:34:20.301268 INFO: fd: 13, events: 1

2024-07-17 23:34:20.301278 INFO: HandleListenEvent 13
2024-07-17 23:34:20.301312 INFO: HttpConn 17 init success
2024-07-17 23:34:20.301325 INFO: addTimer id:17 expireTime:1721230960
2024-07-17 23:34:20.301381 INFO: Client[17] in!
2024-07-17 23:34:20.301400 INFO: HandleListenEvent 13
2024-07-17 23:34:20.301415 ERROR: Accept failure -1
2024-07-17 23:34:20.301422 INFO: eventNum: 1
2024-07-17 23:34:20.301426 INFO: fd: 17, events: 1

2024-07-17 23:34:20.301448 INFO: HttpConn 17 read success
2024-07-17 23:34:20.301472 INFO: GET / HTTP/1.1
2024-07-17 23:34:20.301480 INFO: Host: 39.98.202.182:9006
2024-07-17 23:34:20.301486 INFO: User-Agent: Go-http-client/1.1
2024-07-17 23:34:20.301490 INFO: oop!unknow header: User-Agent: Go-http-client/1.1
2024-07-17 23:34:20.301495 INFO: X-Vegeta-Seq: 1390
2024-07-17 23:34:20.301499 INFO: oop!unknow header: X-Vegeta-Seq: 1390
2024-07-17 23:34:20.301503 INFO: Accept-Encoding: gzip
2024-07-17 23:34:20.301507 INFO: oop!unknow header: Accept-Encoding: gzip
2024-07-17 23:34:20.301512 INFO: 
2024-07-17 23:34:20.301539 INFO: request:HTTP/1.1 200 OK

2024-07-17 23:34:20.301559 INFO: request:HTTP/1.1 200 OK
Content-Length:542

2024-07-17 23:34:20.301563 INFO: request:HTTP/1.1 200 OK
Content-Length:542
Connection:close

2024-07-17 23:34:20.301568 INFO: request:HTTP/1.1 200 OK
Content-Length:542
Connection:close


2024-07-17 23:34:20.301596 INFO: Thread 140246139651648 is running task

2024-07-17 23:34:20.301626 INFO: eventNum: 1
2024-07-17 23:34:20.301633 INFO: fd: 17, events: 4

2024-07-17 23:34:20.301705 INFO: Thread 140246114473536 is running task

2024-07-17 23:34:20.683005 INFO: eventNum: 2
2024-07-17 23:34:20.683110 INFO: fd: 38, events: 8193

2024-07-17 23:34:20.683147 INFO: HttpConn 38 close success
2024-07-17 23:34:20.683154 INFO: Client[38] quit!
2024-07-17 23:34:20.683158 INFO: fd: 57, events: 8193

2024-07-17 23:34:20.683178 INFO: HttpConn 57 close success
2024-07-17 23:34:20.683184 INFO: Client[57] quit!
2024-07-17 23:34:20.683190 INFO: eventNum: 1
2024-07-17 23:34:20.683194 INFO: fd: 31, events: 8193

2024-07-17 23:34:20.683206 INFO: HttpConn 31 close success
2024-07-17 23:34:20.683211 INFO: Client[31] quit!
2024-07-17 23:34:20.684062 INFO: eventNum: 1
2024-07-17 23:34:20.684090 INFO: fd: 58, events: 8193

2024-07-17 23:34:20.684122 INFO: HttpConn 58 close success
2024-07-17 23:34:20.684129 INFO: Client[58] quit!
2024-07-17 23:34:20.830035 INFO: eventNum: 1
2024-07-17 23:34:20.830105 INFO: fd: 32, events: 8193

2024-07-17 23:34:20.830153 INFO: HttpConn 32 close success
2024-07-17 23:34:20.830161 INFO: Client[32] quit!
2024-07-17 23:34:20.830167 INFO: eventNum: 1
2024-07-17 23:34:20.830172 INFO: fd: 33, events: 8193

2024-07-17 23:34:20.830183 INFO: HttpConn 33 close success
2024-07-17 23:34:20.830188 INFO: Client[33] quit!
2024-07-17 23:34:20.830825 INFO: eventNum: 1
2024-07-17 23:34:20.830858 INFO: fd: 34, events: 8193

2024-07-17 23:34:20.830878 INFO: HttpConn 34 close success
2024-07-17 23:34:20.830884 INFO: Client[34] quit!
2024-07-17 23:34:20.831066 INFO: eventNum: 1
2024-07-17 23:34:20.831079 INFO: fd: 39, events: 8193

2024-07-17 23:34:20.831095 INFO: HttpConn 39 close success
2024-07-17 23:34:20.831101 INFO: Client[39] quit!
2024-07-17 23:34:20.838216 INFO: eventNum: 1
2024-07-17 23:34:20.838258 INFO: fd: 40, events: 8193

