2024-07-17 23:30:21.340736 INFO: HttpConn 37 close success
2024-07-17 23:30:21.340808 INFO: Client[37] quit!
2024-07-17 23:30:21.340893 INFO: eventNum: 1
2024-07-17 23:30:21.340907 INFO: fd: 13, events: 1

2024-07-17 23:30:21.340912 INFO: HandleListenEvent 13
2024-07-17 23:30:21.340923 INFO: HttpConn 18 init success
2024-07-17 23:30:21.340929 INFO: addTimer id:18 expireTime:1721230721
2024-07-17 23:30:21.340940 INFO: Client[18] in!
2024-07-17 23:30:21.340947 INFO: HandleListenEvent 13
2024-07-17 23:30:21.340960 ERROR: Accept failure -1
2024-07-17 23:30:21.341064 INFO: eventNum: 2
2024-07-17 23:30:21.341083 INFO: fd: 17, events: 1

2024-07-17 23:30:21.341099 INFO: fd: 13, events: 1

2024-07-17 23:30:21.341104 INFO: HandleListenEvent 13
2024-07-17 23:30:21.341106 INFO: HttpConn 17 read success
2024-07-17 23:30:21.341118 INFO: HttpConn 26 init success
2024-07-17 23:30:21.341123 INFO: GET / HTTP/1.1
2024-07-17 23:30:21.341124 INFO: addTimer id:26 expireTime:1721230721
2024-07-17 23:30:21.341133 INFO: Host: 39.98.202.182:9006
2024-07-17 23:30:21.341155 INFO: User-Agent: Go-http-client/1.1
2024-07-17 23:30:21.341159 INFO: oop!unknow header: User-Agent: Go-http-client/1.1
2024-07-17 23:30:21.341164 INFO: X-Vegeta-Seq: 2309
2024-07-17 23:30:21.341168 INFO: oop!unknow header: X-Vegeta-Seq: 2309
2024-07-17 23:30:21.341168 INFO: Client[26] in!
2024-07-17 23:30:21.341174 INFO: Accept-Encoding: gzip
2024-07-17 23:30:21.341205 INFO: oop!unknow header: Accept-Encoding: gzip
2024-07-17 23:30:21.341193 INFO: HandleListenEvent 13
2024-07-17 23:30:21.341210 INFO: 
2024-07-17 23:30:21.341226 ERROR: Accept failure -1
2024-07-17 23:30:21.341241 INFO: request:HTTP/1.1 200 OK

2024-07-17 23:30:21.341247 INFO: request:HTTP/1.1 200 OK
Content-Length:542

2024-07-17 23:30:21.341251 INFO: request:HTTP/1.1 200 OK
Content-Length:542
Connection:close

2024-07-17 23:30:21.341256 INFO: request:HTTP/1.1 200 OK
Content-Length:542
Connection:close


2024-07-17 23:30:21.341270 INFO: Thread 140246106080832 is running task

2024-07-17 23:30:21.341273 INFO: eventNum: 1
2024-07-17 23:30:21.341281 INFO: fd: 17, events: 4

2024-07-17 23:30:21.341319 INFO: Thread 140246156437056 is running task

2024-07-17 23:30:21.341686 INFO: eventNum: 1
2024-07-17 23:30:21.341706 INFO: fd: 13, events: 1

2024-07-17 23:30:21.341711 INFO: HandleListenEvent 13
2024-07-17 23:30:21.341727 INFO: HttpConn 28 init success
2024-07-17 23:30:21.341732 INFO: addTimer id:28 expireTime:1721230721
2024-07-17 23:30:21.341742 INFO: Client[28] in!
2024-07-17 23:30:21.341756 INFO: HandleListenEvent 13
2024-07-17 23:30:21.341768 INFO: HttpConn 29 init success
2024-07-17 23:30:21.341773 INFO: addTimer id:29 expireTime:1721230721
2024-07-17 23:30:21.341781 INFO: Client[29] in!
2024-07-17 23:30:21.341785 INFO: HandleListenEvent 13
2024-07-17 23:30:21.341794 ERROR: Accept failure -1
2024-07-17 23:30:21.341827 INFO: eventNum: 1
2024-07-17 23:30:21.341855 INFO: fd: 13, events: 1

2024-07-17 23:30:21.341860 INFO: HandleListenEvent 13
2024-07-17 23:30:21.341873 INFO: HttpConn 30 init success
2024-07-17 23:30:21.341881 INFO: addTimer id:30 expireTime:1721230721
2024-07-17 23:30:21.341893 INFO: Client[30] in!
2024-07-17 23:30:21.341900 INFO: HandleListenEvent 13
2024-07-17 23:30:21.341911 ERROR: Accept failure -1
2024-07-17 23:30:21.342024 INFO: eventNum: 1
2024-07-17 23:30:21.342035 INFO: fd: 18, events: 1

2024-07-17 23:30:21.342049 INFO: HttpConn 18 read success
2024-07-17 23:30:21.342059 INFO: GET / HTTP/1.1
2024-07-17 23:30:21.342066 INFO: Host: 39.98.202.182:9006
2024-07-17 23:30:21.342070 INFO: User-Agent: Go-http-client/1.1
2024-07-17 23:30:21.342075 INFO: oop!unknow header: User-Agent: Go-http-client/1.1
2024-07-17 23:30:21.342080 INFO: X-Vegeta-Seq: 2310
2024-07-17 23:30:21.342087 INFO: oop!unknow header: X-Vegeta-Seq: 2310
2024-07-17 23:30:21.342093 INFO: Accept-Encoding: gzip
2024-07-17 23:30:21.342099 INFO: oop!unknow header: Accept-Encoding: gzip
2024-07-17 23:30:21.342106 INFO: 
2024-07-17 23:30:21.342147 INFO: request:HTTP/1.1 200 OK

2024-07-17 23:30:21.342155 INFO: request:HTTP/1.1 200 OK
Content-Length:542

2024-07-17 23:30:21.342170 INFO: request:HTTP/1.1 200 OK
Content-Length:542
Connection:close

2024-07-17 23:30:21.342177 INFO: request:HTTP/1.1 200 OK
Content-Length:542
Connection:close


2024-07-17 23:30:21.342191 INFO: Thread 140246122866240 is running task

2024-07-17 23:30:21.342205 INFO: eventNum: 1
2024-07-17 23:30:21.342212 INFO: fd: 18, events: 4

2024-07-17 23:30:21.342253 INFO: Thread 140246097688128 is running task

2024-07-17 23:30:21.342421 INFO: eventNum: 1
2024-07-17 23:30:21.342436 INFO: fd: 33, events: 8193

2024-07-17 23:30:21.342453 INFO: HttpConn 33 close success
2024-07-17 23:30:21.342460 INFO: Client[33] quit!
2024-07-17 23:30:21.342870 INFO: eventNum: 1
2024-07-17 23:30:21.342888 INFO: fd: 36, events: 8193

2024-07-17 23:30:21.342904 INFO: HttpConn 36 close success
2024-07-17 23:30:21.342909 INFO: Client[36] quit!
2024-07-17 23:30:21.343045 INFO: eventNum: 1
2024-07-17 23:30:21.343064 INFO: fd: 34, events: 8193

2024-07-17 23:30:21.343080 INFO: HttpConn 34 close success
2024-07-17 23:30:21.343088 INFO: Client[34] quit!
2024-07-17 23:30:21.343096 INFO: eventNum: 1
2024-07-17 23:30:21.343102 INFO: fd: 41, events: 8193

2024-07-17 23:30:21.343118 INFO: HttpConn 41 close success
2024-07-17 23:30:21.343125 INFO: Client[41] quit!
2024-07-17 23:30:21.343341 INFO: eventNum: 2
2024-07-17 23:30:21.343362 INFO: fd: 26, events: 1

2024-07-17 23:30:21.343376 INFO: fd: 30, events: 1

2024-07-17 23:30:21.343382 INFO: HttpConn 26 read success
2024-07-17 23:30:21.343398 INFO: GET / HTTP/1.1
2024-07-17 23:30:21.343404 INFO: Host: 39.98.202.182:9006
2024-07-17 23:30:21.343409 INFO: User-Agent: Go-http-client/1.1
2024-07-17 23:30:21.343413 INFO: oop!unknow header: User-Agent: Go-http-client/1.1
2024-07-17 23:30:21.343417 INFO: X-Vegeta-Seq: 2318
2024-07-17 23:30:21.343422 INFO: oop!unknow header: X-Vegeta-Seq: 2318
2024-07-17 23:30:21.343426 INFO: Accept-Encoding: gzip
2024-07-17 23:30:21.343430 INFO: oop!unknow header: Accept-Encoding: gzip
2024-07-17 23:30:21.343434 INFO: 
2024-07-17 23:30:21.343449 INFO: request:HTTP/1.1 200 OK

2024-07-17 23:30:21.343453 INFO: request:HTTP/1.1 200 OK
Content-Length:542

2024-07-17 23:30:21.343458 INFO: request:HTTP/1.1 200 OK
Content-Length:542
Connection:close

2024-07-17 23:30:21.343462 INFO: request:HTTP/1.1 200 OK
Content-Length:542
Connection:close


2024-07-17 23:30:21.343476 INFO: Thread 140246148044352 is running task

2024-07-17 23:30:21.343482 INFO: eventNum: 1
2024-07-17 23:30:21.343514 INFO: fd: 26, events: 4

2024-07-17 23:30:21.343482 INFO: HttpConn 30 read success
2024-07-17 23:30:21.343529 INFO: GET / HTTP/1.1
2024-07-17 23:30:21.343535 INFO: Host: 39.98.202.182:9006
2024-07-17 23:30:21.343539 INFO: User-Agent: Go-http-client/1.1
2024-07-17 23:30:21.343543 INFO: oop!unknow header: User-Agent: Go-http-client/1.1
2024-07-17 23:30:21.343553 INFO: Thread 140246114473536 is running task

2024-07-17 23:30:21.343553 INFO: X-Vegeta-Seq: 2311
2024-07-17 23:30:21.343576 INFO: oop!unknow header: X-Vegeta-Seq: 2311
2024-07-17 23:30:21.343581 INFO: Accept-Encoding: gzip
2024-07-17 23:30:21.343585 INFO: oop!unknow header: Accept-Encoding: gzip
2024-07-17 23:30:21.343590 INFO: 
2024-07-17 23:30:21.343606 INFO: request:HTTP/1.1 200 OK

2024-07-17 23:30:21.343611 INFO: request:HTTP/1.1 200 OK
Content-Length:542

2024-07-17 23:30:21.343615 INFO: request:HTTP/1.1 200 OK
Content-Length:542
Connection:close

2024-07-17 23:30:21.343622 INFO: request:HTTP/1.1 200 OK
Content-Length:542
Connection:close


2024-07-17 23:30:21.343633 INFO: Thread 140246148044352 is running task

2024-07-17 23:30:21.343645 INFO: eventNum: 1
2024-07-17 23:30:21.343653 INFO: fd: 30, events: 4

2024-07-17 23:30:21.343722 INFO: Thread 140246131258944 is running task

2024-07-17 23:30:21.344331 INFO: eventNum: 1
2024-07-17 23:30:21.344369 INFO: fd: 28, events: 1

2024-07-17 23:30:21.344393 INFO: HttpConn 28 read success
2024-07-17 23:30:21.344411 INFO: GET / HTTP/1.1
2024-07-17 23:30:21.344417 INFO: Host: 39.98.202.182:9006
2024-07-17 23:30:21.344421 INFO: User-Agent: Go-http-client/1.1
2024-07-17 23:30:21.344432 INFO: oop!unknow header: User-Agent: Go-http-client/1.1
2024-07-17 23:30:21.344437 INFO: X-Vegeta-Seq: 2316
2024-07-17 23:30:21.344441 INFO: oop!unknow header: X-Vegeta-Seq: 2316
2024-07-17 23:30:21.344445 INFO: Accept-Encoding: gzip
2024-07-17 23:30:21.344449 INFO: oop!unknow header: Accept-Encoding: gzip
2024-07-17 23:30:21.344453 INFO: 
2024-07-17 23:30:21.344469 INFO: request:HTTP/1.1 200 OK

2024-07-17 23:30:21.344474 INFO: request:HTTP/1.1 200 OK
Content-Length:542

2024-07-17 23:30:21.344478 INFO: request:HTTP/1.1 200 OK
Content-Length:542
Connection:close

2024-07-17 23:30:21.344482 INFO: request:HTTP/1.1 200 OK
Content-Length:542
Connection:close


2024-07-17 23:30:21.344520 INFO: Thread 140246106080832 is running task

2024-07-17 23:30:21.344527 INFO: eventNum: 1
2024-07-17 23:30:21.344552 INFO: fd: 28, events: 4

2024-07-17 23:30:21.344599 INFO: Thread 140246156437056 is running task

2024-07-17 23:30:21.344851 INFO: eventNum: 1
2024-07-17 23:30:21.344885 INFO: fd: 38, events: 8193

2024-07-17 23:30:21.344914 INFO: HttpConn 38 close success
2024-07-17 23:30:21.344922 INFO: Client[38] quit!
2024-07-17 23:30:21.345081 INFO: eventNum: 1
2024-07-17 23:30:21.345099 INFO: fd: 35, events: 8193

2024-07-17 23:30:21.345133 INFO: HttpConn 35 close success
2024-07-17 23:30:21.345141 INFO: Client[35] quit!
2024-07-17 23:30:21.345149 INFO: eventNum: 1
2024-07-17 23:30:21.345156 INFO: fd: 29, events: 1

2024-07-17 23:30:21.345176 INFO: HttpConn 29 read success
2024-07-17 23:30:21.345190 INFO: GET / HTTP/1.1
2024-07-17 23:30:21.345198 INFO: Host: 39.98.202.182:9006
2024-07-17 23:30:21.345206 INFO: User-Agent: Go-http-client/1.1
2024-07-17 23:30:21.345213 INFO: oop!unknow header: User-Agent: Go-http-client/1.1
2024-07-17 23:30:21.345220 INFO: X-Vegeta-Seq: 2312
2024-07-17 23:30:21.345226 INFO: oop!unknow header: X-Vegeta-Seq: 2312
2024-07-17 23:30:21.345233 INFO: Accept-Encoding: gzip
2024-07-17 23:30:21.345239 INFO: oop!unknow header: Accept-Encoding: gzip
2024-07-17 23:30:21.345246 INFO: 
2024-07-17 23:30:21.345268 INFO: request:HTTP/1.1 200 OK

2024-07-17 23:30:21.345276 INFO: request:HTTP/1.1 200 OK
Content-Length:542

2024-07-17 23:30:21.345283 INFO: request:HTTP/1.1 200 OK
Content-Length:542
Connection:close

2024-07-17 23:30:21.345290 INFO: request:HTTP/1.1 200 OK
Content-Length:542
Connection:close


2024-07-17 23:30:21.345304 INFO: Thread 140246122866240 is running task

2024-07-17 23:30:21.345317 INFO: eventNum: 1
2024-07-17 23:30:21.345324 INFO: fd: 29, events: 4

2024-07-17 23:30:21.345362 INFO: Thread 140246097688128 is running task

2024-07-17 23:30:21.346575 INFO: eventNum: 1
2024-07-17 23:30:21.346615 INFO: fd: 13, events: 1

2024-07-17 23:30:21.346628 INFO: HandleListenEvent 13
2024-07-17 23:30:21.346658 INFO: HttpConn 31 init success
2024-07-17 23:30:21.346667 INFO: addTimer id:31 expireTime:1721230721
2024-07-17 23:30:21.346688 INFO: Client[31] in!
2024-07-17 23:30:21.346698 INFO: HandleListenEvent 13
2024-07-17 23:30:21.346711 ERROR: Accept failure -1
2024-07-17 23:30:21.347299 INFO: eventNum: 1
2024-07-17 23:30:21.347337 INFO: fd: 31, events: 1

2024-07-17 23:30:21.347364 INFO: HttpConn 31 read success
2024-07-17 23:30:21.347388 INFO: GET / HTTP/1.1
2024-07-17 23:30:21.347396 INFO: Host: 39.98.202.182:9006
2024-07-17 23:30:21.347403 INFO: User-Agent: Go-http-client/1.1
2024-07-17 23:30:21.347409 INFO: oop!unknow header: User-Agent: Go-http-client/1.1
2024-07-17 23:30:21.347416 INFO: X-Vegeta-Seq: 2317
2024-07-17 23:30:21.347421 INFO: oop!unknow header: X-Vegeta-Seq: 2317
2024-07-17 23:30:21.347428 INFO: Accept-Encoding: gzip
2024-07-17 23:30:21.347433 INFO: oop!unknow header: Accept-Encoding: gzip
2024-07-17 23:30:21.347439 INFO: 
2024-07-17 23:30:21.347458 INFO: request:HTTP/1.1 200 OK

2024-07-17 23:30:21.347463 INFO: request:HTTP/1.1 200 OK
Content-Length:542

2024-07-17 23:30:21.347467 INFO: request:HTTP/1.1 200 OK
Content-Length:542
Connection:close

2024-07-17 23:30:21.347472 INFO: request:HTTP/1.1 200 OK
Content-Length:542
Connection:close


2024-07-17 23:30:21.347494 INFO: Thread 140246139651648 is running task

2024-07-17 23:30:21.347529 INFO: eventNum: 1
2024-07-17 23:30:21.347585 INFO: fd: 31, events: 4

2024-07-17 23:30:21.347674 INFO: Thread 140246114473536 is running task

2024-07-17 23:30:21.354260 INFO: eventNum: 1
2024-07-17 23:30:21.354307 INFO: fd: 13, events: 1

2024-07-17 23:30:21.354324 INFO: HandleListenEvent 13
2024-07-17 23:30:21.354352 INFO: HttpConn 32 init success
2024-07-17 23:30:21.354360 INFO: addTimer id:32 expireTime:1721230721
2024-07-17 23:30:21.354375 INFO: Client[32] in!
2024-07-17 23:30:21.354382 INFO: HandleListenEvent 13
2024-07-17 23:30:21.354396 ERROR: Accept failure -1
2024-07-17 23:30:21.355402 INFO: eventNum: 1
2024-07-17 23:30:21.355432 INFO: fd: 32, events: 1

2024-07-17 23:30:21.355451 INFO: HttpConn 32 read success
2024-07-17 23:30:21.355464 INFO: GET / HTTP/1.1
2024-07-17 23:30:21.355471 INFO: Host: 39.98.202.182:9006
2024-07-17 23:30:21.355476 INFO: User-Agent: Go-http-client/1.1
2024-07-17 23:30:21.355480 INFO: oop!unknow header: User-Agent: Go-http-client/1.1
2024-07-17 23:30:21.355485 INFO: X-Vegeta-Seq: 2320
2024-07-17 23:30:21.355490 INFO: oop!unknow header: X-Vegeta-Seq: 2320
2024-07-17 23:30:21.355494 INFO: Accept-Encoding: gzip
2024-07-17 23:30:21.355528 INFO: oop!unknow header: Accept-Encoding: gzip
2024-07-17 23:30:21.355534 INFO: 
2024-07-17 23:30:21.355564 INFO: request:HTTP/1.1 200 OK

2024-07-17 23:30:21.355571 INFO: request:HTTP/1.1 200 OK
Content-Length:542

2024-07-17 23:30:21.355577 INFO: request:HTTP/1.1 200 OK
Content-Length:542
Connection:close

2024-07-17 23:30:21.355583 INFO: request:HTTP/1.1 200 OK
Content-Length:542
Connection:close


2024-07-17 23:30:21.355601 INFO: Thread 140246148044352 is running task

2024-07-17 23:30:21.355615 INFO: eventNum: 1
2024-07-17 23:30:21.355620 INFO: fd: 32, events: 4

2024-07-17 23:30:21.355680 INFO: Thread 140246131258944 is running task

2024-07-17 23:30:21.360850 INFO: eventNum: 1
2024-07-17 23:30:21.360905 INFO: fd: 13, events: 1

2024-07-17 23:30:21.360917 INFO: HandleListenEvent 13
2024-07-17 23:30:21.360953 INFO: HttpConn 33 init success
2024-07-17 23:30:21.360963 INFO: addTimer id:33 expireTime:1721230721
2024-07-17 23:30:21.360979 INFO: Client[33] in!
2024-07-17 23:30:21.360987 INFO: HandleListenEvent 13
2024-07-17 23:30:21.361001 ERROR: Accept failure -1
2024-07-17 23:30:21.363742 INFO: eventNum: 1
2024-07-17 23:30:21.363776 INFO: fd: 13, events: 1

2024-07-17 23:30:21.363788 INFO: HandleListenEvent 13
2024-07-17 23:30:21.363820 INFO: HttpConn 34 init success
2024-07-17 23:30:21.363828 INFO: addTimer id:34 expireTime:1721230721
2024-07-17 23:30:21.363840 INFO: Client[34] in!
2024-07-17 23:30:21.363845 INFO: HandleListenEvent 13
2024-07-17 23:30:21.363859 ERROR: Accept failure -1
2024-07-17 23:30:21.363866 INFO: eventNum: 1
2024-07-17 23:30:21.363870 INFO: fd: 33, events: 1

2024-07-17 23:30:21.363894 INFO: HttpConn 33 read success
2024-07-17 23:30:21.363921 INFO: GET / HTTP/1.1
2024-07-17 23:30:21.363928 INFO: Host: 39.98.202.182:9006
2024-07-17 23:30:21.363932 INFO: User-Agent: Go-http-client/1.1
2024-07-17 23:30:21.363937 INFO: oop!unknow header: User-Agent: Go-http-client/1.1
2024-07-17 23:30:21.363941 INFO: X-Vegeta-Seq: 2319
2024-07-17 23:30:21.363945 INFO: oop!unknow header: X-Vegeta-Seq: 2319
2024-07-17 23:30:21.363950 INFO: Accept-Encoding: gzip
2024-07-17 23:30:21.363954 INFO: oop!unknow header: Accept-Encoding: gzip
2024-07-17 23:30:21.363958 INFO: 
2024-07-17 23:30:21.363983 INFO: request:HTTP/1.1 200 OK

2024-07-17 23:30:21.363988 INFO: request:HTTP/1.1 200 OK
Content-Length:542

2024-07-17 23:30:21.363992 INFO: request:HTTP/1.1 200 OK
Content-Length:542
Connection:close

2024-07-17 23:30:21.363997 INFO: request:HTTP/1.1 200 OK
Content-Length:542
Connection:close


2024-07-17 23:30:21.364011 INFO: Thread 140246106080832 is running task

2024-07-17 23:30:21.364030 INFO: eventNum: 2
2024-07-17 23:30:21.364036 INFO: fd: 17, events: 8193

2024-07-17 23:30:21.364059 INFO: HttpConn 17 close success
2024-07-17 23:30:21.364077 INFO: Client[17] quit!
2024-07-17 23:30:21.364083 INFO: fd: 33, events: 4

2024-07-17 23:30:21.364097 INFO: eventNum: 1
2024-07-17 23:30:21.364102 INFO: fd: 34, events: 1

2024-07-17 23:30:21.364142 INFO: Thread 140246156437056 is running task

2024-07-17 23:30:21.364156 INFO: HttpConn 34 read success
2024-07-17 23:30:21.364168 INFO: GET / HTTP/1.1
2024-07-17 23:30:21.364176 INFO: Host: 39.98.202.182:9006
2024-07-17 23:30:21.364183 INFO: User-Agent: Go-http-client/1.1
2024-07-17 23:30:21.364190 INFO: oop!unknow header: User-Agent: Go-http-client/1.1
2024-07-17 23:30:21.364196 INFO: X-Vegeta-Seq: 2323
2024-07-17 23:30:21.364201 INFO: oop!unknow header: X-Vegeta-Seq: 2323
2024-07-17 23:30:21.364205 INFO: Accept-Encoding: gzip
2024-07-17 23:30:21.364209 INFO: oop!unknow header: Accept-Encoding: gzip
2024-07-17 23:30:21.364214 INFO: 
2024-07-17 23:30:21.364231 INFO: request:HTTP/1.1 200 OK

2024-07-17 23:30:21.364236 INFO: request:HTTP/1.1 200 OK
Content-Length:542

2024-07-17 23:30:21.364249 INFO: request:HTTP/1.1 200 OK
Content-Length:542
Connection:close

2024-07-17 23:30:21.364254 INFO: request:HTTP/1.1 200 OK
Content-Length:542
Connection:close


2024-07-17 23:30:21.364266 INFO: Thread 140246156437056 is running task

2024-07-17 23:30:21.364287 INFO: eventNum: 1
2024-07-17 23:30:21.364293 INFO: fd: 34, events: 4

2024-07-17 23:30:21.364324 INFO: Thread 140246097688128 is running task

2024-07-17 23:30:21.364539 INFO: eventNum: 1
2024-07-17 23:30:21.364555 INFO: fd: 13, events: 1

2024-07-17 23:30:21.364560 INFO: HandleListenEvent 13
2024-07-17 23:30:21.364586 INFO: HttpConn 17 init success
2024-07-17 23:30:21.364608 INFO: addTimer id:17 expireTime:1721230721
2024-07-17 23:30:21.364622 INFO: Client[17] in!
2024-07-17 23:30:21.364627 INFO: HandleListenEvent 13
2024-07-17 23:30:21.364637 ERROR: Accept failure -1
2024-07-17 23:30:21.364788 INFO: eventNum: 1
2024-07-17 23:30:21.364805 INFO: fd: 13, events: 1

2024-07-17 23:30:21.364809 INFO: HandleListenEvent 13
2024-07-17 23:30:21.364822 INFO: HttpConn 35 init success
2024-07-17 23:30:21.364828 INFO: addTimer id:35 expireTime:1721230721
2024-07-17 23:30:21.364836 INFO: Client[35] in!
2024-07-17 23:30:21.364841 INFO: HandleListenEvent 13
2024-07-17 23:30:21.364848 ERROR: Accept failure -1
2024-07-17 23:30:21.364963 INFO: eventNum: 1
2024-07-17 23:30:21.364975 INFO: fd: 16, events: 8193

2024-07-17 23:30:21.364990 INFO: HttpConn 16 close success
2024-07-17 23:30:21.364996 INFO: Client[16] quit!
2024-07-17 23:30:21.365674 INFO: eventNum: 1
2024-07-17 23:30:21.365692 INFO: fd: 13, events: 1

2024-07-17 23:30:21.365697 INFO: HandleListenEvent 13
2024-07-17 23:30:21.365707 INFO: HttpConn 16 init success
2024-07-17 23:30:21.365713 INFO: addTimer id:16 expireTime:1721230721
2024-07-17 23:30:21.365722 INFO: Client[16] in!
2024-07-17 23:30:21.365727 INFO: HandleListenEvent 13
2024-07-17 23:30:21.365735 ERROR: Accept failure -1
2024-07-17 23:30:21.366075 INFO: eventNum: 1
2024-07-17 23:30:21.366087 INFO: fd: 28, events: 8193

2024-07-17 23:30:21.366103 INFO: HttpConn 28 close success
2024-07-17 23:30:21.366123 INFO: Client[28] quit!
2024-07-17 23:30:21.366154 INFO: eventNum: 1
2024-07-17 23:30:21.366161 INFO: fd: 13, events: 1

2024-07-17 23:30:21.366165 INFO: HandleListenEvent 13
2024-07-17 23:30:21.366177 INFO: HttpConn 28 init success
2024-07-17 23:30:21.366182 INFO: addTimer id:28 expireTime:1721230721
2024-07-17 23:30:21.366191 INFO: Client[28] in!
2024-07-17 23:30:21.366195 INFO: HandleListenEvent 13
2024-07-17 23:30:21.366203 ERROR: Accept failure -1
2024-07-17 23:30:21.366595 INFO: eventNum: 1
2024-07-17 23:30:21.366607 INFO: fd: 26, events: 8193

2024-07-17 23:30:21.366621 INFO: HttpConn 26 close success
2024-07-17 23:30:21.366629 INFO: Client[26] quit!
2024-07-17 23:30:21.367381 INFO: eventNum: 1
2024-07-17 23:30:21.367398 INFO: fd: 30, events: 8193

2024-07-17 23:30:21.367415 INFO: HttpConn 30 close success
2024-07-17 23:30:21.367423 INFO: Client[30] quit!
2024-07-17 23:30:21.367527 INFO: eventNum: 1
2024-07-17 23:30:21.367538 INFO: fd: 18, events: 8193

2024-07-17 23:30:21.367560 INFO: HttpConn 18 close success
2024-07-17 23:30:21.367573 INFO: Client[18] quit!
2024-07-17 23:30:21.368317 INFO: eventNum: 1
2024-07-17 23:30:21.368334 INFO: fd: 31, events: 8193

2024-07-17 23:30:21.368352 INFO: HttpConn 31 close success
2024-07-17 23:30:21.368360 INFO: Client[31] quit!
2024-07-17 23:30:21.368664 INFO: eventNum: 1
2024-07-17 23:30:21.368680 INFO: fd: 17, events: 1

2024-07-17 23:30:21.368696 INFO: HttpConn 17 read success
2024-07-17 23:30:21.368708 INFO: GET / HTTP/1.1
2024-07-17 23:30:21.368714 INFO: Host: 39.98.202.182:9006
2024-07-17 23:30:21.368719 INFO: User-Agent: Go-http-client/1.1
2024-07-17 23:30:21.368723 INFO: oop!unknow header: User-Agent: Go-http-client/1.1
2024-07-17 23:30:21.368728 INFO: X-Vegeta-Seq: 2325
2024-07-17 23:30:21.368732 INFO: oop!unknow header: X-Vegeta-Seq: 2325
2024-07-17 23:30:21.368737 INFO: Accept-Encoding: gzip
2024-07-17 23:30:21.368741 INFO: oop!unknow header: Accept-Encoding: gzip
2024-07-17 23:30:21.368745 INFO: 
2024-07-17 23:30:21.368766 INFO: request:HTTP/1.1 200 OK

2024-07-17 23:30:21.368771 INFO: request:HTTP/1.1 200 OK
Content-Length:542

2024-07-17 23:30:21.368776 INFO: request:HTTP/1.1 200 OK
Content-Length:542
Connection:close

2024-07-17 23:30:21.368780 INFO: request:HTTP/1.1 200 OK
Content-Length:542
Connection:close


2024-07-17 23:30:21.368792 INFO: Thread 140246139651648 is running task

2024-07-17 23:30:21.368802 INFO: eventNum: 1
2024-07-17 23:30:21.368807 INFO: fd: 17, events: 4

2024-07-17 23:30:21.368857 INFO: Thread 140246114473536 is running task

2024-07-17 23:30:21.369143 INFO: eventNum: 1
2024-07-17 23:30:21.369159 INFO: fd: 28, events: 1

2024-07-17 23:30:21.369178 INFO: HttpConn 28 read success
2024-07-17 23:30:21.369197 INFO: GET / HTTP/1.1
2024-07-17 23:30:21.369203 INFO: Host: 39.98.202.182:9006
2024-07-17 23:30:21.369208 INFO: User-Agent: Go-http-client/1.1
2024-07-17 23:30:21.369212 INFO: oop!unknow header: User-Agent: Go-http-client/1.1
2024-07-17 23:30:21.369219 INFO: X-Vegeta-Seq: 2327
2024-07-17 23:30:21.369225 INFO: oop!unknow header: X-Vegeta-Seq: 2327
2024-07-17 23:30:21.369231 INFO: Accept-Encoding: gzip
2024-07-17 23:30:21.369237 INFO: oop!unknow header: Accept-Encoding: gzip
2024-07-17 23:30:21.369243 INFO: 
2024-07-17 23:30:21.369286 INFO: request:HTTP/1.1 200 OK

2024-07-17 23:30:21.369298 INFO: request:HTTP/1.1 200 OK
Content-Length:542

2024-07-17 23:30:21.369308 INFO: request:HTTP/1.1 200 OK
Content-Length:542
Connection:close

2024-07-17 23:30:21.369286 INFO: eventNum: 1
2024-07-17 23:30:21.369329 INFO: fd: 13, events: 1

2024-07-17 23:30:21.369313 INFO: request:HTTP/1.1 200 OK
Content-Length:542
Connection:close


2024-07-17 23:30:21.369337 INFO: HandleListenEvent 13
2024-07-17 23:30:21.369353 INFO: Thread 140246148044352 is running task

2024-07-17 23:30:21.369373 INFO: HttpConn 18 init success
2024-07-17 23:30:21.369380 INFO: addTimer id:18 expireTime:1721230721
2024-07-17 23:30:21.369392 INFO: Client[18] in!
2024-07-17 23:30:21.369397 INFO: HandleListenEvent 13
2024-07-17 23:30:21.369405 ERROR: Accept failure -1
2024-07-17 23:30:21.369412 INFO: eventNum: 2
2024-07-17 23:30:21.369416 INFO: fd: 28, events: 4

2024-07-17 23:30:21.369453 INFO: Thread 140246131258944 is running task

2024-07-17 23:30:21.369467 INFO: fd: 16, events: 1

2024-07-17 23:30:21.369480 INFO: HttpConn 16 read success
2024-07-17 23:30:21.369489 INFO: GET / HTTP/1.1
2024-07-17 23:30:21.369494 INFO: Host: 39.98.202.182:9006
2024-07-17 23:30:21.369505 INFO: User-Agent: Go-http-client/1.1
2024-07-17 23:30:21.369510 INFO: oop!unknow header: User-Agent: Go-http-client/1.1
2024-07-17 23:30:21.369514 INFO: X-Vegeta-Seq: 2328
2024-07-17 23:30:21.369519 INFO: oop!unknow header: X-Vegeta-Seq: 2328
2024-07-17 23:30:21.369523 INFO: Accept-Encoding: gzip
2024-07-17 23:30:21.369527 INFO: oop!unknow header: Accept-Encoding: gzip
2024-07-17 23:30:21.369532 INFO: 
2024-07-17 23:30:21.369546 INFO: request:HTTP/1.1 200 OK

2024-07-17 23:30:21.369551 INFO: request:HTTP/1.1 200 OK
Content-Length:542

2024-07-17 23:30:21.369561 INFO: request:HTTP/1.1 200 OK
Content-Length:542
Connection:close

2024-07-17 23:30:21.369566 INFO: request:HTTP/1.1 200 OK
Content-Length:542
Connection:close


2024-07-17 23:30:21.369573 INFO: Thread 140246106080832 is running task

2024-07-17 23:30:21.369581 INFO: eventNum: 1
2024-07-17 23:30:21.369586 INFO: fd: 16, events: 4

2024-07-17 23:30:21.369647 INFO: eventNum: 2
2024-07-17 23:30:21.369649 INFO: Thread 140246156437056 is running task

2024-07-17 23:30:21.369664 INFO: fd: 35, events: 1

2024-07-17 23:30:21.369698 INFO: fd: 18, events: 1

2024-07-17 23:30:21.369704 INFO: HttpConn 35 read success
2024-07-17 23:30:21.369723 INFO: GET / HTTP/1.1
2024-07-17 23:30:21.369733 INFO: Host: 39.98.202.182:9006
2024-07-17 23:30:21.369709 INFO: eventNum: 1
2024-07-17 23:30:21.369738 INFO: User-Agent: Go-http-client/1.1
2024-07-17 23:30:21.369757 INFO: oop!unknow header: User-Agent: Go-http-client/1.1
2024-07-17 23:30:21.369745 INFO: fd: 32, events: 8193

2024-07-17 23:30:21.369746 INFO: HttpConn 18 read success
2024-07-17 23:30:21.369775 INFO: GET / HTTP/1.1
2024-07-17 23:30:21.369780 INFO: Host: 39.98.202.182:9006
2024-07-17 23:30:21.369782 INFO: HttpConn 32 close success
2024-07-17 23:30:21.369763 INFO: X-Vegeta-Seq: 2326
2024-07-17 23:30:21.369797 INFO: oop!unknow header: X-Vegeta-Seq: 2326
2024-07-17 23:30:21.369807 INFO: Accept-Encoding: gzip
2024-07-17 23:30:21.369791 INFO: Client[32] quit!
2024-07-17 23:30:21.369811 INFO: oop!unknow header: Accept-Encoding: gzip
2024-07-17 23:30:21.369835 INFO: 
2024-07-17 23:30:21.369784 INFO: User-Agent: Go-http-client/1.1
2024-07-17 23:30:21.369854 INFO: oop!unknow header: User-Agent: Go-http-client/1.1
2024-07-17 23:30:21.369859 INFO: request:HTTP/1.1 200 OK

2024-07-17 23:30:21.369872 INFO: request:HTTP/1.1 200 OK
Content-Length:542

2024-07-17 23:30:21.369860 INFO: X-Vegeta-Seq: 2330
2024-07-17 23:30:21.369889 INFO: oop!unknow header: X-Vegeta-Seq: 2330
2024-07-17 23:30:21.369894 INFO: Accept-Encoding: gzip
2024-07-17 23:30:21.369898 INFO: oop!unknow header: Accept-Encoding: gzip
2024-07-17 23:30:21.369902 INFO: 
2024-07-17 23:30:21.369917 INFO: request:HTTP/1.1 200 OK

2024-07-17 23:30:21.369922 INFO: request:HTTP/1.1 200 OK
Content-Length:542

2024-07-17 23:30:21.369927 INFO: request:HTTP/1.1 200 OK
Content-Length:542
Connection:close

2024-07-17 23:30:21.369932 INFO: request:HTTP/1.1 200 OK
Content-Length:542
Connection:close


2024-07-17 23:30:21.369940 INFO: Thread 140246097688128 is running task

2024-07-17 23:30:21.369879 INFO: request:HTTP/1.1 200 OK
Content-Length:542
Connection:close

2024-07-17 23:30:21.369956 INFO: request:HTTP/1.1 200 OK
Content-Length:542
Connection:close


2024-07-17 23:30:21.369963 INFO: Thread 140246122866240 is running task

2024-07-17 23:30:21.369971 INFO: eventNum: 3
2024-07-17 23:30:21.369976 INFO: fd: 29, events: 8193

2024-07-17 23:30:21.369990 INFO: HttpConn 29 close success
2024-07-17 23:30:21.369997 INFO: Client[29] quit!
2024-07-17 23:30:21.370002 INFO: fd: 18, events: 4

2024-07-17 23:30:21.370027 INFO: Thread 140246139651648 is running task

2024-07-17 23:30:21.370045 INFO: fd: 35, events: 4

2024-07-17 23:30:21.370095 INFO: Thread 140246114473536 is running task

2024-07-17 23:30:21.372570 INFO: eventNum: 1
2024-07-17 23:30:21.372599 INFO: fd: 13, events: 1

2024-07-17 23:30:21.372604 INFO: HandleListenEvent 13
2024-07-17 23:30:21.372624 INFO: HttpConn 26 init success
2024-07-17 23:30:21.372631 INFO: addTimer id:26 expireTime:1721230721
2024-07-17 23:30:21.372641 INFO: Client[26] in!
2024-07-17 23:30:21.372646 INFO: HandleListenEvent 13
2024-07-17 23:30:21.372655 ERROR: Accept failure -1
2024-07-17 23:30:21.373247 INFO: eventNum: 1
2024-07-17 23:30:21.373265 INFO: fd: 13, events: 1

2024-07-17 23:30:21.373269 INFO: HandleListenEvent 13
2024-07-17 23:30:21.373281 INFO: HttpConn 29 init success
2024-07-17 23:30:21.373287 INFO: addTimer id:29 expireTime:1721230721
2024-07-17 23:30:21.373297 INFO: Client[29] in!
2024-07-17 23:30:21.373301 INFO: HandleListenEvent 13
2024-07-17 23:30:21.373309 ERROR: Accept failure -1
2024-07-17 23:30:21.374425 INFO: eventNum: 1
2024-07-17 23:30:21.374450 INFO: fd: 26, events: 1

2024-07-17 23:30:21.374476 INFO: HttpConn 26 read success
2024-07-17 23:30:21.374543 INFO: GET / HTTP/1.1
2024-07-17 23:30:21.374555 INFO: Host: 39.98.202.182:9006
2024-07-17 23:30:21.374560 INFO: User-Agent: Go-http-client/1.1
2024-07-17 23:30:21.374564 INFO: oop!unknow header: User-Agent: Go-http-client/1.1
2024-07-17 23:30:21.374569 INFO: X-Vegeta-Seq: 2332
2024-07-17 23:30:21.374573 INFO: oop!unknow header: X-Vegeta-Seq: 2332
2024-07-17 23:30:21.374578 INFO: Accept-Encoding: gzip
2024-07-17 23:30:21.374582 INFO: oop!unknow header: Accept-Encoding: gzip
2024-07-17 23:30:21.374586 INFO: 
2024-07-17 23:30:21.374608 INFO: request:HTTP/1.1 200 OK

2024-07-17 23:30:21.374613 INFO: request:HTTP/1.1 200 OK
Content-Length:542

2024-07-17 23:30:21.374618 INFO: request:HTTP/1.1 200 OK
Content-Length:542
Connection:close

2024-07-17 23:30:21.374623 INFO: request:HTTP/1.1 200 OK
Content-Length:542
Connection:close


2024-07-17 23:30:21.374645 INFO: eventNum: 1
2024-07-17 23:30:21.374646 INFO: Thread 140246148044352 is running task

2024-07-17 23:30:21.374660 INFO: fd: 26, events: 4

2024-07-17 23:30:21.374731 INFO: Thread 140246131258944 is running task

2024-07-17 23:30:21.375872 INFO: eventNum: 1
2024-07-17 23:30:21.375896 INFO: fd: 29, events: 1

2024-07-17 23:30:21.375911 INFO: HttpConn 29 read success
2024-07-17 23:30:21.375923 INFO: GET / HTTP/1.1
2024-07-17 23:30:21.375929 INFO: Host: 39.98.202.182:9006
2024-07-17 23:30:21.375934 INFO: User-Agent: Go-http-client/1.1
2024-07-17 23:30:21.375938 INFO: oop!unknow header: User-Agent: Go-http-client/1.1
2024-07-17 23:30:21.375943 INFO: X-Vegeta-Seq: 2331
2024-07-17 23:30:21.375948 INFO: oop!unknow header: X-Vegeta-Seq: 2331
2024-07-17 23:30:21.375952 INFO: Accept-Encoding: gzip
2024-07-17 23:30:21.375957 INFO: oop!unknow header: Accept-Encoding: gzip
2024-07-17 23:30:21.375961 INFO: 
2024-07-17 23:30:21.375981 INFO: request:HTTP/1.1 200 OK

2024-07-17 23:30:21.375986 INFO: request:HTTP/1.1 200 OK
Content-Length:542

2024-07-17 23:30:21.375990 INFO: request:HTTP/1.1 200 OK
Content-Length:542
Connection:close

2024-07-17 23:30:21.375995 INFO: request:HTTP/1.1 200 OK
Content-Length:542
Connection:close


2024-07-17 23:30:21.376005 INFO: Thread 140246106080832 is running task

2024-07-17 23:30:21.376014 INFO: eventNum: 1
2024-07-17 23:30:21.376018 INFO: fd: 29, events: 4

2024-07-17 23:30:21.376068 INFO: Thread 140246156437056 is running task

2024-07-17 23:30:21.383331 INFO: eventNum: 1
2024-07-17 23:30:21.383380 INFO: fd: 33, events: 8193

2024-07-17 23:30:21.383408 INFO: HttpConn 33 close success
2024-07-17 23:30:21.383417 INFO: Client[33] quit!
2024-07-17 23:30:21.383980 INFO: eventNum: 1
2024-07-17 23:30:21.383996 INFO: fd: 34, events: 8193

2024-07-17 23:30:21.384014 INFO: HttpConn 34 close success
2024-07-17 23:30:21.384022 INFO: Client[34] quit!
2024-07-17 23:30:21.387315 INFO: eventNum: 1
2024-07-17 23:30:21.387335 INFO: fd: 13, events: 1

2024-07-17 23:30:21.387341 INFO: HandleListenEvent 13
2024-07-17 23:30:21.387366 INFO: HttpConn 30 init success
2024-07-17 23:30:21.387374 INFO: addTimer id:30 expireTime:1721230721
2024-07-17 23:30:21.387387 INFO: Client[30] in!
2024-07-17 23:30:21.387392 INFO: HandleListenEvent 13
2024-07-17 23:30:21.387402 INFO: HttpConn 31 init success
2024-07-17 23:30:21.387407 INFO: addTimer id:31 expireTime:1721230721
2024-07-17 23:30:21.387414 INFO: Client[31] in!
2024-07-17 23:30:21.387419 INFO: HandleListenEvent 13
2024-07-17 23:30:21.387427 ERROR: Accept failure -1
2024-07-17 23:30:21.387832 INFO: eventNum: 1
2024-07-17 23:30:21.387849 INFO: fd: 28, events: 8193

2024-07-17 23:30:21.387872 INFO: HttpConn 28 close success
2024-07-17 23:30:21.387883 INFO: Client[28] quit!
2024-07-17 23:30:21.388419 INFO: eventNum: 1
2024-07-17 23:30:21.388437 INFO: fd: 30, events: 1

2024-07-17 23:30:21.388454 INFO: HttpConn 30 read success
2024-07-17 23:30:21.388468 INFO: GET / HTTP/1.1
2024-07-17 23:30:21.388474 INFO: Host: 39.98.202.182:9006
2024-07-17 23:30:21.388487 INFO: User-Agent: Go-http-client/1.1
2024-07-17 23:30:21.388492 INFO: oop!unknow header: User-Agent: Go-http-client/1.1
2024-07-17 23:30:21.388497 INFO: X-Vegeta-Seq: 2339
2024-07-17 23:30:21.388520 INFO: oop!unknow header: X-Vegeta-Seq: 2339
2024-07-17 23:30:21.388525 INFO: Accept-Encoding: gzip
2024-07-17 23:30:21.388529 INFO: oop!unknow header: Accept-Encoding: gzip
2024-07-17 23:30:21.388533 INFO: 
2024-07-17 23:30:21.388558 INFO: request:HTTP/1.1 200 OK

2024-07-17 23:30:21.388563 INFO: request:HTTP/1.1 200 OK
Content-Length:542

2024-07-17 23:30:21.388568 INFO: request:HTTP/1.1 200 OK
Content-Length:542
Connection:close

2024-07-17 23:30:21.388572 INFO: request:HTTP/1.1 200 OK
Content-Length:542
Connection:close


2024-07-17 23:30:21.388587 INFO: Thread 140246097688128 is running task

2024-07-17 23:30:21.388597 INFO: eventNum: 1
2024-07-17 23:30:21.388601 INFO: fd: 30, events: 4

2024-07-17 23:30:21.388641 INFO: Thread 140246122866240 is running task

2024-07-17 23:30:21.388756 INFO: eventNum: 2
2024-07-17 23:30:21.388797 INFO: fd: 35, events: 8193

2024-07-17 23:30:21.388823 INFO: HttpConn 35 close success
2024-07-17 23:30:21.388830 INFO: Client[35] quit!
2024-07-17 23:30:21.388834 INFO: fd: 13, events: 1

2024-07-17 23:30:21.388838 INFO: HandleListenEvent 13
2024-07-17 23:30:21.388857 INFO: HttpConn 28 init success
2024-07-17 23:30:21.388863 INFO: addTimer id:28 expireTime:1721230721
2024-07-17 23:30:21.388875 INFO: Client[28] in!
2024-07-17 23:30:21.388880 INFO: HandleListenEvent 13
2024-07-17 23:30:21.388888 ERROR: Accept failure -1
2024-07-17 23:30:21.389142 INFO: eventNum: 1
2024-07-17 23:30:21.389171 INFO: fd: 28, events: 1

2024-07-17 23:30:21.389193 INFO: HttpConn 28 read success
2024-07-17 23:30:21.389208 INFO: GET / HTTP/1.1
2024-07-17 23:30:21.389216 INFO: Host: 39.98.202.182:9006
2024-07-17 23:30:21.389221 INFO: User-Agent: Go-http-client/1.1
2024-07-17 23:30:21.389226 INFO: oop!unknow header: User-Agent: Go-http-client/1.1
2024-07-17 23:30:21.389230 INFO: X-Vegeta-Seq: 2341
2024-07-17 23:30:21.389234 INFO: oop!unknow header: X-Vegeta-Seq: 2341
2024-07-17 23:30:21.389239 INFO: Accept-Encoding: gzip
2024-07-17 23:30:21.389243 INFO: oop!unknow header: Accept-Encoding: gzip
2024-07-17 23:30:21.389247 INFO: 
2024-07-17 23:30:21.389262 INFO: request:HTTP/1.1 200 OK

2024-07-17 23:30:21.389267 INFO: request:HTTP/1.1 200 OK
Content-Length:542

2024-07-17 23:30:21.389271 INFO: request:HTTP/1.1 200 OK
Content-Length:542
Connection:close

2024-07-17 23:30:21.389276 INFO: request:HTTP/1.1 200 OK
Content-Length:542
Connection:close


2024-07-17 23:30:21.389285 INFO: Thread 140246139651648 is running task

2024-07-17 23:30:21.389339 INFO: eventNum: 3
2024-07-17 23:30:21.389353 INFO: fd: 31, events: 1

2024-07-17 23:30:21.389368 INFO: HttpConn 31 read success
2024-07-17 23:30:21.389413 INFO: GET / HTTP/1.1
2024-07-17 23:30:21.389423 INFO: Host: 39.98.202.182:9006
2024-07-17 23:30:21.389431 INFO: User-Agent: Go-http-client/1.1
2024-07-17 23:30:21.389436 INFO: oop!unknow header: User-Agent: Go-http-client/1.1
2024-07-17 23:30:21.389441 INFO: X-Vegeta-Seq: 2340
2024-07-17 23:30:21.389453 INFO: oop!unknow header: X-Vegeta-Seq: 2340
2024-07-17 23:30:21.389460 INFO: Accept-Encoding: gzip
2024-07-17 23:30:21.389467 INFO: oop!unknow header: Accept-Encoding: gzip
2024-07-17 23:30:21.389473 INFO: 
2024-07-17 23:30:21.389532 INFO: request:HTTP/1.1 200 OK

2024-07-17 23:30:21.389543 INFO: request:HTTP/1.1 200 OK
Content-Length:542

2024-07-17 23:30:21.389548 INFO: request:HTTP/1.1 200 OK
Content-Length:542
Connection:close

2024-07-17 23:30:21.389553 INFO: request:HTTP/1.1 200 OK
Content-Length:542
Connection:close


2024-07-17 23:30:21.389566 INFO: Thread 140246114473536 is running task

2024-07-17 23:30:21.389576 INFO: fd: 17, events: 8193

2024-07-17 23:30:21.389605 INFO: HttpConn 17 close success
2024-07-17 23:30:21.389613 INFO: Client[17] quit!
2024-07-17 23:30:21.389619 INFO: fd: 28, events: 4

2024-07-17 23:30:21.389662 INFO: Thread 140246148044352 is running task

2024-07-17 23:30:21.389683 INFO: eventNum: 2
2024-07-17 23:30:21.389688 INFO: fd: 18, events: 8193

2024-07-17 23:30:21.389702 INFO: HttpConn 18 close success
2024-07-17 23:30:21.389708 INFO: Client[18] quit!
2024-07-17 23:30:21.389712 INFO: fd: 31, events: 4

2024-07-17 23:30:21.389754 INFO: Thread 140246131258944 is running task

2024-07-17 23:30:21.389990 INFO: eventNum: 1
2024-07-17 23:30:21.390004 INFO: fd: 16, events: 8193

2024-07-17 23:30:21.390026 INFO: HttpConn 16 close success
2024-07-17 23:30:21.390035 INFO: Client[16] quit!
2024-07-17 23:30:21.390570 INFO: eventNum: 1
2024-07-17 23:30:21.390584 INFO: fd: 26, events: 8193

2024-07-17 23:30:21.390599 INFO: HttpConn 26 close success
2024-07-17 23:30:21.390606 INFO: Client[26] quit!
2024-07-17 23:30:21.392739 INFO: eventNum: 1
2024-07-17 23:30:21.392760 INFO: fd: 29, events: 8193

2024-07-17 23:30:21.392777 INFO: HttpConn 29 close success
2024-07-17 23:30:21.392784 INFO: Client[29] quit!
2024-07-17 23:30:21.392790 INFO: eventNum: 1
2024-07-17 23:30:21.392794 INFO: fd: 13, events: 1

2024-07-17 23:30:21.392798 INFO: HandleListenEvent 13
2024-07-17 23:30:21.392815 INFO: HttpConn 16 init success
2024-07-17 23:30:21.392821 INFO: addTimer id:16 expireTime:1721230721
2024-07-17 23:30:21.392831 INFO: Client[16] in!
2024-07-17 23:30:21.392836 INFO: HandleListenEvent 13
2024-07-17 23:30:21.392843 ERROR: Accept failure -1
2024-07-17 23:30:21.393539 INFO: eventNum: 1
2024-07-17 23:30:21.393555 INFO: fd: 13, events: 1

2024-07-17 23:30:21.393561 INFO: HandleListenEvent 13
2024-07-17 23:30:21.393573 INFO: HttpConn 17 init success
2024-07-17 23:30:21.393579 INFO: addTimer id:17 expireTime:1721230721
2024-07-17 23:30:21.393588 INFO: Client[17] in!
2024-07-17 23:30:21.393593 INFO: HandleListenEvent 13
2024-07-17 23:30:21.393600 ERROR: Accept failure -1
2024-07-17 23:30:21.393835 INFO: eventNum: 1
2024-07-17 23:30:21.393850 INFO: fd: 16, events: 1

2024-07-17 23:30:21.393867 INFO: HttpConn 16 read success
2024-07-17 23:30:21.393886 INFO: GET / HTTP/1.1
2024-07-17 23:30:21.393895 INFO: Host: 39.98.202.182:9006
2024-07-17 23:30:21.393902 INFO: User-Agent: Go-http-client/1.1
2024-07-17 23:30:21.393909 INFO: oop!unknow header: User-Agent: Go-http-client/1.1
2024-07-17 23:30:21.393916 INFO: X-Vegeta-Seq: 2343
2024-07-17 23:30:21.393921 INFO: oop!unknow header: X-Vegeta-Seq: 2343
2024-07-17 23:30:21.393926 INFO: Accept-Encoding: gzip
2024-07-17 23:30:21.393930 INFO: oop!unknow header: Accept-Encoding: gzip
2024-07-17 23:30:21.393935 INFO: 
2024-07-17 23:30:21.393956 INFO: request:HTTP/1.1 200 OK

2024-07-17 23:30:21.393961 INFO: request:HTTP/1.1 200 OK
Content-Length:542

2024-07-17 23:30:21.393966 INFO: request:HTTP/1.1 200 OK
Content-Length:542
Connection:close

2024-07-17 23:30:21.393971 INFO: request:HTTP/1.1 200 OK
Content-Length:542
Connection:close


2024-07-17 23:30:21.393985 INFO: Thread 140246106080832 is running task

2024-07-17 23:30:21.393996 INFO: eventNum: 2
2024-07-17 23:30:21.394002 INFO: fd: 17, events: 1

2024-07-17 23:30:21.394013 INFO: fd: 16, events: 4

