2024-07-17 23:32:21.103773 INFO: GET / HTTP/1.1
2024-07-17 23:32:21.103840 INFO: Host: 39.98.202.182:9006
2024-07-17 23:32:21.103850 INFO: User-Agent: Go-http-client/1.1
2024-07-17 23:32:21.103855 INFO: oop!unknow header: User-Agent: Go-http-client/1.1
2024-07-17 23:32:21.103860 INFO: X-Vegeta-Seq: 914
2024-07-17 23:32:21.103864 INFO: oop!unknow header: X-Vegeta-Seq: 914
2024-07-17 23:32:21.103868 INFO: Accept-Encoding: gzip
2024-07-17 23:32:21.103873 INFO: oop!unknow header: Accept-Encoding: gzip
2024-07-17 23:32:21.103877 INFO: 
2024-07-17 23:32:21.103899 INFO: request:HTTP/1.1 200 OK

2024-07-17 23:32:21.103904 INFO: request:HTTP/1.1 200 OK
Content-Length:542

2024-07-17 23:32:21.103908 INFO: request:HTTP/1.1 200 OK
Content-Length:542
Connection:close

2024-07-17 23:32:21.103913 INFO: request:HTTP/1.1 200 OK
Content-Length:542
Connection:close


2024-07-17 23:32:21.103930 INFO: Thread 140246156437056 is running task

2024-07-17 23:32:21.103943 INFO: eventNum: 1
2024-07-17 23:32:21.103948 INFO: fd: 16, events: 4

2024-07-17 23:32:21.103994 INFO: Thread 140246148044352 is running task

2024-07-17 23:32:21.203159 INFO: eventNum: 1
2024-07-17 23:32:21.203224 INFO: fd: 13, events: 1

2024-07-17 23:32:21.203231 INFO: HandleListenEvent 13
2024-07-17 23:32:21.203252 INFO: HttpConn 17 init success
2024-07-17 23:32:21.203259 INFO: addTimer id:17 expireTime:1721230841
2024-07-17 23:32:21.203274 INFO: Client[17] in!
2024-07-17 23:32:21.203280 INFO: HandleListenEvent 13
2024-07-17 23:32:21.203291 ERROR: Accept failure -1
2024-07-17 23:32:21.205551 INFO: eventNum: 1
2024-07-17 23:32:21.205581 INFO: fd: 13, events: 1

2024-07-17 23:32:21.205589 INFO: HandleListenEvent 13
2024-07-17 23:32:21.205615 INFO: HttpConn 18 init success
2024-07-17 23:32:21.205623 INFO: addTimer id:18 expireTime:1721230841
2024-07-17 23:32:21.205634 INFO: Client[18] in!
2024-07-17 23:32:21.205638 INFO: HandleListenEvent 13
2024-07-17 23:32:21.205647 ERROR: Accept failure -1
2024-07-17 23:32:21.206083 INFO: eventNum: 1
2024-07-17 23:32:21.206102 INFO: fd: 13, events: 1

2024-07-17 23:32:21.206110 INFO: HandleListenEvent 13
2024-07-17 23:32:21.206146 INFO: HttpConn 26 init success
2024-07-17 23:32:21.206153 INFO: addTimer id:26 expireTime:1721230841
2024-07-17 23:32:21.206164 INFO: Client[26] in!
2024-07-17 23:32:21.206168 INFO: HandleListenEvent 13
2024-07-17 23:32:21.206177 ERROR: Accept failure -1
2024-07-17 23:32:21.206481 INFO: eventNum: 1
2024-07-17 23:32:21.206496 INFO: fd: 13, events: 1

2024-07-17 23:32:21.206501 INFO: HandleListenEvent 13
2024-07-17 23:32:21.206514 INFO: HttpConn 28 init success
2024-07-17 23:32:21.206519 INFO: addTimer id:28 expireTime:1721230841
2024-07-17 23:32:21.206529 INFO: Client[28] in!
2024-07-17 23:32:21.206533 INFO: HandleListenEvent 13
2024-07-17 23:32:21.206541 ERROR: Accept failure -1
2024-07-17 23:32:21.206844 INFO: eventNum: 1
2024-07-17 23:32:21.206857 INFO: fd: 13, events: 1

2024-07-17 23:32:21.206862 INFO: HandleListenEvent 13
2024-07-17 23:32:21.206873 INFO: HttpConn 29 init success
2024-07-17 23:32:21.206879 INFO: addTimer id:29 expireTime:1721230841
2024-07-17 23:32:21.206888 INFO: Client[29] in!
2024-07-17 23:32:21.206892 INFO: HandleListenEvent 13
2024-07-17 23:32:21.206900 ERROR: Accept failure -1
2024-07-17 23:32:21.207473 INFO: eventNum: 1
2024-07-17 23:32:21.207493 INFO: fd: 13, events: 1

2024-07-17 23:32:21.207499 INFO: HandleListenEvent 13
2024-07-17 23:32:21.207513 INFO: HttpConn 30 init success
2024-07-17 23:32:21.207518 INFO: addTimer id:30 expireTime:1721230841
2024-07-17 23:32:21.207531 INFO: Client[30] in!
2024-07-17 23:32:21.207536 INFO: HandleListenEvent 13
2024-07-17 23:32:21.207545 ERROR: Accept failure -1
2024-07-17 23:32:21.207661 INFO: eventNum: 1
2024-07-17 23:32:21.207671 INFO: fd: 13, events: 1

2024-07-17 23:32:21.207676 INFO: HandleListenEvent 13
2024-07-17 23:32:21.207684 INFO: HttpConn 31 init success
2024-07-17 23:32:21.207689 INFO: addTimer id:31 expireTime:1721230841
2024-07-17 23:32:21.207697 INFO: Client[31] in!
2024-07-17 23:32:21.207702 INFO: HandleListenEvent 13
2024-07-17 23:32:21.207710 ERROR: Accept failure -1
2024-07-17 23:32:21.208129 INFO: eventNum: 1
2024-07-17 23:32:21.208157 INFO: fd: 13, events: 1

2024-07-17 23:32:21.208165 INFO: HandleListenEvent 13
2024-07-17 23:32:21.208182 INFO: HttpConn 32 init success
2024-07-17 23:32:21.208190 INFO: addTimer id:32 expireTime:1721230841
2024-07-17 23:32:21.208202 INFO: Client[32] in!
2024-07-17 23:32:21.208209 INFO: HandleListenEvent 13
2024-07-17 23:32:21.208234 ERROR: Accept failure -1
2024-07-17 23:32:21.208261 INFO: eventNum: 1
2024-07-17 23:32:21.208268 INFO: fd: 13, events: 1

2024-07-17 23:32:21.208272 INFO: HandleListenEvent 13
2024-07-17 23:32:21.208284 INFO: HttpConn 33 init success
2024-07-17 23:32:21.208289 INFO: addTimer id:33 expireTime:1721230841
2024-07-17 23:32:21.208298 INFO: Client[33] in!
2024-07-17 23:32:21.208303 INFO: HandleListenEvent 13
2024-07-17 23:32:21.208310 ERROR: Accept failure -1
2024-07-17 23:32:21.208364 INFO: eventNum: 1
2024-07-17 23:32:21.208372 INFO: fd: 13, events: 1

2024-07-17 23:32:21.208407 INFO: HandleListenEvent 13
2024-07-17 23:32:21.208419 INFO: HttpConn 34 init success
2024-07-17 23:32:21.208424 INFO: addTimer id:34 expireTime:1721230841
2024-07-17 23:32:21.208434 INFO: Client[34] in!
2024-07-17 23:32:21.208438 INFO: HandleListenEvent 13
2024-07-17 23:32:21.208446 ERROR: Accept failure -1
2024-07-17 23:32:21.208998 INFO: eventNum: 1
2024-07-17 23:32:21.209011 INFO: fd: 13, events: 1

2024-07-17 23:32:21.209016 INFO: HandleListenEvent 13
2024-07-17 23:32:21.209027 INFO: HttpConn 35 init success
2024-07-17 23:32:21.209032 INFO: addTimer id:35 expireTime:1721230841
2024-07-17 23:32:21.209041 INFO: Client[35] in!
2024-07-17 23:32:21.209045 INFO: HandleListenEvent 13
2024-07-17 23:32:21.209053 ERROR: Accept failure -1
2024-07-17 23:32:21.209314 INFO: eventNum: 1
2024-07-17 23:32:21.209331 INFO: fd: 13, events: 1

2024-07-17 23:32:21.209336 INFO: HandleListenEvent 13
2024-07-17 23:32:21.209349 INFO: HttpConn 36 init success
2024-07-17 23:32:21.209355 INFO: addTimer id:36 expireTime:1721230841
2024-07-17 23:32:21.209364 INFO: Client[36] in!
2024-07-17 23:32:21.209368 INFO: HandleListenEvent 13
2024-07-17 23:32:21.209404 INFO: HttpConn 37 init success
2024-07-17 23:32:21.209409 INFO: addTimer id:37 expireTime:1721230841
2024-07-17 23:32:21.209417 INFO: Client[37] in!
2024-07-17 23:32:21.209421 INFO: HandleListenEvent 13
2024-07-17 23:32:21.209430 ERROR: Accept failure -1
2024-07-17 23:32:21.209627 INFO: eventNum: 1
2024-07-17 23:32:21.209642 INFO: fd: 13, events: 1

2024-07-17 23:32:21.209647 INFO: HandleListenEvent 13
2024-07-17 23:32:21.209659 INFO: HttpConn 38 init success
2024-07-17 23:32:21.209664 INFO: addTimer id:38 expireTime:1721230841
2024-07-17 23:32:21.209673 INFO: Client[38] in!
2024-07-17 23:32:21.209677 INFO: HandleListenEvent 13
2024-07-17 23:32:21.209685 ERROR: Accept failure -1
2024-07-17 23:32:21.210345 INFO: eventNum: 1
2024-07-17 23:32:21.210364 INFO: fd: 13, events: 1

2024-07-17 23:32:21.210369 INFO: HandleListenEvent 13
2024-07-17 23:32:21.210409 INFO: HttpConn 39 init success
2024-07-17 23:32:21.210416 INFO: addTimer id:39 expireTime:1721230841
2024-07-17 23:32:21.210426 INFO: Client[39] in!
2024-07-17 23:32:21.210430 INFO: HandleListenEvent 13
2024-07-17 23:32:21.210439 ERROR: Accept failure -1
2024-07-17 23:32:21.215208 INFO: eventNum: 1
2024-07-17 23:32:21.215249 INFO: fd: 39, events: 1

2024-07-17 23:32:21.215303 INFO: HttpConn 39 read success
2024-07-17 23:32:21.215346 INFO: GET / HTTP/1.1
2024-07-17 23:32:21.215355 INFO: Host: 39.98.202.182:9006
2024-07-17 23:32:21.215360 INFO: User-Agent: Go-http-client/1.1
2024-07-17 23:32:21.215366 INFO: oop!unknow header: User-Agent: Go-http-client/1.1
2024-07-17 23:32:21.215370 INFO: X-Vegeta-Seq: 896
2024-07-17 23:32:21.215420 INFO: oop!unknow header: X-Vegeta-Seq: 896
2024-07-17 23:32:21.215429 INFO: Accept-Encoding: gzip
2024-07-17 23:32:21.215438 INFO: oop!unknow header: Accept-Encoding: gzip
2024-07-17 23:32:21.215445 INFO: 
2024-07-17 23:32:21.215481 INFO: request:HTTP/1.1 200 OK

2024-07-17 23:32:21.215489 INFO: request:HTTP/1.1 200 OK
Content-Length:542

2024-07-17 23:32:21.215504 INFO: request:HTTP/1.1 200 OK
Content-Length:542
Connection:close

2024-07-17 23:32:21.215526 INFO: request:HTTP/1.1 200 OK
Content-Length:542
Connection:close


2024-07-17 23:32:21.215545 INFO: Thread 140246114473536 is running task

2024-07-17 23:32:21.215566 INFO: eventNum: 2
2024-07-17 23:32:21.215572 INFO: fd: 31, events: 1

2024-07-17 23:32:21.215588 INFO: HttpConn 31 read success
2024-07-17 23:32:21.215599 INFO: GET / HTTP/1.1
2024-07-17 23:32:21.215605 INFO: Host: 39.98.202.182:9006
2024-07-17 23:32:21.215609 INFO: User-Agent: Go-http-client/1.1
2024-07-17 23:32:21.215614 INFO: oop!unknow header: User-Agent: Go-http-client/1.1
2024-07-17 23:32:21.215618 INFO: X-Vegeta-Seq: 902
2024-07-17 23:32:21.215622 INFO: oop!unknow header: X-Vegeta-Seq: 902
2024-07-17 23:32:21.215626 INFO: Accept-Encoding: gzip
2024-07-17 23:32:21.215631 INFO: oop!unknow header: Accept-Encoding: gzip
2024-07-17 23:32:21.215635 INFO: 
2024-07-17 23:32:21.215658 INFO: request:HTTP/1.1 200 OK

2024-07-17 23:32:21.215681 INFO: request:HTTP/1.1 200 OK
Content-Length:542

2024-07-17 23:32:21.215692 INFO: request:HTTP/1.1 200 OK
Content-Length:542
Connection:close

2024-07-17 23:32:21.215698 INFO: request:HTTP/1.1 200 OK
Content-Length:542
Connection:close


2024-07-17 23:32:21.215709 INFO: Thread 140246122866240 is running task

2024-07-17 23:32:21.215718 INFO: fd: 39, events: 4

2024-07-17 23:32:21.215736 INFO: eventNum: 1
2024-07-17 23:32:21.215744 INFO: fd: 31, events: 4

2024-07-17 23:32:21.215789 INFO: Thread 140246131258944 is running task

2024-07-17 23:32:21.215803 INFO: Thread 140246097688128 is running task

2024-07-17 23:32:21.215817 INFO: eventNum: 1
2024-07-17 23:32:21.215822 INFO: fd: 34, events: 1

2024-07-17 23:32:21.215835 INFO: HttpConn 34 read success
2024-07-17 23:32:21.215846 INFO: GET / HTTP/1.1
2024-07-17 23:32:21.215854 INFO: Host: 39.98.202.182:9006
2024-07-17 23:32:21.215861 INFO: User-Agent: Go-http-client/1.1
2024-07-17 23:32:21.215868 INFO: oop!unknow header: User-Agent: Go-http-client/1.1
2024-07-17 23:32:21.215874 INFO: X-Vegeta-Seq: 900
2024-07-17 23:32:21.215880 INFO: oop!unknow header: X-Vegeta-Seq: 900
2024-07-17 23:32:21.215887 INFO: Accept-Encoding: gzip
2024-07-17 23:32:21.215893 INFO: oop!unknow header: Accept-Encoding: gzip
2024-07-17 23:32:21.215899 INFO: 
2024-07-17 23:32:21.215915 INFO: request:HTTP/1.1 200 OK

2024-07-17 23:32:21.215919 INFO: request:HTTP/1.1 200 OK
Content-Length:542

2024-07-17 23:32:21.215924 INFO: request:HTTP/1.1 200 OK
Content-Length:542
Connection:close

2024-07-17 23:32:21.215929 INFO: request:HTTP/1.1 200 OK
Content-Length:542
Connection:close


2024-07-17 23:32:21.215937 INFO: Thread 140246139651648 is running task

2024-07-17 23:32:21.215945 INFO: eventNum: 1
2024-07-17 23:32:21.215950 INFO: fd: 34, events: 4

2024-07-17 23:32:21.215985 INFO: eventNum: 1
2024-07-17 23:32:21.215993 INFO: fd: 32, events: 1

2024-07-17 23:32:21.216011 INFO: Thread 140246106080832 is running task

2024-07-17 23:32:21.216023 INFO: HttpConn 32 read success
2024-07-17 23:32:21.216034 INFO: GET / HTTP/1.1
2024-07-17 23:32:21.216040 INFO: Host: 39.98.202.182:9006
2024-07-17 23:32:21.216045 INFO: User-Agent: Go-http-client/1.1
2024-07-17 23:32:21.216050 INFO: oop!unknow header: User-Agent: Go-http-client/1.1
2024-07-17 23:32:21.216054 INFO: X-Vegeta-Seq: 897
2024-07-17 23:32:21.216058 INFO: oop!unknow header: X-Vegeta-Seq: 897
2024-07-17 23:32:21.216063 INFO: Accept-Encoding: gzip
2024-07-17 23:32:21.216067 INFO: oop!unknow header: Accept-Encoding: gzip
2024-07-17 23:32:21.216074 INFO: 
2024-07-17 23:32:21.216093 INFO: request:HTTP/1.1 200 OK

2024-07-17 23:32:21.216098 INFO: request:HTTP/1.1 200 OK
Content-Length:542

2024-07-17 23:32:21.216103 INFO: request:HTTP/1.1 200 OK
Content-Length:542
Connection:close

2024-07-17 23:32:21.216108 INFO: request:HTTP/1.1 200 OK
Content-Length:542
Connection:close


2024-07-17 23:32:21.216115 INFO: Thread 140246106080832 is running task

2024-07-17 23:32:21.216190 INFO: eventNum: 4
2024-07-17 23:32:21.216215 INFO: fd: 35, events: 1

2024-07-17 23:32:21.216229 INFO: fd: 32, events: 4

2024-07-17 23:32:21.216235 INFO: HttpConn 35 read success
2024-07-17 23:32:21.216248 INFO: GET / HTTP/1.1
2024-07-17 23:32:21.216253 INFO: Host: 39.98.202.182:9006
2024-07-17 23:32:21.216262 INFO: User-Agent: Go-http-client/1.1
2024-07-17 23:32:21.216266 INFO: Thread 140246114473536 is running task

2024-07-17 23:32:21.216266 INFO: oop!unknow header: User-Agent: Go-http-client/1.1
2024-07-17 23:32:21.216297 INFO: X-Vegeta-Seq: 905
2024-07-17 23:32:21.216305 INFO: oop!unknow header: X-Vegeta-Seq: 905
2024-07-17 23:32:21.216312 INFO: Accept-Encoding: gzip
2024-07-17 23:32:21.216316 INFO: oop!unknow header: Accept-Encoding: gzip
2024-07-17 23:32:21.216330 INFO: 
2024-07-17 23:32:21.216368 INFO: request:HTTP/1.1 200 OK

2024-07-17 23:32:21.216374 INFO: request:HTTP/1.1 200 OK
Content-Length:542

2024-07-17 23:32:21.216384 INFO: request:HTTP/1.1 200 OK
Content-Length:542
Connection:close

2024-07-17 23:32:21.216388 INFO: request:HTTP/1.1 200 OK
Content-Length:542
Connection:close


2024-07-17 23:32:21.216398 INFO: Thread 140246148044352 is running task

2024-07-17 23:32:21.216406 INFO: fd: 26, events: 1

2024-07-17 23:32:21.216420 INFO: HttpConn 26 read success
2024-07-17 23:32:21.216430 INFO: GET / HTTP/1.1
2024-07-17 23:32:21.216436 INFO: Host: 39.98.202.182:9006
2024-07-17 23:32:21.216440 INFO: User-Agent: Go-http-client/1.1
2024-07-17 23:32:21.216457 INFO: oop!unknow header: User-Agent: Go-http-client/1.1
2024-07-17 23:32:21.216462 INFO: X-Vegeta-Seq: 911
2024-07-17 23:32:21.216466 INFO: oop!unknow header: X-Vegeta-Seq: 911
2024-07-17 23:32:21.216470 INFO: Accept-Encoding: gzip
2024-07-17 23:32:21.216474 INFO: oop!unknow header: Accept-Encoding: gzip
2024-07-17 23:32:21.216479 INFO: 
2024-07-17 23:32:21.216492 INFO: request:HTTP/1.1 200 OK

2024-07-17 23:32:21.216497 INFO: request:HTTP/1.1 200 OK
Content-Length:542

2024-07-17 23:32:21.216502 INFO: request:HTTP/1.1 200 OK
Content-Length:542
Connection:close

2024-07-17 23:32:21.216508 INFO: request:HTTP/1.1 200 OK
Content-Length:542
Connection:close


2024-07-17 23:32:21.216518 INFO: Thread 140246122866240 is running task

2024-07-17 23:32:21.216529 INFO: fd: 28, events: 1

2024-07-17 23:32:21.216547 INFO: eventNum: 5
2024-07-17 23:32:21.216551 INFO: HttpConn 28 read success
2024-07-17 23:32:21.216571 INFO: GET / HTTP/1.1
2024-07-17 23:32:21.216577 INFO: Host: 39.98.202.182:9006
2024-07-17 23:32:21.216582 INFO: User-Agent: Go-http-client/1.1
2024-07-17 23:32:21.216586 INFO: oop!unknow header: User-Agent: Go-http-client/1.1
2024-07-17 23:32:21.216591 INFO: X-Vegeta-Seq: 909
2024-07-17 23:32:21.216595 INFO: oop!unknow header: X-Vegeta-Seq: 909
2024-07-17 23:32:21.216599 INFO: Accept-Encoding: gzip
2024-07-17 23:32:21.216604 INFO: oop!unknow header: Accept-Encoding: gzip
2024-07-17 23:32:21.216610 INFO: 
2024-07-17 23:32:21.216633 INFO: request:HTTP/1.1 200 OK

2024-07-17 23:32:21.216639 INFO: request:HTTP/1.1 200 OK
Content-Length:542

2024-07-17 23:32:21.216644 INFO: request:HTTP/1.1 200 OK
Content-Length:542
Connection:close

2024-07-17 23:32:21.216650 INFO: request:HTTP/1.1 200 OK
Content-Length:542
Connection:close


2024-07-17 23:32:21.216664 INFO: Thread 140246131258944 is running task

2024-07-17 23:32:21.216554 INFO: fd: 38, events: 1

2024-07-17 23:32:21.216802 INFO: HttpConn 38 read success
2024-07-17 23:32:21.216817 INFO: GET / HTTP/1.1
2024-07-17 23:32:21.216826 INFO: Host: 39.98.202.182:9006
2024-07-17 23:32:21.216833 INFO: User-Agent: Go-http-client/1.1
2024-07-17 23:32:21.216839 INFO: oop!unknow header: User-Agent: Go-http-client/1.1
2024-07-17 23:32:21.216846 INFO: X-Vegeta-Seq: 886
2024-07-17 23:32:21.216852 INFO: oop!unknow header: X-Vegeta-Seq: 886
2024-07-17 23:32:21.216859 INFO: Accept-Encoding: gzip
2024-07-17 23:32:21.216865 INFO: oop!unknow header: Accept-Encoding: gzip
2024-07-17 23:32:21.216871 INFO: 
2024-07-17 23:32:21.216894 INFO: request:HTTP/1.1 200 OK

2024-07-17 23:32:21.216901 INFO: request:HTTP/1.1 200 OK
Content-Length:542

2024-07-17 23:32:21.216913 INFO: request:HTTP/1.1 200 OK
Content-Length:542
Connection:close

2024-07-17 23:32:21.216920 INFO: request:HTTP/1.1 200 OK
Content-Length:542
Connection:close


2024-07-17 23:32:21.216934 INFO: Thread 140246097688128 is running task

2024-07-17 23:32:21.216946 INFO: fd: 35, events: 4

2024-07-17 23:32:21.216980 INFO: Thread 140246139651648 is running task

2024-07-17 23:32:21.216990 INFO: fd: 33, events: 1

2024-07-17 23:32:21.217002 INFO: fd: 30, events: 1

2024-07-17 23:32:21.217009 INFO: HttpConn 33 read success
2024-07-17 23:32:21.217028 INFO: GET / HTTP/1.1
2024-07-17 23:32:21.217034 INFO: Host: 39.98.202.182:9006
2024-07-17 23:32:21.217039 INFO: User-Agent: Go-http-client/1.1
2024-07-17 23:32:21.217043 INFO: oop!unknow header: User-Agent: Go-http-client/1.1
2024-07-17 23:32:21.217048 INFO: X-Vegeta-Seq: 903
2024-07-17 23:32:21.217052 INFO: oop!unknow header: X-Vegeta-Seq: 903
2024-07-17 23:32:21.217057 INFO: Accept-Encoding: gzip
2024-07-17 23:32:21.217061 INFO: oop!unknow header: Accept-Encoding: gzip
2024-07-17 23:32:21.217065 INFO: 
2024-07-17 23:32:21.217084 INFO: request:HTTP/1.1 200 OK

2024-07-17 23:32:21.217092 INFO: request:HTTP/1.1 200 OK
Content-Length:542

2024-07-17 23:32:21.217099 INFO: request:HTTP/1.1 200 OK
Content-Length:542
Connection:close

2024-07-17 23:32:21.217106 INFO: request:HTTP/1.1 200 OK
Content-Length:542
Connection:close


2024-07-17 23:32:21.217118 INFO: Thread 140246106080832 is running task

2024-07-17 23:32:21.217125 INFO: HttpConn 30 read success
2024-07-17 23:32:21.217133 INFO: GET / HTTP/1.1
2024-07-17 23:32:21.217141 INFO: Host: 39.98.202.182:9006
2024-07-17 23:32:21.217149 INFO: User-Agent: Go-http-client/1.1
2024-07-17 23:32:21.217155 INFO: oop!unknow header: User-Agent: Go-http-client/1.1
2024-07-17 23:32:21.217161 INFO: X-Vegeta-Seq: 907
2024-07-17 23:32:21.217167 INFO: oop!unknow header: X-Vegeta-Seq: 907
2024-07-17 23:32:21.217174 INFO: Accept-Encoding: gzip
2024-07-17 23:32:21.217181 INFO: oop!unknow header: Accept-Encoding: gzip
2024-07-17 23:32:21.217187 INFO: 
2024-07-17 23:32:21.217203 INFO: request:HTTP/1.1 200 OK

2024-07-17 23:32:21.217208 INFO: request:HTTP/1.1 200 OK
Content-Length:542

2024-07-17 23:32:21.217212 INFO: request:HTTP/1.1 200 OK
Content-Length:542
Connection:close

2024-07-17 23:32:21.217216 INFO: request:HTTP/1.1 200 OK
Content-Length:542
Connection:close


2024-07-17 23:32:21.217224 INFO: Thread 140246106080832 is running task

2024-07-17 23:32:21.217011 INFO: fd: 26, events: 4

2024-07-17 23:32:21.217312 INFO: eventNum: 8
2024-07-17 23:32:21.217317 INFO: fd: 17, events: 1

2024-07-17 23:32:21.217335 INFO: HttpConn 17 read success
2024-07-17 23:32:21.217341 INFO: Thread 140246114473536 is running task

2024-07-17 23:32:21.217348 INFO: GET / HTTP/1.1
2024-07-17 23:32:21.217357 INFO: Host: 39.98.202.182:9006
2024-07-17 23:32:21.217363 INFO: User-Agent: Go-http-client/1.1
2024-07-17 23:32:21.217370 INFO: oop!unknow header: User-Agent: Go-http-client/1.1
2024-07-17 23:32:21.217379 INFO: X-Vegeta-Seq: 912
2024-07-17 23:32:21.217388 INFO: oop!unknow header: X-Vegeta-Seq: 912
2024-07-17 23:32:21.217392 INFO: Accept-Encoding: gzip
2024-07-17 23:32:21.217397 INFO: oop!unknow header: Accept-Encoding: gzip
2024-07-17 23:32:21.217401 INFO: 
2024-07-17 23:32:21.217418 INFO: request:HTTP/1.1 200 OK

2024-07-17 23:32:21.217423 INFO: request:HTTP/1.1 200 OK
Content-Length:542

2024-07-17 23:32:21.217428 INFO: request:HTTP/1.1 200 OK
Content-Length:542
Connection:close

2024-07-17 23:32:21.217432 INFO: request:HTTP/1.1 200 OK
Content-Length:542
Connection:close


2024-07-17 23:32:21.217442 INFO: Thread 140246148044352 is running task

2024-07-17 23:32:21.217450 INFO: fd: 28, events: 4

2024-07-17 23:32:21.217481 INFO: Thread 140246122866240 is running task

2024-07-17 23:32:21.217490 INFO: fd: 37, events: 1

2024-07-17 23:32:21.217500 INFO: fd: 18, events: 1

2024-07-17 23:32:21.217505 INFO: HttpConn 37 read success
2024-07-17 23:32:21.217512 INFO: HttpConn 18 read success
2024-07-17 23:32:21.217518 INFO: GET / HTTP/1.1
2024-07-17 23:32:21.217533 INFO: GET / HTTP/1.1
2024-07-17 23:32:21.217537 INFO: Host: 39.98.202.182:9006
2024-07-17 23:32:21.217548 INFO: fd: 36, events: 1

2024-07-17 23:32:21.217544 INFO: Host: 39.98.202.182:9006
2024-07-17 23:32:21.217556 INFO: User-Agent: Go-http-client/1.1
2024-07-17 23:32:21.217570 INFO: User-Agent: Go-http-client/1.1
2024-07-17 23:32:21.217580 INFO: oop!unknow header: User-Agent: Go-http-client/1.1
2024-07-17 23:32:21.217580 INFO: HttpConn 36 read success
2024-07-17 23:32:21.217610 INFO: GET / HTTP/1.1
2024-07-17 23:32:21.217618 INFO: Host: 39.98.202.182:9006
2024-07-17 23:32:21.217625 INFO: User-Agent: Go-http-client/1.1
2024-07-17 23:32:21.217632 INFO: oop!unknow header: User-Agent: Go-http-client/1.1
2024-07-17 23:32:21.217638 INFO: X-Vegeta-Seq: 890
2024-07-17 23:32:21.217645 INFO: oop!unknow header: X-Vegeta-Seq: 890
2024-07-17 23:32:21.217651 INFO: Accept-Encoding: gzip
2024-07-17 23:32:21.217657 INFO: oop!unknow header: Accept-Encoding: gzip
2024-07-17 23:32:21.217661 INFO: 
2024-07-17 23:32:21.217677 INFO: request:HTTP/1.1 200 OK

2024-07-17 23:32:21.217700 INFO: request:HTTP/1.1 200 OK
Content-Length:542

2024-07-17 23:32:21.217707 INFO: request:HTTP/1.1 200 OK
Content-Length:542
Connection:close

2024-07-17 23:32:21.217714 INFO: request:HTTP/1.1 200 OK
Content-Length:542
Connection:close


2024-07-17 23:32:21.217729 INFO: Thread 140246139651648 is running task

2024-07-17 23:32:21.217599 INFO: X-Vegeta-Seq: 908
2024-07-17 23:32:21.217752 INFO: oop!unknow header: X-Vegeta-Seq: 908
2024-07-17 23:32:21.217759 INFO: Accept-Encoding: gzip
2024-07-17 23:32:21.217766 INFO: oop!unknow header: Accept-Encoding: gzip
2024-07-17 23:32:21.217773 INFO: 
2024-07-17 23:32:21.217788 INFO: request:HTTP/1.1 200 OK

2024-07-17 23:32:21.217793 INFO: request:HTTP/1.1 200 OK
Content-Length:542

2024-07-17 23:32:21.217800 INFO: request:HTTP/1.1 200 OK
Content-Length:542
Connection:close

2024-07-17 23:32:21.217804 INFO: request:HTTP/1.1 200 OK
Content-Length:542
Connection:close


2024-07-17 23:32:21.217812 INFO: Thread 140246131258944 is running task

2024-07-17 23:32:21.217591 INFO: oop!unknow header: User-Agent: Go-http-client/1.1
2024-07-17 23:32:21.217824 INFO: X-Vegeta-Seq: 913
2024-07-17 23:32:21.217829 INFO: oop!unknow header: X-Vegeta-Seq: 913
2024-07-17 23:32:21.217833 INFO: Accept-Encoding: gzip
2024-07-17 23:32:21.217837 INFO: oop!unknow header: Accept-Encoding: gzip
2024-07-17 23:32:21.217842 INFO: 
2024-07-17 23:32:21.217853 INFO: request:HTTP/1.1 200 OK

2024-07-17 23:32:21.217858 INFO: request:HTTP/1.1 200 OK
Content-Length:542

2024-07-17 23:32:21.217862 INFO: request:HTTP/1.1 200 OK
Content-Length:542
Connection:close

2024-07-17 23:32:21.217866 INFO: request:HTTP/1.1 200 OK
Content-Length:542
Connection:close


2024-07-17 23:32:21.217872 INFO: Thread 140246097688128 is running task

2024-07-17 23:32:21.217879 INFO: fd: 38, events: 4

2024-07-17 23:32:21.217892 INFO: fd: 33, events: 4

2024-07-17 23:32:21.217901 INFO: fd: 30, events: 4

2024-07-17 23:32:21.217910 INFO: eventNum: 5
2024-07-17 23:32:21.217916 INFO: fd: 17, events: 4

2024-07-17 23:32:21.217954 INFO: Thread 140246156437056 is running task

2024-07-17 23:32:21.217983 INFO: Thread 140246148044352 is running task

2024-07-17 23:32:21.217986 INFO: Thread 140246156437056 is running task

2024-07-17 23:32:21.218002 INFO: fd: 29, events: 1

2024-07-17 23:32:21.217925 INFO: Thread 140246106080832 is running task

2024-07-17 23:32:21.218025 INFO: fd: 36, events: 4

2024-07-17 23:32:21.218029 INFO: HttpConn 29 read success
2024-07-17 23:32:21.218062 INFO: GET / HTTP/1.1
2024-07-17 23:32:21.218068 INFO: Host: 39.98.202.182:9006
2024-07-17 23:32:21.218072 INFO: User-Agent: Go-http-client/1.1
2024-07-17 23:32:21.218077 INFO: oop!unknow header: User-Agent: Go-http-client/1.1
2024-07-17 23:32:21.218130 INFO: X-Vegeta-Seq: 915
2024-07-17 23:32:21.218141 INFO: oop!unknow header: X-Vegeta-Seq: 915
2024-07-17 23:32:21.218145 INFO: Accept-Encoding: gzip
2024-07-17 23:32:21.218156 INFO: oop!unknow header: Accept-Encoding: gzip
2024-07-17 23:32:21.218160 INFO: 
2024-07-17 23:32:21.218176 INFO: request:HTTP/1.1 200 OK

2024-07-17 23:32:21.218181 INFO: request:HTTP/1.1 200 OK
Content-Length:542

2024-07-17 23:32:21.218186 INFO: request:HTTP/1.1 200 OK
Content-Length:542
Connection:close

2024-07-17 23:32:21.218190 INFO: request:HTTP/1.1 200 OK
Content-Length:542
Connection:close


2024-07-17 23:32:21.218199 INFO: Thread 140246106080832 is running task

2024-07-17 23:32:21.218098 INFO: Thread 140246139651648 is running task

2024-07-17 23:32:21.218106 INFO: fd: 37, events: 4

2024-07-17 23:32:21.218292 INFO: Thread 140246131258944 is running task

2024-07-17 23:32:21.218308 INFO: fd: 18, events: 4

2024-07-17 23:32:21.218342 INFO: Thread 140246097688128 is running task

2024-07-17 23:32:21.218357 INFO: eventNum: 2
2024-07-17 23:32:21.218365 INFO: fd: 13, events: 1

2024-07-17 23:32:21.218371 INFO: HandleListenEvent 13
2024-07-17 23:32:21.218399 INFO: HttpConn 40 init success
2024-07-17 23:32:21.218407 INFO: addTimer id:40 expireTime:1721230841
2024-07-17 23:32:21.218422 INFO: Client[40] in!
2024-07-17 23:32:21.218428 INFO: HandleListenEvent 13
2024-07-17 23:32:21.218439 INFO: HttpConn 41 init success
2024-07-17 23:32:21.218445 INFO: addTimer id:41 expireTime:1721230841
2024-07-17 23:32:21.218453 INFO: Client[41] in!
2024-07-17 23:32:21.218458 INFO: HandleListenEvent 13
2024-07-17 23:32:21.218471 ERROR: Accept failure -1
2024-07-17 23:32:21.218479 INFO: fd: 29, events: 4

2024-07-17 23:32:21.218523 INFO: Thread 140246114473536 is running task

2024-07-17 23:32:21.218610 INFO: eventNum: 1
2024-07-17 23:32:21.218630 INFO: fd: 13, events: 1

2024-07-17 23:32:21.218637 INFO: HandleListenEvent 13
2024-07-17 23:32:21.218657 INFO: HttpConn 42 init success
2024-07-17 23:32:21.218667 INFO: addTimer id:42 expireTime:1721230841
2024-07-17 23:32:21.218680 INFO: Client[42] in!
2024-07-17 23:32:21.218687 INFO: HandleListenEvent 13
2024-07-17 23:32:21.218700 INFO: HttpConn 43 init success
2024-07-17 23:32:21.218708 INFO: addTimer id:43 expireTime:1721230841
2024-07-17 23:32:21.218717 INFO: Client[43] in!
2024-07-17 23:32:21.218721 INFO: HandleListenEvent 13
2024-07-17 23:32:21.218730 ERROR: Accept failure -1
2024-07-17 23:32:21.219192 INFO: eventNum: 1
2024-07-17 23:32:21.219214 INFO: fd: 13, events: 1

2024-07-17 23:32:21.219219 INFO: HandleListenEvent 13
2024-07-17 23:32:21.219234 INFO: HttpConn 44 init success
2024-07-17 23:32:21.219240 INFO: addTimer id:44 expireTime:1721230841
2024-07-17 23:32:21.219250 INFO: Client[44] in!
2024-07-17 23:32:21.219255 INFO: HandleListenEvent 13
2024-07-17 23:32:21.219264 ERROR: Accept failure -1
2024-07-17 23:32:21.219350 INFO: eventNum: 1
2024-07-17 23:32:21.219361 INFO: fd: 13, events: 1

2024-07-17 23:32:21.219366 INFO: HandleListenEvent 13
2024-07-17 23:32:21.219404 INFO: HttpConn 45 init success
2024-07-17 23:32:21.219410 INFO: addTimer id:45 expireTime:1721230841
2024-07-17 23:32:21.219418 INFO: Client[45] in!
2024-07-17 23:32:21.219423 INFO: HandleListenEvent 13
2024-07-17 23:32:21.219433 INFO: HttpConn 46 init success
2024-07-17 23:32:21.219438 INFO: addTimer id:46 expireTime:1721230841
2024-07-17 23:32:21.219446 INFO: Client[46] in!
2024-07-17 23:32:21.219451 INFO: HandleListenEvent 13
2024-07-17 23:32:21.219459 ERROR: Accept failure -1
2024-07-17 23:32:21.221561 INFO: eventNum: 1
2024-07-17 23:32:21.221588 INFO: fd: 41, events: 1

2024-07-17 23:32:21.221613 INFO: HttpConn 41 read success
2024-07-17 23:32:21.221643 INFO: GET / HTTP/1.1
2024-07-17 23:32:21.221654 INFO: Host: 39.98.202.182:9006
2024-07-17 23:32:21.221661 INFO: User-Agent: Go-http-client/1.1
2024-07-17 23:32:21.221667 INFO: oop!unknow header: User-Agent: Go-http-client/1.1
2024-07-17 23:32:21.221674 INFO: X-Vegeta-Seq: 899
2024-07-17 23:32:21.221680 INFO: oop!unknow header: X-Vegeta-Seq: 899
2024-07-17 23:32:21.221687 INFO: Accept-Encoding: gzip
2024-07-17 23:32:21.221694 INFO: oop!unknow header: Accept-Encoding: gzip
2024-07-17 23:32:21.221701 INFO: 
2024-07-17 23:32:21.221738 INFO: eventNum: 1
2024-07-17 23:32:21.221751 INFO: fd: 13, events: 1

2024-07-17 23:32:21.221756 INFO: HandleListenEvent 13
2024-07-17 23:32:21.221778 INFO: request:HTTP/1.1 200 OK

2024-07-17 23:32:21.221785 INFO: HttpConn 48 init success
2024-07-17 23:32:21.221787 INFO: request:HTTP/1.1 200 OK
Content-Length:542

2024-07-17 23:32:21.221805 INFO: request:HTTP/1.1 200 OK
Content-Length:542
Connection:close

2024-07-17 23:32:21.221816 INFO: request:HTTP/1.1 200 OK
Content-Length:542
Connection:close


2024-07-17 23:32:21.221800 INFO: addTimer id:48 expireTime:1721230841
2024-07-17 23:32:21.221830 INFO: Thread 140246148044352 is running task

2024-07-17 23:32:21.221833 INFO: Client[48] in!
2024-07-17 23:32:21.221841 INFO: HandleListenEvent 13
2024-07-17 23:32:21.221852 INFO: HttpConn 47 init success
2024-07-17 23:32:21.221857 INFO: addTimer id:47 expireTime:1721230841
2024-07-17 23:32:21.221865 INFO: Client[47] in!
2024-07-17 23:32:21.221869 INFO: HandleListenEvent 13
2024-07-17 23:32:21.221878 ERROR: Accept failure -1
2024-07-17 23:32:21.221884 INFO: eventNum: 1
2024-07-17 23:32:21.221888 INFO: fd: 41, events: 4

2024-07-17 23:32:21.221930 INFO: Thread 140246156437056 is running task

2024-07-17 23:32:21.221942 INFO: eventNum: 1
2024-07-17 23:32:21.221947 INFO: fd: 13, events: 1

2024-07-17 23:32:21.221951 INFO: HandleListenEvent 13
2024-07-17 23:32:21.221964 INFO: HttpConn 49 init success
2024-07-17 23:32:21.221972 INFO: addTimer id:49 expireTime:1721230841
2024-07-17 23:32:21.221983 INFO: Client[49] in!
2024-07-17 23:32:21.221991 INFO: HandleListenEvent 13
2024-07-17 23:32:21.222004 INFO: HttpConn 50 init success
2024-07-17 23:32:21.222014 INFO: addTimer id:50 expireTime:1721230841
2024-07-17 23:32:21.222022 INFO: Client[50] in!
2024-07-17 23:32:21.222026 INFO: HandleListenEvent 13
2024-07-17 23:32:21.222035 ERROR: Accept failure -1
2024-07-17 23:32:21.222485 INFO: eventNum: 1
2024-07-17 23:32:21.222508 INFO: fd: 13, events: 1

2024-07-17 23:32:21.222513 INFO: HandleListenEvent 13
2024-07-17 23:32:21.222528 INFO: HttpConn 51 init success
2024-07-17 23:32:21.222534 INFO: addTimer id:51 expireTime:1721230841
2024-07-17 23:32:21.222543 INFO: Client[51] in!
2024-07-17 23:32:21.222548 INFO: HandleListenEvent 13
2024-07-17 23:32:21.222555 INFO: HttpConn 52 init success
2024-07-17 23:32:21.222560 INFO: addTimer id:52 expireTime:1721230841
2024-07-17 23:32:21.222568 INFO: Client[52] in!
2024-07-17 23:32:21.222572 INFO: HandleListenEvent 13
2024-07-17 23:32:21.222581 INFO: HttpConn 53 init success
2024-07-17 23:32:21.222586 INFO: addTimer id:53 expireTime:1721230841
2024-07-17 23:32:21.222594 INFO: Client[53] in!
2024-07-17 23:32:21.222599 INFO: HandleListenEvent 13
2024-07-17 23:32:21.222608 INFO: HttpConn 54 init success
2024-07-17 23:32:21.222613 INFO: addTimer id:54 expireTime:1721230841
2024-07-17 23:32:21.222620 INFO: Client[54] in!
2024-07-17 23:32:21.222624 INFO: HandleListenEvent 13
2024-07-17 23:32:21.222634 INFO: HttpConn 55 init success
2024-07-17 23:32:21.222639 INFO: addTimer id:55 expireTime:1721230841
2024-07-17 23:32:21.222646 INFO: Client[55] in!
2024-07-17 23:32:21.222651 INFO: HandleListenEvent 13
2024-07-17 23:32:21.222658 ERROR: Accept failure -1
2024-07-17 23:32:21.222766 INFO: eventNum: 1
2024-07-17 23:32:21.222776 INFO: fd: 13, events: 1

2024-07-17 23:32:21.222781 INFO: HandleListenEvent 13
2024-07-17 23:32:21.222791 INFO: HttpConn 56 init success
2024-07-17 23:32:21.222796 INFO: addTimer id:56 expireTime:1721230841
2024-07-17 23:32:21.222805 INFO: Client[56] in!
2024-07-17 23:32:21.222809 INFO: HandleListenEvent 13
2024-07-17 23:32:21.222819 INFO: HttpConn 57 init success
2024-07-17 23:32:21.222824 INFO: addTimer id:57 expireTime:1721230841
2024-07-17 23:32:21.222835 INFO: Client[57] in!
2024-07-17 23:32:21.222840 INFO: HandleListenEvent 13
2024-07-17 23:32:21.222847 ERROR: Accept failure -1
2024-07-17 23:32:21.222852 INFO: eventNum: 1
2024-07-17 23:32:21.222857 INFO: fd: 52, events: 1

2024-07-17 23:32:21.222875 INFO: HttpConn 52 read success
2024-07-17 23:32:21.222898 INFO: GET / HTTP/1.1
2024-07-17 23:32:21.222911 INFO: Host: 39.98.202.182:9006
2024-07-17 23:32:21.222916 INFO: User-Agent: Go-http-client/1.1
2024-07-17 23:32:21.222920 INFO: oop!unknow header: User-Agent: Go-http-client/1.1
2024-07-17 23:32:21.222925 INFO: X-Vegeta-Seq: 883
2024-07-17 23:32:21.222929 INFO: oop!unknow header: X-Vegeta-Seq: 883
2024-07-17 23:32:21.222933 INFO: Accept-Encoding: gzip
2024-07-17 23:32:21.222938 INFO: oop!unknow header: Accept-Encoding: gzip
2024-07-17 23:32:21.222942 INFO: 
2024-07-17 23:32:21.222960 INFO: request:HTTP/1.1 200 OK

2024-07-17 23:32:21.222965 INFO: request:HTTP/1.1 200 OK
Content-Length:542

2024-07-17 23:32:21.222969 INFO: request:HTTP/1.1 200 OK
Content-Length:542
Connection:close

2024-07-17 23:32:21.222974 INFO: request:HTTP/1.1 200 OK
Content-Length:542
Connection:close


2024-07-17 23:32:21.222991 INFO: Thread 140246122866240 is running task

2024-07-17 23:32:21.222993 INFO: eventNum: 1
2024-07-17 23:32:21.223002 INFO: fd: 52, events: 4

2024-07-17 23:32:21.223039 INFO: Thread 140246106080832 is running task

2024-07-17 23:32:21.223133 INFO: eventNum: 1
2024-07-17 23:32:21.223149 INFO: fd: 42, events: 1

2024-07-17 23:32:21.223168 INFO: HttpConn 42 read success
2024-07-17 23:32:21.223206 INFO: GET / HTTP/1.1
2024-07-17 23:32:21.223217 INFO: Host: 39.98.202.182:9006
2024-07-17 23:32:21.223189 INFO: eventNum: 1
2024-07-17 23:32:21.223222 INFO: User-Agent: Go-http-client/1.1
2024-07-17 23:32:21.223242 INFO: oop!unknow header: User-Agent: Go-http-client/1.1
2024-07-17 23:32:21.223250 INFO: X-Vegeta-Seq: 882
2024-07-17 23:32:21.223260 INFO: oop!unknow header: X-Vegeta-Seq: 882
2024-07-17 23:32:21.223231 INFO: fd: 46, events: 1

2024-07-17 23:32:21.223264 INFO: Accept-Encoding: gzip
2024-07-17 23:32:21.223281 INFO: oop!unknow header: Accept-Encoding: gzip
2024-07-17 23:32:21.223286 INFO: 
2024-07-17 23:32:21.223302 INFO: request:HTTP/1.1 200 OK

2024-07-17 23:32:21.223306 INFO: request:HTTP/1.1 200 OK
Content-Length:542

2024-07-17 23:32:21.223311 INFO: request:HTTP/1.1 200 OK
Content-Length:542
Connection:close

2024-07-17 23:32:21.223315 INFO: request:HTTP/1.1 200 OK
Content-Length:542
Connection:close


2024-07-17 23:32:21.223342 INFO: eventNum: 1
2024-07-17 23:32:21.223366 INFO: fd: 42, events: 4

2024-07-17 23:32:21.223350 INFO: HttpConn 46 read success
2024-07-17 23:32:21.223409 INFO: eventNum: 1
2024-07-17 23:32:21.223415 INFO: fd: 13, events: 1

2024-07-17 23:32:21.223416 INFO: GET / HTTP/1.1
2024-07-17 23:32:21.223433 INFO: Host: 39.98.202.182:9006
2024-07-17 23:32:21.223420 INFO: HandleListenEvent 13
2024-07-17 23:32:21.223457 INFO: HttpConn 58 init success
2024-07-17 23:32:21.223464 INFO: addTimer id:58 expireTime:1721230841
2024-07-17 23:32:21.223473 INFO: Client[58] in!
2024-07-17 23:32:21.223483 INFO: HandleListenEvent 13
2024-07-17 23:32:21.223484 INFO: Thread 140246097688128 is running task

2024-07-17 23:32:21.223439 INFO: User-Agent: Go-http-client/1.1
2024-07-17 23:32:21.223518 INFO: oop!unknow header: User-Agent: Go-http-client/1.1
2024-07-17 23:32:21.223526 INFO: X-Vegeta-Seq: 873
2024-07-17 23:32:21.223535 INFO: oop!unknow header: X-Vegeta-Seq: 873
2024-07-17 23:32:21.223540 INFO: Accept-Encoding: gzip
2024-07-17 23:32:21.223492 ERROR: Accept failure -1
2024-07-17 23:32:21.223565 INFO: oop!unknow header: Accept-Encoding: gzip
2024-07-17 23:32:21.223344 INFO: Thread 140246139651648 is running task

2024-07-17 23:32:21.223572 INFO: 
2024-07-17 23:32:21.223568 INFO: eventNum: 1
2024-07-17 23:32:21.223608 INFO: request:HTTP/1.1 200 OK

2024-07-17 23:32:21.223624 INFO: request:HTTP/1.1 200 OK
Content-Length:542

2024-07-17 23:32:21.223608 INFO: fd: 40, events: 1

2024-07-17 23:32:21.223630 INFO: request:HTTP/1.1 200 OK
Content-Length:542
Connection:close

2024-07-17 23:32:21.223652 INFO: eventNum: 1
2024-07-17 23:32:21.223658 INFO: fd: 47, events: 1

2024-07-17 23:32:21.223648 INFO: HttpConn 40 read success
2024-07-17 23:32:21.223683 INFO: GET / HTTP/1.1
2024-07-17 23:32:21.223692 INFO: Host: 39.98.202.182:9006
2024-07-17 23:32:21.223699 INFO: User-Agent: Go-http-client/1.1
2024-07-17 23:32:21.223713 INFO: oop!unknow header: User-Agent: Go-http-client/1.1
2024-07-17 23:32:21.223721 INFO: X-Vegeta-Seq: 894
2024-07-17 23:32:21.223728 INFO: oop!unknow header: X-Vegeta-Seq: 894
2024-07-17 23:32:21.223735 INFO: Accept-Encoding: gzip
2024-07-17 23:32:21.223741 INFO: oop!unknow header: Accept-Encoding: gzip
2024-07-17 23:32:21.223748 INFO: 
2024-07-17 23:32:21.223768 INFO: request:HTTP/1.1 200 OK

2024-07-17 23:32:21.223775 INFO: request:HTTP/1.1 200 OK
Content-Length:542

2024-07-17 23:32:21.223782 INFO: request:HTTP/1.1 200 OK
Content-Length:542
Connection:close

2024-07-17 23:32:21.223787 INFO: request:HTTP/1.1 200 OK
Content-Length:542
Connection:close


2024-07-17 23:32:21.223801 INFO: Thread 140246114473536 is running task

2024-07-17 23:32:21.223804 INFO: eventNum: 1
2024-07-17 23:32:21.223815 INFO: fd: 40, events: 4

2024-07-17 23:32:21.223808 INFO: HttpConn 47 read success
2024-07-17 23:32:21.223835 INFO: GET / HTTP/1.1
2024-07-17 23:32:21.223841 INFO: Host: 39.98.202.182:9006
2024-07-17 23:32:21.223847 INFO: User-Agent: Go-http-client/1.1
2024-07-17 23:32:21.223851 INFO: oop!unknow header: User-Agent: Go-http-client/1.1
2024-07-17 23:32:21.223855 INFO: X-Vegeta-Seq: 879
2024-07-17 23:32:21.223648 INFO: request:HTTP/1.1 200 OK
Content-Length:542
Connection:close


2024-07-17 23:32:21.223855 INFO: Thread 140246156437056 is running task

2024-07-17 23:32:21.223865 INFO: oop!unknow header: X-Vegeta-Seq: 879
2024-07-17 23:32:21.223877 INFO: Thread 140246131258944 is running task

2024-07-17 23:32:21.223888 INFO: Accept-Encoding: gzip
2024-07-17 23:32:21.223902 INFO: eventNum: 1
2024-07-17 23:32:21.223909 INFO: fd: 46, events: 4

2024-07-17 23:32:21.223917 INFO: oop!unknow header: Accept-Encoding: gzip
2024-07-17 23:32:21.223932 INFO: 
2024-07-17 23:32:21.223918 INFO: eventNum: 1
2024-07-17 23:32:21.223944 INFO: fd: 43, events: 1

2024-07-17 23:32:21.223952 INFO: request:HTTP/1.1 200 OK

2024-07-17 23:32:21.223958 INFO: request:HTTP/1.1 200 OK
Content-Length:542

2024-07-17 23:32:21.223962 INFO: request:HTTP/1.1 200 OK
Content-Length:542
Connection:close

2024-07-17 23:32:21.223967 INFO: request:HTTP/1.1 200 OK
Content-Length:542
Connection:close


2024-07-17 23:32:21.223977 INFO: Thread 140246106080832 is running task

2024-07-17 23:32:21.223984 INFO: HttpConn 43 read success
2024-07-17 23:32:21.223978 INFO: Thread 140246114473536 is running task

2024-07-17 23:32:21.224001 INFO: GET / HTTP/1.1
2024-07-17 23:32:21.224007 INFO: eventNum: 2
2024-07-17 23:32:21.224007 INFO: Host: 39.98.202.182:9006
2024-07-17 23:32:21.224028 INFO: User-Agent: Go-http-client/1.1
2024-07-17 23:32:21.224017 INFO: fd: 48, events: 1

2024-07-17 23:32:21.224033 INFO: oop!unknow header: User-Agent: Go-http-client/1.1
2024-07-17 23:32:21.224043 INFO: fd: 47, events: 4

2024-07-17 23:32:21.224053 INFO: HttpConn 48 read success
2024-07-17 23:32:21.224046 INFO: X-Vegeta-Seq: 891
2024-07-17 23:32:21.224073 INFO: oop!unknow header: X-Vegeta-Seq: 891
2024-07-17 23:32:21.224078 INFO: Accept-Encoding: gzip
