2024-07-17 23:26:26.173249 INFO: HandleListenEvent 13
2024-07-17 23:26:26.173302 ERROR: Accept failure -1
2024-07-17 23:26:26.173424 INFO: eventNum: 1
2024-07-17 23:26:26.173432 INFO: fd: 16, events: 8193

2024-07-17 23:26:26.173451 INFO: HttpConn 16 close success
2024-07-17 23:26:26.173456 INFO: Client[16] quit!
2024-07-17 23:26:26.173902 INFO: eventNum: 1
2024-07-17 23:26:26.173944 INFO: fd: 17, events: 1

2024-07-17 23:26:26.173972 INFO: HttpConn 17 read success
2024-07-17 23:26:26.174016 INFO: GET / HTTP/1.1
2024-07-17 23:26:26.174026 INFO: Host: 39.98.202.182:9006
2024-07-17 23:26:26.174032 INFO: User-Agent: Go-http-client/1.1
2024-07-17 23:26:26.174036 INFO: oop!unknow header: User-Agent: Go-http-client/1.1
2024-07-17 23:26:26.174041 INFO: X-Vegeta-Seq: 118
2024-07-17 23:26:26.174045 INFO: oop!unknow header: X-Vegeta-Seq: 118
2024-07-17 23:26:26.174050 INFO: Accept-Encoding: gzip
2024-07-17 23:26:26.174055 INFO: oop!unknow header: Accept-Encoding: gzip
2024-07-17 23:26:26.174059 INFO: 
2024-07-17 23:26:26.174080 INFO: request:HTTP/1.1 200 OK

2024-07-17 23:26:26.174084 INFO: request:HTTP/1.1 200 OK
Content-Length:542

2024-07-17 23:26:26.174089 INFO: request:HTTP/1.1 200 OK
Content-Length:542
Connection:close

2024-07-17 23:26:26.174093 INFO: request:HTTP/1.1 200 OK
Content-Length:542
Connection:close


2024-07-17 23:26:26.174110 INFO: Thread 140246148044352 is running task

2024-07-17 23:26:26.174134 INFO: eventNum: 1
2024-07-17 23:26:26.174145 INFO: fd: 17, events: 4

2024-07-17 23:26:26.174193 INFO: Thread 140246139651648 is running task

2024-07-17 23:26:26.191507 INFO: eventNum: 1
2024-07-17 23:26:26.191558 INFO: fd: 17, events: 8193

2024-07-17 23:26:26.191588 INFO: HttpConn 17 close success
2024-07-17 23:26:26.191594 INFO: Client[17] quit!
2024-07-17 23:26:26.200466 INFO: eventNum: 1
2024-07-17 23:26:26.200526 INFO: fd: 13, events: 1

2024-07-17 23:26:26.200533 INFO: HandleListenEvent 13
2024-07-17 23:26:26.200565 INFO: HttpConn 16 init success
2024-07-17 23:26:26.200572 INFO: addTimer id:16 expireTime:1721230486
2024-07-17 23:26:26.200586 INFO: Client[16] in!
2024-07-17 23:26:26.200591 INFO: HandleListenEvent 13
2024-07-17 23:26:26.200602 ERROR: Accept failure -1
2024-07-17 23:26:26.202314 INFO: eventNum: 1
2024-07-17 23:26:26.202337 INFO: fd: 16, events: 1

2024-07-17 23:26:26.202360 INFO: HttpConn 16 read success
2024-07-17 23:26:26.202375 INFO: GET / HTTP/1.1
2024-07-17 23:26:26.202381 INFO: Host: 39.98.202.182:9006
2024-07-17 23:26:26.202386 INFO: User-Agent: Go-http-client/1.1
2024-07-17 23:26:26.202390 INFO: oop!unknow header: User-Agent: Go-http-client/1.1
2024-07-17 23:26:26.202395 INFO: X-Vegeta-Seq: 119
2024-07-17 23:26:26.202399 INFO: oop!unknow header: X-Vegeta-Seq: 119
2024-07-17 23:26:26.202403 INFO: Accept-Encoding: gzip
2024-07-17 23:26:26.202408 INFO: oop!unknow header: Accept-Encoding: gzip
2024-07-17 23:26:26.202412 INFO: 
2024-07-17 23:26:26.202440 INFO: request:HTTP/1.1 200 OK

2024-07-17 23:26:26.202449 INFO: request:HTTP/1.1 200 OK
Content-Length:542

2024-07-17 23:26:26.202456 INFO: request:HTTP/1.1 200 OK
Content-Length:542
Connection:close

2024-07-17 23:26:26.202460 INFO: request:HTTP/1.1 200 OK
Content-Length:542
Connection:close


2024-07-17 23:26:26.202476 INFO: Thread 140246131258944 is running task

2024-07-17 23:26:26.202487 INFO: eventNum: 1
2024-07-17 23:26:26.202492 INFO: fd: 16, events: 4

2024-07-17 23:26:26.202532 INFO: Thread 140246122866240 is running task

2024-07-17 23:26:26.212662 INFO: eventNum: 1
2024-07-17 23:26:26.212714 INFO: fd: 13, events: 1

2024-07-17 23:26:26.212720 INFO: HandleListenEvent 13
2024-07-17 23:26:26.212749 INFO: HttpConn 17 init success
2024-07-17 23:26:26.212758 INFO: addTimer id:17 expireTime:1721230486
2024-07-17 23:26:26.212772 INFO: Client[17] in!
2024-07-17 23:26:26.212776 INFO: HandleListenEvent 13
2024-07-17 23:26:26.212786 ERROR: Accept failure -1
2024-07-17 23:26:26.215270 INFO: eventNum: 1
2024-07-17 23:26:26.215305 INFO: fd: 17, events: 1

2024-07-17 23:26:26.215324 INFO: HttpConn 17 read success
2024-07-17 23:26:26.215338 INFO: GET / HTTP/1.1
2024-07-17 23:26:26.215354 INFO: Host: 39.98.202.182:9006
2024-07-17 23:26:26.215359 INFO: User-Agent: Go-http-client/1.1
2024-07-17 23:26:26.215364 INFO: oop!unknow header: User-Agent: Go-http-client/1.1
2024-07-17 23:26:26.215368 INFO: X-Vegeta-Seq: 120
2024-07-17 23:26:26.215372 INFO: oop!unknow header: X-Vegeta-Seq: 120
2024-07-17 23:26:26.215377 INFO: Accept-Encoding: gzip
2024-07-17 23:26:26.215381 INFO: oop!unknow header: Accept-Encoding: gzip
2024-07-17 23:26:26.215385 INFO: 
2024-07-17 23:26:26.215412 INFO: request:HTTP/1.1 200 OK

2024-07-17 23:26:26.215417 INFO: request:HTTP/1.1 200 OK
Content-Length:542

2024-07-17 23:26:26.215421 INFO: request:HTTP/1.1 200 OK
Content-Length:542
Connection:close

2024-07-17 23:26:26.215426 INFO: request:HTTP/1.1 200 OK
Content-Length:542
Connection:close


2024-07-17 23:26:26.215443 INFO: Thread 140246114473536 is running task

2024-07-17 23:26:26.215462 INFO: eventNum: 1
2024-07-17 23:26:26.215468 INFO: fd: 17, events: 4

2024-07-17 23:26:26.215543 INFO: Thread 140246106080832 is running task

2024-07-17 23:26:26.218474 INFO: eventNum: 1
2024-07-17 23:26:26.218521 INFO: fd: 16, events: 8193

2024-07-17 23:26:26.218550 INFO: HttpConn 16 close success
2024-07-17 23:26:26.218557 INFO: Client[16] quit!
2024-07-17 23:26:26.238173 INFO: eventNum: 1
2024-07-17 23:26:26.238244 INFO: fd: 17, events: 8193

2024-07-17 23:26:26.238276 INFO: HttpConn 17 close success
2024-07-17 23:26:26.238282 INFO: Client[17] quit!
2024-07-17 23:26:26.240660 INFO: eventNum: 1
2024-07-17 23:26:26.240693 INFO: fd: 13, events: 1

2024-07-17 23:26:26.240700 INFO: HandleListenEvent 13
2024-07-17 23:26:26.240726 INFO: HttpConn 16 init success
2024-07-17 23:26:26.240733 INFO: addTimer id:16 expireTime:1721230486
2024-07-17 23:26:26.240748 INFO: Client[16] in!
2024-07-17 23:26:26.240752 INFO: HandleListenEvent 13
2024-07-17 23:26:26.240762 ERROR: Accept failure -1
2024-07-17 23:26:26.240768 INFO: eventNum: 1
2024-07-17 23:26:26.240772 INFO: fd: 16, events: 1

2024-07-17 23:26:26.240789 INFO: HttpConn 16 read success
2024-07-17 23:26:26.240819 INFO: GET / HTTP/1.1
2024-07-17 23:26:26.240826 INFO: Host: 39.98.202.182:9006
2024-07-17 23:26:26.240831 INFO: User-Agent: Go-http-client/1.1
2024-07-17 23:26:26.240835 INFO: oop!unknow header: User-Agent: Go-http-client/1.1
2024-07-17 23:26:26.240840 INFO: X-Vegeta-Seq: 121
2024-07-17 23:26:26.240844 INFO: oop!unknow header: X-Vegeta-Seq: 121
2024-07-17 23:26:26.240848 INFO: Accept-Encoding: gzip
2024-07-17 23:26:26.240852 INFO: oop!unknow header: Accept-Encoding: gzip
2024-07-17 23:26:26.240857 INFO: 
2024-07-17 23:26:26.240883 INFO: request:HTTP/1.1 200 OK

2024-07-17 23:26:26.240889 INFO: request:HTTP/1.1 200 OK
Content-Length:542

2024-07-17 23:26:26.240893 INFO: request:HTTP/1.1 200 OK
Content-Length:542
Connection:close

2024-07-17 23:26:26.240898 INFO: request:HTTP/1.1 200 OK
Content-Length:542
Connection:close


2024-07-17 23:26:26.240947 INFO: Thread 140246097688128 is running task

2024-07-17 23:26:26.240970 INFO: eventNum: 1
2024-07-17 23:26:26.240976 INFO: fd: 16, events: 4

2024-07-17 23:26:26.241021 INFO: Thread 140246156437056 is running task

2024-07-17 23:26:26.250961 INFO: eventNum: 1
2024-07-17 23:26:26.251014 INFO: fd: 13, events: 1

2024-07-17 23:26:26.251021 INFO: HandleListenEvent 13
2024-07-17 23:26:26.251059 INFO: HttpConn 17 init success
2024-07-17 23:26:26.251069 INFO: addTimer id:17 expireTime:1721230486
2024-07-17 23:26:26.251083 INFO: Client[17] in!
2024-07-17 23:26:26.251088 INFO: HandleListenEvent 13
2024-07-17 23:26:26.251099 ERROR: Accept failure -1
2024-07-17 23:26:26.252787 INFO: eventNum: 1
2024-07-17 23:26:26.252822 INFO: fd: 17, events: 1

2024-07-17 23:26:26.252853 INFO: HttpConn 17 read success
2024-07-17 23:26:26.252893 INFO: GET / HTTP/1.1
2024-07-17 23:26:26.252901 INFO: Host: 39.98.202.182:9006
2024-07-17 23:26:26.252907 INFO: User-Agent: Go-http-client/1.1
2024-07-17 23:26:26.252919 INFO: oop!unknow header: User-Agent: Go-http-client/1.1
2024-07-17 23:26:26.252924 INFO: X-Vegeta-Seq: 122
2024-07-17 23:26:26.252940 INFO: oop!unknow header: X-Vegeta-Seq: 122
2024-07-17 23:26:26.252945 INFO: Accept-Encoding: gzip
2024-07-17 23:26:26.252950 INFO: oop!unknow header: Accept-Encoding: gzip
2024-07-17 23:26:26.252954 INFO: 
2024-07-17 23:26:26.252983 INFO: request:HTTP/1.1 200 OK

2024-07-17 23:26:26.252988 INFO: request:HTTP/1.1 200 OK
Content-Length:542

2024-07-17 23:26:26.252992 INFO: request:HTTP/1.1 200 OK
Content-Length:542
Connection:close

2024-07-17 23:26:26.252997 INFO: request:HTTP/1.1 200 OK
Content-Length:542
Connection:close


2024-07-17 23:26:26.253018 INFO: Thread 140246148044352 is running task

2024-07-17 23:26:26.253048 INFO: eventNum: 1
2024-07-17 23:26:26.253059 INFO: fd: 17, events: 4

2024-07-17 23:26:26.253127 INFO: Thread 140246139651648 is running task

2024-07-17 23:26:26.256743 INFO: eventNum: 1
2024-07-17 23:26:26.256818 INFO: fd: 16, events: 8193

2024-07-17 23:26:26.256866 INFO: HttpConn 16 close success
2024-07-17 23:26:26.256876 INFO: Client[16] quit!
2024-07-17 23:26:26.271158 INFO: eventNum: 1
2024-07-17 23:26:26.271225 INFO: fd: 17, events: 8193

2024-07-17 23:26:26.271277 INFO: HttpConn 17 close success
2024-07-17 23:26:26.271292 INFO: Client[17] quit!
2024-07-17 23:26:26.274433 INFO: eventNum: 1
2024-07-17 23:26:26.274494 INFO: fd: 13, events: 1

2024-07-17 23:26:26.274502 INFO: HandleListenEvent 13
2024-07-17 23:26:26.274543 INFO: HttpConn 16 init success
2024-07-17 23:26:26.274556 INFO: addTimer id:16 expireTime:1721230486
2024-07-17 23:26:26.274574 INFO: Client[16] in!
2024-07-17 23:26:26.274581 INFO: HandleListenEvent 13
2024-07-17 23:26:26.274596 ERROR: Accept failure -1
2024-07-17 23:26:26.275589 INFO: eventNum: 1
2024-07-17 23:26:26.275628 INFO: fd: 16, events: 1

2024-07-17 23:26:26.275674 INFO: HttpConn 16 read success
2024-07-17 23:26:26.275712 INFO: GET / HTTP/1.1
2024-07-17 23:26:26.275723 INFO: Host: 39.98.202.182:9006
2024-07-17 23:26:26.275731 INFO: User-Agent: Go-http-client/1.1
2024-07-17 23:26:26.275737 INFO: oop!unknow header: User-Agent: Go-http-client/1.1
2024-07-17 23:26:26.275744 INFO: X-Vegeta-Seq: 123
2024-07-17 23:26:26.275748 INFO: oop!unknow header: X-Vegeta-Seq: 123
2024-07-17 23:26:26.275753 INFO: Accept-Encoding: gzip
2024-07-17 23:26:26.275757 INFO: oop!unknow header: Accept-Encoding: gzip
2024-07-17 23:26:26.275762 INFO: 
2024-07-17 23:26:26.275790 INFO: request:HTTP/1.1 200 OK

2024-07-17 23:26:26.275797 INFO: request:HTTP/1.1 200 OK
Content-Length:542

2024-07-17 23:26:26.275804 INFO: request:HTTP/1.1 200 OK
Content-Length:542
Connection:close

2024-07-17 23:26:26.275811 INFO: request:HTTP/1.1 200 OK
Content-Length:542
Connection:close


2024-07-17 23:26:26.275837 INFO: Thread 140246131258944 is running task

2024-07-17 23:26:26.275851 INFO: eventNum: 1
2024-07-17 23:26:26.275861 INFO: fd: 16, events: 4

2024-07-17 23:26:26.275957 INFO: Thread 140246122866240 is running task

2024-07-17 23:26:26.287950 INFO: eventNum: 1
2024-07-17 23:26:26.288009 INFO: fd: 16, events: 8193

2024-07-17 23:26:26.288051 INFO: HttpConn 16 close success
2024-07-17 23:26:26.288057 INFO: Client[16] quit!
2024-07-17 23:26:26.296151 INFO: eventNum: 1
2024-07-17 23:26:26.296208 INFO: fd: 13, events: 1

2024-07-17 23:26:26.296217 INFO: HandleListenEvent 13
2024-07-17 23:26:26.296248 INFO: HttpConn 16 init success
2024-07-17 23:26:26.296257 INFO: addTimer id:16 expireTime:1721230486
2024-07-17 23:26:26.296271 INFO: Client[16] in!
2024-07-17 23:26:26.296276 INFO: HandleListenEvent 13
2024-07-17 23:26:26.296293 ERROR: Accept failure -1
2024-07-17 23:26:26.297703 INFO: eventNum: 1
2024-07-17 23:26:26.297740 INFO: fd: 16, events: 1

2024-07-17 23:26:26.297768 INFO: HttpConn 16 read success
2024-07-17 23:26:26.297803 INFO: GET / HTTP/1.1
2024-07-17 23:26:26.297810 INFO: Host: 39.98.202.182:9006
2024-07-17 23:26:26.297816 INFO: User-Agent: Go-http-client/1.1
2024-07-17 23:26:26.297820 INFO: oop!unknow header: User-Agent: Go-http-client/1.1
2024-07-17 23:26:26.297825 INFO: X-Vegeta-Seq: 124
2024-07-17 23:26:26.297829 INFO: oop!unknow header: X-Vegeta-Seq: 124
2024-07-17 23:26:26.297844 INFO: Accept-Encoding: gzip
2024-07-17 23:26:26.297849 INFO: oop!unknow header: Accept-Encoding: gzip
2024-07-17 23:26:26.297853 INFO: 
2024-07-17 23:26:26.297878 INFO: request:HTTP/1.1 200 OK

2024-07-17 23:26:26.297884 INFO: request:HTTP/1.1 200 OK
Content-Length:542

2024-07-17 23:26:26.297888 INFO: request:HTTP/1.1 200 OK
Content-Length:542
Connection:close

2024-07-17 23:26:26.297892 INFO: request:HTTP/1.1 200 OK
Content-Length:542
Connection:close


2024-07-17 23:26:26.297936 INFO: Thread 140246114473536 is running task

2024-07-17 23:26:26.297955 INFO: eventNum: 1
2024-07-17 23:26:26.297961 INFO: fd: 16, events: 4

2024-07-17 23:26:26.298036 INFO: Thread 140246106080832 is running task

2024-07-17 23:26:26.311062 INFO: eventNum: 1
2024-07-17 23:26:26.311122 INFO: fd: 13, events: 1

2024-07-17 23:26:26.311128 INFO: HandleListenEvent 13
2024-07-17 23:26:26.311155 INFO: HttpConn 17 init success
2024-07-17 23:26:26.311163 INFO: addTimer id:17 expireTime:1721230486
2024-07-17 23:26:26.311177 INFO: Client[17] in!
2024-07-17 23:26:26.311182 INFO: HandleListenEvent 13
2024-07-17 23:26:26.311192 ERROR: Accept failure -1
2024-07-17 23:26:26.311453 INFO: eventNum: 1
2024-07-17 23:26:26.311467 INFO: fd: 16, events: 8193

2024-07-17 23:26:26.311491 INFO: HttpConn 16 close success
2024-07-17 23:26:26.311497 INFO: Client[16] quit!
2024-07-17 23:26:26.312210 INFO: eventNum: 1
2024-07-17 23:26:26.312225 INFO: fd: 17, events: 1

2024-07-17 23:26:26.312241 INFO: HttpConn 17 read success
2024-07-17 23:26:26.312256 INFO: GET / HTTP/1.1
2024-07-17 23:26:26.312262 INFO: Host: 39.98.202.182:9006
2024-07-17 23:26:26.312267 INFO: User-Agent: Go-http-client/1.1
2024-07-17 23:26:26.312271 INFO: oop!unknow header: User-Agent: Go-http-client/1.1
2024-07-17 23:26:26.312276 INFO: X-Vegeta-Seq: 125
2024-07-17 23:26:26.312280 INFO: oop!unknow header: X-Vegeta-Seq: 125
2024-07-17 23:26:26.312285 INFO: Accept-Encoding: gzip
2024-07-17 23:26:26.312289 INFO: oop!unknow header: Accept-Encoding: gzip
2024-07-17 23:26:26.312293 INFO: 
2024-07-17 23:26:26.312319 INFO: request:HTTP/1.1 200 OK

2024-07-17 23:26:26.312324 INFO: request:HTTP/1.1 200 OK
Content-Length:542

2024-07-17 23:26:26.312329 INFO: request:HTTP/1.1 200 OK
Content-Length:542
Connection:close

2024-07-17 23:26:26.312333 INFO: request:HTTP/1.1 200 OK
Content-Length:542
Connection:close


2024-07-17 23:26:26.312350 INFO: Thread 140246097688128 is running task

2024-07-17 23:26:26.312367 INFO: eventNum: 1
2024-07-17 23:26:26.312372 INFO: fd: 17, events: 4

2024-07-17 23:26:26.312409 INFO: Thread 140246156437056 is running task

2024-07-17 23:26:26.324582 INFO: eventNum: 1
2024-07-17 23:26:26.324649 INFO: fd: 17, events: 8193

2024-07-17 23:26:26.324681 INFO: HttpConn 17 close success
2024-07-17 23:26:26.324688 INFO: Client[17] quit!
2024-07-17 23:26:26.339701 INFO: eventNum: 1
2024-07-17 23:26:26.339755 INFO: fd: 13, events: 1

2024-07-17 23:26:26.339761 INFO: HandleListenEvent 13
2024-07-17 23:26:26.339777 INFO: HttpConn 16 init success
2024-07-17 23:26:26.339784 INFO: addTimer id:16 expireTime:1721230486
2024-07-17 23:26:26.339797 INFO: Client[16] in!
2024-07-17 23:26:26.339802 INFO: HandleListenEvent 13
2024-07-17 23:26:26.339813 ERROR: Accept failure -1
2024-07-17 23:26:26.340443 INFO: eventNum: 1
2024-07-17 23:26:26.340470 INFO: fd: 16, events: 1

2024-07-17 23:26:26.340506 INFO: HttpConn 16 read success
2024-07-17 23:26:26.340552 INFO: GET / HTTP/1.1
2024-07-17 23:26:26.340562 INFO: Host: 39.98.202.182:9006
2024-07-17 23:26:26.340570 INFO: User-Agent: Go-http-client/1.1
2024-07-17 23:26:26.340577 INFO: oop!unknow header: User-Agent: Go-http-client/1.1
2024-07-17 23:26:26.340583 INFO: X-Vegeta-Seq: 126
2024-07-17 23:26:26.340589 INFO: oop!unknow header: X-Vegeta-Seq: 126
2024-07-17 23:26:26.340595 INFO: Accept-Encoding: gzip
2024-07-17 23:26:26.340601 INFO: oop!unknow header: Accept-Encoding: gzip
2024-07-17 23:26:26.340607 INFO: 
2024-07-17 23:26:26.340640 INFO: request:HTTP/1.1 200 OK

2024-07-17 23:26:26.340648 INFO: request:HTTP/1.1 200 OK
Content-Length:542

2024-07-17 23:26:26.340668 INFO: request:HTTP/1.1 200 OK
Content-Length:542
Connection:close

2024-07-17 23:26:26.340676 INFO: request:HTTP/1.1 200 OK
Content-Length:542
Connection:close


2024-07-17 23:26:26.340713 INFO: Thread 140246148044352 is running task

2024-07-17 23:26:26.340721 INFO: eventNum: 1
2024-07-17 23:26:26.340729 INFO: fd: 16, events: 4

2024-07-17 23:26:26.340796 INFO: Thread 140246139651648 is running task

2024-07-17 23:26:26.352169 INFO: eventNum: 1
2024-07-17 23:26:26.352222 INFO: fd: 13, events: 1

2024-07-17 23:26:26.352228 INFO: HandleListenEvent 13
2024-07-17 23:26:26.352256 INFO: HttpConn 17 init success
2024-07-17 23:26:26.352263 INFO: addTimer id:17 expireTime:1721230486
2024-07-17 23:26:26.352277 INFO: Client[17] in!
2024-07-17 23:26:26.352282 INFO: HandleListenEvent 13
2024-07-17 23:26:26.352293 ERROR: Accept failure -1
2024-07-17 23:26:26.352299 INFO: eventNum: 1
2024-07-17 23:26:26.352303 INFO: fd: 17, events: 1

2024-07-17 23:26:26.352319 INFO: HttpConn 17 read success
2024-07-17 23:26:26.352335 INFO: GET / HTTP/1.1
2024-07-17 23:26:26.352344 INFO: Host: 39.98.202.182:9006
2024-07-17 23:26:26.352351 INFO: User-Agent: Go-http-client/1.1
2024-07-17 23:26:26.352358 INFO: oop!unknow header: User-Agent: Go-http-client/1.1
2024-07-17 23:26:26.352365 INFO: X-Vegeta-Seq: 127
2024-07-17 23:26:26.352371 INFO: oop!unknow header: X-Vegeta-Seq: 127
2024-07-17 23:26:26.352377 INFO: Accept-Encoding: gzip
2024-07-17 23:26:26.352383 INFO: oop!unknow header: Accept-Encoding: gzip
2024-07-17 23:26:26.352389 INFO: 
2024-07-17 23:26:26.352418 INFO: request:HTTP/1.1 200 OK

2024-07-17 23:26:26.352426 INFO: request:HTTP/1.1 200 OK
Content-Length:542

2024-07-17 23:26:26.352433 INFO: request:HTTP/1.1 200 OK
Content-Length:542
Connection:close

2024-07-17 23:26:26.352439 INFO: request:HTTP/1.1 200 OK
Content-Length:542
Connection:close


2024-07-17 23:26:26.352458 INFO: Thread 140246131258944 is running task

2024-07-17 23:26:26.352472 INFO: eventNum: 1
2024-07-17 23:26:26.352479 INFO: fd: 17, events: 4

2024-07-17 23:26:26.352531 INFO: Thread 140246122866240 is running task

2024-07-17 23:26:26.353569 INFO: eventNum: 1
2024-07-17 23:26:26.353592 INFO: fd: 16, events: 8193

2024-07-17 23:26:26.353612 INFO: HttpConn 16 close success
2024-07-17 23:26:26.353618 INFO: Client[16] quit!
2024-07-17 23:26:26.372938 INFO: eventNum: 1
2024-07-17 23:26:26.372993 INFO: fd: 13, events: 1

2024-07-17 23:26:26.372999 INFO: HandleListenEvent 13
2024-07-17 23:26:26.373027 INFO: HttpConn 16 init success
2024-07-17 23:26:26.373035 INFO: addTimer id:16 expireTime:1721230486
2024-07-17 23:26:26.373049 INFO: Client[16] in!
2024-07-17 23:26:26.373054 INFO: HandleListenEvent 13
2024-07-17 23:26:26.373065 ERROR: Accept failure -1
2024-07-17 23:26:26.373071 INFO: eventNum: 1
2024-07-17 23:26:26.373075 INFO: fd: 16, events: 1

2024-07-17 23:26:26.373092 INFO: HttpConn 16 read success
2024-07-17 23:26:26.373114 INFO: GET / HTTP/1.1
2024-07-17 23:26:26.373120 INFO: Host: 39.98.202.182:9006
2024-07-17 23:26:26.373126 INFO: User-Agent: Go-http-client/1.1
2024-07-17 23:26:26.373143 INFO: oop!unknow header: User-Agent: Go-http-client/1.1
2024-07-17 23:26:26.373148 INFO: X-Vegeta-Seq: 128
2024-07-17 23:26:26.373152 INFO: oop!unknow header: X-Vegeta-Seq: 128
2024-07-17 23:26:26.373157 INFO: Accept-Encoding: gzip
2024-07-17 23:26:26.373161 INFO: oop!unknow header: Accept-Encoding: gzip
2024-07-17 23:26:26.373165 INFO: 
2024-07-17 23:26:26.373191 INFO: request:HTTP/1.1 200 OK

2024-07-17 23:26:26.373196 INFO: request:HTTP/1.1 200 OK
Content-Length:542

2024-07-17 23:26:26.373201 INFO: request:HTTP/1.1 200 OK
Content-Length:542
Connection:close

2024-07-17 23:26:26.373205 INFO: request:HTTP/1.1 200 OK
Content-Length:542
Connection:close


2024-07-17 23:26:26.373220 INFO: Thread 140246114473536 is running task

2024-07-17 23:26:26.373232 INFO: eventNum: 2
2024-07-17 23:26:26.373237 INFO: fd: 17, events: 8193

2024-07-17 23:26:26.373253 INFO: HttpConn 17 close success
2024-07-17 23:26:26.373258 INFO: Client[17] quit!
2024-07-17 23:26:26.373271 INFO: fd: 16, events: 4

2024-07-17 23:26:26.373356 INFO: Thread 140246106080832 is running task

2024-07-17 23:26:26.384501 INFO: eventNum: 1
2024-07-17 23:26:26.384556 INFO: fd: 16, events: 8193

2024-07-17 23:26:26.384587 INFO: HttpConn 16 close success
2024-07-17 23:26:26.384593 INFO: Client[16] quit!
2024-07-17 23:26:26.397033 INFO: eventNum: 1
2024-07-17 23:26:26.397088 INFO: fd: 13, events: 1

2024-07-17 23:26:26.397094 INFO: HandleListenEvent 13
2024-07-17 23:26:26.397122 INFO: HttpConn 16 init success
2024-07-17 23:26:26.397129 INFO: addTimer id:16 expireTime:1721230486
2024-07-17 23:26:26.397143 INFO: Client[16] in!
2024-07-17 23:26:26.397148 INFO: HandleListenEvent 13
2024-07-17 23:26:26.397160 ERROR: Accept failure -1
2024-07-17 23:26:26.397371 INFO: eventNum: 1
2024-07-17 23:26:26.397384 INFO: fd: 16, events: 1

2024-07-17 23:26:26.397399 INFO: HttpConn 16 read success
2024-07-17 23:26:26.397412 INFO: GET / HTTP/1.1
2024-07-17 23:26:26.397418 INFO: Host: 39.98.202.182:9006
2024-07-17 23:26:26.397423 INFO: User-Agent: Go-http-client/1.1
2024-07-17 23:26:26.397427 INFO: oop!unknow header: User-Agent: Go-http-client/1.1
2024-07-17 23:26:26.397432 INFO: X-Vegeta-Seq: 129
2024-07-17 23:26:26.397437 INFO: oop!unknow header: X-Vegeta-Seq: 129
2024-07-17 23:26:26.397441 INFO: Accept-Encoding: gzip
2024-07-17 23:26:26.397445 INFO: oop!unknow header: Accept-Encoding: gzip
2024-07-17 23:26:26.397450 INFO: 
2024-07-17 23:26:26.397476 INFO: request:HTTP/1.1 200 OK

2024-07-17 23:26:26.397481 INFO: request:HTTP/1.1 200 OK
Content-Length:542

2024-07-17 23:26:26.397485 INFO: request:HTTP/1.1 200 OK
Content-Length:542
Connection:close

2024-07-17 23:26:26.397490 INFO: request:HTTP/1.1 200 OK
Content-Length:542
Connection:close


2024-07-17 23:26:26.397505 INFO: Thread 140246097688128 is running task

2024-07-17 23:26:26.397544 INFO: eventNum: 1
2024-07-17 23:26:26.397552 INFO: fd: 16, events: 4

2024-07-17 23:26:26.397597 INFO: Thread 140246156437056 is running task

2024-07-17 23:26:26.411641 INFO: eventNum: 1
2024-07-17 23:26:26.411698 INFO: fd: 16, events: 8193

2024-07-17 23:26:26.411732 INFO: HttpConn 16 close success
2024-07-17 23:26:26.411739 INFO: Client[16] quit!
2024-07-17 23:26:26.412295 INFO: eventNum: 1
2024-07-17 23:26:26.412314 INFO: fd: 13, events: 1

2024-07-17 23:26:26.412319 INFO: HandleListenEvent 13
2024-07-17 23:26:26.412343 INFO: HttpConn 16 init success
2024-07-17 23:26:26.412350 INFO: addTimer id:16 expireTime:1721230486
2024-07-17 23:26:26.412363 INFO: Client[16] in!
2024-07-17 23:26:26.412368 INFO: HandleListenEvent 13
2024-07-17 23:26:26.412376 ERROR: Accept failure -1
2024-07-17 23:26:26.412382 INFO: eventNum: 1
2024-07-17 23:26:26.412387 INFO: fd: 16, events: 1

2024-07-17 23:26:26.412418 INFO: HttpConn 16 read success
2024-07-17 23:26:26.412460 INFO: GET / HTTP/1.1
2024-07-17 23:26:26.412473 INFO: Host: 39.98.202.182:9006
2024-07-17 23:26:26.412481 INFO: User-Agent: Go-http-client/1.1
2024-07-17 23:26:26.412487 INFO: oop!unknow header: User-Agent: Go-http-client/1.1
2024-07-17 23:26:26.412494 INFO: X-Vegeta-Seq: 130
2024-07-17 23:26:26.412500 INFO: oop!unknow header: X-Vegeta-Seq: 130
2024-07-17 23:26:26.412506 INFO: Accept-Encoding: gzip
2024-07-17 23:26:26.412513 INFO: oop!unknow header: Accept-Encoding: gzip
2024-07-17 23:26:26.412519 INFO: 
2024-07-17 23:26:26.412553 INFO: request:HTTP/1.1 200 OK

2024-07-17 23:26:26.412560 INFO: request:HTTP/1.1 200 OK
Content-Length:542

2024-07-17 23:26:26.412567 INFO: request:HTTP/1.1 200 OK
Content-Length:542
Connection:close

2024-07-17 23:26:26.412574 INFO: request:HTTP/1.1 200 OK
Content-Length:542
Connection:close


2024-07-17 23:26:26.412599 INFO: Thread 140246148044352 is running task

2024-07-17 23:26:26.412625 INFO: eventNum: 1
2024-07-17 23:26:26.412635 INFO: fd: 16, events: 4

2024-07-17 23:26:26.412696 INFO: Thread 140246139651648 is running task

2024-07-17 23:26:26.424704 INFO: eventNum: 1
2024-07-17 23:26:26.424764 INFO: fd: 16, events: 8193

2024-07-17 23:26:26.424794 INFO: HttpConn 16 close success
2024-07-17 23:26:26.424810 INFO: Client[16] quit!
2024-07-17 23:26:26.444769 INFO: eventNum: 1
2024-07-17 23:26:26.444817 INFO: fd: 13, events: 1

2024-07-17 23:26:26.444823 INFO: HandleListenEvent 13
2024-07-17 23:26:26.444847 INFO: HttpConn 16 init success
2024-07-17 23:26:26.444854 INFO: addTimer id:16 expireTime:1721230486
2024-07-17 23:26:26.444868 INFO: Client[16] in!
2024-07-17 23:26:26.444872 INFO: HandleListenEvent 13
2024-07-17 23:26:26.444886 ERROR: Accept failure -1
2024-07-17 23:26:26.445102 INFO: eventNum: 1
2024-07-17 23:26:26.445116 INFO: fd: 16, events: 1

2024-07-17 23:26:26.445135 INFO: HttpConn 16 read success
2024-07-17 23:26:26.445149 INFO: GET / HTTP/1.1
2024-07-17 23:26:26.445155 INFO: Host: 39.98.202.182:9006
2024-07-17 23:26:26.445160 INFO: User-Agent: Go-http-client/1.1
2024-07-17 23:26:26.445165 INFO: oop!unknow header: User-Agent: Go-http-client/1.1
2024-07-17 23:26:26.445169 INFO: X-Vegeta-Seq: 131
2024-07-17 23:26:26.445174 INFO: oop!unknow header: X-Vegeta-Seq: 131
2024-07-17 23:26:26.445178 INFO: Accept-Encoding: gzip
2024-07-17 23:26:26.445182 INFO: oop!unknow header: Accept-Encoding: gzip
2024-07-17 23:26:26.445187 INFO: 
2024-07-17 23:26:26.445210 INFO: request:HTTP/1.1 200 OK

2024-07-17 23:26:26.445216 INFO: request:HTTP/1.1 200 OK
Content-Length:542

2024-07-17 23:26:26.445220 INFO: request:HTTP/1.1 200 OK
Content-Length:542
Connection:close

2024-07-17 23:26:26.445224 INFO: request:HTTP/1.1 200 OK
Content-Length:542
Connection:close


2024-07-17 23:26:26.445240 INFO: Thread 140246131258944 is running task

2024-07-17 23:26:26.445251 INFO: eventNum: 1
2024-07-17 23:26:26.445256 INFO: fd: 16, events: 4

2024-07-17 23:26:26.445293 INFO: Thread 140246122866240 is running task

2024-07-17 23:26:26.454969 INFO: eventNum: 1
2024-07-17 23:26:26.455019 INFO: fd: 13, events: 1

2024-07-17 23:26:26.455024 INFO: HandleListenEvent 13
2024-07-17 23:26:26.455049 INFO: HttpConn 17 init success
2024-07-17 23:26:26.455055 INFO: addTimer id:17 expireTime:1721230486
2024-07-17 23:26:26.455069 INFO: Client[17] in!
2024-07-17 23:26:26.455074 INFO: HandleListenEvent 13
2024-07-17 23:26:26.455085 ERROR: Accept failure -1
2024-07-17 23:26:26.455090 INFO: eventNum: 1
2024-07-17 23:26:26.455095 INFO: fd: 17, events: 1

2024-07-17 23:26:26.455111 INFO: HttpConn 17 read success
2024-07-17 23:26:26.455123 INFO: GET / HTTP/1.1
2024-07-17 23:26:26.455130 INFO: Host: 39.98.202.182:9006
2024-07-17 23:26:26.455135 INFO: User-Agent: Go-http-client/1.1
2024-07-17 23:26:26.455139 INFO: oop!unknow header: User-Agent: Go-http-client/1.1
2024-07-17 23:26:26.455144 INFO: X-Vegeta-Seq: 132
2024-07-17 23:26:26.455148 INFO: oop!unknow header: X-Vegeta-Seq: 132
2024-07-17 23:26:26.455152 INFO: Accept-Encoding: gzip
2024-07-17 23:26:26.455157 INFO: oop!unknow header: Accept-Encoding: gzip
2024-07-17 23:26:26.455161 INFO: 
2024-07-17 23:26:26.455184 INFO: request:HTTP/1.1 200 OK

2024-07-17 23:26:26.455189 INFO: request:HTTP/1.1 200 OK
Content-Length:542

2024-07-17 23:26:26.455194 INFO: request:HTTP/1.1 200 OK
Content-Length:542
Connection:close

2024-07-17 23:26:26.455198 INFO: request:HTTP/1.1 200 OK
Content-Length:542
Connection:close


2024-07-17 23:26:26.455213 INFO: Thread 140246114473536 is running task

2024-07-17 23:26:26.455224 INFO: eventNum: 1
2024-07-17 23:26:26.455228 INFO: fd: 17, events: 4

2024-07-17 23:26:26.455298 INFO: Thread 140246106080832 is running task

2024-07-17 23:26:26.458641 INFO: eventNum: 1
2024-07-17 23:26:26.458688 INFO: fd: 16, events: 8193

2024-07-17 23:26:26.458715 INFO: HttpConn 16 close success
2024-07-17 23:26:26.458720 INFO: Client[16] quit!
2024-07-17 23:26:26.465370 INFO: eventNum: 1
2024-07-17 23:26:26.465409 INFO: fd: 17, events: 8193

2024-07-17 23:26:26.465435 INFO: HttpConn 17 close success
2024-07-17 23:26:26.465441 INFO: Client[17] quit!
2024-07-17 23:26:26.474697 INFO: eventNum: 1
2024-07-17 23:26:26.474747 INFO: fd: 13, events: 1

2024-07-17 23:26:26.474753 INFO: HandleListenEvent 13
2024-07-17 23:26:26.474776 INFO: HttpConn 16 init success
2024-07-17 23:26:26.474792 INFO: addTimer id:16 expireTime:1721230486
2024-07-17 23:26:26.474806 INFO: Client[16] in!
2024-07-17 23:26:26.474811 INFO: HandleListenEvent 13
2024-07-17 23:26:26.474821 ERROR: Accept failure -1
2024-07-17 23:26:26.475084 INFO: eventNum: 1
2024-07-17 23:26:26.475100 INFO: fd: 16, events: 1

2024-07-17 23:26:26.475117 INFO: HttpConn 16 read success
2024-07-17 23:26:26.475128 INFO: GET / HTTP/1.1
2024-07-17 23:26:26.475135 INFO: Host: 39.98.202.182:9006
2024-07-17 23:26:26.475140 INFO: User-Agent: Go-http-client/1.1
2024-07-17 23:26:26.475144 INFO: oop!unknow header: User-Agent: Go-http-client/1.1
2024-07-17 23:26:26.475149 INFO: X-Vegeta-Seq: 133
2024-07-17 23:26:26.475153 INFO: oop!unknow header: X-Vegeta-Seq: 133
2024-07-17 23:26:26.475159 INFO: Accept-Encoding: gzip
2024-07-17 23:26:26.475166 INFO: oop!unknow header: Accept-Encoding: gzip
2024-07-17 23:26:26.475172 INFO: 
2024-07-17 23:26:26.475203 INFO: request:HTTP/1.1 200 OK

2024-07-17 23:26:26.475209 INFO: request:HTTP/1.1 200 OK
Content-Length:542

2024-07-17 23:26:26.475214 INFO: request:HTTP/1.1 200 OK
Content-Length:542
Connection:close

2024-07-17 23:26:26.475218 INFO: request:HTTP/1.1 200 OK
Content-Length:542
Connection:close


2024-07-17 23:26:26.475235 INFO: Thread 140246097688128 is running task

2024-07-17 23:26:26.475246 INFO: eventNum: 1
2024-07-17 23:26:26.475250 INFO: fd: 16, events: 4

2024-07-17 23:26:26.475288 INFO: Thread 140246156437056 is running task

2024-07-17 23:26:26.487091 INFO: eventNum: 1
2024-07-17 23:26:26.487140 INFO: fd: 16, events: 8193

2024-07-17 23:26:26.487174 INFO: HttpConn 16 close success
2024-07-17 23:26:26.487180 INFO: Client[16] quit!
2024-07-17 23:26:26.496162 INFO: eventNum: 1
2024-07-17 23:26:26.496217 INFO: fd: 13, events: 1

2024-07-17 23:26:26.496223 INFO: HandleListenEvent 13
2024-07-17 23:26:26.496250 INFO: HttpConn 16 init success
2024-07-17 23:26:26.496257 INFO: addTimer id:16 expireTime:1721230486
2024-07-17 23:26:26.496272 INFO: Client[16] in!
2024-07-17 23:26:26.496277 INFO: HandleListenEvent 13
2024-07-17 23:26:26.496287 ERROR: Accept failure -1
2024-07-17 23:26:26.499127 INFO: eventNum: 1
2024-07-17 23:26:26.499173 INFO: fd: 16, events: 1

2024-07-17 23:26:26.499207 INFO: HttpConn 16 read success
2024-07-17 23:26:26.499258 INFO: GET / HTTP/1.1
2024-07-17 23:26:26.499273 INFO: Host: 39.98.202.182:9006
2024-07-17 23:26:26.499281 INFO: User-Agent: Go-http-client/1.1
2024-07-17 23:26:26.499292 INFO: oop!unknow header: User-Agent: Go-http-client/1.1
2024-07-17 23:26:26.499298 INFO: X-Vegeta-Seq: 134
2024-07-17 23:26:26.499306 INFO: oop!unknow header: X-Vegeta-Seq: 134
2024-07-17 23:26:26.499310 INFO: Accept-Encoding: gzip
2024-07-17 23:26:26.499319 INFO: oop!unknow header: Accept-Encoding: gzip
2024-07-17 23:26:26.499328 INFO: 
2024-07-17 23:26:26.499368 INFO: request:HTTP/1.1 200 OK

2024-07-17 23:26:26.499387 INFO: request:HTTP/1.1 200 OK
Content-Length:542

2024-07-17 23:26:26.499395 INFO: request:HTTP/1.1 200 OK
Content-Length:542
Connection:close

2024-07-17 23:26:26.499402 INFO: request:HTTP/1.1 200 OK
Content-Length:542
Connection:close


2024-07-17 23:26:26.499436 INFO: Thread 140246148044352 is running task

2024-07-17 23:26:26.499447 INFO: eventNum: 1
2024-07-17 23:26:26.499458 INFO: fd: 16, events: 4

2024-07-17 23:26:26.499509 INFO: Thread 140246139651648 is running task

2024-07-17 23:26:26.514410 INFO: eventNum: 1
2024-07-17 23:26:26.514462 INFO: fd: 13, events: 1

2024-07-17 23:26:26.514470 INFO: HandleListenEvent 13
2024-07-17 23:26:26.514500 INFO: HttpConn 17 init success
2024-07-17 23:26:26.514508 INFO: addTimer id:17 expireTime:1721230486
2024-07-17 23:26:26.514523 INFO: Client[17] in!
2024-07-17 23:26:26.514528 INFO: HandleListenEvent 13
2024-07-17 23:26:26.514539 ERROR: Accept failure -1
2024-07-17 23:26:26.514869 INFO: eventNum: 1
2024-07-17 23:26:26.514882 INFO: fd: 16, events: 8193

2024-07-17 23:26:26.514905 INFO: HttpConn 16 close success
2024-07-17 23:26:26.514921 INFO: Client[16] quit!
2024-07-17 23:26:26.515879 INFO: eventNum: 1
2024-07-17 23:26:26.515960 INFO: fd: 17, events: 1

2024-07-17 23:26:26.515984 INFO: HttpConn 17 read success
2024-07-17 23:26:26.515998 INFO: GET / HTTP/1.1
2024-07-17 23:26:26.516005 INFO: Host: 39.98.202.182:9006
2024-07-17 23:26:26.516011 INFO: User-Agent: Go-http-client/1.1
2024-07-17 23:26:26.516015 INFO: oop!unknow header: User-Agent: Go-http-client/1.1
2024-07-17 23:26:26.516020 INFO: X-Vegeta-Seq: 135
2024-07-17 23:26:26.516024 INFO: oop!unknow header: X-Vegeta-Seq: 135
2024-07-17 23:26:26.516029 INFO: Accept-Encoding: gzip
2024-07-17 23:26:26.516033 INFO: oop!unknow header: Accept-Encoding: gzip
2024-07-17 23:26:26.516037 INFO: 
2024-07-17 23:26:26.516063 INFO: request:HTTP/1.1 200 OK

2024-07-17 23:26:26.516069 INFO: request:HTTP/1.1 200 OK
Content-Length:542

2024-07-17 23:26:26.516073 INFO: request:HTTP/1.1 200 OK
Content-Length:542
Connection:close

2024-07-17 23:26:26.516078 INFO: request:HTTP/1.1 200 OK
Content-Length:542
Connection:close


2024-07-17 23:26:26.516094 INFO: Thread 140246131258944 is running task

2024-07-17 23:26:26.516105 INFO: eventNum: 1
2024-07-17 23:26:26.516110 INFO: fd: 17, events: 4

2024-07-17 23:26:26.516147 INFO: Thread 140246122866240 is running task

2024-07-17 23:26:26.527932 INFO: eventNum: 1
2024-07-17 23:26:26.527989 INFO: fd: 17, events: 8193

2024-07-17 23:26:26.528027 INFO: HttpConn 17 close success
2024-07-17 23:26:26.528034 INFO: Client[17] quit!
2024-07-17 23:26:26.546439 INFO: eventNum: 1
2024-07-17 23:26:26.546508 INFO: fd: 13, events: 1

2024-07-17 23:26:26.546517 INFO: HandleListenEvent 13
2024-07-17 23:26:26.546544 INFO: HttpConn 16 init success
2024-07-17 23:26:26.546556 INFO: addTimer id:16 expireTime:1721230486
2024-07-17 23:26:26.546571 INFO: Client[16] in!
2024-07-17 23:26:26.546578 INFO: HandleListenEvent 13
2024-07-17 23:26:26.546593 ERROR: Accept failure -1
2024-07-17 23:26:26.546599 INFO: eventNum: 1
2024-07-17 23:26:26.546604 INFO: fd: 16, events: 1

2024-07-17 23:26:26.546628 INFO: HttpConn 16 read success
2024-07-17 23:26:26.546661 INFO: GET / HTTP/1.1
2024-07-17 23:26:26.546669 INFO: Host: 39.98.202.182:9006
2024-07-17 23:26:26.546674 INFO: User-Agent: Go-http-client/1.1
2024-07-17 23:26:26.546678 INFO: oop!unknow header: User-Agent: Go-http-client/1.1
2024-07-17 23:26:26.546683 INFO: X-Vegeta-Seq: 136
2024-07-17 23:26:26.546687 INFO: oop!unknow header: X-Vegeta-Seq: 136
2024-07-17 23:26:26.546691 INFO: Accept-Encoding: gzip
2024-07-17 23:26:26.546696 INFO: oop!unknow header: Accept-Encoding: gzip
2024-07-17 23:26:26.546700 INFO: 
2024-07-17 23:26:26.546731 INFO: request:HTTP/1.1 200 OK

2024-07-17 23:26:26.546739 INFO: request:HTTP/1.1 200 OK
Content-Length:542

2024-07-17 23:26:26.546768 INFO: request:HTTP/1.1 200 OK
Content-Length:542
Connection:close

2024-07-17 23:26:26.546776 INFO: request:HTTP/1.1 200 OK
Content-Length:542
Connection:close


2024-07-17 23:26:26.546802 INFO: Thread 140246114473536 is running task

2024-07-17 23:26:26.546826 INFO: eventNum: 1
2024-07-17 23:26:26.546835 INFO: fd: 16, events: 4

2024-07-17 23:26:26.546920 INFO: Thread 140246106080832 is running task

2024-07-17 23:26:26.557214 INFO: eventNum: 1
2024-07-17 23:26:26.557267 INFO: fd: 13, events: 1

2024-07-17 23:26:26.557273 INFO: HandleListenEvent 13
2024-07-17 23:26:26.557301 INFO: HttpConn 17 init success
2024-07-17 23:26:26.557309 INFO: addTimer id:17 expireTime:1721230486
2024-07-17 23:26:26.557323 INFO: Client[17] in!
2024-07-17 23:26:26.557328 INFO: HandleListenEvent 13
2024-07-17 23:26:26.557339 ERROR: Accept failure -1
2024-07-17 23:26:26.558445 INFO: eventNum: 1
2024-07-17 23:26:26.558469 INFO: fd: 16, events: 8193

2024-07-17 23:26:26.558493 INFO: HttpConn 16 close success
2024-07-17 23:26:26.558499 INFO: Client[16] quit!
2024-07-17 23:26:26.558766 INFO: eventNum: 1
2024-07-17 23:26:26.558777 INFO: fd: 17, events: 1

2024-07-17 23:26:26.558866 INFO: HttpConn 17 read success
2024-07-17 23:26:26.558879 INFO: GET / HTTP/1.1
2024-07-17 23:26:26.558885 INFO: Host: 39.98.202.182:9006
2024-07-17 23:26:26.558890 INFO: User-Agent: Go-http-client/1.1
2024-07-17 23:26:26.558904 INFO: oop!unknow header: User-Agent: Go-http-client/1.1
2024-07-17 23:26:26.558933 INFO: X-Vegeta-Seq: 137
2024-07-17 23:26:26.558939 INFO: oop!unknow header: X-Vegeta-Seq: 137
2024-07-17 23:26:26.558944 INFO: Accept-Encoding: gzip
2024-07-17 23:26:26.558949 INFO: oop!unknow header: Accept-Encoding: gzip
2024-07-17 23:26:26.558954 INFO: 
2024-07-17 23:26:26.558985 INFO: request:HTTP/1.1 200 OK

2024-07-17 23:26:26.558993 INFO: request:HTTP/1.1 200 OK
Content-Length:542

2024-07-17 23:26:26.558999 INFO: request:HTTP/1.1 200 OK
Content-Length:542
Connection:close

2024-07-17 23:26:26.559004 INFO: request:HTTP/1.1 200 OK
Content-Length:542
Connection:close


2024-07-17 23:26:26.559024 INFO: Thread 140246097688128 is running task

2024-07-17 23:26:26.559039 INFO: eventNum: 1
2024-07-17 23:26:26.559046 INFO: fd: 17, events: 4

2024-07-17 23:26:26.559097 INFO: Thread 140246156437056 is running task

2024-07-17 23:26:26.569616 INFO: eventNum: 1
2024-07-17 23:26:26.569667 INFO: fd: 17, events: 8193

2024-07-17 23:26:26.569696 INFO: HttpConn 17 close success
2024-07-17 23:26:26.569702 INFO: Client[17] quit!
2024-07-17 23:26:26.575079 INFO: eventNum: 1
2024-07-17 23:26:26.575126 INFO: fd: 13, events: 1

2024-07-17 23:26:26.575134 INFO: HandleListenEvent 13
2024-07-17 23:26:26.575165 INFO: HttpConn 16 init success
2024-07-17 23:26:26.575175 INFO: addTimer id:16 expireTime:1721230486
2024-07-17 23:26:26.575196 INFO: Client[16] in!
2024-07-17 23:26:26.575203 INFO: HandleListenEvent 13
2024-07-17 23:26:26.575217 ERROR: Accept failure -1
2024-07-17 23:26:26.575226 INFO: eventNum: 1
2024-07-17 23:26:26.575233 INFO: fd: 16, events: 1

2024-07-17 23:26:26.575265 INFO: HttpConn 16 read success
2024-07-17 23:26:26.575313 INFO: GET / HTTP/1.1
2024-07-17 23:26:26.575323 INFO: Host: 39.98.202.182:9006
2024-07-17 23:26:26.575329 INFO: User-Agent: Go-http-client/1.1
2024-07-17 23:26:26.575333 INFO: oop!unknow header: User-Agent: Go-http-client/1.1
2024-07-17 23:26:26.575338 INFO: X-Vegeta-Seq: 138
2024-07-17 23:26:26.575343 INFO: oop!unknow header: X-Vegeta-Seq: 138
2024-07-17 23:26:26.575347 INFO: Accept-Encoding: gzip
2024-07-17 23:26:26.575352 INFO: oop!unknow header: Accept-Encoding: gzip
2024-07-17 23:26:26.575359 INFO: 
2024-07-17 23:26:26.575392 INFO: request:HTTP/1.1 200 OK

2024-07-17 23:26:26.575401 INFO: request:HTTP/1.1 200 OK
Content-Length:542

2024-07-17 23:26:26.575408 INFO: request:HTTP/1.1 200 OK
Content-Length:542
Connection:close

2024-07-17 23:26:26.575415 INFO: request:HTTP/1.1 200 OK
Content-Length:542
Connection:close


2024-07-17 23:26:26.575442 INFO: Thread 140246148044352 is running task

2024-07-17 23:26:26.575465 INFO: eventNum: 1
2024-07-17 23:26:26.575479 INFO: fd: 16, events: 4

2024-07-17 23:26:26.575548 INFO: Thread 140246139651648 is running task

2024-07-17 23:26:26.587411 INFO: eventNum: 1
2024-07-17 23:26:26.587471 INFO: fd: 16, events: 8193

2024-07-17 23:26:26.587513 INFO: HttpConn 16 close success
2024-07-17 23:26:26.587519 INFO: Client[16] quit!
