2024-07-17 23:26:26.871222 INFO: GET / HTTP/1.1
2024-07-17 23:26:26.871279 INFO: Host: 39.98.202.182:9006
2024-07-17 23:26:26.871285 INFO: User-Agent: Go-http-client/1.1
2024-07-17 23:26:26.871290 INFO: oop!unknow header: User-Agent: Go-http-client/1.1
2024-07-17 23:26:26.871295 INFO: X-Vegeta-Seq: 149
2024-07-17 23:26:26.871299 INFO: oop!unknow header: X-Vegeta-Seq: 149
2024-07-17 23:26:26.871303 INFO: Accept-Encoding: gzip
2024-07-17 23:26:26.871308 INFO: oop!unknow header: Accept-Encoding: gzip
2024-07-17 23:26:26.871312 INFO: 
2024-07-17 23:26:26.871331 INFO: request:HTTP/1.1 200 OK

2024-07-17 23:26:26.871336 INFO: request:HTTP/1.1 200 OK
Content-Length:542

2024-07-17 23:26:26.871340 INFO: request:HTTP/1.1 200 OK
Content-Length:542
Connection:close

2024-07-17 23:26:26.871345 INFO: request:HTTP/1.1 200 OK
Content-Length:542
Connection:close


2024-07-17 23:26:26.871364 INFO: Thread 140246097688128 is running task

2024-07-17 23:26:26.871388 INFO: eventNum: 1
2024-07-17 23:26:26.871394 INFO: fd: 16, events: 4

2024-07-17 23:26:26.871434 INFO: Thread 140246156437056 is running task

2024-07-17 23:26:26.871535 INFO: eventNum: 1
2024-07-17 23:26:26.871574 INFO: fd: 13, events: 1

2024-07-17 23:26:26.871582 INFO: HandleListenEvent 13
2024-07-17 23:26:26.871597 INFO: HttpConn 17 init success
2024-07-17 23:26:26.871603 INFO: addTimer id:17 expireTime:1721230486
2024-07-17 23:26:26.871615 INFO: Client[17] in!
2024-07-17 23:26:26.871620 INFO: HandleListenEvent 13
2024-07-17 23:26:26.871629 ERROR: Accept failure -1
2024-07-17 23:26:26.871956 INFO: eventNum: 1
2024-07-17 23:26:26.871976 INFO: fd: 13, events: 1

2024-07-17 23:26:26.871981 INFO: HandleListenEvent 13
2024-07-17 23:26:26.871998 INFO: HttpConn 18 init success
2024-07-17 23:26:26.872004 INFO: addTimer id:18 expireTime:1721230486
2024-07-17 23:26:26.872014 INFO: Client[18] in!
2024-07-17 23:26:26.872019 INFO: HandleListenEvent 13
2024-07-17 23:26:26.872027 ERROR: Accept failure -1
2024-07-17 23:26:26.872100 INFO: eventNum: 1
2024-07-17 23:26:26.872122 INFO: fd: 13, events: 1

2024-07-17 23:26:26.872129 INFO: HandleListenEvent 13
2024-07-17 23:26:26.872148 INFO: HttpConn 26 init success
2024-07-17 23:26:26.872157 INFO: addTimer id:26 expireTime:1721230486
2024-07-17 23:26:26.872171 INFO: Client[26] in!
2024-07-17 23:26:26.872178 INFO: HandleListenEvent 13
2024-07-17 23:26:26.872193 ERROR: Accept failure -1
2024-07-17 23:26:26.872266 INFO: eventNum: 1
2024-07-17 23:26:26.872292 INFO: fd: 17, events: 1

2024-07-17 23:26:26.872321 INFO: HttpConn 17 read success
2024-07-17 23:26:26.872337 INFO: GET / HTTP/1.1
2024-07-17 23:26:26.872345 INFO: Host: 39.98.202.182:9006
2024-07-17 23:26:26.872357 INFO: User-Agent: Go-http-client/1.1
2024-07-17 23:26:26.872362 INFO: oop!unknow header: User-Agent: Go-http-client/1.1
2024-07-17 23:26:26.872367 INFO: X-Vegeta-Seq: 150
2024-07-17 23:26:26.872371 INFO: oop!unknow header: X-Vegeta-Seq: 150
2024-07-17 23:26:26.872375 INFO: Accept-Encoding: gzip
2024-07-17 23:26:26.872380 INFO: oop!unknow header: Accept-Encoding: gzip
2024-07-17 23:26:26.872384 INFO: 
2024-07-17 23:26:26.872404 INFO: request:HTTP/1.1 200 OK

2024-07-17 23:26:26.872411 INFO: request:HTTP/1.1 200 OK
Content-Length:542

2024-07-17 23:26:26.872417 INFO: request:HTTP/1.1 200 OK
Content-Length:542
Connection:close

2024-07-17 23:26:26.872424 INFO: request:HTTP/1.1 200 OK
Content-Length:542
Connection:close


2024-07-17 23:26:26.872440 INFO: Thread 140246148044352 is running task

2024-07-17 23:26:26.872454 INFO: eventNum: 2
2024-07-17 23:26:26.872462 INFO: fd: 18, events: 1

2024-07-17 23:26:26.872478 INFO: fd: 17, events: 4

2024-07-17 23:26:26.872484 INFO: HttpConn 18 read success
2024-07-17 23:26:26.872499 INFO: GET / HTTP/1.1
2024-07-17 23:26:26.872505 INFO: Host: 39.98.202.182:9006
2024-07-17 23:26:26.872510 INFO: User-Agent: Go-http-client/1.1
2024-07-17 23:26:26.872514 INFO: oop!unknow header: User-Agent: Go-http-client/1.1
2024-07-17 23:26:26.872518 INFO: X-Vegeta-Seq: 151
2024-07-17 23:26:26.872522 INFO: oop!unknow header: X-Vegeta-Seq: 151
2024-07-17 23:26:26.872527 INFO: Accept-Encoding: gzip
2024-07-17 23:26:26.872539 INFO: oop!unknow header: Accept-Encoding: gzip
2024-07-17 23:26:26.872543 INFO: 
2024-07-17 23:26:26.872560 INFO: request:HTTP/1.1 200 OK

2024-07-17 23:26:26.872566 INFO: request:HTTP/1.1 200 OK
Content-Length:542

2024-07-17 23:26:26.872570 INFO: request:HTTP/1.1 200 OK
Content-Length:542
Connection:close

2024-07-17 23:26:26.872574 INFO: request:HTTP/1.1 200 OK
Content-Length:542
Connection:close


2024-07-17 23:26:26.872591 INFO: Thread 140246139651648 is running task

2024-07-17 23:26:26.872594 INFO: eventNum: 1
2024-07-17 23:26:26.872603 INFO: fd: 18, events: 4

2024-07-17 23:26:26.872619 INFO: Thread 140246139651648 is running task

2024-07-17 23:26:26.872636 INFO: Thread 140246139651648 is running task

2024-07-17 23:26:26.873263 INFO: eventNum: 1
2024-07-17 23:26:26.873288 INFO: fd: 26, events: 1

2024-07-17 23:26:26.873308 INFO: HttpConn 26 read success
2024-07-17 23:26:26.873323 INFO: GET / HTTP/1.1
2024-07-17 23:26:26.873329 INFO: Host: 39.98.202.182:9006
2024-07-17 23:26:26.873333 INFO: User-Agent: Go-http-client/1.1
2024-07-17 23:26:26.873337 INFO: oop!unknow header: User-Agent: Go-http-client/1.1
2024-07-17 23:26:26.873342 INFO: X-Vegeta-Seq: 152
2024-07-17 23:26:26.873346 INFO: oop!unknow header: X-Vegeta-Seq: 152
2024-07-17 23:26:26.873350 INFO: Accept-Encoding: gzip
2024-07-17 23:26:26.873354 INFO: oop!unknow header: Accept-Encoding: gzip
2024-07-17 23:26:26.873358 INFO: 
2024-07-17 23:26:26.873373 INFO: request:HTTP/1.1 200 OK

2024-07-17 23:26:26.873378 INFO: request:HTTP/1.1 200 OK
Content-Length:542

2024-07-17 23:26:26.873382 INFO: request:HTTP/1.1 200 OK
Content-Length:542
Connection:close

2024-07-17 23:26:26.873386 INFO: request:HTTP/1.1 200 OK
Content-Length:542
Connection:close


2024-07-17 23:26:26.873400 INFO: Thread 140246114473536 is running task

2024-07-17 23:26:26.873416 INFO: eventNum: 1
2024-07-17 23:26:26.873429 INFO: fd: 26, events: 4

2024-07-17 23:26:26.873482 INFO: Thread 140246106080832 is running task

2024-07-17 23:26:26.877528 INFO: eventNum: 1
2024-07-17 23:26:26.877558 INFO: fd: 13, events: 1

2024-07-17 23:26:26.877564 INFO: HandleListenEvent 13
2024-07-17 23:26:26.877595 INFO: HttpConn 28 init success
2024-07-17 23:26:26.877605 INFO: addTimer id:28 expireTime:1721230486
2024-07-17 23:26:26.877620 INFO: Client[28] in!
2024-07-17 23:26:26.877627 INFO: HandleListenEvent 13
2024-07-17 23:26:26.877639 ERROR: Accept failure -1
2024-07-17 23:26:26.877865 INFO: eventNum: 1
2024-07-17 23:26:26.877890 INFO: fd: 28, events: 1

2024-07-17 23:26:26.877941 INFO: HttpConn 28 read success
2024-07-17 23:26:26.877962 INFO: GET / HTTP/1.1
2024-07-17 23:26:26.877969 INFO: Host: 39.98.202.182:9006
2024-07-17 23:26:26.877973 INFO: User-Agent: Go-http-client/1.1
2024-07-17 23:26:26.877978 INFO: oop!unknow header: User-Agent: Go-http-client/1.1
2024-07-17 23:26:26.877982 INFO: X-Vegeta-Seq: 153
2024-07-17 23:26:26.877987 INFO: oop!unknow header: X-Vegeta-Seq: 153
2024-07-17 23:26:26.877991 INFO: Accept-Encoding: gzip
2024-07-17 23:26:26.877995 INFO: oop!unknow header: Accept-Encoding: gzip
2024-07-17 23:26:26.877999 INFO: 
2024-07-17 23:26:26.878021 INFO: request:HTTP/1.1 200 OK

2024-07-17 23:26:26.878026 INFO: request:HTTP/1.1 200 OK
Content-Length:542

2024-07-17 23:26:26.878034 INFO: request:HTTP/1.1 200 OK
Content-Length:542
Connection:close

2024-07-17 23:26:26.878038 INFO: request:HTTP/1.1 200 OK
Content-Length:542
Connection:close


2024-07-17 23:26:26.878053 INFO: Thread 140246097688128 is running task

2024-07-17 23:26:26.878054 INFO: eventNum: 1
2024-07-17 23:26:26.878067 INFO: fd: 28, events: 4

2024-07-17 23:26:26.878105 INFO: Thread 140246156437056 is running task

2024-07-17 23:26:26.951876 INFO: eventNum: 1
2024-07-17 23:26:26.951969 INFO: fd: 16, events: 8193

2024-07-17 23:26:26.952018 INFO: HttpConn 16 close success
2024-07-17 23:26:26.952024 INFO: Client[16] quit!
2024-07-17 23:26:26.952630 INFO: eventNum: 1
2024-07-17 23:26:26.952665 INFO: fd: 18, events: 8193

2024-07-17 23:26:26.952696 INFO: HttpConn 18 close success
2024-07-17 23:26:26.952789 INFO: Client[18] quit!
2024-07-17 23:26:26.952811 INFO: eventNum: 1
2024-07-17 23:26:26.952825 INFO: fd: 26, events: 8193

2024-07-17 23:26:26.952846 INFO: HttpConn 26 close success
2024-07-17 23:26:26.952856 INFO: Client[26] quit!
2024-07-17 23:26:26.953665 INFO: eventNum: 1
2024-07-17 23:26:26.953697 INFO: fd: 17, events: 8193

2024-07-17 23:26:26.953725 INFO: HttpConn 17 close success
2024-07-17 23:26:26.953738 INFO: Client[17] quit!
2024-07-17 23:26:26.966575 INFO: eventNum: 1
2024-07-17 23:26:26.966662 INFO: fd: 13, events: 1

2024-07-17 23:26:26.966674 INFO: HandleListenEvent 13
2024-07-17 23:26:26.966705 INFO: HttpConn 16 init success
2024-07-17 23:26:26.966716 INFO: addTimer id:16 expireTime:1721230486
2024-07-17 23:26:26.966734 INFO: Client[16] in!
2024-07-17 23:26:26.966740 INFO: HandleListenEvent 13
2024-07-17 23:26:26.966755 ERROR: Accept failure -1
2024-07-17 23:26:26.967871 INFO: eventNum: 1
2024-07-17 23:26:26.967949 INFO: fd: 28, events: 8193

2024-07-17 23:26:26.967986 INFO: HttpConn 28 close success
2024-07-17 23:26:26.967999 INFO: Client[28] quit!
2024-07-17 23:26:26.972161 INFO: eventNum: 1
2024-07-17 23:26:26.972203 INFO: fd: 16, events: 1

2024-07-17 23:26:26.972232 INFO: HttpConn 16 read success
2024-07-17 23:26:26.972249 INFO: GET / HTTP/1.1
2024-07-17 23:26:26.972255 INFO: Host: 39.98.202.182:9006
2024-07-17 23:26:26.972260 INFO: User-Agent: Go-http-client/1.1
2024-07-17 23:26:26.972265 INFO: oop!unknow header: User-Agent: Go-http-client/1.1
2024-07-17 23:26:26.972270 INFO: X-Vegeta-Seq: 154
2024-07-17 23:26:26.972274 INFO: oop!unknow header: X-Vegeta-Seq: 154
2024-07-17 23:26:26.972278 INFO: Accept-Encoding: gzip
2024-07-17 23:26:26.972283 INFO: oop!unknow header: Accept-Encoding: gzip
2024-07-17 23:26:26.972287 INFO: 
2024-07-17 23:26:26.972313 INFO: request:HTTP/1.1 200 OK

2024-07-17 23:26:26.972318 INFO: request:HTTP/1.1 200 OK
Content-Length:542

2024-07-17 23:26:26.972323 INFO: request:HTTP/1.1 200 OK
Content-Length:542
Connection:close

2024-07-17 23:26:26.972327 INFO: request:HTTP/1.1 200 OK
Content-Length:542
Connection:close


2024-07-17 23:26:26.972343 INFO: Thread 140246148044352 is running task

2024-07-17 23:26:26.972355 INFO: eventNum: 1
2024-07-17 23:26:26.972360 INFO: fd: 16, events: 4

2024-07-17 23:26:26.972417 INFO: Thread 140246139651648 is running task

2024-07-17 23:26:26.979750 INFO: eventNum: 1
2024-07-17 23:26:26.979835 INFO: fd: 13, events: 1

2024-07-17 23:26:26.979847 INFO: HandleListenEvent 13
2024-07-17 23:26:26.979878 INFO: HttpConn 17 init success
2024-07-17 23:26:26.979889 INFO: addTimer id:17 expireTime:1721230486
2024-07-17 23:26:26.979937 INFO: Client[17] in!
2024-07-17 23:26:26.979946 INFO: HandleListenEvent 13
2024-07-17 23:26:26.979961 INFO: HttpConn 18 init success
2024-07-17 23:26:26.979970 INFO: addTimer id:18 expireTime:1721230486
2024-07-17 23:26:26.979982 INFO: Client[18] in!
2024-07-17 23:26:26.979989 INFO: HandleListenEvent 13
2024-07-17 23:26:26.980004 ERROR: Accept failure -1
2024-07-17 23:26:26.980294 INFO: eventNum: 1
2024-07-17 23:26:26.980319 INFO: fd: 13, events: 1

2024-07-17 23:26:26.980326 INFO: HandleListenEvent 13
2024-07-17 23:26:26.980340 INFO: HttpConn 26 init success
2024-07-17 23:26:26.980346 INFO: addTimer id:26 expireTime:1721230486
2024-07-17 23:26:26.980356 INFO: Client[26] in!
2024-07-17 23:26:26.980361 INFO: HandleListenEvent 13
2024-07-17 23:26:26.980369 ERROR: Accept failure -1
2024-07-17 23:26:26.980693 INFO: eventNum: 1
2024-07-17 23:26:26.980704 INFO: fd: 26, events: 1

2024-07-17 23:26:26.980720 INFO: HttpConn 26 read success
2024-07-17 23:26:26.980733 INFO: GET / HTTP/1.1
2024-07-17 23:26:26.980739 INFO: Host: 39.98.202.182:9006
2024-07-17 23:26:26.980744 INFO: User-Agent: Go-http-client/1.1
2024-07-17 23:26:26.980748 INFO: oop!unknow header: User-Agent: Go-http-client/1.1
2024-07-17 23:26:26.980753 INFO: X-Vegeta-Seq: 158
2024-07-17 23:26:26.980757 INFO: oop!unknow header: X-Vegeta-Seq: 158
2024-07-17 23:26:26.980762 INFO: Accept-Encoding: gzip
2024-07-17 23:26:26.980775 INFO: oop!unknow header: Accept-Encoding: gzip
2024-07-17 23:26:26.980779 INFO: 
2024-07-17 23:26:26.980804 INFO: request:HTTP/1.1 200 OK

2024-07-17 23:26:26.980809 INFO: request:HTTP/1.1 200 OK
Content-Length:542

2024-07-17 23:26:26.980814 INFO: request:HTTP/1.1 200 OK
Content-Length:542
Connection:close

2024-07-17 23:26:26.980818 INFO: request:HTTP/1.1 200 OK
Content-Length:542
Connection:close


2024-07-17 23:26:26.980834 INFO: Thread 140246131258944 is running task

2024-07-17 23:26:26.980847 INFO: eventNum: 1
2024-07-17 23:26:26.980852 INFO: fd: 26, events: 4

2024-07-17 23:26:26.980891 INFO: Thread 140246122866240 is running task

2024-07-17 23:26:26.980984 INFO: eventNum: 1
2024-07-17 23:26:26.981014 INFO: fd: 13, events: 1

2024-07-17 23:26:26.981020 INFO: HandleListenEvent 13
2024-07-17 23:26:26.981034 INFO: HttpConn 28 init success
2024-07-17 23:26:26.981040 INFO: addTimer id:28 expireTime:1721230486
2024-07-17 23:26:26.981051 INFO: Client[28] in!
2024-07-17 23:26:26.981056 INFO: HandleListenEvent 13
2024-07-17 23:26:26.981065 ERROR: Accept failure -1
2024-07-17 23:26:26.983508 INFO: eventNum: 1
2024-07-17 23:26:26.983553 INFO: fd: 17, events: 1

2024-07-17 23:26:26.983579 INFO: HttpConn 17 read success
2024-07-17 23:26:26.983603 INFO: GET / HTTP/1.1
2024-07-17 23:26:26.983610 INFO: Host: 39.98.202.182:9006
2024-07-17 23:26:26.983615 INFO: User-Agent: Go-http-client/1.1
2024-07-17 23:26:26.983619 INFO: oop!unknow header: User-Agent: Go-http-client/1.1
2024-07-17 23:26:26.983624 INFO: X-Vegeta-Seq: 157
2024-07-17 23:26:26.983628 INFO: oop!unknow header: X-Vegeta-Seq: 157
2024-07-17 23:26:26.983632 INFO: Accept-Encoding: gzip
2024-07-17 23:26:26.983637 INFO: oop!unknow header: Accept-Encoding: gzip
2024-07-17 23:26:26.983641 INFO: 
2024-07-17 23:26:26.983663 INFO: request:HTTP/1.1 200 OK

2024-07-17 23:26:26.983668 INFO: request:HTTP/1.1 200 OK
Content-Length:542

2024-07-17 23:26:26.983672 INFO: request:HTTP/1.1 200 OK
Content-Length:542
Connection:close

2024-07-17 23:26:26.983676 INFO: request:HTTP/1.1 200 OK
Content-Length:542
Connection:close


2024-07-17 23:26:26.983692 INFO: Thread 140246114473536 is running task

2024-07-17 23:26:26.983708 INFO: eventNum: 1
2024-07-17 23:26:26.983714 INFO: fd: 17, events: 4

2024-07-17 23:26:26.983792 INFO: Thread 140246106080832 is running task

2024-07-17 23:26:26.983962 INFO: eventNum: 2
2024-07-17 23:26:26.983974 INFO: fd: 28, events: 1

2024-07-17 23:26:26.983990 INFO: HttpConn 28 read success
2024-07-17 23:26:26.983999 INFO: GET / HTTP/1.1
2024-07-17 23:26:26.984005 INFO: Host: 39.98.202.182:9006
2024-07-17 23:26:26.984009 INFO: User-Agent: Go-http-client/1.1
2024-07-17 23:26:26.984013 INFO: oop!unknow header: User-Agent: Go-http-client/1.1
2024-07-17 23:26:26.984018 INFO: X-Vegeta-Seq: 155
2024-07-17 23:26:26.984022 INFO: oop!unknow header: X-Vegeta-Seq: 155
2024-07-17 23:26:26.984026 INFO: Accept-Encoding: gzip
2024-07-17 23:26:26.984030 INFO: oop!unknow header: Accept-Encoding: gzip
2024-07-17 23:26:26.984034 INFO: 
2024-07-17 23:26:26.984050 INFO: request:HTTP/1.1 200 OK

2024-07-17 23:26:26.984054 INFO: request:HTTP/1.1 200 OK
Content-Length:542

2024-07-17 23:26:26.984059 INFO: request:HTTP/1.1 200 OK
Content-Length:542
Connection:close

2024-07-17 23:26:26.984063 INFO: request:HTTP/1.1 200 OK
Content-Length:542
Connection:close


2024-07-17 23:26:26.984072 INFO: Thread 140246097688128 is running task

2024-07-17 23:26:26.984079 INFO: fd: 18, events: 1

2024-07-17 23:26:26.984091 INFO: HttpConn 18 read success
2024-07-17 23:26:26.984100 INFO: GET / HTTP/1.1
2024-07-17 23:26:26.984105 INFO: Host: 39.98.202.182:9006
2024-07-17 23:26:26.984109 INFO: User-Agent: Go-http-client/1.1
2024-07-17 23:26:26.984114 INFO: oop!unknow header: User-Agent: Go-http-client/1.1
2024-07-17 23:26:26.984118 INFO: X-Vegeta-Seq: 156
2024-07-17 23:26:26.984122 INFO: oop!unknow header: X-Vegeta-Seq: 156
2024-07-17 23:26:26.984127 INFO: Accept-Encoding: gzip
2024-07-17 23:26:26.984131 INFO: oop!unknow header: Accept-Encoding: gzip
2024-07-17 23:26:26.984142 INFO: 
2024-07-17 23:26:26.984155 INFO: request:HTTP/1.1 200 OK

2024-07-17 23:26:26.984160 INFO: request:HTTP/1.1 200 OK
Content-Length:542

2024-07-17 23:26:26.984164 INFO: request:HTTP/1.1 200 OK
Content-Length:542
Connection:close

2024-07-17 23:26:26.984169 INFO: request:HTTP/1.1 200 OK
Content-Length:542
Connection:close


2024-07-17 23:26:26.984175 INFO: Thread 140246156437056 is running task

2024-07-17 23:26:26.984184 INFO: eventNum: 2
2024-07-17 23:26:26.984189 INFO: fd: 28, events: 4

2024-07-17 23:26:26.984198 INFO: fd: 18, events: 4

2024-07-17 23:26:26.984251 INFO: Thread 140246148044352 is running task

2024-07-17 23:26:26.984294 INFO: Thread 140246148044352 is running task

2024-07-17 23:26:26.988329 INFO: eventNum: 1
2024-07-17 23:26:26.988369 INFO: fd: 16, events: 8193

2024-07-17 23:26:26.988396 INFO: HttpConn 16 close success
2024-07-17 23:26:26.988401 INFO: Client[16] quit!
2024-07-17 23:26:26.996812 INFO: eventNum: 1
2024-07-17 23:26:26.996862 INFO: fd: 26, events: 8193

2024-07-17 23:26:26.996893 INFO: HttpConn 26 close success
2024-07-17 23:26:26.996898 INFO: Client[26] quit!
2024-07-17 23:26:26.998589 INFO: eventNum: 1
2024-07-17 23:26:26.998610 INFO: fd: 18, events: 8193

2024-07-17 23:26:26.998629 INFO: HttpConn 18 close success
2024-07-17 23:26:26.998634 INFO: Client[18] quit!
2024-07-17 23:26:26.998874 INFO: eventNum: 1
2024-07-17 23:26:26.998885 INFO: fd: 17, events: 8193

2024-07-17 23:26:26.998898 INFO: HttpConn 17 close success
2024-07-17 23:26:26.998903 INFO: Client[17] quit!
2024-07-17 23:26:26.999110 INFO: eventNum: 1
2024-07-17 23:26:26.999127 INFO: fd: 13, events: 1

2024-07-17 23:26:26.999132 INFO: HandleListenEvent 13
2024-07-17 23:26:26.999156 INFO: HttpConn 16 init success
2024-07-17 23:26:26.999166 INFO: addTimer id:16 expireTime:1721230486
2024-07-17 23:26:26.999195 INFO: Client[16] in!
2024-07-17 23:26:26.999202 INFO: HandleListenEvent 13
2024-07-17 23:26:26.999213 ERROR: Accept failure -1
2024-07-17 23:26:26.999841 INFO: eventNum: 1
2024-07-17 23:26:26.999859 INFO: fd: 16, events: 1

2024-07-17 23:26:26.999877 INFO: HttpConn 16 read success
2024-07-17 23:26:26.999891 INFO: GET / HTTP/1.1
2024-07-17 23:26:26.999897 INFO: Host: 39.98.202.182:9006
2024-07-17 23:26:26.999901 INFO: User-Agent: Go-http-client/1.1
2024-07-17 23:26:26.999906 INFO: oop!unknow header: User-Agent: Go-http-client/1.1
2024-07-17 23:26:26.999929 INFO: X-Vegeta-Seq: 159
2024-07-17 23:26:26.999933 INFO: oop!unknow header: X-Vegeta-Seq: 159
2024-07-17 23:26:26.999938 INFO: Accept-Encoding: gzip
2024-07-17 23:26:26.999942 INFO: oop!unknow header: Accept-Encoding: gzip
2024-07-17 23:26:26.999946 INFO: 
2024-07-17 23:26:26.999971 INFO: request:HTTP/1.1 200 OK

2024-07-17 23:26:26.999976 INFO: request:HTTP/1.1 200 OK
Content-Length:542

2024-07-17 23:26:26.999981 INFO: request:HTTP/1.1 200 OK
Content-Length:542
Connection:close

2024-07-17 23:26:26.999986 INFO: request:HTTP/1.1 200 OK
Content-Length:542
Connection:close


2024-07-17 23:26:27.000002 INFO: Thread 140246131258944 is running task

2024-07-17 23:26:27.000019 INFO: eventNum: 1
2024-07-17 23:26:27.000024 INFO: fd: 16, events: 4

2024-07-17 23:26:27.000064 INFO: Thread 140246122866240 is running task

2024-07-17 23:26:27.000848 INFO: eventNum: 1
2024-07-17 23:26:27.000884 INFO: fd: 28, events: 8193

2024-07-17 23:26:27.000943 INFO: HttpConn 28 close success
2024-07-17 23:26:27.000950 INFO: Client[28] quit!
2024-07-17 23:26:27.015421 INFO: eventNum: 1
2024-07-17 23:26:27.015483 INFO: fd: 13, events: 1

2024-07-17 23:26:27.015495 INFO: HandleListenEvent 13
2024-07-17 23:26:27.015526 INFO: HttpConn 17 init success
2024-07-17 23:26:27.015535 INFO: addTimer id:17 expireTime:1721230487
2024-07-17 23:26:27.015548 INFO: Client[17] in!
2024-07-17 23:26:27.015553 INFO: HandleListenEvent 13
2024-07-17 23:26:27.015564 ERROR: Accept failure -1
2024-07-17 23:26:27.016502 INFO: eventNum: 1
2024-07-17 23:26:27.016524 INFO: fd: 17, events: 1

2024-07-17 23:26:27.016561 INFO: HttpConn 17 read success
2024-07-17 23:26:27.016596 INFO: GET / HTTP/1.1
2024-07-17 23:26:27.016612 INFO: Host: 39.98.202.182:9006
2024-07-17 23:26:27.016617 INFO: User-Agent: Go-http-client/1.1
2024-07-17 23:26:27.016622 INFO: oop!unknow header: User-Agent: Go-http-client/1.1
2024-07-17 23:26:27.016627 INFO: X-Vegeta-Seq: 160
2024-07-17 23:26:27.016631 INFO: oop!unknow header: X-Vegeta-Seq: 160
2024-07-17 23:26:27.016636 INFO: Accept-Encoding: gzip
2024-07-17 23:26:27.016640 INFO: oop!unknow header: Accept-Encoding: gzip
2024-07-17 23:26:27.016644 INFO: 
2024-07-17 23:26:27.016673 INFO: request:HTTP/1.1 200 OK

2024-07-17 23:26:27.016694 INFO: request:HTTP/1.1 200 OK
Content-Length:542

2024-07-17 23:26:27.016695 INFO: eventNum: 1
2024-07-17 23:26:27.016704 INFO: request:HTTP/1.1 200 OK
Content-Length:542
Connection:close

2024-07-17 23:26:27.016740 INFO: request:HTTP/1.1 200 OK
Content-Length:542
Connection:close


2024-07-17 23:26:27.016758 INFO: Thread 140246114473536 is running task

2024-07-17 23:26:27.016730 INFO: fd: 16, events: 8193

2024-07-17 23:26:27.016790 INFO: HttpConn 16 close success
2024-07-17 23:26:27.016797 INFO: Client[16] quit!
2024-07-17 23:26:27.016802 INFO: eventNum: 1
2024-07-17 23:26:27.016807 INFO: fd: 17, events: 4

2024-07-17 23:26:27.016848 INFO: Thread 140246106080832 is running task

2024-07-17 23:26:27.028854 INFO: eventNum: 1
2024-07-17 23:26:27.028900 INFO: fd: 17, events: 8193

2024-07-17 23:26:27.028944 INFO: HttpConn 17 close success
2024-07-17 23:26:27.028950 INFO: Client[17] quit!
2024-07-17 23:26:27.037055 INFO: eventNum: 1
2024-07-17 23:26:27.037108 INFO: fd: 13, events: 1

2024-07-17 23:26:27.037114 INFO: HandleListenEvent 13
2024-07-17 23:26:27.037141 INFO: HttpConn 16 init success
2024-07-17 23:26:27.037149 INFO: addTimer id:16 expireTime:1721230487
2024-07-17 23:26:27.037169 INFO: Client[16] in!
2024-07-17 23:26:27.037177 INFO: HandleListenEvent 13
2024-07-17 23:26:27.037191 ERROR: Accept failure -1
2024-07-17 23:26:27.037425 INFO: eventNum: 1
2024-07-17 23:26:27.037439 INFO: fd: 16, events: 1

2024-07-17 23:26:27.037456 INFO: HttpConn 16 read success
2024-07-17 23:26:27.037469 INFO: GET / HTTP/1.1
2024-07-17 23:26:27.037475 INFO: Host: 39.98.202.182:9006
2024-07-17 23:26:27.037480 INFO: User-Agent: Go-http-client/1.1
2024-07-17 23:26:27.037484 INFO: oop!unknow header: User-Agent: Go-http-client/1.1
2024-07-17 23:26:27.037489 INFO: X-Vegeta-Seq: 161
2024-07-17 23:26:27.037493 INFO: oop!unknow header: X-Vegeta-Seq: 161
2024-07-17 23:26:27.037497 INFO: Accept-Encoding: gzip
2024-07-17 23:26:27.037502 INFO: oop!unknow header: Accept-Encoding: gzip
2024-07-17 23:26:27.037506 INFO: 
2024-07-17 23:26:27.037530 INFO: request:HTTP/1.1 200 OK

2024-07-17 23:26:27.037535 INFO: request:HTTP/1.1 200 OK
Content-Length:542

2024-07-17 23:26:27.037540 INFO: request:HTTP/1.1 200 OK
Content-Length:542
Connection:close

2024-07-17 23:26:27.037544 INFO: request:HTTP/1.1 200 OK
Content-Length:542
Connection:close


2024-07-17 23:26:27.037559 INFO: Thread 140246097688128 is running task

2024-07-17 23:26:27.037570 INFO: eventNum: 1
2024-07-17 23:26:27.037575 INFO: fd: 16, events: 4

2024-07-17 23:26:27.037637 INFO: Thread 140246156437056 is running task

2024-07-17 23:26:27.058849 INFO: eventNum: 1
2024-07-17 23:26:27.058920 INFO: fd: 13, events: 1

2024-07-17 23:26:27.058937 INFO: HandleListenEvent 13
2024-07-17 23:26:27.058971 INFO: HttpConn 17 init success
2024-07-17 23:26:27.058981 INFO: addTimer id:17 expireTime:1721230487
2024-07-17 23:26:27.058995 INFO: Client[17] in!
2024-07-17 23:26:27.059000 INFO: HandleListenEvent 13
2024-07-17 23:26:27.059011 ERROR: Accept failure -1
2024-07-17 23:26:27.059167 INFO: eventNum: 1
2024-07-17 23:26:27.059189 INFO: fd: 17, events: 1

2024-07-17 23:26:27.059220 INFO: HttpConn 17 read success
2024-07-17 23:26:27.059257 INFO: GET / HTTP/1.1
2024-07-17 23:26:27.059266 INFO: Host: 39.98.202.182:9006
2024-07-17 23:26:27.059274 INFO: User-Agent: Go-http-client/1.1
2024-07-17 23:26:27.059281 INFO: oop!unknow header: User-Agent: Go-http-client/1.1
2024-07-17 23:26:27.059288 INFO: X-Vegeta-Seq: 162
2024-07-17 23:26:27.059307 INFO: oop!unknow header: X-Vegeta-Seq: 162
2024-07-17 23:26:27.059314 INFO: Accept-Encoding: gzip
2024-07-17 23:26:27.059319 INFO: oop!unknow header: Accept-Encoding: gzip
2024-07-17 23:26:27.059324 INFO: 
2024-07-17 23:26:27.059351 INFO: request:HTTP/1.1 200 OK

2024-07-17 23:26:27.059356 INFO: request:HTTP/1.1 200 OK
Content-Length:542

2024-07-17 23:26:27.059361 INFO: request:HTTP/1.1 200 OK
Content-Length:542
Connection:close

2024-07-17 23:26:27.059366 INFO: request:HTTP/1.1 200 OK
Content-Length:542
Connection:close


2024-07-17 23:26:27.059393 INFO: Thread 140246139651648 is running task

2024-07-17 23:26:27.059409 INFO: eventNum: 1
2024-07-17 23:26:27.059416 INFO: fd: 17, events: 4

2024-07-17 23:26:27.059488 INFO: Thread 140246148044352 is running task

2024-07-17 23:26:27.059587 INFO: eventNum: 1
2024-07-17 23:26:27.059614 INFO: fd: 16, events: 8193

2024-07-17 23:26:27.059642 INFO: HttpConn 16 close success
2024-07-17 23:26:27.059651 INFO: Client[16] quit!
2024-07-17 23:26:27.071144 INFO: eventNum: 1
2024-07-17 23:26:27.071213 INFO: fd: 17, events: 8193

2024-07-17 23:26:27.071247 INFO: HttpConn 17 close success
2024-07-17 23:26:27.071253 INFO: Client[17] quit!
2024-07-17 23:26:27.071365 INFO: eventNum: 1
2024-07-17 23:26:27.071402 INFO: fd: 13, events: 1

2024-07-17 23:26:27.071408 INFO: HandleListenEvent 13
2024-07-17 23:26:27.071434 INFO: HttpConn 16 init success
2024-07-17 23:26:27.071441 INFO: addTimer id:16 expireTime:1721230487
2024-07-17 23:26:27.071455 INFO: Client[16] in!
2024-07-17 23:26:27.071459 INFO: HandleListenEvent 13
2024-07-17 23:26:27.071472 ERROR: Accept failure -1
2024-07-17 23:26:27.071734 INFO: eventNum: 1
2024-07-17 23:26:27.071750 INFO: fd: 16, events: 1

2024-07-17 23:26:27.071774 INFO: HttpConn 16 read success
2024-07-17 23:26:27.071799 INFO: GET / HTTP/1.1
2024-07-17 23:26:27.071806 INFO: Host: 39.98.202.182:9006
2024-07-17 23:26:27.071811 INFO: User-Agent: Go-http-client/1.1
2024-07-17 23:26:27.071816 INFO: oop!unknow header: User-Agent: Go-http-client/1.1
2024-07-17 23:26:27.071821 INFO: X-Vegeta-Seq: 163
2024-07-17 23:26:27.071825 INFO: oop!unknow header: X-Vegeta-Seq: 163
2024-07-17 23:26:27.071830 INFO: Accept-Encoding: gzip
2024-07-17 23:26:27.071835 INFO: oop!unknow header: Accept-Encoding: gzip
2024-07-17 23:26:27.071839 INFO: 
2024-07-17 23:26:27.071865 INFO: request:HTTP/1.1 200 OK

2024-07-17 23:26:27.071870 INFO: request:HTTP/1.1 200 OK
Content-Length:542

2024-07-17 23:26:27.071875 INFO: request:HTTP/1.1 200 OK
Content-Length:542
Connection:close

2024-07-17 23:26:27.071879 INFO: request:HTTP/1.1 200 OK
Content-Length:542
Connection:close


2024-07-17 23:26:27.071900 INFO: Thread 140246131258944 is running task

2024-07-17 23:26:27.071928 INFO: eventNum: 1
2024-07-17 23:26:27.071935 INFO: fd: 16, events: 4

2024-07-17 23:26:27.071978 INFO: Thread 140246122866240 is running task

2024-07-17 23:26:27.088986 INFO: eventNum: 1
2024-07-17 23:26:27.089057 INFO: fd: 16, events: 8193

2024-07-17 23:26:27.089096 INFO: HttpConn 16 close success
2024-07-17 23:26:27.089102 INFO: Client[16] quit!
2024-07-17 23:26:27.092042 INFO: eventNum: 1
2024-07-17 23:26:27.092100 INFO: fd: 13, events: 1

2024-07-17 23:26:27.092107 INFO: HandleListenEvent 13
2024-07-17 23:26:27.092139 INFO: HttpConn 16 init success
2024-07-17 23:26:27.092158 INFO: addTimer id:16 expireTime:1721230487
2024-07-17 23:26:27.092177 INFO: Client[16] in!
2024-07-17 23:26:27.092184 INFO: HandleListenEvent 13
2024-07-17 23:26:27.092199 ERROR: Accept failure -1
2024-07-17 23:26:27.093951 INFO: eventNum: 1
2024-07-17 23:26:27.094002 INFO: fd: 16, events: 1

2024-07-17 23:26:27.094036 INFO: HttpConn 16 read success
2024-07-17 23:26:27.094073 INFO: GET / HTTP/1.1
2024-07-17 23:26:27.094083 INFO: Host: 39.98.202.182:9006
2024-07-17 23:26:27.094090 INFO: User-Agent: Go-http-client/1.1
2024-07-17 23:26:27.094097 INFO: oop!unknow header: User-Agent: Go-http-client/1.1
2024-07-17 23:26:27.094103 INFO: X-Vegeta-Seq: 164
2024-07-17 23:26:27.094110 INFO: oop!unknow header: X-Vegeta-Seq: 164
2024-07-17 23:26:27.094142 INFO: Accept-Encoding: gzip
2024-07-17 23:26:27.094147 INFO: oop!unknow header: Accept-Encoding: gzip
2024-07-17 23:26:27.094152 INFO: 
2024-07-17 23:26:27.094185 INFO: request:HTTP/1.1 200 OK

2024-07-17 23:26:27.094190 INFO: request:HTTP/1.1 200 OK
Content-Length:542

2024-07-17 23:26:27.094195 INFO: request:HTTP/1.1 200 OK
Content-Length:542
Connection:close

2024-07-17 23:26:27.094200 INFO: request:HTTP/1.1 200 OK
Content-Length:542
Connection:close


2024-07-17 23:26:27.094226 INFO: Thread 140246114473536 is running task

2024-07-17 23:26:27.094249 INFO: eventNum: 1
2024-07-17 23:26:27.094259 INFO: fd: 16, events: 4

2024-07-17 23:26:27.094321 INFO: Thread 140246106080832 is running task

2024-07-17 23:26:27.106267 INFO: eventNum: 1
2024-07-17 23:26:27.106340 INFO: fd: 16, events: 8193

2024-07-17 23:26:27.106381 INFO: HttpConn 16 close success
2024-07-17 23:26:27.106393 INFO: Client[16] quit!
2024-07-17 23:26:27.114051 INFO: eventNum: 1
2024-07-17 23:26:27.114146 INFO: fd: 13, events: 1

2024-07-17 23:26:27.114160 INFO: HandleListenEvent 13
2024-07-17 23:26:27.114196 INFO: HttpConn 16 init success
2024-07-17 23:26:27.114206 INFO: addTimer id:16 expireTime:1721230487
2024-07-17 23:26:27.114223 INFO: Client[16] in!
2024-07-17 23:26:27.114230 INFO: HandleListenEvent 13
2024-07-17 23:26:27.114246 ERROR: Accept failure -1
2024-07-17 23:26:27.114390 INFO: eventNum: 1
2024-07-17 23:26:27.114415 INFO: fd: 16, events: 1

2024-07-17 23:26:27.114445 INFO: HttpConn 16 read success
2024-07-17 23:26:27.114482 INFO: GET / HTTP/1.1
2024-07-17 23:26:27.114494 INFO: Host: 39.98.202.182:9006
2024-07-17 23:26:27.114502 INFO: User-Agent: Go-http-client/1.1
2024-07-17 23:26:27.114507 INFO: oop!unknow header: User-Agent: Go-http-client/1.1
2024-07-17 23:26:27.114512 INFO: X-Vegeta-Seq: 165
2024-07-17 23:26:27.114517 INFO: oop!unknow header: X-Vegeta-Seq: 165
2024-07-17 23:26:27.114521 INFO: Accept-Encoding: gzip
2024-07-17 23:26:27.114525 INFO: oop!unknow header: Accept-Encoding: gzip
2024-07-17 23:26:27.114530 INFO: 
2024-07-17 23:26:27.114557 INFO: request:HTTP/1.1 200 OK

2024-07-17 23:26:27.114562 INFO: request:HTTP/1.1 200 OK
Content-Length:542

2024-07-17 23:26:27.114567 INFO: request:HTTP/1.1 200 OK
Content-Length:542
Connection:close

2024-07-17 23:26:27.114571 INFO: request:HTTP/1.1 200 OK
Content-Length:542
Connection:close


2024-07-17 23:26:27.114592 INFO: Thread 140246097688128 is running task

2024-07-17 23:26:27.114612 INFO: eventNum: 1
2024-07-17 23:26:27.114619 INFO: fd: 16, events: 4

2024-07-17 23:26:27.114662 INFO: Thread 140246156437056 is running task

2024-07-17 23:26:27.127129 INFO: eventNum: 1
2024-07-17 23:26:27.127191 INFO: fd: 16, events: 8193

2024-07-17 23:26:27.127227 INFO: HttpConn 16 close success
2024-07-17 23:26:27.127235 INFO: Client[16] quit!
2024-07-17 23:26:27.132894 INFO: eventNum: 1
2024-07-17 23:26:27.132973 INFO: fd: 13, events: 1

2024-07-17 23:26:27.132980 INFO: HandleListenEvent 13
2024-07-17 23:26:27.133009 INFO: HttpConn 16 init success
2024-07-17 23:26:27.133016 INFO: addTimer id:16 expireTime:1721230487
2024-07-17 23:26:27.133031 INFO: Client[16] in!
2024-07-17 23:26:27.133037 INFO: HandleListenEvent 13
2024-07-17 23:26:27.133052 ERROR: Accept failure -1
2024-07-17 23:26:27.136973 INFO: eventNum: 1
2024-07-17 23:26:27.137027 INFO: fd: 16, events: 1

2024-07-17 23:26:27.137054 INFO: HttpConn 16 read success
2024-07-17 23:26:27.137073 INFO: GET / HTTP/1.1
2024-07-17 23:26:27.137082 INFO: Host: 39.98.202.182:9006
2024-07-17 23:26:27.137089 INFO: User-Agent: Go-http-client/1.1
2024-07-17 23:26:27.137096 INFO: oop!unknow header: User-Agent: Go-http-client/1.1
2024-07-17 23:26:27.137106 INFO: X-Vegeta-Seq: 166
2024-07-17 23:26:27.137113 INFO: oop!unknow header: X-Vegeta-Seq: 166
2024-07-17 23:26:27.137119 INFO: Accept-Encoding: gzip
2024-07-17 23:26:27.137126 INFO: oop!unknow header: Accept-Encoding: gzip
2024-07-17 23:26:27.137133 INFO: 
2024-07-17 23:26:27.137169 INFO: request:HTTP/1.1 200 OK

2024-07-17 23:26:27.137177 INFO: request:HTTP/1.1 200 OK
Content-Length:542

2024-07-17 23:26:27.137197 INFO: request:HTTP/1.1 200 OK
Content-Length:542
Connection:close

2024-07-17 23:26:27.137204 INFO: request:HTTP/1.1 200 OK
Content-Length:542
Connection:close


2024-07-17 23:26:27.137226 INFO: Thread 140246139651648 is running task

2024-07-17 23:26:27.137241 INFO: eventNum: 1
2024-07-17 23:26:27.137248 INFO: fd: 16, events: 4

2024-07-17 23:26:27.137321 INFO: Thread 140246148044352 is running task

2024-07-17 23:26:27.163225 INFO: eventNum: 1
2024-07-17 23:26:27.163300 INFO: fd: 16, events: 8193

2024-07-17 23:26:27.163345 INFO: HttpConn 16 close success
2024-07-17 23:26:27.163354 INFO: Client[16] quit!
2024-07-17 23:26:27.164378 INFO: eventNum: 1
2024-07-17 23:26:27.164418 INFO: fd: 13, events: 1

2024-07-17 23:26:27.164425 INFO: HandleListenEvent 13
2024-07-17 23:26:27.164461 INFO: HttpConn 16 init success
2024-07-17 23:26:27.164472 INFO: addTimer id:16 expireTime:1721230487
2024-07-17 23:26:27.164491 INFO: Client[16] in!
2024-07-17 23:26:27.164498 INFO: HandleListenEvent 13
2024-07-17 23:26:27.164512 ERROR: Accept failure -1
2024-07-17 23:26:27.164521 INFO: eventNum: 1
2024-07-17 23:26:27.164528 INFO: fd: 16, events: 1

2024-07-17 23:26:27.164553 INFO: HttpConn 16 read success
2024-07-17 23:26:27.164574 INFO: GET / HTTP/1.1
2024-07-17 23:26:27.164583 INFO: Host: 39.98.202.182:9006
2024-07-17 23:26:27.164590 INFO: User-Agent: Go-http-client/1.1
2024-07-17 23:26:27.164597 INFO: oop!unknow header: User-Agent: Go-http-client/1.1
2024-07-17 23:26:27.164604 INFO: X-Vegeta-Seq: 167
2024-07-17 23:26:27.164609 INFO: oop!unknow header: X-Vegeta-Seq: 167
2024-07-17 23:26:27.164613 INFO: Accept-Encoding: gzip
2024-07-17 23:26:27.164618 INFO: oop!unknow header: Accept-Encoding: gzip
2024-07-17 23:26:27.164622 INFO: 
2024-07-17 23:26:27.164648 INFO: request:HTTP/1.1 200 OK

2024-07-17 23:26:27.164653 INFO: request:HTTP/1.1 200 OK
Content-Length:542

2024-07-17 23:26:27.164659 INFO: request:HTTP/1.1 200 OK
Content-Length:542
Connection:close

2024-07-17 23:26:27.164666 INFO: request:HTTP/1.1 200 OK
Content-Length:542
Connection:close


2024-07-17 23:26:27.164686 INFO: Thread 140246131258944 is running task

2024-07-17 23:26:27.164701 INFO: eventNum: 1
2024-07-17 23:26:27.164706 INFO: fd: 16, events: 4

2024-07-17 23:26:27.164751 INFO: Thread 140246122866240 is running task

2024-07-17 23:26:27.178580 INFO: eventNum: 1
2024-07-17 23:26:27.178639 INFO: fd: 16, events: 8193

2024-07-17 23:26:27.178709 INFO: HttpConn 16 close success
2024-07-17 23:26:27.178721 INFO: Client[16] quit!
2024-07-17 23:26:27.179421 INFO: eventNum: 1
2024-07-17 23:26:27.179458 INFO: fd: 13, events: 1

2024-07-17 23:26:27.179466 INFO: HandleListenEvent 13
2024-07-17 23:26:27.179487 INFO: HttpConn 16 init success
2024-07-17 23:26:27.179493 INFO: addTimer id:16 expireTime:1721230487
2024-07-17 23:26:27.179507 INFO: Client[16] in!
2024-07-17 23:26:27.179512 INFO: HandleListenEvent 13
2024-07-17 23:26:27.179521 ERROR: Accept failure -1
2024-07-17 23:26:27.179527 INFO: eventNum: 1
2024-07-17 23:26:27.179532 INFO: fd: 16, events: 1

2024-07-17 23:26:27.179548 INFO: HttpConn 16 read success
2024-07-17 23:26:27.179562 INFO: GET / HTTP/1.1
2024-07-17 23:26:27.179571 INFO: Host: 39.98.202.182:9006
2024-07-17 23:26:27.179576 INFO: User-Agent: Go-http-client/1.1
2024-07-17 23:26:27.179581 INFO: oop!unknow header: User-Agent: Go-http-client/1.1
2024-07-17 23:26:27.179589 INFO: X-Vegeta-Seq: 168
2024-07-17 23:26:27.179593 INFO: oop!unknow header: X-Vegeta-Seq: 168
2024-07-17 23:26:27.179597 INFO: Accept-Encoding: gzip
2024-07-17 23:26:27.179602 INFO: oop!unknow header: Accept-Encoding: gzip
2024-07-17 23:26:27.179606 INFO: 
2024-07-17 23:26:27.179632 INFO: request:HTTP/1.1 200 OK

2024-07-17 23:26:27.179637 INFO: request:HTTP/1.1 200 OK
Content-Length:542

2024-07-17 23:26:27.179641 INFO: request:HTTP/1.1 200 OK
Content-Length:542
Connection:close

2024-07-17 23:26:27.179646 INFO: request:HTTP/1.1 200 OK
Content-Length:542
Connection:close


2024-07-17 23:26:27.179663 INFO: Thread 140246114473536 is running task

2024-07-17 23:26:27.179684 INFO: eventNum: 1
2024-07-17 23:26:27.179689 INFO: fd: 16, events: 4

2024-07-17 23:26:27.179765 INFO: Thread 140246106080832 is running task

2024-07-17 23:26:27.193504 INFO: eventNum: 1
2024-07-17 23:26:27.193564 INFO: fd: 13, events: 1

2024-07-17 23:26:27.193570 INFO: HandleListenEvent 13
2024-07-17 23:26:27.193601 INFO: HttpConn 17 init success
2024-07-17 23:26:27.193613 INFO: addTimer id:17 expireTime:1721230487
2024-07-17 23:26:27.193627 INFO: Client[17] in!
2024-07-17 23:26:27.193632 INFO: HandleListenEvent 13
2024-07-17 23:26:27.193643 ERROR: Accept failure -1
2024-07-17 23:26:27.193985 INFO: eventNum: 1
2024-07-17 23:26:27.193998 INFO: fd: 16, events: 8193

2024-07-17 23:26:27.194025 INFO: HttpConn 16 close success
2024-07-17 23:26:27.194036 INFO: Client[16] quit!
2024-07-17 23:26:27.194218 INFO: eventNum: 1
2024-07-17 23:26:27.194239 INFO: fd: 17, events: 1

2024-07-17 23:26:27.194266 INFO: HttpConn 17 read success
2024-07-17 23:26:27.194306 INFO: GET / HTTP/1.1
2024-07-17 23:26:27.194314 INFO: Host: 39.98.202.182:9006
2024-07-17 23:26:27.194322 INFO: User-Agent: Go-http-client/1.1
2024-07-17 23:26:27.194327 INFO: oop!unknow header: User-Agent: Go-http-client/1.1
2024-07-17 23:26:27.194332 INFO: X-Vegeta-Seq: 169
2024-07-17 23:26:27.194336 INFO: oop!unknow header: X-Vegeta-Seq: 169
2024-07-17 23:26:27.194340 INFO: Accept-Encoding: gzip
2024-07-17 23:26:27.194345 INFO: oop!unknow header: Accept-Encoding: gzip
2024-07-17 23:26:27.194349 INFO: 
2024-07-17 23:26:27.194378 INFO: request:HTTP/1.1 200 OK

2024-07-17 23:26:27.194385 INFO: request:HTTP/1.1 200 OK
Content-Length:542

2024-07-17 23:26:27.194392 INFO: request:HTTP/1.1 200 OK
Content-Length:542
Connection:close

2024-07-17 23:26:27.194398 INFO: request:HTTP/1.1 200 OK
Content-Length:542
Connection:close


2024-07-17 23:26:27.194421 INFO: Thread 140246097688128 is running task

2024-07-17 23:26:27.194452 INFO: eventNum: 1
2024-07-17 23:26:27.194461 INFO: fd: 17, events: 4

2024-07-17 23:26:27.194513 INFO: Thread 140246156437056 is running task

2024-07-17 23:26:27.207715 INFO: eventNum: 1
2024-07-17 23:26:27.207777 INFO: fd: 17, events: 8193

2024-07-17 23:26:27.207818 INFO: HttpConn 17 close success
2024-07-17 23:26:27.207825 INFO: Client[17] quit!
2024-07-17 23:26:27.236750 INFO: eventNum: 1
2024-07-17 23:26:27.236819 INFO: fd: 13, events: 1

2024-07-17 23:26:27.236831 INFO: HandleListenEvent 13
2024-07-17 23:26:27.236863 INFO: HttpConn 16 init success
2024-07-17 23:26:27.236875 INFO: addTimer id:16 expireTime:1721230487
2024-07-17 23:26:27.236894 INFO: Client[16] in!
2024-07-17 23:26:27.236902 INFO: HandleListenEvent 13
2024-07-17 23:26:27.236948 ERROR: Accept failure -1
2024-07-17 23:26:27.236958 INFO: eventNum: 1
2024-07-17 23:26:27.236964 INFO: fd: 16, events: 1

2024-07-17 23:26:27.236989 INFO: HttpConn 16 read success
2024-07-17 23:26:27.237016 INFO: GET / HTTP/1.1
2024-07-17 23:26:27.237026 INFO: Host: 39.98.202.182:9006
2024-07-17 23:26:27.237033 INFO: User-Agent: Go-http-client/1.1
