2024-07-17 23:32:21.724374 INFO: Host: 39.98.202.182:9006
2024-07-17 23:32:21.724448 INFO: User-Agent: Go-http-client/1.1
2024-07-17 23:32:21.724453 INFO: oop!unknow header: User-Agent: Go-http-client/1.1
2024-07-17 23:32:21.724458 INFO: X-Vegeta-Seq: 2466
2024-07-17 23:32:21.724462 INFO: oop!unknow header: X-Vegeta-Seq: 2466
2024-07-17 23:32:21.724466 INFO: Accept-Encoding: gzip
2024-07-17 23:32:21.724471 INFO: oop!unknow header: Accept-Encoding: gzip
2024-07-17 23:32:21.724475 INFO: 
2024-07-17 23:32:21.724489 INFO: request:HTTP/1.1 200 OK

2024-07-17 23:32:21.724494 INFO: request:HTTP/1.1 200 OK
Content-Length:542

2024-07-17 23:32:21.724498 INFO: request:HTTP/1.1 200 OK
Content-Length:542
Connection:close

2024-07-17 23:32:21.724502 INFO: request:HTTP/1.1 200 OK
Content-Length:542
Connection:close


2024-07-17 23:32:21.724517 INFO: Thread 140246139651648 is running task

2024-07-17 23:32:21.724524 INFO: eventNum: 1
2024-07-17 23:32:21.724537 INFO: fd: 391, events: 4

2024-07-17 23:32:21.724580 INFO: Thread 140246097688128 is running task

2024-07-17 23:32:21.724585 INFO: eventNum: 1
2024-07-17 23:32:21.724595 INFO: fd: 13, events: 1

2024-07-17 23:32:21.724600 INFO: HandleListenEvent 13
2024-07-17 23:32:21.724614 INFO: HttpConn 392 init success
2024-07-17 23:32:21.724620 INFO: addTimer id:392 expireTime:1721230841
2024-07-17 23:32:21.724632 INFO: Client[392] in!
2024-07-17 23:32:21.724639 INFO: HandleListenEvent 13
2024-07-17 23:32:21.724658 ERROR: Accept failure -1
2024-07-17 23:32:21.724761 INFO: eventNum: 1
2024-07-17 23:32:21.724778 INFO: fd: 13, events: 1

2024-07-17 23:32:21.724783 INFO: HandleListenEvent 13
2024-07-17 23:32:21.724804 INFO: HttpConn 393 init success
2024-07-17 23:32:21.724810 INFO: addTimer id:393 expireTime:1721230841
2024-07-17 23:32:21.724821 INFO: Client[393] in!
2024-07-17 23:32:21.724825 INFO: HandleListenEvent 13
2024-07-17 23:32:21.724848 INFO: HttpConn 394 init success
2024-07-17 23:32:21.724853 INFO: addTimer id:394 expireTime:1721230841
2024-07-17 23:32:21.724861 INFO: Client[394] in!
2024-07-17 23:32:21.724866 INFO: HandleListenEvent 13
2024-07-17 23:32:21.724875 INFO: HttpConn 395 init success
2024-07-17 23:32:21.724880 INFO: addTimer id:395 expireTime:1721230841
2024-07-17 23:32:21.724889 INFO: Client[395] in!
2024-07-17 23:32:21.724893 INFO: HandleListenEvent 13
2024-07-17 23:32:21.724901 ERROR: Accept failure -1
2024-07-17 23:32:21.724907 INFO: eventNum: 1
2024-07-17 23:32:21.724911 INFO: fd: 393, events: 1

2024-07-17 23:32:21.724923 INFO: HttpConn 393 read success
2024-07-17 23:32:21.724932 INFO: GET / HTTP/1.1
2024-07-17 23:32:21.724938 INFO: Host: 39.98.202.182:9006
2024-07-17 23:32:21.724942 INFO: User-Agent: Go-http-client/1.1
2024-07-17 23:32:21.724946 INFO: oop!unknow header: User-Agent: Go-http-client/1.1
2024-07-17 23:32:21.724951 INFO: X-Vegeta-Seq: 2387
2024-07-17 23:32:21.724955 INFO: oop!unknow header: X-Vegeta-Seq: 2387
2024-07-17 23:32:21.724959 INFO: Accept-Encoding: gzip
2024-07-17 23:32:21.724964 INFO: oop!unknow header: Accept-Encoding: gzip
2024-07-17 23:32:21.724968 INFO: 
2024-07-17 23:32:21.724983 INFO: request:HTTP/1.1 200 OK

2024-07-17 23:32:21.724988 INFO: request:HTTP/1.1 200 OK
Content-Length:542

2024-07-17 23:32:21.724992 INFO: request:HTTP/1.1 200 OK
Content-Length:542
Connection:close

2024-07-17 23:32:21.724997 INFO: request:HTTP/1.1 200 OK
Content-Length:542
Connection:close


2024-07-17 23:32:21.725006 INFO: Thread 140246114473536 is running task

2024-07-17 23:32:21.725015 INFO: eventNum: 1
2024-07-17 23:32:21.725020 INFO: fd: 393, events: 4

2024-07-17 23:32:21.725054 INFO: Thread 140246148044352 is running task

2024-07-17 23:32:21.725155 INFO: eventNum: 1
2024-07-17 23:32:21.725171 INFO: fd: 394, events: 1

2024-07-17 23:32:21.725185 INFO: HttpConn 394 read success
2024-07-17 23:32:21.725194 INFO: GET / HTTP/1.1
2024-07-17 23:32:21.725199 INFO: Host: 39.98.202.182:9006
2024-07-17 23:32:21.725204 INFO: User-Agent: Go-http-client/1.1
2024-07-17 23:32:21.725208 INFO: oop!unknow header: User-Agent: Go-http-client/1.1
2024-07-17 23:32:21.725213 INFO: X-Vegeta-Seq: 2440
2024-07-17 23:32:21.725225 INFO: oop!unknow header: X-Vegeta-Seq: 2440
2024-07-17 23:32:21.725230 INFO: Accept-Encoding: gzip
2024-07-17 23:32:21.725234 INFO: oop!unknow header: Accept-Encoding: gzip
2024-07-17 23:32:21.725238 INFO: 
2024-07-17 23:32:21.725253 INFO: request:HTTP/1.1 200 OK

2024-07-17 23:32:21.725257 INFO: request:HTTP/1.1 200 OK
Content-Length:542

2024-07-17 23:32:21.725262 INFO: request:HTTP/1.1 200 OK
Content-Length:542
Connection:close

2024-07-17 23:32:21.725267 INFO: request:HTTP/1.1 200 OK
Content-Length:542
Connection:close


2024-07-17 23:32:21.725276 INFO: Thread 140246131258944 is running task

2024-07-17 23:32:21.725285 INFO: eventNum: 2
2024-07-17 23:32:21.725289 INFO: fd: 395, events: 1

2024-07-17 23:32:21.725301 INFO: fd: 394, events: 4

2024-07-17 23:32:21.725307 INFO: HttpConn 395 read success
2024-07-17 23:32:21.725323 INFO: GET / HTTP/1.1
2024-07-17 23:32:21.725328 INFO: Host: 39.98.202.182:9006
2024-07-17 23:32:21.725333 INFO: User-Agent: Go-http-client/1.1
2024-07-17 23:32:21.725337 INFO: oop!unknow header: User-Agent: Go-http-client/1.1
2024-07-17 23:32:21.725341 INFO: X-Vegeta-Seq: 2395
2024-07-17 23:32:21.725345 INFO: oop!unknow header: X-Vegeta-Seq: 2395
2024-07-17 23:32:21.725350 INFO: Accept-Encoding: gzip
2024-07-17 23:32:21.725354 INFO: oop!unknow header: Accept-Encoding: gzip
2024-07-17 23:32:21.725358 INFO: 
2024-07-17 23:32:21.725373 INFO: request:HTTP/1.1 200 OK

2024-07-17 23:32:21.725425 INFO: request:HTTP/1.1 200 OK
Content-Length:542

2024-07-17 23:32:21.725431 INFO: request:HTTP/1.1 200 OK
Content-Length:542
Connection:close

2024-07-17 23:32:21.725435 INFO: request:HTTP/1.1 200 OK
Content-Length:542
Connection:close


2024-07-17 23:32:21.725443 INFO: eventNum: 2
2024-07-17 23:32:21.725457 INFO: fd: 13, events: 1

2024-07-17 23:32:21.725462 INFO: HandleListenEvent 13
2024-07-17 23:32:21.725471 INFO: Thread 140246106080832 is running task

2024-07-17 23:32:21.725481 INFO: HttpConn 396 init success
2024-07-17 23:32:21.725445 INFO: Thread 140246122866240 is running task

2024-07-17 23:32:21.725493 INFO: addTimer id:396 expireTime:1721230841
2024-07-17 23:32:21.725513 INFO: Client[396] in!
2024-07-17 23:32:21.725518 INFO: HandleListenEvent 13
2024-07-17 23:32:21.725527 ERROR: Accept failure -1
2024-07-17 23:32:21.725532 INFO: fd: 395, events: 4

2024-07-17 23:32:21.725567 INFO: Thread 140246156437056 is running task

2024-07-17 23:32:21.725578 INFO: eventNum: 1
2024-07-17 23:32:21.725583 INFO: fd: 396, events: 1

2024-07-17 23:32:21.725593 INFO: HttpConn 396 read success
2024-07-17 23:32:21.725602 INFO: GET / HTTP/1.1
2024-07-17 23:32:21.725607 INFO: Host: 39.98.202.182:9006
2024-07-17 23:32:21.725612 INFO: User-Agent: Go-http-client/1.1
2024-07-17 23:32:21.725616 INFO: oop!unknow header: User-Agent: Go-http-client/1.1
2024-07-17 23:32:21.725621 INFO: X-Vegeta-Seq: 2409
2024-07-17 23:32:21.725625 INFO: oop!unknow header: X-Vegeta-Seq: 2409
2024-07-17 23:32:21.725630 INFO: Accept-Encoding: gzip
2024-07-17 23:32:21.725634 INFO: oop!unknow header: Accept-Encoding: gzip
2024-07-17 23:32:21.725638 INFO: 
2024-07-17 23:32:21.725652 INFO: request:HTTP/1.1 200 OK

2024-07-17 23:32:21.725657 INFO: request:HTTP/1.1 200 OK
Content-Length:542

2024-07-17 23:32:21.725661 INFO: request:HTTP/1.1 200 OK
Content-Length:542
Connection:close

2024-07-17 23:32:21.725666 INFO: request:HTTP/1.1 200 OK
Content-Length:542
Connection:close


2024-07-17 23:32:21.725673 INFO: Thread 140246139651648 is running task

2024-07-17 23:32:21.725681 INFO: eventNum: 2
2024-07-17 23:32:21.725686 INFO: fd: 183, events: 8193

2024-07-17 23:32:21.725702 INFO: HttpConn 183 close success
2024-07-17 23:32:21.725709 INFO: Client[183] quit!
2024-07-17 23:32:21.725713 INFO: fd: 396, events: 4

2024-07-17 23:32:21.725734 INFO: Thread 140246097688128 is running task

2024-07-17 23:32:21.739594 INFO: eventNum: 1
2024-07-17 23:32:21.739655 INFO: fd: 13, events: 1

2024-07-17 23:32:21.739661 INFO: HandleListenEvent 13
2024-07-17 23:32:21.739679 INFO: HttpConn 183 init success
2024-07-17 23:32:21.739696 INFO: addTimer id:183 expireTime:1721230841
2024-07-17 23:32:21.739711 INFO: Client[183] in!
2024-07-17 23:32:21.739716 INFO: HandleListenEvent 13
2024-07-17 23:32:21.739726 ERROR: Accept failure -1
2024-07-17 23:32:21.739732 INFO: eventNum: 1
2024-07-17 23:32:21.739736 INFO: fd: 183, events: 1

2024-07-17 23:32:21.739762 INFO: HttpConn 183 read success
2024-07-17 23:32:21.739796 INFO: GET / HTTP/1.1
2024-07-17 23:32:21.739803 INFO: Host: 39.98.202.182:9006
2024-07-17 23:32:21.739809 INFO: User-Agent: Go-http-client/1.1
2024-07-17 23:32:21.739813 INFO: oop!unknow header: User-Agent: Go-http-client/1.1
2024-07-17 23:32:21.739818 INFO: X-Vegeta-Seq: 2603
2024-07-17 23:32:21.739822 INFO: oop!unknow header: X-Vegeta-Seq: 2603
2024-07-17 23:32:21.739826 INFO: Accept-Encoding: gzip
2024-07-17 23:32:21.739831 INFO: oop!unknow header: Accept-Encoding: gzip
2024-07-17 23:32:21.739845 INFO: 
2024-07-17 23:32:21.739876 INFO: request:HTTP/1.1 200 OK

2024-07-17 23:32:21.739882 INFO: request:HTTP/1.1 200 OK
Content-Length:542

2024-07-17 23:32:21.739887 INFO: request:HTTP/1.1 200 OK
Content-Length:542
Connection:close

2024-07-17 23:32:21.739891 INFO: request:HTTP/1.1 200 OK
Content-Length:542
Connection:close


2024-07-17 23:32:21.739913 INFO: Thread 140246114473536 is running task

2024-07-17 23:32:21.739962 INFO: eventNum: 2
2024-07-17 23:32:21.739979 INFO: fd: 183, events: 4

2024-07-17 23:32:21.739997 INFO: fd: 13, events: 1

2024-07-17 23:32:21.740005 INFO: HandleListenEvent 13
2024-07-17 23:32:21.740042 INFO: HttpConn 397 init success
2024-07-17 23:32:21.740043 INFO: Thread 140246148044352 is running task

2024-07-17 23:32:21.740074 INFO: addTimer id:397 expireTime:1721230841
2024-07-17 23:32:21.740104 INFO: Client[397] in!
2024-07-17 23:32:21.740112 INFO: HandleListenEvent 13
2024-07-17 23:32:21.740129 INFO: HttpConn 398 init success
2024-07-17 23:32:21.740138 INFO: addTimer id:398 expireTime:1721230841
2024-07-17 23:32:21.740148 INFO: Client[398] in!
2024-07-17 23:32:21.740171 INFO: HandleListenEvent 13
2024-07-17 23:32:21.740183 INFO: HttpConn 399 init success
2024-07-17 23:32:21.740188 INFO: addTimer id:399 expireTime:1721230841
2024-07-17 23:32:21.740199 INFO: Client[399] in!
2024-07-17 23:32:21.740204 INFO: HandleListenEvent 13
2024-07-17 23:32:21.740216 ERROR: Accept failure -1
2024-07-17 23:32:21.740223 INFO: eventNum: 2
2024-07-17 23:32:21.740227 INFO: fd: 397, events: 1

2024-07-17 23:32:21.740238 INFO: fd: 398, events: 1

2024-07-17 23:32:21.740244 INFO: HttpConn 397 read success
2024-07-17 23:32:21.740252 INFO: HttpConn 398 read success
2024-07-17 23:32:21.740267 INFO: GET / HTTP/1.1
2024-07-17 23:32:21.740295 INFO: Host: 39.98.202.182:9006
2024-07-17 23:32:21.740305 INFO: User-Agent: Go-http-client/1.1
2024-07-17 23:32:21.740309 INFO: oop!unknow header: User-Agent: Go-http-client/1.1
2024-07-17 23:32:21.740314 INFO: X-Vegeta-Seq: 2557
2024-07-17 23:32:21.740319 INFO: oop!unknow header: X-Vegeta-Seq: 2557
2024-07-17 23:32:21.740323 INFO: Accept-Encoding: gzip
2024-07-17 23:32:21.740327 INFO: oop!unknow header: Accept-Encoding: gzip
2024-07-17 23:32:21.740332 INFO: 
2024-07-17 23:32:21.740350 INFO: request:HTTP/1.1 200 OK

2024-07-17 23:32:21.740355 INFO: request:HTTP/1.1 200 OK
Content-Length:542

2024-07-17 23:32:21.740360 INFO: request:HTTP/1.1 200 OK
Content-Length:542
Connection:close

2024-07-17 23:32:21.740364 INFO: request:HTTP/1.1 200 OK
Content-Length:542
Connection:close


2024-07-17 23:32:21.740385 INFO: Thread 140246131258944 is running task

2024-07-17 23:32:21.740282 INFO: GET / HTTP/1.1
2024-07-17 23:32:21.740400 INFO: Host: 39.98.202.182:9006
2024-07-17 23:32:21.740405 INFO: User-Agent: Go-http-client/1.1
2024-07-17 23:32:21.740410 INFO: oop!unknow header: User-Agent: Go-http-client/1.1
2024-07-17 23:32:21.740414 INFO: X-Vegeta-Seq: 2593
2024-07-17 23:32:21.740419 INFO: oop!unknow header: X-Vegeta-Seq: 2593
2024-07-17 23:32:21.740423 INFO: Accept-Encoding: gzip
2024-07-17 23:32:21.740427 INFO: oop!unknow header: Accept-Encoding: gzip
2024-07-17 23:32:21.740437 INFO: 
2024-07-17 23:32:21.740450 INFO: request:HTTP/1.1 200 OK

2024-07-17 23:32:21.740455 INFO: request:HTTP/1.1 200 OK
Content-Length:542

2024-07-17 23:32:21.740460 INFO: request:HTTP/1.1 200 OK
Content-Length:542
Connection:close

2024-07-17 23:32:21.740464 INFO: request:HTTP/1.1 200 OK
Content-Length:542
Connection:close


2024-07-17 23:32:21.740471 INFO: Thread 140246106080832 is running task

2024-07-17 23:32:21.740485 INFO: eventNum: 2
2024-07-17 23:32:21.740491 INFO: fd: 397, events: 4

2024-07-17 23:32:21.740502 INFO: fd: 398, events: 4

2024-07-17 23:32:21.740553 INFO: Thread 140246122866240 is running task

2024-07-17 23:32:21.740604 INFO: Thread 140246122866240 is running task

2024-07-17 23:32:21.741107 INFO: eventNum: 1
2024-07-17 23:32:21.741127 INFO: fd: 13, events: 1

2024-07-17 23:32:21.741133 INFO: HandleListenEvent 13
2024-07-17 23:32:21.741150 INFO: HttpConn 400 init success
2024-07-17 23:32:21.741156 INFO: addTimer id:400 expireTime:1721230841
2024-07-17 23:32:21.741173 INFO: Client[400] in!
2024-07-17 23:32:21.741178 INFO: HandleListenEvent 13
2024-07-17 23:32:21.741187 ERROR: Accept failure -1
2024-07-17 23:32:21.745920 INFO: eventNum: 1
2024-07-17 23:32:21.745956 INFO: fd: 13, events: 1

2024-07-17 23:32:21.745962 INFO: HandleListenEvent 13
2024-07-17 23:32:21.745979 INFO: HttpConn 401 init success
2024-07-17 23:32:21.745985 INFO: addTimer id:401 expireTime:1721230841
2024-07-17 23:32:21.745996 INFO: Client[401] in!
2024-07-17 23:32:21.746000 INFO: HandleListenEvent 13
2024-07-17 23:32:21.746013 ERROR: Accept failure -1
2024-07-17 23:32:21.746019 INFO: eventNum: 1
2024-07-17 23:32:21.746026 INFO: fd: 401, events: 1

2024-07-17 23:32:21.746041 INFO: HttpConn 401 read success
2024-07-17 23:32:21.746055 INFO: GET / HTTP/1.1
2024-07-17 23:32:21.746064 INFO: Host: 39.98.202.182:9006
2024-07-17 23:32:21.746069 INFO: User-Agent: Go-http-client/1.1
2024-07-17 23:32:21.746074 INFO: oop!unknow header: User-Agent: Go-http-client/1.1
2024-07-17 23:32:21.746078 INFO: X-Vegeta-Seq: 2551
2024-07-17 23:32:21.746082 INFO: oop!unknow header: X-Vegeta-Seq: 2551
2024-07-17 23:32:21.746087 INFO: Accept-Encoding: gzip
2024-07-17 23:32:21.746091 INFO: oop!unknow header: Accept-Encoding: gzip
2024-07-17 23:32:21.746095 INFO: 
2024-07-17 23:32:21.746133 INFO: request:HTTP/1.1 200 OK

2024-07-17 23:32:21.746139 INFO: request:HTTP/1.1 200 OK
Content-Length:542

2024-07-17 23:32:21.746144 INFO: request:HTTP/1.1 200 OK
Content-Length:542
Connection:close

2024-07-17 23:32:21.746150 INFO: request:HTTP/1.1 200 OK
Content-Length:542
Connection:close


2024-07-17 23:32:21.746163 INFO: Thread 140246139651648 is running task

2024-07-17 23:32:21.746173 INFO: eventNum: 2
2024-07-17 23:32:21.746183 INFO: fd: 13, events: 1

2024-07-17 23:32:21.746190 INFO: HandleListenEvent 13
2024-07-17 23:32:21.746208 INFO: HttpConn 402 init success
2024-07-17 23:32:21.746216 INFO: addTimer id:402 expireTime:1721230841
2024-07-17 23:32:21.746235 INFO: Client[402] in!
2024-07-17 23:32:21.746241 INFO: HandleListenEvent 13
2024-07-17 23:32:21.746249 ERROR: Accept failure -1
2024-07-17 23:32:21.746254 INFO: fd: 401, events: 4

2024-07-17 23:32:21.746298 INFO: Thread 140246097688128 is running task

2024-07-17 23:32:21.746317 INFO: eventNum: 1
2024-07-17 23:32:21.746322 INFO: fd: 402, events: 1

2024-07-17 23:32:21.746343 INFO: HttpConn 402 read success
2024-07-17 23:32:21.746411 INFO: GET / HTTP/1.1
2024-07-17 23:32:21.746424 INFO: Host: 39.98.202.182:9006
2024-07-17 23:32:21.746430 INFO: User-Agent: Go-http-client/1.1
2024-07-17 23:32:21.746435 INFO: oop!unknow header: User-Agent: Go-http-client/1.1
2024-07-17 23:32:21.746439 INFO: X-Vegeta-Seq: 2555
2024-07-17 23:32:21.746444 INFO: oop!unknow header: X-Vegeta-Seq: 2555
2024-07-17 23:32:21.746448 INFO: Accept-Encoding: gzip
2024-07-17 23:32:21.746452 INFO: oop!unknow header: Accept-Encoding: gzip
2024-07-17 23:32:21.746457 INFO: 
2024-07-17 23:32:21.746496 INFO: request:HTTP/1.1 200 OK

2024-07-17 23:32:21.746503 INFO: request:HTTP/1.1 200 OK
Content-Length:542

2024-07-17 23:32:21.746518 INFO: request:HTTP/1.1 200 OK
Content-Length:542
Connection:close

2024-07-17 23:32:21.746526 INFO: request:HTTP/1.1 200 OK
Content-Length:542
Connection:close


2024-07-17 23:32:21.746539 INFO: Thread 140246114473536 is running task

2024-07-17 23:32:21.746509 INFO: eventNum: 1
2024-07-17 23:32:21.746571 INFO: fd: 13, events: 1

2024-07-17 23:32:21.746579 INFO: HandleListenEvent 13
2024-07-17 23:32:21.746597 INFO: HttpConn 403 init success
2024-07-17 23:32:21.746604 INFO: addTimer id:403 expireTime:1721230841
2024-07-17 23:32:21.746616 INFO: Client[403] in!
2024-07-17 23:32:21.746621 INFO: HandleListenEvent 13
2024-07-17 23:32:21.746631 INFO: HttpConn 404 init success
2024-07-17 23:32:21.746638 INFO: addTimer id:404 expireTime:1721230841
2024-07-17 23:32:21.746650 INFO: Client[404] in!
2024-07-17 23:32:21.746657 INFO: HandleListenEvent 13
2024-07-17 23:32:21.746670 ERROR: Accept failure -1
2024-07-17 23:32:21.746678 INFO: eventNum: 2
2024-07-17 23:32:21.746684 INFO: fd: 402, events: 4

2024-07-17 23:32:21.746699 INFO: fd: 403, events: 1

2024-07-17 23:32:21.746730 INFO: Thread 140246148044352 is running task

2024-07-17 23:32:21.746743 INFO: HttpConn 403 read success
2024-07-17 23:32:21.746752 INFO: GET / HTTP/1.1
2024-07-17 23:32:21.746757 INFO: Host: 39.98.202.182:9006
2024-07-17 23:32:21.746762 INFO: User-Agent: Go-http-client/1.1
2024-07-17 23:32:21.746767 INFO: oop!unknow header: User-Agent: Go-http-client/1.1
2024-07-17 23:32:21.746774 INFO: X-Vegeta-Seq: 2519
2024-07-17 23:32:21.746780 INFO: oop!unknow header: X-Vegeta-Seq: 2519
2024-07-17 23:32:21.746786 INFO: Accept-Encoding: gzip
2024-07-17 23:32:21.746793 INFO: oop!unknow header: Accept-Encoding: gzip
2024-07-17 23:32:21.746798 INFO: 
2024-07-17 23:32:21.746818 INFO: request:HTTP/1.1 200 OK

2024-07-17 23:32:21.746824 INFO: request:HTTP/1.1 200 OK
Content-Length:542

2024-07-17 23:32:21.746828 INFO: request:HTTP/1.1 200 OK
Content-Length:542
Connection:close

2024-07-17 23:32:21.746832 INFO: request:HTTP/1.1 200 OK
Content-Length:542
Connection:close


2024-07-17 23:32:21.746844 INFO: Thread 140246148044352 is running task

2024-07-17 23:32:21.746863 INFO: eventNum: 1
2024-07-17 23:32:21.746869 INFO: fd: 403, events: 4

2024-07-17 23:32:21.746974 INFO: Thread 140246106080832 is running task

2024-07-17 23:32:21.747371 INFO: eventNum: 1
2024-07-17 23:32:21.747444 INFO: fd: 13, events: 1

2024-07-17 23:32:21.747452 INFO: HandleListenEvent 13
2024-07-17 23:32:21.747473 INFO: HttpConn 405 init success
2024-07-17 23:32:21.747481 INFO: addTimer id:405 expireTime:1721230841
2024-07-17 23:32:21.747500 INFO: Client[405] in!
2024-07-17 23:32:21.747507 INFO: HandleListenEvent 13
2024-07-17 23:32:21.747520 INFO: HttpConn 406 init success
2024-07-17 23:32:21.747528 INFO: addTimer id:406 expireTime:1721230841
2024-07-17 23:32:21.747540 INFO: Client[406] in!
2024-07-17 23:32:21.747547 INFO: HandleListenEvent 13
2024-07-17 23:32:21.747559 ERROR: Accept failure -1
2024-07-17 23:32:21.747575 INFO: eventNum: 2
2024-07-17 23:32:21.747582 INFO: fd: 405, events: 1

2024-07-17 23:32:21.747604 INFO: HttpConn 405 read success
2024-07-17 23:32:21.747618 INFO: GET / HTTP/1.1
2024-07-17 23:32:21.747626 INFO: Host: 39.98.202.182:9006
2024-07-17 23:32:21.747633 INFO: User-Agent: Go-http-client/1.1
2024-07-17 23:32:21.747640 INFO: oop!unknow header: User-Agent: Go-http-client/1.1
2024-07-17 23:32:21.747646 INFO: X-Vegeta-Seq: 2657
2024-07-17 23:32:21.747651 INFO: oop!unknow header: X-Vegeta-Seq: 2657
2024-07-17 23:32:21.747655 INFO: Accept-Encoding: gzip
2024-07-17 23:32:21.747660 INFO: oop!unknow header: Accept-Encoding: gzip
2024-07-17 23:32:21.747664 INFO: 
2024-07-17 23:32:21.747703 INFO: request:HTTP/1.1 200 OK

2024-07-17 23:32:21.747711 INFO: request:HTTP/1.1 200 OK
Content-Length:542

2024-07-17 23:32:21.747718 INFO: request:HTTP/1.1 200 OK
Content-Length:542
Connection:close

2024-07-17 23:32:21.747724 INFO: request:HTTP/1.1 200 OK
Content-Length:542
Connection:close


2024-07-17 23:32:21.747755 INFO: Thread 140246122866240 is running task

2024-07-17 23:32:21.747776 INFO: fd: 406, events: 1

2024-07-17 23:32:21.747791 INFO: HttpConn 406 read success
2024-07-17 23:32:21.747802 INFO: GET / HTTP/1.1
2024-07-17 23:32:21.747807 INFO: Host: 39.98.202.182:9006
2024-07-17 23:32:21.747811 INFO: User-Agent: Go-http-client/1.1
2024-07-17 23:32:21.747816 INFO: oop!unknow header: User-Agent: Go-http-client/1.1
2024-07-17 23:32:21.747820 INFO: X-Vegeta-Seq: 2548
2024-07-17 23:32:21.747825 INFO: oop!unknow header: X-Vegeta-Seq: 2548
2024-07-17 23:32:21.747829 INFO: Accept-Encoding: gzip
2024-07-17 23:32:21.747833 INFO: oop!unknow header: Accept-Encoding: gzip
2024-07-17 23:32:21.747847 INFO: 
2024-07-17 23:32:21.747880 INFO: request:HTTP/1.1 200 OK

2024-07-17 23:32:21.747888 INFO: request:HTTP/1.1 200 OK
Content-Length:542

2024-07-17 23:32:21.747895 INFO: request:HTTP/1.1 200 OK
Content-Length:542
Connection:close

2024-07-17 23:32:21.747900 INFO: request:HTTP/1.1 200 OK
Content-Length:542
Connection:close


2024-07-17 23:32:21.747910 INFO: Thread 140246156437056 is running task

2024-07-17 23:32:21.747920 INFO: eventNum: 3
2024-07-17 23:32:21.747925 INFO: fd: 405, events: 4

2024-07-17 23:32:21.747952 INFO: fd: 13, events: 1

2024-07-17 23:32:21.747959 INFO: HandleListenEvent 13
2024-07-17 23:32:21.747972 INFO: HttpConn 407 init success
2024-07-17 23:32:21.747983 INFO: addTimer id:407 expireTime:1721230841
2024-07-17 23:32:21.747989 INFO: Thread 140246139651648 is running task

2024-07-17 23:32:21.747995 INFO: Client[407] in!
2024-07-17 23:32:21.748117 INFO: HandleListenEvent 13
2024-07-17 23:32:21.748180 INFO: HttpConn 408 init success
2024-07-17 23:32:21.748190 INFO: addTimer id:408 expireTime:1721230841
2024-07-17 23:32:21.748219 INFO: Client[408] in!
2024-07-17 23:32:21.748228 INFO: HandleListenEvent 13
2024-07-17 23:32:21.748240 ERROR: Accept failure -1
2024-07-17 23:32:21.748246 INFO: fd: 406, events: 4

2024-07-17 23:32:21.748260 INFO: eventNum: 2
2024-07-17 23:32:21.748265 INFO: fd: 407, events: 1

2024-07-17 23:32:21.748277 INFO: HttpConn 407 read success
2024-07-17 23:32:21.748289 INFO: GET / HTTP/1.1
2024-07-17 23:32:21.748298 INFO: fd: 408, events: 1

2024-07-17 23:32:21.748292 INFO: Thread 140246097688128 is running task

2024-07-17 23:32:21.748333 INFO: HttpConn 408 read success
2024-07-17 23:32:21.748343 INFO: GET / HTTP/1.1
2024-07-17 23:32:21.748349 INFO: Host: 39.98.202.182:9006
2024-07-17 23:32:21.748354 INFO: User-Agent: Go-http-client/1.1
2024-07-17 23:32:21.748358 INFO: oop!unknow header: User-Agent: Go-http-client/1.1
2024-07-17 23:32:21.748363 INFO: X-Vegeta-Seq: 2532
2024-07-17 23:32:21.748367 INFO: oop!unknow header: X-Vegeta-Seq: 2532
2024-07-17 23:32:21.748372 INFO: Accept-Encoding: gzip
2024-07-17 23:32:21.748384 INFO: oop!unknow header: Accept-Encoding: gzip
2024-07-17 23:32:21.748389 INFO: 
2024-07-17 23:32:21.748404 INFO: request:HTTP/1.1 200 OK

2024-07-17 23:32:21.748409 INFO: request:HTTP/1.1 200 OK
Content-Length:542

2024-07-17 23:32:21.748413 INFO: request:HTTP/1.1 200 OK
Content-Length:542
Connection:close

2024-07-17 23:32:21.748418 INFO: request:HTTP/1.1 200 OK
Content-Length:542
Connection:close


2024-07-17 23:32:21.748428 INFO: Thread 140246097688128 is running task

2024-07-17 23:32:21.748295 INFO: Host: 39.98.202.182:9006
2024-07-17 23:32:21.748445 INFO: User-Agent: Go-http-client/1.1
2024-07-17 23:32:21.748450 INFO: oop!unknow header: User-Agent: Go-http-client/1.1
2024-07-17 23:32:21.748461 INFO: X-Vegeta-Seq: 2751
2024-07-17 23:32:21.748470 INFO: oop!unknow header: X-Vegeta-Seq: 2751
2024-07-17 23:32:21.748477 INFO: Accept-Encoding: gzip
2024-07-17 23:32:21.748482 INFO: oop!unknow header: Accept-Encoding: gzip
2024-07-17 23:32:21.748489 INFO: 
2024-07-17 23:32:21.748505 INFO: request:HTTP/1.1 200 OK

2024-07-17 23:32:21.748511 INFO: request:HTTP/1.1 200 OK
Content-Length:542

2024-07-17 23:32:21.748517 INFO: request:HTTP/1.1 200 OK
Content-Length:542
Connection:close

2024-07-17 23:32:21.748523 INFO: request:HTTP/1.1 200 OK
Content-Length:542
Connection:close


2024-07-17 23:32:21.748540 INFO: Thread 140246114473536 is running task

2024-07-17 23:32:21.748560 INFO: eventNum: 2
2024-07-17 23:32:21.748569 INFO: fd: 408, events: 4

2024-07-17 23:32:21.748608 INFO: Thread 140246131258944 is running task

2024-07-17 23:32:21.748616 INFO: fd: 407, events: 4

2024-07-17 23:32:21.748651 INFO: Thread 140246106080832 is running task

2024-07-17 23:32:21.748761 INFO: eventNum: 1
2024-07-17 23:32:21.748780 INFO: fd: 235, events: 8193

2024-07-17 23:32:21.748804 INFO: HttpConn 235 close success
2024-07-17 23:32:21.748811 INFO: Client[235] quit!
2024-07-17 23:32:21.748974 INFO: eventNum: 1
2024-07-17 23:32:21.748989 INFO: fd: 13, events: 1

2024-07-17 23:32:21.748994 INFO: HandleListenEvent 13
2024-07-17 23:32:21.749009 INFO: HttpConn 235 init success
2024-07-17 23:32:21.749015 INFO: addTimer id:235 expireTime:1721230841
2024-07-17 23:32:21.749027 INFO: Client[235] in!
2024-07-17 23:32:21.749031 INFO: HandleListenEvent 13
2024-07-17 23:32:21.749040 ERROR: Accept failure -1
2024-07-17 23:32:21.749226 INFO: eventNum: 1
2024-07-17 23:32:21.749237 INFO: fd: 192, events: 8193

2024-07-17 23:32:21.749254 INFO: HttpConn 192 close success
2024-07-17 23:32:21.749259 INFO: Client[192] quit!
2024-07-17 23:32:21.750189 INFO: eventNum: 1
2024-07-17 23:32:21.750222 INFO: fd: 13, events: 1

2024-07-17 23:32:21.750229 INFO: HandleListenEvent 13
2024-07-17 23:32:21.750251 INFO: HttpConn 192 init success
2024-07-17 23:32:21.750261 INFO: addTimer id:192 expireTime:1721230841
2024-07-17 23:32:21.750276 INFO: Client[192] in!
2024-07-17 23:32:21.750293 INFO: HandleListenEvent 13
2024-07-17 23:32:21.750307 ERROR: Accept failure -1
2024-07-17 23:32:21.750314 INFO: eventNum: 1
2024-07-17 23:32:21.750320 INFO: fd: 192, events: 1

2024-07-17 23:32:21.750337 INFO: HttpConn 192 read success
2024-07-17 23:32:21.750350 INFO: GET / HTTP/1.1
2024-07-17 23:32:21.750359 INFO: Host: 39.98.202.182:9006
2024-07-17 23:32:21.750367 INFO: User-Agent: Go-http-client/1.1
2024-07-17 23:32:21.750374 INFO: oop!unknow header: User-Agent: Go-http-client/1.1
2024-07-17 23:32:21.750413 INFO: X-Vegeta-Seq: 2706
2024-07-17 23:32:21.750419 INFO: oop!unknow header: X-Vegeta-Seq: 2706
2024-07-17 23:32:21.750424 INFO: Accept-Encoding: gzip
2024-07-17 23:32:21.750430 INFO: oop!unknow header: Accept-Encoding: gzip
2024-07-17 23:32:21.750435 INFO: 
2024-07-17 23:32:21.750454 INFO: request:HTTP/1.1 200 OK

2024-07-17 23:32:21.750460 INFO: request:HTTP/1.1 200 OK
Content-Length:542

2024-07-17 23:32:21.750467 INFO: request:HTTP/1.1 200 OK
Content-Length:542
Connection:close

2024-07-17 23:32:21.750473 INFO: request:HTTP/1.1 200 OK
Content-Length:542
Connection:close


2024-07-17 23:32:21.750487 INFO: Thread 140246122866240 is running task

2024-07-17 23:32:21.750509 INFO: eventNum: 1
2024-07-17 23:32:21.750517 INFO: fd: 192, events: 4

2024-07-17 23:32:21.750563 INFO: Thread 140246156437056 is running task

2024-07-17 23:32:21.750944 INFO: eventNum: 1
2024-07-17 23:32:21.750962 INFO: fd: 243, events: 8193

2024-07-17 23:32:21.750981 INFO: HttpConn 243 close success
2024-07-17 23:32:21.750987 INFO: Client[243] quit!
2024-07-17 23:32:21.752305 INFO: eventNum: 1
2024-07-17 23:32:21.752332 INFO: fd: 224, events: 8193

2024-07-17 23:32:21.752354 INFO: HttpConn 224 close success
2024-07-17 23:32:21.752360 INFO: Client[224] quit!
2024-07-17 23:32:21.753413 INFO: eventNum: 1
2024-07-17 23:32:21.753435 INFO: fd: 226, events: 8193

2024-07-17 23:32:21.753459 INFO: HttpConn 226 close success
2024-07-17 23:32:21.753467 INFO: Client[226] quit!
2024-07-17 23:32:21.753499 INFO: eventNum: 1
2024-07-17 23:32:21.753507 INFO: fd: 214, events: 8193

2024-07-17 23:32:21.753532 INFO: HttpConn 214 close success
2024-07-17 23:32:21.753545 INFO: Client[214] quit!
2024-07-17 23:32:21.754602 INFO: eventNum: 1
2024-07-17 23:32:21.754627 INFO: fd: 217, events: 8193

2024-07-17 23:32:21.754651 INFO: HttpConn 217 close success
2024-07-17 23:32:21.754659 INFO: Client[217] quit!
2024-07-17 23:32:21.754788 INFO: eventNum: 1
2024-07-17 23:32:21.754804 INFO: fd: 232, events: 8193

2024-07-17 23:32:21.754830 INFO: HttpConn 232 close success
2024-07-17 23:32:21.754835 INFO: Client[232] quit!
2024-07-17 23:32:21.762763 INFO: eventNum: 1
2024-07-17 23:32:21.762818 INFO: fd: 220, events: 8193

2024-07-17 23:32:21.762847 INFO: HttpConn 220 close success
2024-07-17 23:32:21.762853 INFO: Client[220] quit!
2024-07-17 23:32:21.763088 INFO: eventNum: 1
2024-07-17 23:32:21.763101 INFO: fd: 203, events: 8193

2024-07-17 23:32:21.763117 INFO: HttpConn 203 close success
2024-07-17 23:32:21.763124 INFO: Client[203] quit!
2024-07-17 23:32:21.763213 INFO: eventNum: 1
2024-07-17 23:32:21.763224 INFO: fd: 209, events: 8193

2024-07-17 23:32:21.763239 INFO: HttpConn 209 close success
2024-07-17 23:32:21.763245 INFO: Client[209] quit!
2024-07-17 23:32:21.765028 INFO: eventNum: 1
2024-07-17 23:32:21.765063 INFO: fd: 13, events: 1

2024-07-17 23:32:21.765071 INFO: HandleListenEvent 13
2024-07-17 23:32:21.765117 INFO: HttpConn 203 init success
2024-07-17 23:32:21.765127 INFO: addTimer id:203 expireTime:1721230841
2024-07-17 23:32:21.765155 INFO: Client[203] in!
2024-07-17 23:32:21.765162 INFO: HandleListenEvent 13
2024-07-17 23:32:21.765177 ERROR: Accept failure -1
2024-07-17 23:32:21.765186 INFO: eventNum: 1
2024-07-17 23:32:21.765193 INFO: fd: 206, events: 8193

2024-07-17 23:32:21.765214 INFO: HttpConn 206 close success
2024-07-17 23:32:21.765221 INFO: Client[206] quit!
2024-07-17 23:32:21.765343 INFO: eventNum: 1
2024-07-17 23:32:21.765356 INFO: fd: 215, events: 8193

2024-07-17 23:32:21.765370 INFO: HttpConn 215 close success
2024-07-17 23:32:21.765402 INFO: Client[215] quit!
2024-07-17 23:32:21.765593 INFO: eventNum: 1
2024-07-17 23:32:21.765611 INFO: fd: 219, events: 8193

2024-07-17 23:32:21.765627 INFO: HttpConn 219 close success
2024-07-17 23:32:21.765635 INFO: Client[219] quit!
2024-07-17 23:32:21.766440 INFO: eventNum: 1
2024-07-17 23:32:21.766462 INFO: fd: 213, events: 8193

2024-07-17 23:32:21.766481 INFO: HttpConn 213 close success
2024-07-17 23:32:21.766486 INFO: Client[213] quit!
2024-07-17 23:32:21.766704 INFO: eventNum: 1
2024-07-17 23:32:21.766721 INFO: fd: 13, events: 1

2024-07-17 23:32:21.766726 INFO: HandleListenEvent 13
2024-07-17 23:32:21.766743 INFO: HttpConn 206 init success
2024-07-17 23:32:21.766749 INFO: addTimer id:206 expireTime:1721230841
2024-07-17 23:32:21.766762 INFO: Client[206] in!
2024-07-17 23:32:21.766766 INFO: HandleListenEvent 13
2024-07-17 23:32:21.766775 ERROR: Accept failure -1
2024-07-17 23:32:21.766780 INFO: eventNum: 1
2024-07-17 23:32:21.766785 INFO: fd: 206, events: 1

2024-07-17 23:32:21.766807 INFO: HttpConn 206 read success
2024-07-17 23:32:21.766835 INFO: GET / HTTP/1.1
2024-07-17 23:32:21.766843 INFO: Host: 39.98.202.182:9006
2024-07-17 23:32:21.766848 INFO: User-Agent: Go-http-client/1.1
2024-07-17 23:32:21.766852 INFO: oop!unknow header: User-Agent: Go-http-client/1.1
2024-07-17 23:32:21.766857 INFO: X-Vegeta-Seq: 2799
2024-07-17 23:32:21.766862 INFO: oop!unknow header: X-Vegeta-Seq: 2799
2024-07-17 23:32:21.766868 INFO: Accept-Encoding: gzip
2024-07-17 23:32:21.766875 INFO: oop!unknow header: Accept-Encoding: gzip
2024-07-17 23:32:21.766881 INFO: 
2024-07-17 23:32:21.766914 INFO: request:HTTP/1.1 200 OK

2024-07-17 23:32:21.766920 INFO: request:HTTP/1.1 200 OK
Content-Length:542

2024-07-17 23:32:21.766925 INFO: request:HTTP/1.1 200 OK
Content-Length:542
Connection:close

2024-07-17 23:32:21.766929 INFO: request:HTTP/1.1 200 OK
Content-Length:542
Connection:close


2024-07-17 23:32:21.766948 INFO: eventNum: 1
2024-07-17 23:32:21.766962 INFO: fd: 206, events: 4

2024-07-17 23:32:21.766951 INFO: Thread 140246139651648 is running task

2024-07-17 23:32:21.767000 INFO: eventNum: 1
2024-07-17 23:32:21.767010 INFO: fd: 204, events: 8193

2024-07-17 23:32:21.767013 INFO: Thread 140246139651648 is running task

2024-07-17 23:32:21.767025 INFO: HttpConn 204 close success
2024-07-17 23:32:21.767031 INFO: Client[204] quit!
2024-07-17 23:32:21.767525 INFO: eventNum: 1
2024-07-17 23:32:21.767543 INFO: fd: 212, events: 8193

2024-07-17 23:32:21.767562 INFO: HttpConn 212 close success
2024-07-17 23:32:21.767576 INFO: Client[212] quit!
2024-07-17 23:32:21.767781 INFO: eventNum: 1
2024-07-17 23:32:21.767798 INFO: fd: 205, events: 8193

2024-07-17 23:32:21.767826 INFO: HttpConn 205 close success
2024-07-17 23:32:21.767832 INFO: Client[205] quit!
2024-07-17 23:32:21.768289 INFO: eventNum: 1
2024-07-17 23:32:21.768322 INFO: fd: 254, events: 8193

2024-07-17 23:32:21.768352 INFO: HttpConn 254 close success
2024-07-17 23:32:21.768370 INFO: Client[254] quit!
2024-07-17 23:32:21.773695 INFO: eventNum: 1
2024-07-17 23:32:21.773741 INFO: fd: 241, events: 8193

2024-07-17 23:32:21.773777 INFO: HttpConn 241 close success
2024-07-17 23:32:21.773785 INFO: Client[241] quit!
2024-07-17 23:32:21.774671 INFO: eventNum: 1
2024-07-17 23:32:21.774709 INFO: fd: 231, events: 8193

2024-07-17 23:32:21.774819 INFO: HttpConn 231 close success
2024-07-17 23:32:21.774893 INFO: Client[231] quit!
2024-07-17 23:32:21.775438 INFO: eventNum: 1
2024-07-17 23:32:21.775474 INFO: fd: 258, events: 8193

2024-07-17 23:32:21.775529 INFO: HttpConn 258 close success
2024-07-17 23:32:21.775570 INFO: Client[258] quit!
2024-07-17 23:32:21.776519 INFO: eventNum: 1
2024-07-17 23:32:21.776547 INFO: fd: 13, events: 1

2024-07-17 23:32:21.776560 INFO: HandleListenEvent 13
2024-07-17 23:32:21.776616 INFO: HttpConn 204 init success
2024-07-17 23:32:21.776631 INFO: addTimer id:204 expireTime:1721230841
2024-07-17 23:32:21.776665 INFO: Client[204] in!
2024-07-17 23:32:21.776683 INFO: HandleListenEvent 13
2024-07-17 23:32:21.776697 ERROR: Accept failure -1
2024-07-17 23:32:21.776716 INFO: eventNum: 1
2024-07-17 23:32:21.776729 INFO: fd: 184, events: 8193

2024-07-17 23:32:21.776793 INFO: HttpConn 184 close success
2024-07-17 23:32:21.776802 INFO: Client[184] quit!
2024-07-17 23:32:21.776893 INFO: eventNum: 1
2024-07-17 23:32:21.776921 INFO: fd: 244, events: 8193

2024-07-17 23:32:21.776954 INFO: HttpConn 244 close success
2024-07-17 23:32:21.776966 INFO: Client[244] quit!
2024-07-17 23:32:21.777170 INFO: eventNum: 1
2024-07-17 23:32:21.777188 INFO: fd: 240, events: 8193

2024-07-17 23:32:21.777206 INFO: HttpConn 240 close success
2024-07-17 23:32:21.777211 INFO: Client[240] quit!
2024-07-17 23:32:21.777293 INFO: eventNum: 1
2024-07-17 23:32:21.777315 INFO: fd: 13, events: 1

2024-07-17 23:32:21.777320 INFO: HandleListenEvent 13
2024-07-17 23:32:21.777340 INFO: HttpConn 184 init success
2024-07-17 23:32:21.777346 INFO: addTimer id:184 expireTime:1721230841
2024-07-17 23:32:21.777359 INFO: Client[184] in!
2024-07-17 23:32:21.777363 INFO: HandleListenEvent 13
2024-07-17 23:32:21.777419 ERROR: Accept failure -1
2024-07-17 23:32:21.777431 INFO: eventNum: 2
2024-07-17 23:32:21.777441 INFO: fd: 184, events: 1

2024-07-17 23:32:21.777478 INFO: HttpConn 184 read success
2024-07-17 23:32:21.777512 INFO: GET / HTTP/1.1
2024-07-17 23:32:21.777523 INFO: Host: 39.98.202.182:9006
2024-07-17 23:32:21.777534 INFO: User-Agent: Go-http-client/1.1
2024-07-17 23:32:21.777542 INFO: oop!unknow header: User-Agent: Go-http-client/1.1
2024-07-17 23:32:21.777550 INFO: X-Vegeta-Seq: 2805
2024-07-17 23:32:21.777554 INFO: oop!unknow header: X-Vegeta-Seq: 2805
2024-07-17 23:32:21.777558 INFO: Accept-Encoding: gzip
2024-07-17 23:32:21.777562 INFO: oop!unknow header: Accept-Encoding: gzip
2024-07-17 23:32:21.777567 INFO: 
2024-07-17 23:32:21.777598 INFO: request:HTTP/1.1 200 OK

2024-07-17 23:32:21.777606 INFO: request:HTTP/1.1 200 OK
Content-Length:542

2024-07-17 23:32:21.777611 INFO: request:HTTP/1.1 200 OK
Content-Length:542
Connection:close

2024-07-17 23:32:21.777626 INFO: request:HTTP/1.1 200 OK
Content-Length:542
Connection:close


2024-07-17 23:32:21.777648 INFO: Thread 140246148044352 is running task

2024-07-17 23:32:21.777659 INFO: fd: 191, events: 8193

2024-07-17 23:32:21.777682 INFO: HttpConn 191 close success
2024-07-17 23:32:21.777694 INFO: Client[191] quit!
2024-07-17 23:32:21.777700 INFO: eventNum: 1
2024-07-17 23:32:21.777704 INFO: fd: 184, events: 4

2024-07-17 23:32:21.777774 INFO: Thread 140246114473536 is running task

2024-07-17 23:32:21.777843 INFO: eventNum: 1
2024-07-17 23:32:21.777860 INFO: fd: 13, events: 1

2024-07-17 23:32:21.777867 INFO: HandleListenEvent 13
2024-07-17 23:32:21.777885 INFO: HttpConn 191 init success
2024-07-17 23:32:21.777894 INFO: addTimer id:191 expireTime:1721230841
2024-07-17 23:32:21.777908 INFO: Client[191] in!
2024-07-17 23:32:21.777915 INFO: HandleListenEvent 13
2024-07-17 23:32:21.777925 ERROR: Accept failure -1
2024-07-17 23:32:21.777931 INFO: eventNum: 1
2024-07-17 23:32:21.777935 INFO: fd: 191, events: 1

2024-07-17 23:32:21.777949 INFO: HttpConn 191 read success
2024-07-17 23:32:21.777960 INFO: GET / HTTP/1.1
2024-07-17 23:32:21.778000 INFO: Host: 39.98.202.182:9006
2024-07-17 23:32:21.778006 INFO: User-Agent: Go-http-client/1.1
2024-07-17 23:32:21.778010 INFO: oop!unknow header: User-Agent: Go-http-client/1.1
2024-07-17 23:32:21.778014 INFO: X-Vegeta-Seq: 2775
2024-07-17 23:32:21.778018 INFO: oop!unknow header: X-Vegeta-Seq: 2775
2024-07-17 23:32:21.778023 INFO: Accept-Encoding: gzip
2024-07-17 23:32:21.778027 INFO: oop!unknow header: Accept-Encoding: gzip
2024-07-17 23:32:21.778031 INFO: 
2024-07-17 23:32:21.778048 INFO: request:HTTP/1.1 200 OK

2024-07-17 23:32:21.778052 INFO: request:HTTP/1.1 200 OK
Content-Length:542

2024-07-17 23:32:21.778057 INFO: request:HTTP/1.1 200 OK
Content-Length:542
Connection:close

2024-07-17 23:32:21.778061 INFO: request:HTTP/1.1 200 OK
Content-Length:542
Connection:close


2024-07-17 23:32:21.778071 INFO: Thread 140246131258944 is running task

2024-07-17 23:32:21.778080 INFO: eventNum: 1
2024-07-17 23:32:21.778085 INFO: fd: 191, events: 4

2024-07-17 23:32:21.778144 INFO: Thread 140246106080832 is running task

2024-07-17 23:32:21.778371 INFO: eventNum: 1
2024-07-17 23:32:21.778420 INFO: fd: 13, events: 1

2024-07-17 23:32:21.778425 INFO: HandleListenEvent 13
2024-07-17 23:32:21.778443 INFO: HttpConn 205 init success
2024-07-17 23:32:21.778455 INFO: addTimer id:205 expireTime:1721230841
2024-07-17 23:32:21.778471 INFO: Client[205] in!
2024-07-17 23:32:21.778478 INFO: HandleListenEvent 13
2024-07-17 23:32:21.778490 ERROR: Accept failure -1
2024-07-17 23:32:21.778498 INFO: eventNum: 1
2024-07-17 23:32:21.778504 INFO: fd: 205, events: 1

2024-07-17 23:32:21.778528 INFO: HttpConn 205 read success
2024-07-17 23:32:21.778550 INFO: GET / HTTP/1.1
2024-07-17 23:32:21.778559 INFO: Host: 39.98.202.182:9006
2024-07-17 23:32:21.778564 INFO: User-Agent: Go-http-client/1.1
2024-07-17 23:32:21.778569 INFO: oop!unknow header: User-Agent: Go-http-client/1.1
2024-07-17 23:32:21.778573 INFO: X-Vegeta-Seq: 2817
2024-07-17 23:32:21.778577 INFO: oop!unknow header: X-Vegeta-Seq: 2817
2024-07-17 23:32:21.778581 INFO: Accept-Encoding: gzip
2024-07-17 23:32:21.778586 INFO: oop!unknow header: Accept-Encoding: gzip
2024-07-17 23:32:21.778590 INFO: 
2024-07-17 23:32:21.778608 INFO: request:HTTP/1.1 200 OK

2024-07-17 23:32:21.778614 INFO: request:HTTP/1.1 200 OK
Content-Length:542

2024-07-17 23:32:21.778620 INFO: request:HTTP/1.1 200 OK
Content-Length:542
Connection:close

2024-07-17 23:32:21.778627 INFO: request:HTTP/1.1 200 OK
