2024-07-17 23:32:21.606242 INFO: GET / HTTP/1.1
2024-07-17 23:32:21.606299 INFO: Host: 39.98.202.182:9006
2024-07-17 23:32:21.606307 INFO: User-Agent: Go-http-client/1.1
2024-07-17 23:32:21.606314 INFO: oop!unknow header: User-Agent: Go-http-client/1.1
2024-07-17 23:32:21.606321 INFO: X-Vegeta-Seq: 2003
2024-07-17 23:32:21.606327 INFO: oop!unknow header: X-Vegeta-Seq: 2003
2024-07-17 23:32:21.606331 INFO: Accept-Encoding: gzip
2024-07-17 23:32:21.606335 INFO: oop!unknow header: Accept-Encoding: gzip
2024-07-17 23:32:21.606340 INFO: 
2024-07-17 23:32:21.606354 INFO: request:HTTP/1.1 200 OK

2024-07-17 23:32:21.606359 INFO: request:HTTP/1.1 200 OK
Content-Length:542

2024-07-17 23:32:21.606363 INFO: request:HTTP/1.1 200 OK
Content-Length:542
Connection:close

2024-07-17 23:32:21.606368 INFO: request:HTTP/1.1 200 OK
Content-Length:542
Connection:close


2024-07-17 23:32:21.606402 INFO: Thread 140246148044352 is running task

2024-07-17 23:32:21.606413 INFO: eventNum: 1
2024-07-17 23:32:21.606418 INFO: fd: 78, events: 4

2024-07-17 23:32:21.606464 INFO: Thread 140246122866240 is running task

2024-07-17 23:32:21.606661 INFO: eventNum: 1
2024-07-17 23:32:21.606679 INFO: fd: 13, events: 1

2024-07-17 23:32:21.606687 INFO: HandleListenEvent 13
2024-07-17 23:32:21.606714 INFO: HttpConn 79 init success
2024-07-17 23:32:21.606722 INFO: addTimer id:79 expireTime:1721230841
2024-07-17 23:32:21.606735 INFO: Client[79] in!
2024-07-17 23:32:21.606741 INFO: HandleListenEvent 13
2024-07-17 23:32:21.606753 INFO: HttpConn 80 init success
2024-07-17 23:32:21.606758 INFO: addTimer id:80 expireTime:1721230841
2024-07-17 23:32:21.606766 INFO: Client[80] in!
2024-07-17 23:32:21.606771 INFO: HandleListenEvent 13
2024-07-17 23:32:21.606780 ERROR: Accept failure -1
2024-07-17 23:32:21.606785 INFO: eventNum: 1
2024-07-17 23:32:21.606790 INFO: fd: 79, events: 1

2024-07-17 23:32:21.606807 INFO: HttpConn 79 read success
2024-07-17 23:32:21.606824 INFO: GET / HTTP/1.1
2024-07-17 23:32:21.606830 INFO: Host: 39.98.202.182:9006
2024-07-17 23:32:21.606834 INFO: User-Agent: Go-http-client/1.1
2024-07-17 23:32:21.606839 INFO: oop!unknow header: User-Agent: Go-http-client/1.1
2024-07-17 23:32:21.606843 INFO: X-Vegeta-Seq: 1995
2024-07-17 23:32:21.606847 INFO: oop!unknow header: X-Vegeta-Seq: 1995
2024-07-17 23:32:21.606851 INFO: Accept-Encoding: gzip
2024-07-17 23:32:21.606856 INFO: oop!unknow header: Accept-Encoding: gzip
2024-07-17 23:32:21.606860 INFO: 
2024-07-17 23:32:21.606875 INFO: request:HTTP/1.1 200 OK

2024-07-17 23:32:21.606880 INFO: request:HTTP/1.1 200 OK
Content-Length:542

2024-07-17 23:32:21.606884 INFO: request:HTTP/1.1 200 OK
Content-Length:542
Connection:close

2024-07-17 23:32:21.606888 INFO: request:HTTP/1.1 200 OK
Content-Length:542
Connection:close


2024-07-17 23:32:21.606902 INFO: Thread 140246131258944 is running task

2024-07-17 23:32:21.606907 INFO: eventNum: 1
2024-07-17 23:32:21.606915 INFO: fd: 79, events: 4

2024-07-17 23:32:21.606953 INFO: Thread 140246139651648 is running task

2024-07-17 23:32:21.607638 INFO: eventNum: 1
2024-07-17 23:32:21.607665 INFO: fd: 13, events: 1

2024-07-17 23:32:21.607679 INFO: HandleListenEvent 13
2024-07-17 23:32:21.607702 INFO: HttpConn 81 init success
2024-07-17 23:32:21.607711 INFO: addTimer id:81 expireTime:1721230841
2024-07-17 23:32:21.607726 INFO: Client[81] in!
2024-07-17 23:32:21.607744 INFO: HandleListenEvent 13
2024-07-17 23:32:21.607757 INFO: HttpConn 82 init success
2024-07-17 23:32:21.607762 INFO: addTimer id:82 expireTime:1721230841
2024-07-17 23:32:21.607771 INFO: Client[82] in!
2024-07-17 23:32:21.607776 INFO: HandleListenEvent 13
2024-07-17 23:32:21.607788 ERROR: Accept failure -1
2024-07-17 23:32:21.607797 INFO: eventNum: 1
2024-07-17 23:32:21.607801 INFO: fd: 82, events: 1

2024-07-17 23:32:21.607816 INFO: HttpConn 82 read success
2024-07-17 23:32:21.607826 INFO: GET / HTTP/1.1
2024-07-17 23:32:21.607832 INFO: Host: 39.98.202.182:9006
2024-07-17 23:32:21.607837 INFO: User-Agent: Go-http-client/1.1
2024-07-17 23:32:21.607841 INFO: oop!unknow header: User-Agent: Go-http-client/1.1
2024-07-17 23:32:21.607852 INFO: X-Vegeta-Seq: 1987
2024-07-17 23:32:21.607862 INFO: oop!unknow header: X-Vegeta-Seq: 1987
2024-07-17 23:32:21.607871 INFO: Accept-Encoding: gzip
2024-07-17 23:32:21.607878 INFO: oop!unknow header: Accept-Encoding: gzip
2024-07-17 23:32:21.607884 INFO: 
2024-07-17 23:32:21.607905 INFO: request:HTTP/1.1 200 OK

2024-07-17 23:32:21.607913 INFO: request:HTTP/1.1 200 OK
Content-Length:542

2024-07-17 23:32:21.607919 INFO: request:HTTP/1.1 200 OK
Content-Length:542
Connection:close

2024-07-17 23:32:21.607926 INFO: request:HTTP/1.1 200 OK
Content-Length:542
Connection:close


2024-07-17 23:32:21.607938 INFO: Thread 140246097688128 is running task

2024-07-17 23:32:21.607953 INFO: eventNum: 2
2024-07-17 23:32:21.607960 INFO: fd: 13, events: 1

2024-07-17 23:32:21.607967 INFO: HandleListenEvent 13
2024-07-17 23:32:21.607983 INFO: HttpConn 83 init success
2024-07-17 23:32:21.607989 INFO: addTimer id:83 expireTime:1721230841
2024-07-17 23:32:21.607999 INFO: Client[83] in!
2024-07-17 23:32:21.608003 INFO: HandleListenEvent 13
2024-07-17 23:32:21.608013 INFO: HttpConn 84 init success
2024-07-17 23:32:21.608018 INFO: addTimer id:84 expireTime:1721230841
2024-07-17 23:32:21.608026 INFO: Client[84] in!
2024-07-17 23:32:21.608030 INFO: HandleListenEvent 13
2024-07-17 23:32:21.608038 ERROR: Accept failure -1
2024-07-17 23:32:21.608043 INFO: fd: 82, events: 4

2024-07-17 23:32:21.608094 INFO: Thread 140246156437056 is running task

2024-07-17 23:32:21.608290 INFO: eventNum: 1
2024-07-17 23:32:21.608316 INFO: fd: 13, events: 1

2024-07-17 23:32:21.608322 INFO: HandleListenEvent 13
2024-07-17 23:32:21.608337 INFO: HttpConn 86 init success
2024-07-17 23:32:21.608343 INFO: addTimer id:86 expireTime:1721230841
2024-07-17 23:32:21.608353 INFO: Client[86] in!
2024-07-17 23:32:21.608358 INFO: HandleListenEvent 13
2024-07-17 23:32:21.608367 INFO: HttpConn 87 init success
2024-07-17 23:32:21.608413 INFO: addTimer id:87 expireTime:1721230841
2024-07-17 23:32:21.608431 INFO: Client[87] in!
2024-07-17 23:32:21.608438 INFO: HandleListenEvent 13
2024-07-17 23:32:21.608449 ERROR: Accept failure -1
2024-07-17 23:32:21.608457 INFO: eventNum: 1
2024-07-17 23:32:21.608464 INFO: fd: 86, events: 1

2024-07-17 23:32:21.608479 INFO: HttpConn 86 read success
2024-07-17 23:32:21.608490 INFO: GET / HTTP/1.1
2024-07-17 23:32:21.608495 INFO: Host: 39.98.202.182:9006
2024-07-17 23:32:21.608500 INFO: User-Agent: Go-http-client/1.1
2024-07-17 23:32:21.608504 INFO: oop!unknow header: User-Agent: Go-http-client/1.1
2024-07-17 23:32:21.608509 INFO: X-Vegeta-Seq: 2000
2024-07-17 23:32:21.608513 INFO: oop!unknow header: X-Vegeta-Seq: 2000
2024-07-17 23:32:21.608517 INFO: Accept-Encoding: gzip
2024-07-17 23:32:21.608525 INFO: oop!unknow header: Accept-Encoding: gzip
2024-07-17 23:32:21.608529 INFO: 
2024-07-17 23:32:21.608545 INFO: request:HTTP/1.1 200 OK

2024-07-17 23:32:21.608550 INFO: request:HTTP/1.1 200 OK
Content-Length:542

2024-07-17 23:32:21.608554 INFO: request:HTTP/1.1 200 OK
Content-Length:542
Connection:close

2024-07-17 23:32:21.608559 INFO: request:HTTP/1.1 200 OK
Content-Length:542
Connection:close


2024-07-17 23:32:21.608569 INFO: Thread 140246106080832 is running task

2024-07-17 23:32:21.608578 INFO: eventNum: 2
2024-07-17 23:32:21.608583 INFO: fd: 13, events: 1

2024-07-17 23:32:21.608588 INFO: HandleListenEvent 13
2024-07-17 23:32:21.608606 INFO: HttpConn 88 init success
2024-07-17 23:32:21.608611 INFO: addTimer id:88 expireTime:1721230841
2024-07-17 23:32:21.608620 INFO: Client[88] in!
2024-07-17 23:32:21.608624 INFO: HandleListenEvent 13
2024-07-17 23:32:21.608632 ERROR: Accept failure -1
2024-07-17 23:32:21.608637 INFO: fd: 86, events: 4

2024-07-17 23:32:21.608649 INFO: eventNum: 1
2024-07-17 23:32:21.608654 INFO: fd: 88, events: 1

2024-07-17 23:32:21.608669 INFO: HttpConn 88 read success
2024-07-17 23:32:21.608681 INFO: Thread 140246114473536 is running task

2024-07-17 23:32:21.608689 INFO: GET / HTTP/1.1
2024-07-17 23:32:21.608710 INFO: Host: 39.98.202.182:9006
2024-07-17 23:32:21.608717 INFO: User-Agent: Go-http-client/1.1
2024-07-17 23:32:21.608727 INFO: oop!unknow header: User-Agent: Go-http-client/1.1
2024-07-17 23:32:21.608732 INFO: X-Vegeta-Seq: 1990
2024-07-17 23:32:21.608736 INFO: oop!unknow header: X-Vegeta-Seq: 1990
2024-07-17 23:32:21.608740 INFO: Accept-Encoding: gzip
2024-07-17 23:32:21.608744 INFO: oop!unknow header: Accept-Encoding: gzip
2024-07-17 23:32:21.608749 INFO: 
2024-07-17 23:32:21.608763 INFO: request:HTTP/1.1 200 OK

2024-07-17 23:32:21.608768 INFO: request:HTTP/1.1 200 OK
Content-Length:542

2024-07-17 23:32:21.608772 INFO: request:HTTP/1.1 200 OK
Content-Length:542
Connection:close

2024-07-17 23:32:21.608776 INFO: request:HTTP/1.1 200 OK
Content-Length:542
Connection:close


2024-07-17 23:32:21.608787 INFO: Thread 140246148044352 is running task

2024-07-17 23:32:21.608795 INFO: eventNum: 1
2024-07-17 23:32:21.608800 INFO: fd: 88, events: 4

2024-07-17 23:32:21.608828 INFO: Thread 140246122866240 is running task

2024-07-17 23:32:21.609273 INFO: eventNum: 1
2024-07-17 23:32:21.609302 INFO: fd: 13, events: 1

2024-07-17 23:32:21.609309 INFO: HandleListenEvent 13
2024-07-17 23:32:21.609334 INFO: HttpConn 89 init success
2024-07-17 23:32:21.609340 INFO: addTimer id:89 expireTime:1721230841
2024-07-17 23:32:21.609352 INFO: Client[89] in!
2024-07-17 23:32:21.609366 INFO: HandleListenEvent 13
2024-07-17 23:32:21.609397 ERROR: Accept failure -1
2024-07-17 23:32:21.609405 INFO: eventNum: 1
2024-07-17 23:32:21.609410 INFO: fd: 89, events: 1

2024-07-17 23:32:21.609430 INFO: HttpConn 89 read success
2024-07-17 23:32:21.609447 INFO: GET / HTTP/1.1
2024-07-17 23:32:21.609453 INFO: Host: 39.98.202.182:9006
2024-07-17 23:32:21.609457 INFO: User-Agent: Go-http-client/1.1
2024-07-17 23:32:21.609462 INFO: oop!unknow header: User-Agent: Go-http-client/1.1
2024-07-17 23:32:21.609466 INFO: X-Vegeta-Seq: 1967
2024-07-17 23:32:21.609470 INFO: oop!unknow header: X-Vegeta-Seq: 1967
2024-07-17 23:32:21.609475 INFO: Accept-Encoding: gzip
2024-07-17 23:32:21.609479 INFO: oop!unknow header: Accept-Encoding: gzip
2024-07-17 23:32:21.609483 INFO: 
2024-07-17 23:32:21.609500 INFO: request:HTTP/1.1 200 OK

2024-07-17 23:32:21.609507 INFO: request:HTTP/1.1 200 OK
Content-Length:542

2024-07-17 23:32:21.609514 INFO: request:HTTP/1.1 200 OK
Content-Length:542
Connection:close

2024-07-17 23:32:21.609520 INFO: request:HTTP/1.1 200 OK
Content-Length:542
Connection:close


2024-07-17 23:32:21.609536 INFO: Thread 140246131258944 is running task

2024-07-17 23:32:21.609551 INFO: eventNum: 1
2024-07-17 23:32:21.609566 INFO: fd: 89, events: 4

2024-07-17 23:32:21.609612 INFO: Thread 140246139651648 is running task

2024-07-17 23:32:21.609674 INFO: eventNum: 1
2024-07-17 23:32:21.609699 INFO: fd: 13, events: 1

2024-07-17 23:32:21.609704 INFO: HandleListenEvent 13
2024-07-17 23:32:21.609721 INFO: HttpConn 90 init success
2024-07-17 23:32:21.609727 INFO: addTimer id:90 expireTime:1721230841
2024-07-17 23:32:21.609737 INFO: Client[90] in!
2024-07-17 23:32:21.609742 INFO: HandleListenEvent 13
2024-07-17 23:32:21.609755 ERROR: Accept failure -1
2024-07-17 23:32:21.609770 INFO: eventNum: 2
2024-07-17 23:32:21.609777 INFO: fd: 90, events: 1

2024-07-17 23:32:21.609794 INFO: HttpConn 90 read success
2024-07-17 23:32:21.609806 INFO: GET / HTTP/1.1
2024-07-17 23:32:21.609811 INFO: Host: 39.98.202.182:9006
2024-07-17 23:32:21.609816 INFO: User-Agent: Go-http-client/1.1
2024-07-17 23:32:21.609820 INFO: oop!unknow header: User-Agent: Go-http-client/1.1
2024-07-17 23:32:21.609825 INFO: X-Vegeta-Seq: 1992
2024-07-17 23:32:21.609829 INFO: oop!unknow header: X-Vegeta-Seq: 1992
2024-07-17 23:32:21.609833 INFO: Accept-Encoding: gzip
2024-07-17 23:32:21.609838 INFO: oop!unknow header: Accept-Encoding: gzip
2024-07-17 23:32:21.609842 INFO: 
2024-07-17 23:32:21.609859 INFO: request:HTTP/1.1 200 OK

2024-07-17 23:32:21.609868 INFO: request:HTTP/1.1 200 OK
Content-Length:542

2024-07-17 23:32:21.609874 INFO: request:HTTP/1.1 200 OK
Content-Length:542
Connection:close

2024-07-17 23:32:21.609881 INFO: request:HTTP/1.1 200 OK
Content-Length:542
Connection:close


2024-07-17 23:32:21.609900 INFO: Thread 140246097688128 is running task

2024-07-17 23:32:21.609917 INFO: fd: 13, events: 1

2024-07-17 23:32:21.609924 INFO: HandleListenEvent 13
2024-07-17 23:32:21.609936 INFO: HttpConn 365 init success
2024-07-17 23:32:21.609942 INFO: addTimer id:365 expireTime:1721230841
2024-07-17 23:32:21.609951 INFO: Client[365] in!
2024-07-17 23:32:21.609956 INFO: HandleListenEvent 13
2024-07-17 23:32:21.609964 ERROR: Accept failure -1
2024-07-17 23:32:21.609970 INFO: eventNum: 2
2024-07-17 23:32:21.609974 INFO: fd: 90, events: 4

2024-07-17 23:32:21.610012 INFO: Thread 140246156437056 is running task

2024-07-17 23:32:21.610023 INFO: fd: 365, events: 1

2024-07-17 23:32:21.610034 INFO: HttpConn 365 read success
2024-07-17 23:32:21.610044 INFO: GET / HTTP/1.1
2024-07-17 23:32:21.610049 INFO: Host: 39.98.202.182:9006
2024-07-17 23:32:21.610054 INFO: User-Agent: Go-http-client/1.1
2024-07-17 23:32:21.610058 INFO: oop!unknow header: User-Agent: Go-http-client/1.1
2024-07-17 23:32:21.610063 INFO: X-Vegeta-Seq: 1985
2024-07-17 23:32:21.610067 INFO: oop!unknow header: X-Vegeta-Seq: 1985
2024-07-17 23:32:21.610071 INFO: Accept-Encoding: gzip
2024-07-17 23:32:21.610075 INFO: oop!unknow header: Accept-Encoding: gzip
2024-07-17 23:32:21.610080 INFO: 
2024-07-17 23:32:21.610094 INFO: request:HTTP/1.1 200 OK

2024-07-17 23:32:21.610099 INFO: request:HTTP/1.1 200 OK
Content-Length:542

2024-07-17 23:32:21.610103 INFO: request:HTTP/1.1 200 OK
Content-Length:542
Connection:close

2024-07-17 23:32:21.610107 INFO: request:HTTP/1.1 200 OK
Content-Length:542
Connection:close


2024-07-17 23:32:21.610134 INFO: Thread 140246106080832 is running task

2024-07-17 23:32:21.610144 INFO: eventNum: 1
2024-07-17 23:32:21.610148 INFO: fd: 365, events: 4

2024-07-17 23:32:21.610187 INFO: Thread 140246114473536 is running task

2024-07-17 23:32:21.613737 INFO: eventNum: 1
2024-07-17 23:32:21.613763 INFO: fd: 13, events: 1

2024-07-17 23:32:21.613769 INFO: HandleListenEvent 13
2024-07-17 23:32:21.613783 INFO: HttpConn 366 init success
2024-07-17 23:32:21.613789 INFO: addTimer id:366 expireTime:1721230841
2024-07-17 23:32:21.613806 INFO: Client[366] in!
2024-07-17 23:32:21.613811 INFO: HandleListenEvent 13
2024-07-17 23:32:21.613820 ERROR: Accept failure -1
2024-07-17 23:32:21.614076 INFO: eventNum: 1
2024-07-17 23:32:21.614095 INFO: fd: 366, events: 1

2024-07-17 23:32:21.614109 INFO: HttpConn 366 read success
2024-07-17 23:32:21.614147 INFO: GET / HTTP/1.1
2024-07-17 23:32:21.614153 INFO: Host: 39.98.202.182:9006
2024-07-17 23:32:21.614158 INFO: User-Agent: Go-http-client/1.1
2024-07-17 23:32:21.614162 INFO: oop!unknow header: User-Agent: Go-http-client/1.1
2024-07-17 23:32:21.614167 INFO: X-Vegeta-Seq: 1984
2024-07-17 23:32:21.614171 INFO: oop!unknow header: X-Vegeta-Seq: 1984
2024-07-17 23:32:21.614175 INFO: Accept-Encoding: gzip
2024-07-17 23:32:21.614180 INFO: oop!unknow header: Accept-Encoding: gzip
2024-07-17 23:32:21.614184 INFO: 
2024-07-17 23:32:21.614201 INFO: request:HTTP/1.1 200 OK

2024-07-17 23:32:21.614206 INFO: request:HTTP/1.1 200 OK
Content-Length:542

2024-07-17 23:32:21.614210 INFO: request:HTTP/1.1 200 OK
Content-Length:542
Connection:close

2024-07-17 23:32:21.614215 INFO: request:HTTP/1.1 200 OK
Content-Length:542
Connection:close


2024-07-17 23:32:21.614226 INFO: Thread 140246148044352 is running task

2024-07-17 23:32:21.614236 INFO: eventNum: 1
2024-07-17 23:32:21.614241 INFO: fd: 366, events: 4

2024-07-17 23:32:21.614279 INFO: Thread 140246122866240 is running task

2024-07-17 23:32:21.614655 INFO: eventNum: 1
2024-07-17 23:32:21.614675 INFO: fd: 13, events: 1

2024-07-17 23:32:21.614680 INFO: HandleListenEvent 13
2024-07-17 23:32:21.614696 INFO: HttpConn 367 init success
2024-07-17 23:32:21.614702 INFO: addTimer id:367 expireTime:1721230841
2024-07-17 23:32:21.614722 INFO: Client[367] in!
2024-07-17 23:32:21.614730 INFO: HandleListenEvent 13
2024-07-17 23:32:21.614742 ERROR: Accept failure -1
2024-07-17 23:32:21.614753 INFO: eventNum: 1
2024-07-17 23:32:21.614767 INFO: fd: 367, events: 1

2024-07-17 23:32:21.614801 INFO: HttpConn 367 read success
2024-07-17 23:32:21.614826 INFO: GET / HTTP/1.1
2024-07-17 23:32:21.614837 INFO: Host: 39.98.202.182:9006
2024-07-17 23:32:21.614802 INFO: eventNum: 1
2024-07-17 23:32:21.614842 INFO: User-Agent: Go-http-client/1.1
2024-07-17 23:32:21.614862 INFO: oop!unknow header: User-Agent: Go-http-client/1.1
2024-07-17 23:32:21.614876 INFO: X-Vegeta-Seq: 1964
2024-07-17 23:32:21.614889 INFO: oop!unknow header: X-Vegeta-Seq: 1964
2024-07-17 23:32:21.614901 INFO: Accept-Encoding: gzip
2024-07-17 23:32:21.614851 INFO: fd: 13, events: 1

2024-07-17 23:32:21.614906 INFO: oop!unknow header: Accept-Encoding: gzip
2024-07-17 23:32:21.614926 INFO: 
2024-07-17 23:32:21.614914 INFO: HandleListenEvent 13
2024-07-17 23:32:21.614943 INFO: request:HTTP/1.1 200 OK

2024-07-17 23:32:21.614945 INFO: HttpConn 369 init success
2024-07-17 23:32:21.614949 INFO: request:HTTP/1.1 200 OK
Content-Length:542

2024-07-17 23:32:21.614957 INFO: addTimer id:369 expireTime:1721230841
2024-07-17 23:32:21.614964 INFO: request:HTTP/1.1 200 OK
Content-Length:542
Connection:close

2024-07-17 23:32:21.614986 INFO: request:HTTP/1.1 200 OK
Content-Length:542
Connection:close


2024-07-17 23:32:21.614990 INFO: Client[369] in!
2024-07-17 23:32:21.614997 INFO: Thread 140246131258944 is running task

2024-07-17 23:32:21.615000 INFO: HandleListenEvent 13
2024-07-17 23:32:21.615023 ERROR: Accept failure -1
2024-07-17 23:32:21.615033 INFO: eventNum: 3
2024-07-17 23:32:21.615038 INFO: fd: 369, events: 1

2024-07-17 23:32:21.615052 INFO: HttpConn 369 read success
2024-07-17 23:32:21.615062 INFO: GET / HTTP/1.1
2024-07-17 23:32:21.615068 INFO: Host: 39.98.202.182:9006
2024-07-17 23:32:21.615072 INFO: User-Agent: Go-http-client/1.1
2024-07-17 23:32:21.615076 INFO: oop!unknow header: User-Agent: Go-http-client/1.1
2024-07-17 23:32:21.615081 INFO: X-Vegeta-Seq: 1960
2024-07-17 23:32:21.615085 INFO: oop!unknow header: X-Vegeta-Seq: 1960
2024-07-17 23:32:21.615089 INFO: Accept-Encoding: gzip
2024-07-17 23:32:21.615094 INFO: oop!unknow header: Accept-Encoding: gzip
2024-07-17 23:32:21.615098 INFO: 
2024-07-17 23:32:21.615115 INFO: request:HTTP/1.1 200 OK

2024-07-17 23:32:21.615119 INFO: request:HTTP/1.1 200 OK
Content-Length:542

2024-07-17 23:32:21.615124 INFO: request:HTTP/1.1 200 OK
Content-Length:542
Connection:close

2024-07-17 23:32:21.615128 INFO: request:HTTP/1.1 200 OK
Content-Length:542
Connection:close


2024-07-17 23:32:21.615138 INFO: Thread 140246139651648 is running task

2024-07-17 23:32:21.615147 INFO: fd: 367, events: 4

2024-07-17 23:32:21.615183 INFO: Thread 140246097688128 is running task

2024-07-17 23:32:21.615197 INFO: fd: 13, events: 1

2024-07-17 23:32:21.615202 INFO: HandleListenEvent 13
2024-07-17 23:32:21.615215 INFO: HttpConn 368 init success
2024-07-17 23:32:21.615220 INFO: addTimer id:368 expireTime:1721230841
2024-07-17 23:32:21.615229 INFO: Client[368] in!
2024-07-17 23:32:21.615234 INFO: HandleListenEvent 13
2024-07-17 23:32:21.615241 ERROR: Accept failure -1
2024-07-17 23:32:21.615247 INFO: eventNum: 1
2024-07-17 23:32:21.615251 INFO: fd: 369, events: 4

2024-07-17 23:32:21.615285 INFO: Thread 140246156437056 is running task

2024-07-17 23:32:21.615448 INFO: eventNum: 1
2024-07-17 23:32:21.615469 INFO: fd: 368, events: 1

2024-07-17 23:32:21.615484 INFO: HttpConn 368 read success
2024-07-17 23:32:21.615494 INFO: GET / HTTP/1.1
2024-07-17 23:32:21.615499 INFO: Host: 39.98.202.182:9006
2024-07-17 23:32:21.615504 INFO: User-Agent: Go-http-client/1.1
2024-07-17 23:32:21.615508 INFO: oop!unknow header: User-Agent: Go-http-client/1.1
2024-07-17 23:32:21.615513 INFO: X-Vegeta-Seq: 1972
2024-07-17 23:32:21.615517 INFO: oop!unknow header: X-Vegeta-Seq: 1972
2024-07-17 23:32:21.615522 INFO: Accept-Encoding: gzip
2024-07-17 23:32:21.615526 INFO: oop!unknow header: Accept-Encoding: gzip
2024-07-17 23:32:21.615530 INFO: 
2024-07-17 23:32:21.615546 INFO: request:HTTP/1.1 200 OK

2024-07-17 23:32:21.615551 INFO: request:HTTP/1.1 200 OK
Content-Length:542

2024-07-17 23:32:21.615561 INFO: request:HTTP/1.1 200 OK
Content-Length:542
Connection:close

2024-07-17 23:32:21.615571 INFO: request:HTTP/1.1 200 OK
Content-Length:542
Connection:close


2024-07-17 23:32:21.615586 INFO: Thread 140246106080832 is running task

2024-07-17 23:32:21.615600 INFO: eventNum: 1
2024-07-17 23:32:21.615607 INFO: fd: 368, events: 4

2024-07-17 23:32:21.615647 INFO: Thread 140246114473536 is running task

2024-07-17 23:32:21.616000 INFO: eventNum: 1
2024-07-17 23:32:21.616015 INFO: fd: 13, events: 1

2024-07-17 23:32:21.616020 INFO: HandleListenEvent 13
2024-07-17 23:32:21.616035 INFO: HttpConn 370 init success
2024-07-17 23:32:21.616041 INFO: addTimer id:370 expireTime:1721230841
2024-07-17 23:32:21.616056 INFO: Client[370] in!
2024-07-17 23:32:21.616063 INFO: HandleListenEvent 13
2024-07-17 23:32:21.616078 INFO: HttpConn 371 init success
2024-07-17 23:32:21.616084 INFO: addTimer id:371 expireTime:1721230841
2024-07-17 23:32:21.616096 INFO: Client[371] in!
2024-07-17 23:32:21.616101 INFO: HandleListenEvent 13
2024-07-17 23:32:21.616110 ERROR: Accept failure -1
2024-07-17 23:32:21.616116 INFO: eventNum: 1
2024-07-17 23:32:21.616120 INFO: fd: 370, events: 1

2024-07-17 23:32:21.616135 INFO: HttpConn 370 read success
2024-07-17 23:32:21.616147 INFO: GET / HTTP/1.1
2024-07-17 23:32:21.616152 INFO: Host: 39.98.202.182:9006
2024-07-17 23:32:21.616157 INFO: User-Agent: Go-http-client/1.1
2024-07-17 23:32:21.616161 INFO: oop!unknow header: User-Agent: Go-http-client/1.1
2024-07-17 23:32:21.616165 INFO: X-Vegeta-Seq: 1968
2024-07-17 23:32:21.616169 INFO: oop!unknow header: X-Vegeta-Seq: 1968
2024-07-17 23:32:21.616174 INFO: Accept-Encoding: gzip
2024-07-17 23:32:21.616178 INFO: oop!unknow header: Accept-Encoding: gzip
2024-07-17 23:32:21.616182 INFO: 
2024-07-17 23:32:21.616197 INFO: request:HTTP/1.1 200 OK

2024-07-17 23:32:21.616202 INFO: request:HTTP/1.1 200 OK
Content-Length:542

2024-07-17 23:32:21.616206 INFO: request:HTTP/1.1 200 OK
Content-Length:542
Connection:close

2024-07-17 23:32:21.616210 INFO: request:HTTP/1.1 200 OK
Content-Length:542
Connection:close


2024-07-17 23:32:21.616219 INFO: Thread 140246148044352 is running task

2024-07-17 23:32:21.616227 INFO: eventNum: 1
2024-07-17 23:32:21.616232 INFO: fd: 370, events: 4

2024-07-17 23:32:21.616271 INFO: Thread 140246122866240 is running task

2024-07-17 23:32:21.616412 INFO: eventNum: 1
2024-07-17 23:32:21.616445 INFO: fd: 371, events: 1

2024-07-17 23:32:21.616462 INFO: eventNum: 1
2024-07-17 23:32:21.616465 INFO: HttpConn 371 read success
2024-07-17 23:32:21.616467 INFO: fd: 13, events: 1

2024-07-17 23:32:21.616490 INFO: GET / HTTP/1.1
2024-07-17 23:32:21.616493 INFO: HandleListenEvent 13
2024-07-17 23:32:21.616512 INFO: Host: 39.98.202.182:9006
2024-07-17 23:32:21.616527 INFO: User-Agent: Go-http-client/1.1
2024-07-17 23:32:21.616532 INFO: oop!unknow header: User-Agent: Go-http-client/1.1
2024-07-17 23:32:21.616532 INFO: HttpConn 372 init success
2024-07-17 23:32:21.616539 INFO: X-Vegeta-Seq: 1966
2024-07-17 23:32:21.616593 INFO: oop!unknow header: X-Vegeta-Seq: 1966
2024-07-17 23:32:21.616580 INFO: addTimer id:372 expireTime:1721230841
2024-07-17 23:32:21.616599 INFO: Accept-Encoding: gzip
2024-07-17 23:32:21.616615 INFO: oop!unknow header: Accept-Encoding: gzip
2024-07-17 23:32:21.616628 INFO: 
2024-07-17 23:32:21.616616 INFO: Client[372] in!
2024-07-17 23:32:21.616642 INFO: HandleListenEvent 13
2024-07-17 23:32:21.616644 INFO: request:HTTP/1.1 200 OK

2024-07-17 23:32:21.616665 INFO: request:HTTP/1.1 200 OK
Content-Length:542

2024-07-17 23:32:21.616667 ERROR: Accept failure -1
2024-07-17 23:32:21.616670 INFO: request:HTTP/1.1 200 OK
Content-Length:542
Connection:close

2024-07-17 23:32:21.616691 INFO: request:HTTP/1.1 200 OK
Content-Length:542
Connection:close


2024-07-17 23:32:21.616706 INFO: Thread 140246131258944 is running task

2024-07-17 23:32:21.616713 INFO: eventNum: 1
2024-07-17 23:32:21.616723 INFO: fd: 371, events: 4

2024-07-17 23:32:21.616774 INFO: Thread 140246139651648 is running task

2024-07-17 23:32:21.616814 INFO: eventNum: 1
2024-07-17 23:32:21.616824 INFO: fd: 372, events: 1

2024-07-17 23:32:21.616836 INFO: HttpConn 372 read success
2024-07-17 23:32:21.616845 INFO: GET / HTTP/1.1
2024-07-17 23:32:21.616858 INFO: Host: 39.98.202.182:9006
2024-07-17 23:32:21.616867 INFO: User-Agent: Go-http-client/1.1
2024-07-17 23:32:21.616874 INFO: oop!unknow header: User-Agent: Go-http-client/1.1
2024-07-17 23:32:21.616880 INFO: X-Vegeta-Seq: 1971
2024-07-17 23:32:21.616886 INFO: oop!unknow header: X-Vegeta-Seq: 1971
2024-07-17 23:32:21.616892 INFO: Accept-Encoding: gzip
2024-07-17 23:32:21.616898 INFO: oop!unknow header: Accept-Encoding: gzip
2024-07-17 23:32:21.616904 INFO: 
2024-07-17 23:32:21.616924 INFO: request:HTTP/1.1 200 OK

2024-07-17 23:32:21.616932 INFO: request:HTTP/1.1 200 OK
Content-Length:542

2024-07-17 23:32:21.616938 INFO: request:HTTP/1.1 200 OK
Content-Length:542
Connection:close

2024-07-17 23:32:21.616948 INFO: request:HTTP/1.1 200 OK
Content-Length:542
Connection:close


2024-07-17 23:32:21.616963 INFO: Thread 140246097688128 is running task

2024-07-17 23:32:21.616983 INFO: eventNum: 2
2024-07-17 23:32:21.616990 INFO: fd: 13, events: 1

2024-07-17 23:32:21.616997 INFO: HandleListenEvent 13
2024-07-17 23:32:21.617017 INFO: HttpConn 373 init success
2024-07-17 23:32:21.617024 INFO: addTimer id:373 expireTime:1721230841
2024-07-17 23:32:21.617036 INFO: Client[373] in!
2024-07-17 23:32:21.617041 INFO: HandleListenEvent 13
2024-07-17 23:32:21.617049 ERROR: Accept failure -1
2024-07-17 23:32:21.617054 INFO: fd: 372, events: 4

2024-07-17 23:32:21.617096 INFO: Thread 140246156437056 is running task

2024-07-17 23:32:21.617358 INFO: eventNum: 1
2024-07-17 23:32:21.617368 INFO: fd: 13, events: 1

2024-07-17 23:32:21.617373 INFO: HandleListenEvent 13
2024-07-17 23:32:21.617392 INFO: HttpConn 374 init success
2024-07-17 23:32:21.617398 INFO: addTimer id:374 expireTime:1721230841
2024-07-17 23:32:21.617407 INFO: Client[374] in!
2024-07-17 23:32:21.617412 INFO: HandleListenEvent 13
2024-07-17 23:32:21.617420 ERROR: Accept failure -1
2024-07-17 23:32:21.617425 INFO: eventNum: 1
2024-07-17 23:32:21.617430 INFO: fd: 374, events: 1

2024-07-17 23:32:21.617441 INFO: HttpConn 374 read success
2024-07-17 23:32:21.617450 INFO: GET / HTTP/1.1
2024-07-17 23:32:21.617455 INFO: Host: 39.98.202.182:9006
2024-07-17 23:32:21.617460 INFO: User-Agent: Go-http-client/1.1
2024-07-17 23:32:21.617464 INFO: oop!unknow header: User-Agent: Go-http-client/1.1
2024-07-17 23:32:21.617469 INFO: X-Vegeta-Seq: 2063
2024-07-17 23:32:21.617473 INFO: oop!unknow header: X-Vegeta-Seq: 2063
2024-07-17 23:32:21.617477 INFO: Accept-Encoding: gzip
2024-07-17 23:32:21.617481 INFO: oop!unknow header: Accept-Encoding: gzip
2024-07-17 23:32:21.617485 INFO: 
2024-07-17 23:32:21.617500 INFO: request:HTTP/1.1 200 OK

2024-07-17 23:32:21.617505 INFO: request:HTTP/1.1 200 OK
Content-Length:542

2024-07-17 23:32:21.617510 INFO: request:HTTP/1.1 200 OK
Content-Length:542
Connection:close

2024-07-17 23:32:21.617514 INFO: request:HTTP/1.1 200 OK
Content-Length:542
Connection:close


2024-07-17 23:32:21.617522 INFO: Thread 140246106080832 is running task

2024-07-17 23:32:21.617530 INFO: eventNum: 1
2024-07-17 23:32:21.617535 INFO: fd: 374, events: 4

2024-07-17 23:32:21.617573 INFO: Thread 140246114473536 is running task

2024-07-17 23:32:21.617617 INFO: eventNum: 1
2024-07-17 23:32:21.617631 INFO: fd: 13, events: 1

2024-07-17 23:32:21.617638 INFO: HandleListenEvent 13
2024-07-17 23:32:21.617663 INFO: HttpConn 375 init success
2024-07-17 23:32:21.617673 INFO: addTimer id:375 expireTime:1721230841
2024-07-17 23:32:21.617693 INFO: Client[375] in!
2024-07-17 23:32:21.617700 INFO: HandleListenEvent 13
2024-07-17 23:32:21.617713 INFO: HttpConn 376 init success
2024-07-17 23:32:21.617720 INFO: addTimer id:376 expireTime:1721230841
2024-07-17 23:32:21.617731 INFO: Client[376] in!
2024-07-17 23:32:21.617738 INFO: HandleListenEvent 13
2024-07-17 23:32:21.617753 INFO: HttpConn 377 init success
2024-07-17 23:32:21.617773 INFO: addTimer id:377 expireTime:1721230841
2024-07-17 23:32:21.617784 INFO: Client[377] in!
2024-07-17 23:32:21.617791 INFO: HandleListenEvent 13
2024-07-17 23:32:21.617809 ERROR: Accept failure -1
2024-07-17 23:32:21.617818 INFO: eventNum: 2
2024-07-17 23:32:21.617823 INFO: fd: 375, events: 1

2024-07-17 23:32:21.617837 INFO: HttpConn 375 read success
2024-07-17 23:32:21.617846 INFO: GET / HTTP/1.1
2024-07-17 23:32:21.617851 INFO: Host: 39.98.202.182:9006
2024-07-17 23:32:21.617855 INFO: User-Agent: Go-http-client/1.1
2024-07-17 23:32:21.617860 INFO: oop!unknow header: User-Agent: Go-http-client/1.1
2024-07-17 23:32:21.617864 INFO: X-Vegeta-Seq: 2059
2024-07-17 23:32:21.617868 INFO: oop!unknow header: X-Vegeta-Seq: 2059
2024-07-17 23:32:21.617872 INFO: Accept-Encoding: gzip
2024-07-17 23:32:21.617877 INFO: oop!unknow header: Accept-Encoding: gzip
2024-07-17 23:32:21.617881 INFO: 
2024-07-17 23:32:21.617896 INFO: request:HTTP/1.1 200 OK

2024-07-17 23:32:21.617900 INFO: request:HTTP/1.1 200 OK
Content-Length:542

2024-07-17 23:32:21.617905 INFO: request:HTTP/1.1 200 OK
Content-Length:542
Connection:close

2024-07-17 23:32:21.617909 INFO: request:HTTP/1.1 200 OK
Content-Length:542
Connection:close


2024-07-17 23:32:21.617918 INFO: Thread 140246148044352 is running task

2024-07-17 23:32:21.617926 INFO: fd: 376, events: 1

2024-07-17 23:32:21.617938 INFO: eventNum: 1
2024-07-17 23:32:21.617943 INFO: fd: 375, events: 4

2024-07-17 23:32:21.617951 INFO: eventNum: 1
2024-07-17 23:32:21.617954 INFO: HttpConn 376 read success
2024-07-17 23:32:21.617982 INFO: GET / HTTP/1.1
2024-07-17 23:32:21.617993 INFO: Host: 39.98.202.182:9006
2024-07-17 23:32:21.617955 INFO: fd: 13, events: 1

2024-07-17 23:32:21.618004 INFO: HandleListenEvent 13
2024-07-17 23:32:21.618022 INFO: HttpConn 378 init success
2024-07-17 23:32:21.618033 INFO: Thread 140246131258944 is running task

2024-07-17 23:32:21.617999 INFO: User-Agent: Go-http-client/1.1
2024-07-17 23:32:21.618059 INFO: oop!unknow header: User-Agent: Go-http-client/1.1
2024-07-17 23:32:21.618034 INFO: addTimer id:378 expireTime:1721230841
2024-07-17 23:32:21.618076 INFO: X-Vegeta-Seq: 2065
2024-07-17 23:32:21.618085 INFO: oop!unknow header: X-Vegeta-Seq: 2065
2024-07-17 23:32:21.618095 INFO: Accept-Encoding: gzip
2024-07-17 23:32:21.618078 INFO: Client[378] in!
2024-07-17 23:32:21.618110 INFO: HandleListenEvent 13
2024-07-17 23:32:21.618099 INFO: oop!unknow header: Accept-Encoding: gzip
2024-07-17 23:32:21.618136 INFO: HttpConn 379 init success
2024-07-17 23:32:21.618137 INFO: 
2024-07-17 23:32:21.618153 INFO: addTimer id:379 expireTime:1721230841
2024-07-17 23:32:21.618181 INFO: request:HTTP/1.1 200 OK

2024-07-17 23:32:21.618199 INFO: Client[379] in!
2024-07-17 23:32:21.618201 INFO: request:HTTP/1.1 200 OK
Content-Length:542

2024-07-17 23:32:21.618221 INFO: HandleListenEvent 13
2024-07-17 23:32:21.618245 INFO: request:HTTP/1.1 200 OK
Content-Length:542
Connection:close

2024-07-17 23:32:21.618270 INFO: request:HTTP/1.1 200 OK
Content-Length:542
Connection:close


2024-07-17 23:32:21.618280 INFO: Thread 140246122866240 is running task

2024-07-17 23:32:21.618282 INFO: HttpConn 380 init success
2024-07-17 23:32:21.618292 INFO: addTimer id:380 expireTime:1721230841
2024-07-17 23:32:21.618300 INFO: Client[380] in!
2024-07-17 23:32:21.618304 INFO: HandleListenEvent 13
2024-07-17 23:32:21.618314 INFO: HttpConn 381 init success
2024-07-17 23:32:21.618319 INFO: addTimer id:381 expireTime:1721230841
2024-07-17 23:32:21.618329 INFO: Client[381] in!
2024-07-17 23:32:21.618334 INFO: HandleListenEvent 13
2024-07-17 23:32:21.618342 ERROR: Accept failure -1
2024-07-17 23:32:21.618348 INFO: eventNum: 6
2024-07-17 23:32:21.618352 INFO: fd: 377, events: 1

2024-07-17 23:32:21.618365 INFO: HttpConn 377 read success
2024-07-17 23:32:21.618379 INFO: GET / HTTP/1.1
2024-07-17 23:32:21.618385 INFO: Host: 39.98.202.182:9006
2024-07-17 23:32:21.618390 INFO: User-Agent: Go-http-client/1.1
2024-07-17 23:32:21.618394 INFO: oop!unknow header: User-Agent: Go-http-client/1.1
2024-07-17 23:32:21.618403 INFO: X-Vegeta-Seq: 2057
2024-07-17 23:32:21.618407 INFO: oop!unknow header: X-Vegeta-Seq: 2057
2024-07-17 23:32:21.618412 INFO: Accept-Encoding: gzip
2024-07-17 23:32:21.618416 INFO: oop!unknow header: Accept-Encoding: gzip
2024-07-17 23:32:21.618420 INFO: 
2024-07-17 23:32:21.618435 INFO: request:HTTP/1.1 200 OK

2024-07-17 23:32:21.618440 INFO: request:HTTP/1.1 200 OK
Content-Length:542

2024-07-17 23:32:21.618444 INFO: request:HTTP/1.1 200 OK
Content-Length:542
Connection:close

2024-07-17 23:32:21.618449 INFO: request:HTTP/1.1 200 OK
Content-Length:542
Connection:close


2024-07-17 23:32:21.618458 INFO: Thread 140246139651648 is running task

2024-07-17 23:32:21.618466 INFO: fd: 378, events: 1

2024-07-17 23:32:21.618476 INFO: HttpConn 378 read success
2024-07-17 23:32:21.618484 INFO: GET / HTTP/1.1
2024-07-17 23:32:21.618489 INFO: Host: 39.98.202.182:9006
2024-07-17 23:32:21.618493 INFO: User-Agent: Go-http-client/1.1
2024-07-17 23:32:21.618498 INFO: oop!unknow header: User-Agent: Go-http-client/1.1
2024-07-17 23:32:21.618502 INFO: X-Vegeta-Seq: 2067
2024-07-17 23:32:21.618506 INFO: oop!unknow header: X-Vegeta-Seq: 2067
2024-07-17 23:32:21.618511 INFO: Accept-Encoding: gzip
2024-07-17 23:32:21.618515 INFO: oop!unknow header: Accept-Encoding: gzip
2024-07-17 23:32:21.618519 INFO: 
2024-07-17 23:32:21.618531 INFO: request:HTTP/1.1 200 OK

2024-07-17 23:32:21.618536 INFO: request:HTTP/1.1 200 OK
Content-Length:542

2024-07-17 23:32:21.618540 INFO: request:HTTP/1.1 200 OK
Content-Length:542
Connection:close

2024-07-17 23:32:21.618544 INFO: request:HTTP/1.1 200 OK
Content-Length:542
Connection:close


2024-07-17 23:32:21.618551 INFO: Thread 140246097688128 is running task

2024-07-17 23:32:21.618558 INFO: fd: 379, events: 1

2024-07-17 23:32:21.618568 INFO: HttpConn 379 read success
2024-07-17 23:32:21.618575 INFO: GET / HTTP/1.1
2024-07-17 23:32:21.618580 INFO: Host: 39.98.202.182:9006
2024-07-17 23:32:21.618585 INFO: User-Agent: Go-http-client/1.1
2024-07-17 23:32:21.618589 INFO: oop!unknow header: User-Agent: Go-http-client/1.1
2024-07-17 23:32:21.618593 INFO: X-Vegeta-Seq: 2060
2024-07-17 23:32:21.618598 INFO: oop!unknow header: X-Vegeta-Seq: 2060
2024-07-17 23:32:21.618602 INFO: Accept-Encoding: gzip
2024-07-17 23:32:21.618606 INFO: oop!unknow header: Accept-Encoding: gzip
2024-07-17 23:32:21.618610 INFO: 
2024-07-17 23:32:21.618622 INFO: request:HTTP/1.1 200 OK

2024-07-17 23:32:21.618626 INFO: request:HTTP/1.1 200 OK
Content-Length:542

2024-07-17 23:32:21.618632 INFO: request:HTTP/1.1 200 OK
Content-Length:542
Connection:close

2024-07-17 23:32:21.618639 INFO: request:HTTP/1.1 200 OK
Content-Length:542
Connection:close


2024-07-17 23:32:21.618648 INFO: Thread 140246156437056 is running task

2024-07-17 23:32:21.618659 INFO: fd: 376, events: 4

2024-07-17 23:32:21.618702 INFO: Thread 140246106080832 is running task

2024-07-17 23:32:21.618717 INFO: fd: 380, events: 1

2024-07-17 23:32:21.618734 INFO: fd: 381, events: 1

2024-07-17 23:32:21.618740 INFO: HttpConn 380 read success
2024-07-17 23:32:21.618748 INFO: HttpConn 381 read success
2024-07-17 23:32:21.618757 INFO: eventNum: 4
2024-07-17 23:32:21.618765 INFO: GET / HTTP/1.1
2024-07-17 23:32:21.618772 INFO: GET / HTTP/1.1
2024-07-17 23:32:21.618792 INFO: Host: 39.98.202.182:9006
2024-07-17 23:32:21.618784 INFO: fd: 13, events: 1

2024-07-17 23:32:21.618800 INFO: Host: 39.98.202.182:9006
2024-07-17 23:32:21.618810 INFO: User-Agent: Go-http-client/1.1
2024-07-17 23:32:21.618836 INFO: oop!unknow header: User-Agent: Go-http-client/1.1
2024-07-17 23:32:21.618853 INFO: X-Vegeta-Seq: 2041
2024-07-17 23:32:21.618826 INFO: User-Agent: Go-http-client/1.1
2024-07-17 23:32:21.618870 INFO: oop!unknow header: User-Agent: Go-http-client/1.1
2024-07-17 23:32:21.618877 INFO: X-Vegeta-Seq: 2051
2024-07-17 23:32:21.618884 INFO: oop!unknow header: X-Vegeta-Seq: 2051
2024-07-17 23:32:21.618890 INFO: Accept-Encoding: gzip
2024-07-17 23:32:21.618895 INFO: oop!unknow header: Accept-Encoding: gzip
2024-07-17 23:32:21.618899 INFO: 
2024-07-17 23:32:21.618919 INFO: request:HTTP/1.1 200 OK

2024-07-17 23:32:21.618924 INFO: request:HTTP/1.1 200 OK
Content-Length:542

2024-07-17 23:32:21.618928 INFO: request:HTTP/1.1 200 OK
Content-Length:542
Connection:close

2024-07-17 23:32:21.618932 INFO: request:HTTP/1.1 200 OK
Content-Length:542
Connection:close


2024-07-17 23:32:21.618941 INFO: Thread 140246148044352 is running task

2024-07-17 23:32:21.618830 INFO: HandleListenEvent 13
2024-07-17 23:32:21.618860 INFO: oop!unknow header: X-Vegeta-Seq: 2041
2024-07-17 23:32:21.618966 INFO: Accept-Encoding: gzip
2024-07-17 23:32:21.618968 INFO: HttpConn 382 init success
2024-07-17 23:32:21.618972 INFO: oop!unknow header: Accept-Encoding: gzip
2024-07-17 23:32:21.618992 INFO: 
2024-07-17 23:32:21.618980 INFO: addTimer id:382 expireTime:1721230841
2024-07-17 23:32:21.619009 INFO: Client[382] in!
2024-07-17 23:32:21.619019 INFO: HandleListenEvent 13
2024-07-17 23:32:21.619009 INFO: request:HTTP/1.1 200 OK

2024-07-17 23:32:21.619054 INFO: request:HTTP/1.1 200 OK
Content-Length:542

2024-07-17 23:32:21.619067 INFO: request:HTTP/1.1 200 OK
Content-Length:542
Connection:close

2024-07-17 23:32:21.619027 ERROR: Accept failure -1
2024-07-17 23:32:21.619080 INFO: request:HTTP/1.1 200 OK
Content-Length:542
Connection:close


2024-07-17 23:32:21.619090 INFO: fd: 377, events: 4

2024-07-17 23:32:21.619109 INFO: Thread 140246114473536 is running task

2024-07-17 23:32:21.619116 INFO: fd: 378, events: 4

2024-07-17 23:32:21.619124 INFO: fd: 379, events: 4

2024-07-17 23:32:21.619138 INFO: Thread 140246114473536 is running task

2024-07-17 23:32:21.619156 INFO: Thread 140246114473536 is running task

2024-07-17 23:32:21.619186 INFO: Thread 140246139651648 is running task

2024-07-17 23:32:21.619200 INFO: eventNum: 3
2024-07-17 23:32:21.619206 INFO: fd: 381, events: 4

2024-07-17 23:32:21.619240 INFO: Thread 140246097688128 is running task

2024-07-17 23:32:21.619253 INFO: fd: 13, events: 1

2024-07-17 23:32:21.619260 INFO: HandleListenEvent 13
2024-07-17 23:32:21.619274 INFO: HttpConn 383 init success
2024-07-17 23:32:21.619280 INFO: addTimer id:383 expireTime:1721230841
2024-07-17 23:32:21.619294 INFO: Client[383] in!
2024-07-17 23:32:21.619299 INFO: HandleListenEvent 13
2024-07-17 23:32:21.619307 ERROR: Accept failure -1
2024-07-17 23:32:21.619314 INFO: fd: 380, events: 4

2024-07-17 23:32:21.619349 INFO: Thread 140246156437056 is running task

2024-07-17 23:32:21.619497 INFO: eventNum: 1
2024-07-17 23:32:21.619511 INFO: fd: 383, events: 1

2024-07-17 23:32:21.619523 INFO: HttpConn 383 read success
2024-07-17 23:32:21.619532 INFO: GET / HTTP/1.1
2024-07-17 23:32:21.619537 INFO: Host: 39.98.202.182:9006
2024-07-17 23:32:21.619541 INFO: User-Agent: Go-http-client/1.1
2024-07-17 23:32:21.619546 INFO: oop!unknow header: User-Agent: Go-http-client/1.1
2024-07-17 23:32:21.619550 INFO: X-Vegeta-Seq: 2032
2024-07-17 23:32:21.619554 INFO: oop!unknow header: X-Vegeta-Seq: 2032
2024-07-17 23:32:21.619559 INFO: Accept-Encoding: gzip
2024-07-17 23:32:21.619563 INFO: oop!unknow header: Accept-Encoding: gzip
