2024-07-17 23:30:24.164383 INFO: request:HTTP/1.1 200 OK
Content-Length:542
Connection:close


2024-07-17 23:30:24.164439 INFO: Thread 140246131258944 is running task

2024-07-17 23:30:24.164456 INFO: eventNum: 1
2024-07-17 23:30:24.164462 INFO: fd: 26, events: 4

2024-07-17 23:30:24.164524 INFO: Thread 140246114473536 is running task

2024-07-17 23:30:24.166259 INFO: eventNum: 1
2024-07-17 23:30:24.166287 INFO: fd: 13, events: 1

2024-07-17 23:30:24.166292 INFO: HandleListenEvent 13
2024-07-17 23:30:24.166303 INFO: HttpConn 28 init success
2024-07-17 23:30:24.166310 INFO: addTimer id:28 expireTime:1721230724
2024-07-17 23:30:24.166320 INFO: Client[28] in!
2024-07-17 23:30:24.166324 INFO: HandleListenEvent 13
2024-07-17 23:30:24.166333 ERROR: Accept failure -1
2024-07-17 23:30:24.166655 INFO: eventNum: 1
2024-07-17 23:30:24.166672 INFO: fd: 28, events: 1

2024-07-17 23:30:24.166686 INFO: HttpConn 28 read success
2024-07-17 23:30:24.166696 INFO: GET / HTTP/1.1
2024-07-17 23:30:24.166702 INFO: Host: 39.98.202.182:9006
2024-07-17 23:30:24.166707 INFO: User-Agent: Go-http-client/1.1
2024-07-17 23:30:24.166711 INFO: oop!unknow header: User-Agent: Go-http-client/1.1
2024-07-17 23:30:24.166716 INFO: X-Vegeta-Seq: 3728
2024-07-17 23:30:24.166721 INFO: oop!unknow header: X-Vegeta-Seq: 3728
2024-07-17 23:30:24.166725 INFO: Accept-Encoding: gzip
2024-07-17 23:30:24.166729 INFO: oop!unknow header: Accept-Encoding: gzip
2024-07-17 23:30:24.166734 INFO: 
2024-07-17 23:30:24.166755 INFO: request:HTTP/1.1 200 OK

2024-07-17 23:30:24.166762 INFO: request:HTTP/1.1 200 OK
Content-Length:542

2024-07-17 23:30:24.166769 INFO: request:HTTP/1.1 200 OK
Content-Length:542
Connection:close

2024-07-17 23:30:24.166774 INFO: request:HTTP/1.1 200 OK
Content-Length:542
Connection:close


2024-07-17 23:30:24.166785 INFO: Thread 140246148044352 is running task

2024-07-17 23:30:24.166794 INFO: eventNum: 1
2024-07-17 23:30:24.166799 INFO: fd: 28, events: 4

2024-07-17 23:30:24.166853 INFO: Thread 140246097688128 is running task

2024-07-17 23:30:24.218574 INFO: eventNum: 1
2024-07-17 23:30:24.218646 INFO: fd: 13, events: 1

2024-07-17 23:30:24.218660 INFO: HandleListenEvent 13
2024-07-17 23:30:24.218683 INFO: HttpConn 29 init success
2024-07-17 23:30:24.218690 INFO: addTimer id:29 expireTime:1721230724
2024-07-17 23:30:24.218705 INFO: Client[29] in!
2024-07-17 23:30:24.218710 INFO: HandleListenEvent 13
2024-07-17 23:30:24.218721 INFO: HttpConn 30 init success
2024-07-17 23:30:24.218729 INFO: addTimer id:30 expireTime:1721230724
2024-07-17 23:30:24.218740 INFO: Client[30] in!
2024-07-17 23:30:24.218747 INFO: HandleListenEvent 13
2024-07-17 23:30:24.218766 INFO: HttpConn 32 init success
2024-07-17 23:30:24.218773 INFO: addTimer id:32 expireTime:1721230724
2024-07-17 23:30:24.218784 INFO: Client[32] in!
2024-07-17 23:30:24.218790 INFO: HandleListenEvent 13
2024-07-17 23:30:24.218804 ERROR: Accept failure -1
2024-07-17 23:30:24.218998 INFO: eventNum: 1
2024-07-17 23:30:24.219018 INFO: fd: 13, events: 1

2024-07-17 23:30:24.219023 INFO: HandleListenEvent 13
2024-07-17 23:30:24.219037 INFO: HttpConn 33 init success
2024-07-17 23:30:24.219043 INFO: addTimer id:33 expireTime:1721230724
2024-07-17 23:30:24.219053 INFO: Client[33] in!
2024-07-17 23:30:24.219057 INFO: HandleListenEvent 13
2024-07-17 23:30:24.219066 ERROR: Accept failure -1
2024-07-17 23:30:24.219110 INFO: eventNum: 1
2024-07-17 23:30:24.219134 INFO: fd: 13, events: 1

2024-07-17 23:30:24.219138 INFO: HandleListenEvent 13
2024-07-17 23:30:24.219150 INFO: HttpConn 34 init success
2024-07-17 23:30:24.219156 INFO: addTimer id:34 expireTime:1721230724
2024-07-17 23:30:24.219164 INFO: Client[34] in!
2024-07-17 23:30:24.219169 INFO: HandleListenEvent 13
2024-07-17 23:30:24.219177 ERROR: Accept failure -1
2024-07-17 23:30:24.219218 INFO: eventNum: 1
2024-07-17 23:30:24.219225 INFO: fd: 13, events: 1

2024-07-17 23:30:24.219230 INFO: HandleListenEvent 13
2024-07-17 23:30:24.219241 INFO: HttpConn 35 init success
2024-07-17 23:30:24.219246 INFO: addTimer id:35 expireTime:1721230724
2024-07-17 23:30:24.219255 INFO: Client[35] in!
2024-07-17 23:30:24.219271 INFO: HandleListenEvent 13
2024-07-17 23:30:24.219280 ERROR: Accept failure -1
2024-07-17 23:30:24.219397 INFO: eventNum: 1
2024-07-17 23:30:24.219424 INFO: fd: 13, events: 1

2024-07-17 23:30:24.219429 INFO: HandleListenEvent 13
2024-07-17 23:30:24.219443 INFO: HttpConn 36 init success
2024-07-17 23:30:24.219449 INFO: addTimer id:36 expireTime:1721230724
2024-07-17 23:30:24.219459 INFO: Client[36] in!
2024-07-17 23:30:24.219463 INFO: HandleListenEvent 13
2024-07-17 23:30:24.219485 ERROR: Accept failure -1
2024-07-17 23:30:24.219723 INFO: eventNum: 2
2024-07-17 23:30:24.219740 INFO: fd: 29, events: 1

2024-07-17 23:30:24.219755 INFO: fd: 13, events: 1

2024-07-17 23:30:24.219761 INFO: HandleListenEvent 13
2024-07-17 23:30:24.219767 INFO: HttpConn 29 read success
2024-07-17 23:30:24.219775 INFO: HttpConn 37 init success
2024-07-17 23:30:24.219811 INFO: GET / HTTP/1.1
2024-07-17 23:30:24.219827 INFO: addTimer id:37 expireTime:1721230724
2024-07-17 23:30:24.219837 INFO: Host: 39.98.202.182:9006
2024-07-17 23:30:24.219854 INFO: User-Agent: Go-http-client/1.1
2024-07-17 23:30:24.219858 INFO: oop!unknow header: User-Agent: Go-http-client/1.1
2024-07-17 23:30:24.219863 INFO: X-Vegeta-Seq: 3730
2024-07-17 23:30:24.219876 INFO: oop!unknow header: X-Vegeta-Seq: 3730
2024-07-17 23:30:24.219863 INFO: Client[37] in!
2024-07-17 23:30:24.219881 INFO: Accept-Encoding: gzip
2024-07-17 23:30:24.219906 INFO: oop!unknow header: Accept-Encoding: gzip
2024-07-17 23:30:24.219895 INFO: HandleListenEvent 13
2024-07-17 23:30:24.219911 INFO: 
2024-07-17 23:30:24.219929 INFO: HttpConn 38 init success
2024-07-17 23:30:24.219937 INFO: addTimer id:38 expireTime:1721230724
2024-07-17 23:30:24.219945 INFO: Client[38] in!
2024-07-17 23:30:24.219950 INFO: HandleListenEvent 13
2024-07-17 23:30:24.219950 INFO: request:HTTP/1.1 200 OK

2024-07-17 23:30:24.219965 ERROR: Accept failure -1
2024-07-17 23:30:24.219966 INFO: request:HTTP/1.1 200 OK
Content-Length:542

2024-07-17 23:30:24.219983 INFO: request:HTTP/1.1 200 OK
Content-Length:542
Connection:close

2024-07-17 23:30:24.219990 INFO: request:HTTP/1.1 200 OK
Content-Length:542
Connection:close


2024-07-17 23:30:24.220009 INFO: eventNum: 1
2024-07-17 23:30:24.220022 INFO: fd: 29, events: 4

2024-07-17 23:30:24.220012 INFO: Thread 140246106080832 is running task

2024-07-17 23:30:24.220072 INFO: Thread 140246106080832 is running task

2024-07-17 23:30:24.220306 INFO: eventNum: 1
2024-07-17 23:30:24.220326 INFO: fd: 13, events: 1

2024-07-17 23:30:24.220334 INFO: HandleListenEvent 13
2024-07-17 23:30:24.220353 INFO: HttpConn 39 init success
2024-07-17 23:30:24.220363 INFO: addTimer id:39 expireTime:1721230724
2024-07-17 23:30:24.220381 INFO: Client[39] in!
2024-07-17 23:30:24.220392 INFO: HandleListenEvent 13
2024-07-17 23:30:24.220404 ERROR: Accept failure -1
2024-07-17 23:30:24.220895 INFO: eventNum: 1
2024-07-17 23:30:24.220929 INFO: fd: 32, events: 1

2024-07-17 23:30:24.220951 INFO: HttpConn 32 read success
2024-07-17 23:30:24.220964 INFO: GET / HTTP/1.1
2024-07-17 23:30:24.220971 INFO: Host: 39.98.202.182:9006
2024-07-17 23:30:24.220976 INFO: User-Agent: Go-http-client/1.1
2024-07-17 23:30:24.220980 INFO: oop!unknow header: User-Agent: Go-http-client/1.1
2024-07-17 23:30:24.220984 INFO: X-Vegeta-Seq: 3731
2024-07-17 23:30:24.220989 INFO: oop!unknow header: X-Vegeta-Seq: 3731
2024-07-17 23:30:24.220994 INFO: Accept-Encoding: gzip
2024-07-17 23:30:24.220999 INFO: oop!unknow header: Accept-Encoding: gzip
2024-07-17 23:30:24.221003 INFO: 
2024-07-17 23:30:24.221027 INFO: request:HTTP/1.1 200 OK

2024-07-17 23:30:24.221036 INFO: request:HTTP/1.1 200 OK
Content-Length:542

2024-07-17 23:30:24.221040 INFO: request:HTTP/1.1 200 OK
Content-Length:542
Connection:close

2024-07-17 23:30:24.221045 INFO: request:HTTP/1.1 200 OK
Content-Length:542
Connection:close


2024-07-17 23:30:24.221057 INFO: Thread 140246139651648 is running task

2024-07-17 23:30:24.221069 INFO: eventNum: 1
2024-07-17 23:30:24.221074 INFO: fd: 32, events: 4

2024-07-17 23:30:24.221109 INFO: Thread 140246122866240 is running task

2024-07-17 23:30:24.221533 INFO: eventNum: 1
2024-07-17 23:30:24.221555 INFO: fd: 31, events: 8193

2024-07-17 23:30:24.221578 INFO: HttpConn 31 close success
2024-07-17 23:30:24.221587 INFO: Client[31] quit!
2024-07-17 23:30:24.221692 INFO: eventNum: 1
2024-07-17 23:30:24.221710 INFO: fd: 38, events: 1

2024-07-17 23:30:24.221733 INFO: HttpConn 38 read success
2024-07-17 23:30:24.221756 INFO: GET / HTTP/1.1
2024-07-17 23:30:24.221763 INFO: Host: 39.98.202.182:9006
2024-07-17 23:30:24.221767 INFO: User-Agent: Go-http-client/1.1
2024-07-17 23:30:24.221772 INFO: oop!unknow header: User-Agent: Go-http-client/1.1
2024-07-17 23:30:24.221776 INFO: X-Vegeta-Seq: 3748
2024-07-17 23:30:24.221781 INFO: oop!unknow header: X-Vegeta-Seq: 3748
2024-07-17 23:30:24.221785 INFO: Accept-Encoding: gzip
2024-07-17 23:30:24.221790 INFO: oop!unknow header: Accept-Encoding: gzip
2024-07-17 23:30:24.221794 INFO: 
2024-07-17 23:30:24.221812 INFO: request:HTTP/1.1 200 OK

2024-07-17 23:30:24.221817 INFO: request:HTTP/1.1 200 OK
Content-Length:542

2024-07-17 23:30:24.221821 INFO: request:HTTP/1.1 200 OK
Content-Length:542
Connection:close

2024-07-17 23:30:24.221826 INFO: eventNum: 1
2024-07-17 23:30:24.221842 INFO: fd: 35, events: 1

2024-07-17 23:30:24.221826 INFO: request:HTTP/1.1 200 OK
Content-Length:542
Connection:close


2024-07-17 23:30:24.221868 INFO: Thread 140246131258944 is running task

2024-07-17 23:30:24.221870 INFO: eventNum: 1
2024-07-17 23:30:24.221887 INFO: fd: 38, events: 4

2024-07-17 23:30:24.221878 INFO: HttpConn 35 read success
2024-07-17 23:30:24.221904 INFO: GET / HTTP/1.1
2024-07-17 23:30:24.221910 INFO: Host: 39.98.202.182:9006
2024-07-17 23:30:24.221922 INFO: User-Agent: Go-http-client/1.1
2024-07-17 23:30:24.221926 INFO: oop!unknow header: User-Agent: Go-http-client/1.1
2024-07-17 23:30:24.221911 INFO: eventNum: 1
2024-07-17 23:30:24.221941 INFO: fd: 18, events: 8193

2024-07-17 23:30:24.221957 INFO: HttpConn 18 close success
2024-07-17 23:30:24.221963 INFO: Client[18] quit!
2024-07-17 23:30:24.221965 INFO: Thread 140246148044352 is running task

2024-07-17 23:30:24.221931 INFO: X-Vegeta-Seq: 3747
2024-07-17 23:30:24.221993 INFO: oop!unknow header: X-Vegeta-Seq: 3747
2024-07-17 23:30:24.221998 INFO: Accept-Encoding: gzip
2024-07-17 23:30:24.222007 INFO: oop!unknow header: Accept-Encoding: gzip
2024-07-17 23:30:24.221969 INFO: eventNum: 1
2024-07-17 23:30:24.222012 INFO: 
2024-07-17 23:30:24.222021 INFO: fd: 26, events: 8193

2024-07-17 23:30:24.222042 INFO: request:HTTP/1.1 200 OK

2024-07-17 23:30:24.222048 INFO: request:HTTP/1.1 200 OK
Content-Length:542

2024-07-17 23:30:24.222053 INFO: HttpConn 26 close success
2024-07-17 23:30:24.222053 INFO: request:HTTP/1.1 200 OK
Content-Length:542
Connection:close

2024-07-17 23:30:24.222074 INFO: request:HTTP/1.1 200 OK
Content-Length:542
Connection:close


2024-07-17 23:30:24.222064 INFO: Client[26] quit!
2024-07-17 23:30:24.222082 INFO: Thread 140246131258944 is running task

2024-07-17 23:30:24.222091 INFO: eventNum: 1
2024-07-17 23:30:24.222129 INFO: fd: 35, events: 4

2024-07-17 23:30:24.222167 INFO: Thread 140246097688128 is running task

2024-07-17 23:30:24.222481 INFO: eventNum: 1
2024-07-17 23:30:24.222518 INFO: fd: 28, events: 8193

2024-07-17 23:30:24.222536 INFO: HttpConn 28 close success
2024-07-17 23:30:24.222541 INFO: Client[28] quit!
2024-07-17 23:30:24.223157 INFO: eventNum: 1
2024-07-17 23:30:24.223181 INFO: fd: 36, events: 1

2024-07-17 23:30:24.223202 INFO: HttpConn 36 read success
2024-07-17 23:30:24.223220 INFO: GET / HTTP/1.1
2024-07-17 23:30:24.223226 INFO: Host: 39.98.202.182:9006
2024-07-17 23:30:24.223231 INFO: User-Agent: Go-http-client/1.1
2024-07-17 23:30:24.223235 INFO: oop!unknow header: User-Agent: Go-http-client/1.1
2024-07-17 23:30:24.223240 INFO: X-Vegeta-Seq: 3743
2024-07-17 23:30:24.223244 INFO: oop!unknow header: X-Vegeta-Seq: 3743
2024-07-17 23:30:24.223249 INFO: Accept-Encoding: gzip
2024-07-17 23:30:24.223253 INFO: oop!unknow header: Accept-Encoding: gzip
2024-07-17 23:30:24.223265 INFO: 
2024-07-17 23:30:24.223280 INFO: request:HTTP/1.1 200 OK

2024-07-17 23:30:24.223285 INFO: request:HTTP/1.1 200 OK
Content-Length:542

2024-07-17 23:30:24.223289 INFO: request:HTTP/1.1 200 OK
Content-Length:542
Connection:close

2024-07-17 23:30:24.223294 INFO: request:HTTP/1.1 200 OK
Content-Length:542
Connection:close


2024-07-17 23:30:24.223309 INFO: Thread 140246106080832 is running task

2024-07-17 23:30:24.223313 INFO: eventNum: 1
2024-07-17 23:30:24.223323 INFO: fd: 36, events: 4

2024-07-17 23:30:24.223362 INFO: Thread 140246156437056 is running task

2024-07-17 23:30:24.223453 INFO: eventNum: 1
2024-07-17 23:30:24.223470 INFO: fd: 37, events: 1

2024-07-17 23:30:24.223518 INFO: HttpConn 37 read success
2024-07-17 23:30:24.223536 INFO: GET / HTTP/1.1
2024-07-17 23:30:24.223542 INFO: Host: 39.98.202.182:9006
2024-07-17 23:30:24.223547 INFO: User-Agent: Go-http-client/1.1
2024-07-17 23:30:24.223551 INFO: oop!unknow header: User-Agent: Go-http-client/1.1
2024-07-17 23:30:24.223556 INFO: X-Vegeta-Seq: 3742
2024-07-17 23:30:24.223560 INFO: oop!unknow header: X-Vegeta-Seq: 3742
2024-07-17 23:30:24.223564 INFO: Accept-Encoding: gzip
2024-07-17 23:30:24.223569 INFO: oop!unknow header: Accept-Encoding: gzip
2024-07-17 23:30:24.223573 INFO: 
2024-07-17 23:30:24.223591 INFO: request:HTTP/1.1 200 OK

2024-07-17 23:30:24.223596 INFO: request:HTTP/1.1 200 OK
Content-Length:542

2024-07-17 23:30:24.223601 INFO: request:HTTP/1.1 200 OK
Content-Length:542
Connection:close

2024-07-17 23:30:24.223605 INFO: request:HTTP/1.1 200 OK
Content-Length:542
Connection:close


2024-07-17 23:30:24.223620 INFO: Thread 140246139651648 is running task

2024-07-17 23:30:24.223625 INFO: eventNum: 1
2024-07-17 23:30:24.223635 INFO: fd: 37, events: 4

2024-07-17 23:30:24.223679 INFO: Thread 140246122866240 is running task

2024-07-17 23:30:24.223796 INFO: eventNum: 1
2024-07-17 23:30:24.223810 INFO: fd: 17, events: 8193

2024-07-17 23:30:24.223830 INFO: HttpConn 17 close success
2024-07-17 23:30:24.223839 INFO: Client[17] quit!
2024-07-17 23:30:24.223924 INFO: eventNum: 1
2024-07-17 23:30:24.223936 INFO: fd: 16, events: 8193

2024-07-17 23:30:24.223949 INFO: HttpConn 16 close success
2024-07-17 23:30:24.223956 INFO: Client[16] quit!
2024-07-17 23:30:24.224227 INFO: eventNum: 1
2024-07-17 23:30:24.224248 INFO: fd: 30, events: 1

2024-07-17 23:30:24.224265 INFO: HttpConn 30 read success
2024-07-17 23:30:24.224276 INFO: GET / HTTP/1.1
2024-07-17 23:30:24.224282 INFO: Host: 39.98.202.182:9006
2024-07-17 23:30:24.224287 INFO: User-Agent: Go-http-client/1.1
2024-07-17 23:30:24.224291 INFO: oop!unknow header: User-Agent: Go-http-client/1.1
2024-07-17 23:30:24.224296 INFO: X-Vegeta-Seq: 3732
2024-07-17 23:30:24.224301 INFO: oop!unknow header: X-Vegeta-Seq: 3732
2024-07-17 23:30:24.224305 INFO: Accept-Encoding: gzip
2024-07-17 23:30:24.224310 INFO: oop!unknow header: Accept-Encoding: gzip
2024-07-17 23:30:24.224314 INFO: 
2024-07-17 23:30:24.224330 INFO: request:HTTP/1.1 200 OK

2024-07-17 23:30:24.224335 INFO: request:HTTP/1.1 200 OK
Content-Length:542

2024-07-17 23:30:24.224340 INFO: request:HTTP/1.1 200 OK
Content-Length:542
Connection:close

2024-07-17 23:30:24.224344 INFO: request:HTTP/1.1 200 OK
Content-Length:542
Connection:close


2024-07-17 23:30:24.224355 INFO: Thread 140246114473536 is running task

2024-07-17 23:30:24.224374 INFO: eventNum: 3
2024-07-17 23:30:24.224381 INFO: fd: 33, events: 1

2024-07-17 23:30:24.224402 INFO: HttpConn 33 read success
2024-07-17 23:30:24.224414 INFO: GET / HTTP/1.1
2024-07-17 23:30:24.224421 INFO: Host: 39.98.202.182:9006
2024-07-17 23:30:24.224425 INFO: User-Agent: Go-http-client/1.1
2024-07-17 23:30:24.224430 INFO: oop!unknow header: User-Agent: Go-http-client/1.1
2024-07-17 23:30:24.224434 INFO: X-Vegeta-Seq: 3740
2024-07-17 23:30:24.224438 INFO: oop!unknow header: X-Vegeta-Seq: 3740
2024-07-17 23:30:24.224442 INFO: Accept-Encoding: gzip
2024-07-17 23:30:24.224447 INFO: oop!unknow header: Accept-Encoding: gzip
2024-07-17 23:30:24.224451 INFO: 
2024-07-17 23:30:24.224473 INFO: request:HTTP/1.1 200 OK

2024-07-17 23:30:24.224478 INFO: request:HTTP/1.1 200 OK
Content-Length:542

2024-07-17 23:30:24.224483 INFO: request:HTTP/1.1 200 OK
Content-Length:542
Connection:close

2024-07-17 23:30:24.224487 INFO: request:HTTP/1.1 200 OK
Content-Length:542
Connection:close


2024-07-17 23:30:24.224502 INFO: Thread 140246148044352 is running task

2024-07-17 23:30:24.224512 INFO: fd: 34, events: 1

2024-07-17 23:30:24.224525 INFO: HttpConn 34 read success
2024-07-17 23:30:24.224534 INFO: GET / HTTP/1.1
2024-07-17 23:30:24.224539 INFO: Host: 39.98.202.182:9006
2024-07-17 23:30:24.224544 INFO: User-Agent: Go-http-client/1.1
2024-07-17 23:30:24.224548 INFO: oop!unknow header: User-Agent: Go-http-client/1.1
2024-07-17 23:30:24.224552 INFO: X-Vegeta-Seq: 3736
2024-07-17 23:30:24.224557 INFO: oop!unknow header: X-Vegeta-Seq: 3736
2024-07-17 23:30:24.224561 INFO: Accept-Encoding: gzip
2024-07-17 23:30:24.224565 INFO: oop!unknow header: Accept-Encoding: gzip
2024-07-17 23:30:24.224569 INFO: 
2024-07-17 23:30:24.224582 INFO: request:HTTP/1.1 200 OK

2024-07-17 23:30:24.224586 INFO: request:HTTP/1.1 200 OK
Content-Length:542

2024-07-17 23:30:24.224591 INFO: request:HTTP/1.1 200 OK
Content-Length:542
Connection:close

2024-07-17 23:30:24.224595 INFO: request:HTTP/1.1 200 OK
Content-Length:542
Connection:close


2024-07-17 23:30:24.224602 INFO: Thread 140246131258944 is running task

2024-07-17 23:30:24.224610 INFO: fd: 30, events: 4

2024-07-17 23:30:24.224679 INFO: Thread 140246097688128 is running task

2024-07-17 23:30:24.224698 INFO: eventNum: 3
2024-07-17 23:30:24.224704 INFO: fd: 39, events: 1

2024-07-17 23:30:24.224715 INFO: HttpConn 39 read success
2024-07-17 23:30:24.224723 INFO: GET / HTTP/1.1
2024-07-17 23:30:24.224729 INFO: Host: 39.98.202.182:9006
2024-07-17 23:30:24.224733 INFO: User-Agent: Go-http-client/1.1
2024-07-17 23:30:24.224738 INFO: oop!unknow header: User-Agent: Go-http-client/1.1
2024-07-17 23:30:24.224743 INFO: X-Vegeta-Seq: 3746
2024-07-17 23:30:24.224747 INFO: oop!unknow header: X-Vegeta-Seq: 3746
2024-07-17 23:30:24.224752 INFO: Accept-Encoding: gzip
2024-07-17 23:30:24.224756 INFO: oop!unknow header: Accept-Encoding: gzip
2024-07-17 23:30:24.224760 INFO: 
2024-07-17 23:30:24.224772 INFO: request:HTTP/1.1 200 OK

2024-07-17 23:30:24.224777 INFO: request:HTTP/1.1 200 OK
Content-Length:542

2024-07-17 23:30:24.224782 INFO: request:HTTP/1.1 200 OK
Content-Length:542
Connection:close

2024-07-17 23:30:24.224786 INFO: request:HTTP/1.1 200 OK
Content-Length:542
Connection:close


2024-07-17 23:30:24.224793 INFO: Thread 140246106080832 is running task

2024-07-17 23:30:24.224801 INFO: fd: 33, events: 4

2024-07-17 23:30:24.224826 INFO: Thread 140246156437056 is running task

2024-07-17 23:30:24.224843 INFO: fd: 34, events: 4

2024-07-17 23:30:24.224856 INFO: eventNum: 1
2024-07-17 23:30:24.224862 INFO: fd: 39, events: 4

2024-07-17 23:30:24.224888 INFO: Thread 140246139651648 is running task

2024-07-17 23:30:24.224919 INFO: Thread 140246139651648 is running task

2024-07-17 23:30:24.231580 INFO: eventNum: 1
2024-07-17 23:30:24.231627 INFO: fd: 13, events: 1

2024-07-17 23:30:24.231634 INFO: HandleListenEvent 13
2024-07-17 23:30:24.231684 INFO: HttpConn 16 init success
2024-07-17 23:30:24.231693 INFO: addTimer id:16 expireTime:1721230724
2024-07-17 23:30:24.231707 INFO: Client[16] in!
2024-07-17 23:30:24.231711 INFO: HandleListenEvent 13
2024-07-17 23:30:24.231722 ERROR: Accept failure -1
2024-07-17 23:30:24.232081 INFO: eventNum: 1
2024-07-17 23:30:24.232109 INFO: fd: 13, events: 1

2024-07-17 23:30:24.232115 INFO: HandleListenEvent 13
2024-07-17 23:30:24.232128 INFO: HttpConn 17 init success
2024-07-17 23:30:24.232134 INFO: addTimer id:17 expireTime:1721230724
2024-07-17 23:30:24.232147 INFO: Client[17] in!
2024-07-17 23:30:24.232152 INFO: HandleListenEvent 13
2024-07-17 23:30:24.232161 ERROR: Accept failure -1
2024-07-17 23:30:24.232391 INFO: eventNum: 1
2024-07-17 23:30:24.232409 INFO: fd: 13, events: 1

2024-07-17 23:30:24.232414 INFO: HandleListenEvent 13
2024-07-17 23:30:24.232438 INFO: HttpConn 18 init success
2024-07-17 23:30:24.232444 INFO: addTimer id:18 expireTime:1721230724
2024-07-17 23:30:24.232454 INFO: Client[18] in!
2024-07-17 23:30:24.232459 INFO: HandleListenEvent 13
2024-07-17 23:30:24.232470 ERROR: Accept failure -1
2024-07-17 23:30:24.232865 INFO: eventNum: 1
2024-07-17 23:30:24.232886 INFO: fd: 17, events: 1

2024-07-17 23:30:24.232902 INFO: HttpConn 17 read success
2024-07-17 23:30:24.232915 INFO: GET / HTTP/1.1
2024-07-17 23:30:24.232922 INFO: Host: 39.98.202.182:9006
2024-07-17 23:30:24.232927 INFO: User-Agent: Go-http-client/1.1
2024-07-17 23:30:24.232931 INFO: oop!unknow header: User-Agent: Go-http-client/1.1
2024-07-17 23:30:24.232936 INFO: X-Vegeta-Seq: 3752
2024-07-17 23:30:24.232941 INFO: oop!unknow header: X-Vegeta-Seq: 3752
2024-07-17 23:30:24.232945 INFO: Accept-Encoding: gzip
2024-07-17 23:30:24.232950 INFO: oop!unknow header: Accept-Encoding: gzip
2024-07-17 23:30:24.232954 INFO: 
2024-07-17 23:30:24.232979 INFO: request:HTTP/1.1 200 OK

2024-07-17 23:30:24.232984 INFO: request:HTTP/1.1 200 OK
Content-Length:542

2024-07-17 23:30:24.232988 INFO: request:HTTP/1.1 200 OK
Content-Length:542
Connection:close

2024-07-17 23:30:24.232993 INFO: request:HTTP/1.1 200 OK
Content-Length:542
Connection:close


2024-07-17 23:30:24.233008 INFO: Thread 140246114473536 is running task

2024-07-17 23:30:24.233019 INFO: eventNum: 2
2024-07-17 23:30:24.233024 INFO: fd: 13, events: 1

2024-07-17 23:30:24.233028 INFO: HandleListenEvent 13
2024-07-17 23:30:24.233041 INFO: HttpConn 26 init success
2024-07-17 23:30:24.233047 INFO: addTimer id:26 expireTime:1721230724
2024-07-17 23:30:24.233056 INFO: Client[26] in!
2024-07-17 23:30:24.233061 INFO: HandleListenEvent 13
2024-07-17 23:30:24.233071 INFO: HttpConn 28 init success
2024-07-17 23:30:24.233076 INFO: addTimer id:28 expireTime:1721230724
2024-07-17 23:30:24.233084 INFO: Client[28] in!
2024-07-17 23:30:24.233089 INFO: HandleListenEvent 13
2024-07-17 23:30:24.233097 ERROR: Accept failure -1
2024-07-17 23:30:24.233101 INFO: fd: 17, events: 4

2024-07-17 23:30:24.233141 INFO: Thread 140246148044352 is running task

2024-07-17 23:30:24.233157 INFO: eventNum: 1
2024-07-17 23:30:24.233165 INFO: fd: 13, events: 1

2024-07-17 23:30:24.233172 INFO: HandleListenEvent 13
2024-07-17 23:30:24.233186 INFO: HttpConn 31 init success
2024-07-17 23:30:24.233195 INFO: addTimer id:31 expireTime:1721230724
2024-07-17 23:30:24.233207 INFO: Client[31] in!
2024-07-17 23:30:24.233282 INFO: HandleListenEvent 13
2024-07-17 23:30:24.233295 INFO: HttpConn 40 init success
2024-07-17 23:30:24.233300 INFO: addTimer id:40 expireTime:1721230724
2024-07-17 23:30:24.233309 INFO: Client[40] in!
2024-07-17 23:30:24.233313 INFO: HandleListenEvent 13
2024-07-17 23:30:24.233321 ERROR: Accept failure -1
2024-07-17 23:30:24.233426 INFO: eventNum: 1
2024-07-17 23:30:24.233441 INFO: fd: 16, events: 1

2024-07-17 23:30:24.233455 INFO: HttpConn 16 read success
2024-07-17 23:30:24.233466 INFO: GET / HTTP/1.1
2024-07-17 23:30:24.233475 INFO: Host: 39.98.202.182:9006
2024-07-17 23:30:24.233480 INFO: User-Agent: Go-http-client/1.1
2024-07-17 23:30:24.233484 INFO: oop!unknow header: User-Agent: Go-http-client/1.1
2024-07-17 23:30:24.233492 INFO: X-Vegeta-Seq: 3749
2024-07-17 23:30:24.233519 INFO: oop!unknow header: X-Vegeta-Seq: 3749
2024-07-17 23:30:24.233524 INFO: Accept-Encoding: gzip
2024-07-17 23:30:24.233529 INFO: oop!unknow header: Accept-Encoding: gzip
2024-07-17 23:30:24.233533 INFO: 
2024-07-17 23:30:24.233550 INFO: request:HTTP/1.1 200 OK

2024-07-17 23:30:24.233555 INFO: request:HTTP/1.1 200 OK
Content-Length:542

2024-07-17 23:30:24.233560 INFO: request:HTTP/1.1 200 OK
Content-Length:542
Connection:close

2024-07-17 23:30:24.233564 INFO: request:HTTP/1.1 200 OK
Content-Length:542
Connection:close


2024-07-17 23:30:24.233574 INFO: Thread 140246131258944 is running task

2024-07-17 23:30:24.233993 INFO: eventNum: 1
2024-07-17 23:30:24.234017 INFO: fd: 16, events: 4

2024-07-17 23:30:24.234094 INFO: eventNum: 1
2024-07-17 23:30:24.234109 INFO: fd: 28, events: 1

2024-07-17 23:30:24.234225 INFO: Thread 140246097688128 is running task

2024-07-17 23:30:24.234236 INFO: HttpConn 28 read success
2024-07-17 23:30:24.234256 INFO: GET / HTTP/1.1
2024-07-17 23:30:24.234263 INFO: Host: 39.98.202.182:9006
2024-07-17 23:30:24.234268 INFO: User-Agent: Go-http-client/1.1
2024-07-17 23:30:24.234273 INFO: oop!unknow header: User-Agent: Go-http-client/1.1
2024-07-17 23:30:24.234277 INFO: X-Vegeta-Seq: 3753
2024-07-17 23:30:24.234281 INFO: oop!unknow header: X-Vegeta-Seq: 3753
2024-07-17 23:30:24.234286 INFO: Accept-Encoding: gzip
2024-07-17 23:30:24.234290 INFO: oop!unknow header: Accept-Encoding: gzip
2024-07-17 23:30:24.234294 INFO: 
2024-07-17 23:30:24.234318 INFO: request:HTTP/1.1 200 OK

2024-07-17 23:30:24.234324 INFO: request:HTTP/1.1 200 OK
Content-Length:542

2024-07-17 23:30:24.234328 INFO: request:HTTP/1.1 200 OK
Content-Length:542
Connection:close

2024-07-17 23:30:24.234332 INFO: request:HTTP/1.1 200 OK
Content-Length:542
Connection:close


2024-07-17 23:30:24.234340 INFO: Thread 140246097688128 is running task

2024-07-17 23:30:24.234521 INFO: eventNum: 4
2024-07-17 23:30:24.234536 INFO: fd: 18, events: 1

2024-07-17 23:30:24.234546 INFO: fd: 40, events: 1

2024-07-17 23:30:24.234560 INFO: HttpConn 18 read success
2024-07-17 23:30:24.234570 INFO: GET / HTTP/1.1
2024-07-17 23:30:24.234575 INFO: Host: 39.98.202.182:9006
2024-07-17 23:30:24.234580 INFO: User-Agent: Go-http-client/1.1
2024-07-17 23:30:24.234585 INFO: oop!unknow header: User-Agent: Go-http-client/1.1
2024-07-17 23:30:24.234589 INFO: X-Vegeta-Seq: 3757
2024-07-17 23:30:24.234593 INFO: oop!unknow header: X-Vegeta-Seq: 3757
2024-07-17 23:30:24.234598 INFO: Accept-Encoding: gzip
2024-07-17 23:30:24.234602 INFO: oop!unknow header: Accept-Encoding: gzip
2024-07-17 23:30:24.234606 INFO: 
2024-07-17 23:30:24.234622 INFO: request:HTTP/1.1 200 OK

2024-07-17 23:30:24.234627 INFO: request:HTTP/1.1 200 OK
Content-Length:542

2024-07-17 23:30:24.234631 INFO: request:HTTP/1.1 200 OK
Content-Length:542
Connection:close

2024-07-17 23:30:24.234635 INFO: request:HTTP/1.1 200 OK
Content-Length:542
Connection:close


2024-07-17 23:30:24.234644 INFO: Thread 140246139651648 is running task

2024-07-17 23:30:24.234650 INFO: HttpConn 40 read success
2024-07-17 23:30:24.234656 INFO: GET / HTTP/1.1
2024-07-17 23:30:24.234661 INFO: Host: 39.98.202.182:9006
2024-07-17 23:30:24.234665 INFO: User-Agent: Go-http-client/1.1
2024-07-17 23:30:24.234670 INFO: oop!unknow header: User-Agent: Go-http-client/1.1
2024-07-17 23:30:24.234674 INFO: X-Vegeta-Seq: 3755
2024-07-17 23:30:24.234678 INFO: oop!unknow header: X-Vegeta-Seq: 3755
2024-07-17 23:30:24.234682 INFO: Accept-Encoding: gzip
2024-07-17 23:30:24.234686 INFO: oop!unknow header: Accept-Encoding: gzip
2024-07-17 23:30:24.234691 INFO: 
2024-07-17 23:30:24.234701 INFO: request:HTTP/1.1 200 OK

2024-07-17 23:30:24.234706 INFO: request:HTTP/1.1 200 OK
Content-Length:542

2024-07-17 23:30:24.234710 INFO: request:HTTP/1.1 200 OK
Content-Length:542
Connection:close

2024-07-17 23:30:24.234715 INFO: request:HTTP/1.1 200 OK
Content-Length:542
Connection:close


2024-07-17 23:30:24.234722 INFO: Thread 140246139651648 is running task

2024-07-17 23:30:24.234729 INFO: fd: 28, events: 4

2024-07-17 23:30:24.234757 INFO: Thread 140246122866240 is running task

2024-07-17 23:30:24.234767 INFO: fd: 26, events: 1

2024-07-17 23:30:24.234777 INFO: eventNum: 2
2024-07-17 23:30:24.234781 INFO: fd: 18, events: 4

2024-07-17 23:30:24.234788 INFO: fd: 40, events: 4

2024-07-17 23:30:24.235040 INFO: eventNum: 1
2024-07-17 23:30:24.235056 INFO: fd: 31, events: 1

2024-07-17 23:30:24.235211 INFO: HttpConn 26 read success
2024-07-17 23:30:24.235239 INFO: GET / HTTP/1.1
2024-07-17 23:30:24.235246 INFO: Host: 39.98.202.182:9006
2024-07-17 23:30:24.235250 INFO: User-Agent: Go-http-client/1.1
2024-07-17 23:30:24.235255 INFO: oop!unknow header: User-Agent: Go-http-client/1.1
2024-07-17 23:30:24.235260 INFO: X-Vegeta-Seq: 3756
2024-07-17 23:30:24.235264 INFO: oop!unknow header: X-Vegeta-Seq: 3756
2024-07-17 23:30:24.235274 INFO: Accept-Encoding: gzip
2024-07-17 23:30:24.235278 INFO: oop!unknow header: Accept-Encoding: gzip
2024-07-17 23:30:24.235282 INFO: 
2024-07-17 23:30:24.235299 INFO: request:HTTP/1.1 200 OK

2024-07-17 23:30:24.235304 INFO: request:HTTP/1.1 200 OK
Content-Length:542

2024-07-17 23:30:24.235308 INFO: request:HTTP/1.1 200 OK
Content-Length:542
Connection:close

2024-07-17 23:30:24.235313 INFO: request:HTTP/1.1 200 OK
Content-Length:542
Connection:close


2024-07-17 23:30:24.235324 INFO: Thread 140246148044352 is running task

2024-07-17 23:30:24.235349 INFO: Thread 140246148044352 is running task

2024-07-17 23:30:24.235369 INFO: Thread 140246148044352 is running task

2024-07-17 23:30:24.235379 INFO: HttpConn 31 read success
2024-07-17 23:30:24.235386 INFO: GET / HTTP/1.1
2024-07-17 23:30:24.235393 INFO: Host: 39.98.202.182:9006
2024-07-17 23:30:24.235398 INFO: User-Agent: Go-http-client/1.1
2024-07-17 23:30:24.235402 INFO: oop!unknow header: User-Agent: Go-http-client/1.1
2024-07-17 23:30:24.235406 INFO: X-Vegeta-Seq: 3754
2024-07-17 23:30:24.235410 INFO: oop!unknow header: X-Vegeta-Seq: 3754
2024-07-17 23:30:24.235415 INFO: Accept-Encoding: gzip
2024-07-17 23:30:24.235419 INFO: oop!unknow header: Accept-Encoding: gzip
2024-07-17 23:30:24.235423 INFO: 
2024-07-17 23:30:24.235435 INFO: request:HTTP/1.1 200 OK

2024-07-17 23:30:24.235440 INFO: request:HTTP/1.1 200 OK
Content-Length:542

2024-07-17 23:30:24.235444 INFO: request:HTTP/1.1 200 OK
Content-Length:542
Connection:close

2024-07-17 23:30:24.235448 INFO: request:HTTP/1.1 200 OK
Content-Length:542
Connection:close


2024-07-17 23:30:24.235454 INFO: Thread 140246148044352 is running task

2024-07-17 23:30:24.235627 INFO: eventNum: 2
2024-07-17 23:30:24.235647 INFO: fd: 26, events: 4

2024-07-17 23:30:24.235700 INFO: Thread 140246139651648 is running task

2024-07-17 23:30:24.235714 INFO: fd: 31, events: 4

2024-07-17 23:30:24.235748 INFO: Thread 140246122866240 is running task

2024-07-17 23:30:24.236126 INFO: eventNum: 1
2024-07-17 23:30:24.236149 INFO: fd: 13, events: 1

2024-07-17 23:30:24.236170 INFO: HandleListenEvent 13
2024-07-17 23:30:24.236189 INFO: HttpConn 41 init success
2024-07-17 23:30:24.236195 INFO: addTimer id:41 expireTime:1721230724
2024-07-17 23:30:24.236207 INFO: Client[41] in!
2024-07-17 23:30:24.236212 INFO: HandleListenEvent 13
2024-07-17 23:30:24.236225 INFO: HttpConn 42 init success
2024-07-17 23:30:24.236230 INFO: addTimer id:42 expireTime:1721230724
2024-07-17 23:30:24.236238 INFO: Client[42] in!
2024-07-17 23:30:24.236242 INFO: HandleListenEvent 13
2024-07-17 23:30:24.236252 ERROR: Accept failure -1
2024-07-17 23:30:24.236258 INFO: eventNum: 1
2024-07-17 23:30:24.236262 INFO: fd: 41, events: 1

2024-07-17 23:30:24.236345 INFO: HttpConn 41 read success
2024-07-17 23:30:24.236359 INFO: GET / HTTP/1.1
2024-07-17 23:30:24.236365 INFO: Host: 39.98.202.182:9006
2024-07-17 23:30:24.236369 INFO: User-Agent: Go-http-client/1.1
2024-07-17 23:30:24.236374 INFO: oop!unknow header: User-Agent: Go-http-client/1.1
2024-07-17 23:30:24.236378 INFO: X-Vegeta-Seq: 3758
2024-07-17 23:30:24.236382 INFO: oop!unknow header: X-Vegeta-Seq: 3758
2024-07-17 23:30:24.236386 INFO: Accept-Encoding: gzip
2024-07-17 23:30:24.236391 INFO: oop!unknow header: Accept-Encoding: gzip
2024-07-17 23:30:24.236395 INFO: 
2024-07-17 23:30:24.236410 INFO: request:HTTP/1.1 200 OK

2024-07-17 23:30:24.236415 INFO: request:HTTP/1.1 200 OK
Content-Length:542

2024-07-17 23:30:24.236420 INFO: request:HTTP/1.1 200 OK
Content-Length:542
Connection:close

2024-07-17 23:30:24.236424 INFO: request:HTTP/1.1 200 OK
Content-Length:542
Connection:close


2024-07-17 23:30:24.236435 INFO: Thread 140246156437056 is running task

2024-07-17 23:30:24.236444 INFO: eventNum: 1
2024-07-17 23:30:24.236449 INFO: fd: 41, events: 4

2024-07-17 23:30:24.236554 INFO: Thread 140246148044352 is running task

2024-07-17 23:30:24.236567 INFO: eventNum: 1
2024-07-17 23:30:24.236572 INFO: fd: 42, events: 1

2024-07-17 23:30:24.236634 INFO: HttpConn 42 read success
2024-07-17 23:30:24.236648 INFO: GET / HTTP/1.1
2024-07-17 23:30:24.236657 INFO: Host: 39.98.202.182:9006
2024-07-17 23:30:24.236661 INFO: User-Agent: Go-http-client/1.1
2024-07-17 23:30:24.236669 INFO: oop!unknow header: User-Agent: Go-http-client/1.1
2024-07-17 23:30:24.236673 INFO: X-Vegeta-Seq: 3759
2024-07-17 23:30:24.236677 INFO: oop!unknow header: X-Vegeta-Seq: 3759
2024-07-17 23:30:24.236685 INFO: Accept-Encoding: gzip
2024-07-17 23:30:24.236689 INFO: oop!unknow header: Accept-Encoding: gzip
2024-07-17 23:30:24.236693 INFO: 
2024-07-17 23:30:24.236707 INFO: request:HTTP/1.1 200 OK

2024-07-17 23:30:24.236712 INFO: request:HTTP/1.1 200 OK
Content-Length:542

2024-07-17 23:30:24.236716 INFO: request:HTTP/1.1 200 OK
Content-Length:542
Connection:close

2024-07-17 23:30:24.236721 INFO: request:HTTP/1.1 200 OK
Content-Length:542
Connection:close


2024-07-17 23:30:24.236729 INFO: Thread 140246114473536 is running task

2024-07-17 23:30:24.236737 INFO: eventNum: 1
2024-07-17 23:30:24.236742 INFO: fd: 42, events: 4

2024-07-17 23:30:24.236807 INFO: Thread 140246131258944 is running task

2024-07-17 23:30:24.238151 INFO: eventNum: 1
2024-07-17 23:30:24.238175 INFO: fd: 32, events: 8193

2024-07-17 23:30:24.238195 INFO: HttpConn 32 close success
2024-07-17 23:30:24.238201 INFO: Client[32] quit!
2024-07-17 23:30:24.238379 INFO: eventNum: 1
2024-07-17 23:30:24.238389 INFO: fd: 29, events: 8193

2024-07-17 23:30:24.238404 INFO: HttpConn 29 close success
2024-07-17 23:30:24.238409 INFO: Client[29] quit!
2024-07-17 23:30:24.249199 INFO: eventNum: 1
2024-07-17 23:30:24.249265 INFO: fd: 35, events: 8193

2024-07-17 23:30:24.249301 INFO: HttpConn 35 close success
2024-07-17 23:30:24.249310 INFO: Client[35] quit!
2024-07-17 23:30:24.250895 INFO: eventNum: 1
2024-07-17 23:30:24.250935 INFO: fd: 13, events: 1

2024-07-17 23:30:24.250945 INFO: HandleListenEvent 13
2024-07-17 23:30:24.250972 INFO: HttpConn 29 init success
2024-07-17 23:30:24.250982 INFO: addTimer id:29 expireTime:1721230724
2024-07-17 23:30:24.250997 INFO: Client[29] in!
2024-07-17 23:30:24.251001 INFO: HandleListenEvent 13
2024-07-17 23:30:24.251012 ERROR: Accept failure -1
2024-07-17 23:30:24.251234 INFO: eventNum: 1
2024-07-17 23:30:24.251247 INFO: fd: 33, events: 8193

2024-07-17 23:30:24.251266 INFO: HttpConn 33 close success
2024-07-17 23:30:24.251272 INFO: Client[33] quit!
2024-07-17 23:30:24.251341 INFO: eventNum: 1
2024-07-17 23:30:24.251373 INFO: fd: 13, events: 1

2024-07-17 23:30:24.251379 INFO: HandleListenEvent 13
2024-07-17 23:30:24.251396 INFO: HttpConn 32 init success
2024-07-17 23:30:24.251403 INFO: addTimer id:32 expireTime:1721230724
2024-07-17 23:30:24.251415 INFO: Client[32] in!
2024-07-17 23:30:24.251419 INFO: HandleListenEvent 13
2024-07-17 23:30:24.251429 ERROR: Accept failure -1
2024-07-17 23:30:24.251623 INFO: eventNum: 1
2024-07-17 23:30:24.251635 INFO: fd: 29, events: 1

2024-07-17 23:30:24.251657 INFO: HttpConn 29 read success
2024-07-17 23:30:24.251680 INFO: GET / HTTP/1.1
2024-07-17 23:30:24.251687 INFO: Host: 39.98.202.182:9006
2024-07-17 23:30:24.251705 INFO: User-Agent: Go-http-client/1.1
2024-07-17 23:30:24.251711 INFO: oop!unknow header: User-Agent: Go-http-client/1.1
2024-07-17 23:30:24.251712 INFO: eventNum: 1
2024-07-17 23:30:24.251716 INFO: X-Vegeta-Seq: 3764
2024-07-17 23:30:24.251742 INFO: oop!unknow header: X-Vegeta-Seq: 3764
2024-07-17 23:30:24.251729 INFO: fd: 38, events: 8193

2024-07-17 23:30:24.251749 INFO: Accept-Encoding: gzip
2024-07-17 23:30:24.251767 INFO: oop!unknow header: Accept-Encoding: gzip
2024-07-17 23:30:24.251775 INFO: 
2024-07-17 23:30:24.251775 INFO: HttpConn 38 close success
2024-07-17 23:30:24.251811 INFO: request:HTTP/1.1 200 OK

2024-07-17 23:30:24.251835 INFO: request:HTTP/1.1 200 OK
Content-Length:542

2024-07-17 23:30:24.251849 INFO: request:HTTP/1.1 200 OK
Content-Length:542
Connection:close

2024-07-17 23:30:24.251862 INFO: request:HTTP/1.1 200 OK
Content-Length:542
Connection:close


2024-07-17 23:30:24.251821 INFO: Client[38] quit!
2024-07-17 23:30:24.251890 INFO: Thread 140246106080832 is running task

2024-07-17 23:30:24.251906 INFO: eventNum: 1
2024-07-17 23:30:24.251930 INFO: fd: 29, events: 4

2024-07-17 23:30:24.251980 INFO: Thread 140246097688128 is running task

2024-07-17 23:30:24.252026 INFO: eventNum: 1
2024-07-17 23:30:24.252035 INFO: fd: 36, events: 8193

2024-07-17 23:30:24.252051 INFO: HttpConn 36 close success
2024-07-17 23:30:24.252058 INFO: Client[36] quit!
2024-07-17 23:30:24.252321 INFO: eventNum: 1
2024-07-17 23:30:24.252334 INFO: fd: 37, events: 8193

2024-07-17 23:30:24.252347 INFO: HttpConn 37 close success
2024-07-17 23:30:24.252354 INFO: Client[37] quit!
2024-07-17 23:30:24.252812 INFO: eventNum: 1
2024-07-17 23:30:24.252832 INFO: fd: 32, events: 1

2024-07-17 23:30:24.252854 INFO: HttpConn 32 read success
2024-07-17 23:30:24.252876 INFO: GET / HTTP/1.1
2024-07-17 23:30:24.252883 INFO: Host: 39.98.202.182:9006
2024-07-17 23:30:24.252887 INFO: User-Agent: Go-http-client/1.1
2024-07-17 23:30:24.252892 INFO: oop!unknow header: User-Agent: Go-http-client/1.1
2024-07-17 23:30:24.252897 INFO: X-Vegeta-Seq: 3762
2024-07-17 23:30:24.252901 INFO: oop!unknow header: X-Vegeta-Seq: 3762
2024-07-17 23:30:24.252905 INFO: Accept-Encoding: gzip
2024-07-17 23:30:24.252909 INFO: oop!unknow header: Accept-Encoding: gzip
2024-07-17 23:30:24.252914 INFO: 
2024-07-17 23:30:24.252934 INFO: request:HTTP/1.1 200 OK

2024-07-17 23:30:24.252939 INFO: request:HTTP/1.1 200 OK
Content-Length:542

2024-07-17 23:30:24.252947 INFO: request:HTTP/1.1 200 OK
Content-Length:542
Connection:close

2024-07-17 23:30:24.252951 INFO: request:HTTP/1.1 200 OK
Content-Length:542
Connection:close


2024-07-17 23:30:24.252971 INFO: Thread 140246139651648 is running task

2024-07-17 23:30:24.252972 INFO: eventNum: 1
2024-07-17 23:30:24.252982 INFO: fd: 32, events: 4

2024-07-17 23:30:24.253018 INFO: Thread 140246122866240 is running task

2024-07-17 23:30:24.254641 INFO: eventNum: 1
2024-07-17 23:30:24.254671 INFO: fd: 13, events: 1

2024-07-17 23:30:24.254679 INFO: HandleListenEvent 13
2024-07-17 23:30:24.254703 INFO: HttpConn 33 init success
2024-07-17 23:30:24.254713 INFO: addTimer id:33 expireTime:1721230724
2024-07-17 23:30:24.254727 INFO: Client[33] in!
2024-07-17 23:30:24.254733 INFO: HandleListenEvent 13
2024-07-17 23:30:24.254741 INFO: HttpConn 35 init success
2024-07-17 23:30:24.254747 INFO: addTimer id:35 expireTime:1721230724
2024-07-17 23:30:24.254755 INFO: Client[35] in!
2024-07-17 23:30:24.254759 INFO: HandleListenEvent 13
2024-07-17 23:30:24.254768 ERROR: Accept failure -1
2024-07-17 23:30:24.255496 INFO: eventNum: 1
2024-07-17 23:30:24.255549 INFO: fd: 13, events: 1

2024-07-17 23:30:24.255555 INFO: HandleListenEvent 13
2024-07-17 23:30:24.255569 INFO: HttpConn 36 init success
2024-07-17 23:30:24.255574 INFO: addTimer id:36 expireTime:1721230724
2024-07-17 23:30:24.255584 INFO: Client[36] in!
2024-07-17 23:30:24.255589 INFO: HandleListenEvent 13
2024-07-17 23:30:24.255599 INFO: HttpConn 37 init success
