2024-07-17 23:30:21.918256 INFO: HandleListenEvent 13
2024-07-17 23:30:21.918330 INFO: HttpConn 17 init success
2024-07-17 23:30:21.918337 INFO: addTimer id:17 expireTime:1721230721
2024-07-17 23:30:21.918348 INFO: Client[17] in!
2024-07-17 23:30:21.918355 INFO: HandleListenEvent 13
2024-07-17 23:30:21.918377 ERROR: Accept failure -1
2024-07-17 23:30:21.919401 INFO: eventNum: 1
2024-07-17 23:30:21.919438 INFO: fd: 17, events: 1

2024-07-17 23:30:21.919467 INFO: HttpConn 17 read success
2024-07-17 23:30:21.919495 INFO: GET / HTTP/1.1
2024-07-17 23:30:21.919533 INFO: Host: 39.98.202.182:9006
2024-07-17 23:30:21.919538 INFO: User-Agent: Go-http-client/1.1
2024-07-17 23:30:21.919543 INFO: oop!unknow header: User-Agent: Go-http-client/1.1
2024-07-17 23:30:21.919548 INFO: X-Vegeta-Seq: 2605
2024-07-17 23:30:21.919552 INFO: oop!unknow header: X-Vegeta-Seq: 2605
2024-07-17 23:30:21.919556 INFO: Accept-Encoding: gzip
2024-07-17 23:30:21.919561 INFO: oop!unknow header: Accept-Encoding: gzip
2024-07-17 23:30:21.919565 INFO: 
2024-07-17 23:30:21.919589 INFO: request:HTTP/1.1 200 OK

2024-07-17 23:30:21.919598 INFO: request:HTTP/1.1 200 OK
Content-Length:542

2024-07-17 23:30:21.919602 INFO: request:HTTP/1.1 200 OK
Content-Length:542
Connection:close

2024-07-17 23:30:21.919607 INFO: request:HTTP/1.1 200 OK
Content-Length:542
Connection:close


2024-07-17 23:30:21.919624 INFO: Thread 140246131258944 is running task

2024-07-17 23:30:21.919643 INFO: eventNum: 3
2024-07-17 23:30:21.919649 INFO: fd: 13, events: 1

2024-07-17 23:30:21.919653 INFO: HandleListenEvent 13
2024-07-17 23:30:21.919669 INFO: HttpConn 18 init success
2024-07-17 23:30:21.919676 INFO: addTimer id:18 expireTime:1721230721
2024-07-17 23:30:21.919686 INFO: Client[18] in!
2024-07-17 23:30:21.919691 INFO: HandleListenEvent 13
2024-07-17 23:30:21.919700 ERROR: Accept failure -1
2024-07-17 23:30:21.919704 INFO: fd: 16, events: 1

2024-07-17 23:30:21.919718 INFO: HttpConn 16 read success
2024-07-17 23:30:21.919727 INFO: GET / HTTP/1.1
2024-07-17 23:30:21.919732 INFO: Host: 39.98.202.182:9006
2024-07-17 23:30:21.919737 INFO: User-Agent: Go-http-client/1.1
2024-07-17 23:30:21.919741 INFO: oop!unknow header: User-Agent: Go-http-client/1.1
2024-07-17 23:30:21.919746 INFO: X-Vegeta-Seq: 2597
2024-07-17 23:30:21.919750 INFO: oop!unknow header: X-Vegeta-Seq: 2597
2024-07-17 23:30:21.919754 INFO: Accept-Encoding: gzip
2024-07-17 23:30:21.919758 INFO: oop!unknow header: Accept-Encoding: gzip
2024-07-17 23:30:21.919762 INFO: 
2024-07-17 23:30:21.919776 INFO: request:HTTP/1.1 200 OK

2024-07-17 23:30:21.919780 INFO: request:HTTP/1.1 200 OK
Content-Length:542

2024-07-17 23:30:21.919785 INFO: request:HTTP/1.1 200 OK
Content-Length:542
Connection:close

2024-07-17 23:30:21.919789 INFO: request:HTTP/1.1 200 OK
Content-Length:542
Connection:close


2024-07-17 23:30:21.919796 INFO: Thread 140246106080832 is running task

2024-07-17 23:30:21.919804 INFO: fd: 17, events: 4

2024-07-17 23:30:21.919843 INFO: Thread 140246097688128 is running task

2024-07-17 23:30:21.919854 INFO: eventNum: 1
2024-07-17 23:30:21.919859 INFO: fd: 16, events: 4

2024-07-17 23:30:21.919883 INFO: Thread 140246139651648 is running task

2024-07-17 23:30:21.920300 INFO: eventNum: 1
2024-07-17 23:30:21.920320 INFO: fd: 18, events: 1

2024-07-17 23:30:21.920346 INFO: HttpConn 18 read success
2024-07-17 23:30:21.920374 INFO: GET / HTTP/1.1
2024-07-17 23:30:21.920385 INFO: Host: 39.98.202.182:9006
2024-07-17 23:30:21.920392 INFO: User-Agent: Go-http-client/1.1
2024-07-17 23:30:21.920399 INFO: oop!unknow header: User-Agent: Go-http-client/1.1
2024-07-17 23:30:21.920406 INFO: X-Vegeta-Seq: 2602
2024-07-17 23:30:21.920412 INFO: oop!unknow header: X-Vegeta-Seq: 2602
2024-07-17 23:30:21.920417 INFO: Accept-Encoding: gzip
2024-07-17 23:30:21.920423 INFO: oop!unknow header: Accept-Encoding: gzip
2024-07-17 23:30:21.920429 INFO: 
2024-07-17 23:30:21.920453 INFO: request:HTTP/1.1 200 OK

2024-07-17 23:30:21.920460 INFO: request:HTTP/1.1 200 OK
Content-Length:542

2024-07-17 23:30:21.920464 INFO: request:HTTP/1.1 200 OK
Content-Length:542
Connection:close

2024-07-17 23:30:21.920551 INFO: request:HTTP/1.1 200 OK
Content-Length:542
Connection:close


2024-07-17 23:30:21.920570 INFO: Thread 140246114473536 is running task

2024-07-17 23:30:21.920588 INFO: eventNum: 1
2024-07-17 23:30:21.920594 INFO: fd: 18, events: 4

2024-07-17 23:30:21.920633 INFO: Thread 140246156437056 is running task

2024-07-17 23:30:21.921264 INFO: eventNum: 1
2024-07-17 23:30:21.921286 INFO: fd: 13, events: 1

2024-07-17 23:30:21.921291 INFO: HandleListenEvent 13
2024-07-17 23:30:21.921308 INFO: HttpConn 26 init success
2024-07-17 23:30:21.921314 INFO: addTimer id:26 expireTime:1721230721
2024-07-17 23:30:21.921325 INFO: Client[26] in!
2024-07-17 23:30:21.921330 INFO: HandleListenEvent 13
2024-07-17 23:30:21.921340 ERROR: Accept failure -1
2024-07-17 23:30:21.922012 INFO: eventNum: 1
2024-07-17 23:30:21.922032 INFO: fd: 26, events: 1

2024-07-17 23:30:21.922054 INFO: HttpConn 26 read success
2024-07-17 23:30:21.922070 INFO: GET / HTTP/1.1
2024-07-17 23:30:21.922079 INFO: Host: 39.98.202.182:9006
2024-07-17 23:30:21.922085 INFO: User-Agent: Go-http-client/1.1
2024-07-17 23:30:21.922091 INFO: oop!unknow header: User-Agent: Go-http-client/1.1
2024-07-17 23:30:21.922098 INFO: X-Vegeta-Seq: 2600
2024-07-17 23:30:21.922104 INFO: oop!unknow header: X-Vegeta-Seq: 2600
2024-07-17 23:30:21.922108 INFO: Accept-Encoding: gzip
2024-07-17 23:30:21.922132 INFO: oop!unknow header: Accept-Encoding: gzip
2024-07-17 23:30:21.922142 INFO: 
2024-07-17 23:30:21.922163 INFO: request:HTTP/1.1 200 OK

2024-07-17 23:30:21.922168 INFO: request:HTTP/1.1 200 OK
Content-Length:542

2024-07-17 23:30:21.922172 INFO: request:HTTP/1.1 200 OK
Content-Length:542
Connection:close

2024-07-17 23:30:21.922177 INFO: request:HTTP/1.1 200 OK
Content-Length:542
Connection:close


2024-07-17 23:30:21.922191 INFO: Thread 140246148044352 is running task

2024-07-17 23:30:21.922205 INFO: eventNum: 1
2024-07-17 23:30:21.922212 INFO: fd: 26, events: 4

2024-07-17 23:30:21.922256 INFO: Thread 140246122866240 is running task

2024-07-17 23:30:21.929162 INFO: eventNum: 1
2024-07-17 23:30:21.929202 INFO: fd: 13, events: 1

2024-07-17 23:30:21.929208 INFO: HandleListenEvent 13
2024-07-17 23:30:21.929228 INFO: HttpConn 28 init success
2024-07-17 23:30:21.929235 INFO: addTimer id:28 expireTime:1721230721
2024-07-17 23:30:21.929248 INFO: Client[28] in!
2024-07-17 23:30:21.929253 INFO: HandleListenEvent 13
2024-07-17 23:30:21.929262 ERROR: Accept failure -1
2024-07-17 23:30:21.929310 INFO: eventNum: 1
2024-07-17 23:30:21.929316 INFO: fd: 16, events: 8193

2024-07-17 23:30:21.929339 INFO: HttpConn 16 close success
2024-07-17 23:30:21.929348 INFO: Client[16] quit!
2024-07-17 23:30:21.929515 INFO: eventNum: 1
2024-07-17 23:30:21.929529 INFO: fd: 28, events: 1

2024-07-17 23:30:21.929548 INFO: HttpConn 28 read success
2024-07-17 23:30:21.929560 INFO: GET / HTTP/1.1
2024-07-17 23:30:21.929566 INFO: Host: 39.98.202.182:9006
2024-07-17 23:30:21.929571 INFO: User-Agent: Go-http-client/1.1
2024-07-17 23:30:21.929575 INFO: oop!unknow header: User-Agent: Go-http-client/1.1
2024-07-17 23:30:21.929580 INFO: X-Vegeta-Seq: 2611
2024-07-17 23:30:21.929584 INFO: oop!unknow header: X-Vegeta-Seq: 2611
2024-07-17 23:30:21.929589 INFO: Accept-Encoding: gzip
2024-07-17 23:30:21.929593 INFO: oop!unknow header: Accept-Encoding: gzip
2024-07-17 23:30:21.929598 INFO: 
2024-07-17 23:30:21.929618 INFO: request:HTTP/1.1 200 OK

2024-07-17 23:30:21.929622 INFO: request:HTTP/1.1 200 OK
Content-Length:542

2024-07-17 23:30:21.929627 INFO: request:HTTP/1.1 200 OK
Content-Length:542
Connection:close

2024-07-17 23:30:21.929632 INFO: request:HTTP/1.1 200 OK
Content-Length:542
Connection:close


2024-07-17 23:30:21.929645 INFO: Thread 140246131258944 is running task

2024-07-17 23:30:21.929654 INFO: eventNum: 1
2024-07-17 23:30:21.929659 INFO: fd: 28, events: 4

2024-07-17 23:30:21.929695 INFO: Thread 140246106080832 is running task

2024-07-17 23:30:21.930242 INFO: eventNum: 1
2024-07-17 23:30:21.930257 INFO: fd: 17, events: 8193

2024-07-17 23:30:21.930286 INFO: HttpConn 17 close success
2024-07-17 23:30:21.930295 INFO: Client[17] quit!
2024-07-17 23:30:21.931574 INFO: eventNum: 1
2024-07-17 23:30:21.931593 INFO: fd: 18, events: 8193

2024-07-17 23:30:21.931610 INFO: HttpConn 18 close success
2024-07-17 23:30:21.931618 INFO: Client[18] quit!
2024-07-17 23:30:21.933631 INFO: eventNum: 1
2024-07-17 23:30:21.933653 INFO: fd: 26, events: 8193

2024-07-17 23:30:21.933673 INFO: HttpConn 26 close success
2024-07-17 23:30:21.933682 INFO: Client[26] quit!
2024-07-17 23:30:21.952860 INFO: eventNum: 1
2024-07-17 23:30:21.952916 INFO: fd: 13, events: 1

2024-07-17 23:30:21.952921 INFO: HandleListenEvent 13
2024-07-17 23:30:21.952946 INFO: HttpConn 16 init success
2024-07-17 23:30:21.952954 INFO: addTimer id:16 expireTime:1721230721
2024-07-17 23:30:21.952968 INFO: Client[16] in!
2024-07-17 23:30:21.952973 INFO: HandleListenEvent 13
2024-07-17 23:30:21.952983 ERROR: Accept failure -1
2024-07-17 23:30:21.953365 INFO: eventNum: 1
2024-07-17 23:30:21.953377 INFO: fd: 13, events: 1

2024-07-17 23:30:21.953382 INFO: HandleListenEvent 13
2024-07-17 23:30:21.953394 INFO: HttpConn 17 init success
2024-07-17 23:30:21.953399 INFO: addTimer id:17 expireTime:1721230721
2024-07-17 23:30:21.953408 INFO: Client[17] in!
2024-07-17 23:30:21.953412 INFO: HandleListenEvent 13
2024-07-17 23:30:21.953419 ERROR: Accept failure -1
2024-07-17 23:30:21.953822 INFO: eventNum: 1
2024-07-17 23:30:21.953835 INFO: fd: 13, events: 1

2024-07-17 23:30:21.953840 INFO: HandleListenEvent 13
2024-07-17 23:30:21.953851 INFO: HttpConn 18 init success
2024-07-17 23:30:21.953857 INFO: addTimer id:18 expireTime:1721230721
2024-07-17 23:30:21.953866 INFO: Client[18] in!
2024-07-17 23:30:21.953870 INFO: HandleListenEvent 13
2024-07-17 23:30:21.953904 INFO: HttpConn 26 init success
2024-07-17 23:30:21.953911 INFO: addTimer id:26 expireTime:1721230721
2024-07-17 23:30:21.953919 INFO: Client[26] in!
2024-07-17 23:30:21.953923 INFO: HandleListenEvent 13
2024-07-17 23:30:21.953931 ERROR: Accept failure -1
2024-07-17 23:30:21.954246 INFO: eventNum: 1
2024-07-17 23:30:21.954265 INFO: fd: 26, events: 1

2024-07-17 23:30:21.954288 INFO: HttpConn 26 read success
2024-07-17 23:30:21.954301 INFO: GET / HTTP/1.1
2024-07-17 23:30:21.954307 INFO: Host: 39.98.202.182:9006
2024-07-17 23:30:21.954312 INFO: User-Agent: Go-http-client/1.1
2024-07-17 23:30:21.954316 INFO: oop!unknow header: User-Agent: Go-http-client/1.1
2024-07-17 23:30:21.954321 INFO: X-Vegeta-Seq: 2621
2024-07-17 23:30:21.954326 INFO: oop!unknow header: X-Vegeta-Seq: 2621
2024-07-17 23:30:21.954330 INFO: Accept-Encoding: gzip
2024-07-17 23:30:21.954334 INFO: oop!unknow header: Accept-Encoding: gzip
2024-07-17 23:30:21.954339 INFO: 
2024-07-17 23:30:21.954363 INFO: request:HTTP/1.1 200 OK

2024-07-17 23:30:21.954368 INFO: request:HTTP/1.1 200 OK
Content-Length:542

2024-07-17 23:30:21.954373 INFO: request:HTTP/1.1 200 OK
Content-Length:542
Connection:close

2024-07-17 23:30:21.954377 INFO: request:HTTP/1.1 200 OK
Content-Length:542
Connection:close


2024-07-17 23:30:21.954392 INFO: Thread 140246097688128 is running task

2024-07-17 23:30:21.954403 INFO: eventNum: 1
2024-07-17 23:30:21.954408 INFO: fd: 26, events: 4

2024-07-17 23:30:21.954449 INFO: Thread 140246139651648 is running task

2024-07-17 23:30:21.954462 INFO: eventNum: 1
2024-07-17 23:30:21.954467 INFO: fd: 17, events: 1

2024-07-17 23:30:21.954489 INFO: HttpConn 17 read success
2024-07-17 23:30:21.954543 INFO: eventNum: 1
2024-07-17 23:30:21.954571 INFO: GET / HTTP/1.1
2024-07-17 23:30:21.954588 INFO: Host: 39.98.202.182:9006
2024-07-17 23:30:21.954596 INFO: User-Agent: Go-http-client/1.1
2024-07-17 23:30:21.954605 INFO: oop!unknow header: User-Agent: Go-http-client/1.1
2024-07-17 23:30:21.954576 INFO: fd: 18, events: 1

2024-07-17 23:30:21.954610 INFO: X-Vegeta-Seq: 2624
2024-07-17 23:30:21.954638 INFO: oop!unknow header: X-Vegeta-Seq: 2624
2024-07-17 23:30:21.954643 INFO: Accept-Encoding: gzip
2024-07-17 23:30:21.954648 INFO: oop!unknow header: Accept-Encoding: gzip
2024-07-17 23:30:21.954662 INFO: 
2024-07-17 23:30:21.954683 INFO: request:HTTP/1.1 200 OK

2024-07-17 23:30:21.954690 INFO: request:HTTP/1.1 200 OK
Content-Length:542

2024-07-17 23:30:21.954697 INFO: request:HTTP/1.1 200 OK
Content-Length:542
Connection:close

2024-07-17 23:30:21.954704 INFO: request:HTTP/1.1 200 OK
Content-Length:542
Connection:close


2024-07-17 23:30:21.954724 INFO: eventNum: 1
2024-07-17 23:30:21.954736 INFO: fd: 17, events: 4

2024-07-17 23:30:21.954740 INFO: HttpConn 18 read success
2024-07-17 23:30:21.954754 INFO: GET / HTTP/1.1
2024-07-17 23:30:21.954762 INFO: Host: 39.98.202.182:9006
2024-07-17 23:30:21.954770 INFO: User-Agent: Go-http-client/1.1
2024-07-17 23:30:21.954777 INFO: oop!unknow header: User-Agent: Go-http-client/1.1
2024-07-17 23:30:21.954785 INFO: X-Vegeta-Seq: 2622
2024-07-17 23:30:21.954791 INFO: oop!unknow header: X-Vegeta-Seq: 2622
2024-07-17 23:30:21.954798 INFO: Accept-Encoding: gzip
2024-07-17 23:30:21.954805 INFO: oop!unknow header: Accept-Encoding: gzip
2024-07-17 23:30:21.954811 INFO: 
2024-07-17 23:30:21.954831 INFO: request:HTTP/1.1 200 OK

2024-07-17 23:30:21.954839 INFO: request:HTTP/1.1 200 OK
Content-Length:542

2024-07-17 23:30:21.954845 INFO: request:HTTP/1.1 200 OK
Content-Length:542
Connection:close

2024-07-17 23:30:21.954852 INFO: request:HTTP/1.1 200 OK
Content-Length:542
Connection:close


2024-07-17 23:30:21.954865 INFO: Thread 140246156437056 is running task

2024-07-17 23:30:21.954870 INFO: eventNum: 1
2024-07-17 23:30:21.954879 INFO: fd: 18, events: 4

2024-07-17 23:30:21.954896 INFO: Thread 140246156437056 is running task

2024-07-17 23:30:21.954915 INFO: Thread 140246156437056 is running task

2024-07-17 23:30:21.954727 INFO: Thread 140246114473536 is running task

2024-07-17 23:30:21.955064 INFO: eventNum: 1
2024-07-17 23:30:21.955081 INFO: fd: 16, events: 1

2024-07-17 23:30:21.955096 INFO: HttpConn 16 read success
2024-07-17 23:30:21.955106 INFO: GET / HTTP/1.1
2024-07-17 23:30:21.955112 INFO: Host: 39.98.202.182:9006
2024-07-17 23:30:21.955116 INFO: User-Agent: Go-http-client/1.1
2024-07-17 23:30:21.955120 INFO: oop!unknow header: User-Agent: Go-http-client/1.1
2024-07-17 23:30:21.955125 INFO: X-Vegeta-Seq: 2619
2024-07-17 23:30:21.955130 INFO: oop!unknow header: X-Vegeta-Seq: 2619
2024-07-17 23:30:21.955134 INFO: Accept-Encoding: gzip
2024-07-17 23:30:21.955138 INFO: oop!unknow header: Accept-Encoding: gzip
2024-07-17 23:30:21.955143 INFO: 
2024-07-17 23:30:21.955158 INFO: request:HTTP/1.1 200 OK

2024-07-17 23:30:21.955163 INFO: request:HTTP/1.1 200 OK
Content-Length:542

2024-07-17 23:30:21.955167 INFO: request:HTTP/1.1 200 OK
Content-Length:542
Connection:close

2024-07-17 23:30:21.955171 INFO: request:HTTP/1.1 200 OK
Content-Length:542
Connection:close


2024-07-17 23:30:21.955180 INFO: Thread 140246131258944 is running task

2024-07-17 23:30:21.955189 INFO: eventNum: 1
2024-07-17 23:30:21.955193 INFO: fd: 16, events: 4

2024-07-17 23:30:21.955222 INFO: Thread 140246106080832 is running task

2024-07-17 23:30:21.956117 INFO: eventNum: 1
2024-07-17 23:30:21.956143 INFO: fd: 28, events: 8193

2024-07-17 23:30:21.956165 INFO: HttpConn 28 close success
2024-07-17 23:30:21.956171 INFO: Client[28] quit!
2024-07-17 23:30:21.971723 INFO: eventNum: 1
2024-07-17 23:30:21.971793 INFO: fd: 17, events: 8193

2024-07-17 23:30:21.971827 INFO: HttpConn 17 close success
2024-07-17 23:30:21.971834 INFO: Client[17] quit!
2024-07-17 23:30:21.972563 INFO: eventNum: 1
2024-07-17 23:30:21.972605 INFO: fd: 18, events: 8193

2024-07-17 23:30:21.972639 INFO: HttpConn 18 close success
2024-07-17 23:30:21.972652 INFO: Client[18] quit!
2024-07-17 23:30:21.973371 INFO: eventNum: 1
2024-07-17 23:30:21.973403 INFO: fd: 26, events: 8193

2024-07-17 23:30:21.973449 INFO: HttpConn 26 close success
2024-07-17 23:30:21.973459 INFO: Client[26] quit!
2024-07-17 23:30:21.973473 INFO: eventNum: 1
2024-07-17 23:30:21.973482 INFO: fd: 16, events: 8193

2024-07-17 23:30:21.973505 INFO: HttpConn 16 close success
2024-07-17 23:30:21.973512 INFO: Client[16] quit!
2024-07-17 23:30:21.975598 INFO: eventNum: 1
2024-07-17 23:30:21.975637 INFO: fd: 13, events: 1

2024-07-17 23:30:21.975645 INFO: HandleListenEvent 13
2024-07-17 23:30:21.975683 INFO: HttpConn 16 init success
2024-07-17 23:30:21.975693 INFO: addTimer id:16 expireTime:1721230721
2024-07-17 23:30:21.975711 INFO: Client[16] in!
2024-07-17 23:30:21.975719 INFO: HandleListenEvent 13
2024-07-17 23:30:21.975733 ERROR: Accept failure -1
2024-07-17 23:30:21.977461 INFO: eventNum: 1
2024-07-17 23:30:21.977489 INFO: fd: 16, events: 1

2024-07-17 23:30:21.977543 INFO: HttpConn 16 read success
2024-07-17 23:30:21.977571 INFO: GET / HTTP/1.1
2024-07-17 23:30:21.977578 INFO: Host: 39.98.202.182:9006
2024-07-17 23:30:21.977583 INFO: User-Agent: Go-http-client/1.1
2024-07-17 23:30:21.977587 INFO: oop!unknow header: User-Agent: Go-http-client/1.1
2024-07-17 23:30:21.977592 INFO: X-Vegeta-Seq: 2631
2024-07-17 23:30:21.977596 INFO: oop!unknow header: X-Vegeta-Seq: 2631
2024-07-17 23:30:21.977601 INFO: Accept-Encoding: gzip
2024-07-17 23:30:21.977605 INFO: oop!unknow header: Accept-Encoding: gzip
2024-07-17 23:30:21.977611 INFO: 
2024-07-17 23:30:21.977641 INFO: request:HTTP/1.1 200 OK

2024-07-17 23:30:21.977648 INFO: request:HTTP/1.1 200 OK
Content-Length:542

2024-07-17 23:30:21.977655 INFO: request:HTTP/1.1 200 OK
Content-Length:542
Connection:close

2024-07-17 23:30:21.977662 INFO: request:HTTP/1.1 200 OK
Content-Length:542
Connection:close


2024-07-17 23:30:21.977686 INFO: Thread 140246097688128 is running task

2024-07-17 23:30:21.977709 INFO: eventNum: 1
2024-07-17 23:30:21.977718 INFO: fd: 16, events: 4

2024-07-17 23:30:21.977768 INFO: Thread 140246139651648 is running task

2024-07-17 23:30:21.977996 INFO: eventNum: 1
2024-07-17 23:30:21.978017 INFO: fd: 13, events: 1

2024-07-17 23:30:21.978022 INFO: HandleListenEvent 13
2024-07-17 23:30:21.978042 INFO: HttpConn 17 init success
2024-07-17 23:30:21.978049 INFO: addTimer id:17 expireTime:1721230721
2024-07-17 23:30:21.978060 INFO: Client[17] in!
2024-07-17 23:30:21.978065 INFO: HandleListenEvent 13
2024-07-17 23:30:21.978074 ERROR: Accept failure -1
2024-07-17 23:30:21.978226 INFO: eventNum: 1
2024-07-17 23:30:21.978246 INFO: fd: 13, events: 1

2024-07-17 23:30:21.978252 INFO: HandleListenEvent 13
2024-07-17 23:30:21.978267 INFO: HttpConn 18 init success
2024-07-17 23:30:21.978273 INFO: addTimer id:18 expireTime:1721230721
2024-07-17 23:30:21.978284 INFO: Client[18] in!
2024-07-17 23:30:21.978288 INFO: HandleListenEvent 13
2024-07-17 23:30:21.978297 ERROR: Accept failure -1
2024-07-17 23:30:21.978347 INFO: eventNum: 1
2024-07-17 23:30:21.978374 INFO: fd: 17, events: 1

2024-07-17 23:30:21.978397 INFO: HttpConn 17 read success
2024-07-17 23:30:21.978425 INFO: GET / HTTP/1.1
2024-07-17 23:30:21.978432 INFO: Host: 39.98.202.182:9006
2024-07-17 23:30:21.978437 INFO: User-Agent: Go-http-client/1.1
2024-07-17 23:30:21.978441 INFO: oop!unknow header: User-Agent: Go-http-client/1.1
2024-07-17 23:30:21.978446 INFO: X-Vegeta-Seq: 2633
2024-07-17 23:30:21.978450 INFO: oop!unknow header: X-Vegeta-Seq: 2633
2024-07-17 23:30:21.978455 INFO: Accept-Encoding: gzip
2024-07-17 23:30:21.978459 INFO: oop!unknow header: Accept-Encoding: gzip
2024-07-17 23:30:21.978463 INFO: 
2024-07-17 23:30:21.978483 INFO: request:HTTP/1.1 200 OK

2024-07-17 23:30:21.978488 INFO: request:HTTP/1.1 200 OK
Content-Length:542

2024-07-17 23:30:21.978493 INFO: request:HTTP/1.1 200 OK
Content-Length:542
Connection:close

2024-07-17 23:30:21.978522 INFO: request:HTTP/1.1 200 OK
Content-Length:542
Connection:close


2024-07-17 23:30:21.978545 INFO: eventNum: 1
2024-07-17 23:30:21.978558 INFO: fd: 17, events: 4

2024-07-17 23:30:21.978545 INFO: Thread 140246156437056 is running task

2024-07-17 23:30:21.978567 INFO: eventNum: 1
2024-07-17 23:30:21.978587 INFO: fd: 18, events: 1

2024-07-17 23:30:21.978604 INFO: Thread 140246156437056 is running task

2024-07-17 23:30:21.978612 INFO: HttpConn 18 read success
2024-07-17 23:30:21.978620 INFO: GET / HTTP/1.1
2024-07-17 23:30:21.978625 INFO: Host: 39.98.202.182:9006
2024-07-17 23:30:21.978640 INFO: User-Agent: Go-http-client/1.1
2024-07-17 23:30:21.978644 INFO: oop!unknow header: User-Agent: Go-http-client/1.1
2024-07-17 23:30:21.978649 INFO: X-Vegeta-Seq: 2632
2024-07-17 23:30:21.978653 INFO: oop!unknow header: X-Vegeta-Seq: 2632
2024-07-17 23:30:21.978657 INFO: Accept-Encoding: gzip
2024-07-17 23:30:21.978661 INFO: oop!unknow header: Accept-Encoding: gzip
2024-07-17 23:30:21.978665 INFO: 
2024-07-17 23:30:21.978680 INFO: request:HTTP/1.1 200 OK

2024-07-17 23:30:21.978685 INFO: request:HTTP/1.1 200 OK
Content-Length:542

2024-07-17 23:30:21.978689 INFO: request:HTTP/1.1 200 OK
Content-Length:542
Connection:close

2024-07-17 23:30:21.978693 INFO: request:HTTP/1.1 200 OK
Content-Length:542
Connection:close


2024-07-17 23:30:21.978703 INFO: Thread 140246156437056 is running task

2024-07-17 23:30:21.978709 INFO: eventNum: 1
2024-07-17 23:30:21.978719 INFO: fd: 18, events: 4

2024-07-17 23:30:21.978750 INFO: Thread 140246114473536 is running task

2024-07-17 23:30:21.987646 INFO: eventNum: 1
2024-07-17 23:30:21.987689 INFO: fd: 13, events: 1

2024-07-17 23:30:21.987694 INFO: HandleListenEvent 13
2024-07-17 23:30:21.987718 INFO: HttpConn 26 init success
2024-07-17 23:30:21.987726 INFO: addTimer id:26 expireTime:1721230721
2024-07-17 23:30:21.987739 INFO: Client[26] in!
2024-07-17 23:30:21.987744 INFO: HandleListenEvent 13
2024-07-17 23:30:21.987754 ERROR: Accept failure -1
2024-07-17 23:30:21.994740 INFO: eventNum: 1
2024-07-17 23:30:21.994785 INFO: fd: 16, events: 8193

2024-07-17 23:30:21.994822 INFO: HttpConn 16 close success
2024-07-17 23:30:21.994833 INFO: Client[16] quit!
2024-07-17 23:30:21.995269 INFO: eventNum: 1
2024-07-17 23:30:21.995284 INFO: fd: 17, events: 8193

2024-07-17 23:30:21.995301 INFO: HttpConn 17 close success
2024-07-17 23:30:21.995310 INFO: Client[17] quit!
2024-07-17 23:30:21.995446 INFO: eventNum: 1
2024-07-17 23:30:21.995460 INFO: fd: 26, events: 1

2024-07-17 23:30:21.995482 INFO: HttpConn 26 read success
2024-07-17 23:30:21.995524 INFO: GET / HTTP/1.1
2024-07-17 23:30:21.995549 INFO: Host: 39.98.202.182:9006
2024-07-17 23:30:21.995555 INFO: User-Agent: Go-http-client/1.1
2024-07-17 23:30:21.995560 INFO: oop!unknow header: User-Agent: Go-http-client/1.1
2024-07-17 23:30:21.995565 INFO: X-Vegeta-Seq: 2639
2024-07-17 23:30:21.995569 INFO: oop!unknow header: X-Vegeta-Seq: 2639
2024-07-17 23:30:21.995573 INFO: Accept-Encoding: gzip
2024-07-17 23:30:21.995578 INFO: oop!unknow header: Accept-Encoding: gzip
2024-07-17 23:30:21.995582 INFO: 
2024-07-17 23:30:21.995615 INFO: request:HTTP/1.1 200 OK

2024-07-17 23:30:21.995620 INFO: request:HTTP/1.1 200 OK
Content-Length:542

2024-07-17 23:30:21.995624 INFO: request:HTTP/1.1 200 OK
Content-Length:542
Connection:close

2024-07-17 23:30:21.995629 INFO: request:HTTP/1.1 200 OK
Content-Length:542
Connection:close


2024-07-17 23:30:21.995646 INFO: Thread 140246131258944 is running task

2024-07-17 23:30:21.995656 INFO: eventNum: 2
2024-07-17 23:30:21.995661 INFO: fd: 18, events: 8193

2024-07-17 23:30:21.995677 INFO: HttpConn 18 close success
2024-07-17 23:30:21.995686 INFO: Client[18] quit!
2024-07-17 23:30:21.995690 INFO: fd: 26, events: 4

2024-07-17 23:30:21.995727 INFO: Thread 140246106080832 is running task

2024-07-17 23:30:22.004004 INFO: eventNum: 1
2024-07-17 23:30:22.004061 INFO: fd: 13, events: 1

2024-07-17 23:30:22.004068 INFO: HandleListenEvent 13
2024-07-17 23:30:22.004095 INFO: HttpConn 16 init success
2024-07-17 23:30:22.004102 INFO: addTimer id:16 expireTime:1721230722
2024-07-17 23:30:22.004116 INFO: Client[16] in!
2024-07-17 23:30:22.004120 INFO: HandleListenEvent 13
2024-07-17 23:30:22.004131 ERROR: Accept failure -1
2024-07-17 23:30:22.010397 INFO: eventNum: 1
2024-07-17 23:30:22.010468 INFO: fd: 16, events: 1

2024-07-17 23:30:22.010518 INFO: HttpConn 16 read success
2024-07-17 23:30:22.010552 INFO: GET / HTTP/1.1
2024-07-17 23:30:22.010559 INFO: Host: 39.98.202.182:9006
2024-07-17 23:30:22.010565 INFO: User-Agent: Go-http-client/1.1
2024-07-17 23:30:22.010569 INFO: oop!unknow header: User-Agent: Go-http-client/1.1
2024-07-17 23:30:22.010584 INFO: X-Vegeta-Seq: 2643
2024-07-17 23:30:22.010589 INFO: oop!unknow header: X-Vegeta-Seq: 2643
2024-07-17 23:30:22.010593 INFO: Accept-Encoding: gzip
2024-07-17 23:30:22.010597 INFO: oop!unknow header: Accept-Encoding: gzip
2024-07-17 23:30:22.010602 INFO: 
2024-07-17 23:30:22.010627 INFO: request:HTTP/1.1 200 OK

2024-07-17 23:30:22.010632 INFO: request:HTTP/1.1 200 OK
Content-Length:542

2024-07-17 23:30:22.010637 INFO: request:HTTP/1.1 200 OK
Content-Length:542
Connection:close

2024-07-17 23:30:22.010641 INFO: request:HTTP/1.1 200 OK
Content-Length:542
Connection:close


2024-07-17 23:30:22.010663 INFO: Thread 140246097688128 is running task

2024-07-17 23:30:22.010680 INFO: eventNum: 1
2024-07-17 23:30:22.010688 INFO: fd: 16, events: 4

2024-07-17 23:30:22.010743 INFO: Thread 140246139651648 is running task

2024-07-17 23:30:22.024726 INFO: eventNum: 1
2024-07-17 23:30:22.024802 INFO: fd: 26, events: 8193

2024-07-17 23:30:22.024838 INFO: HttpConn 26 close success
2024-07-17 23:30:22.024844 INFO: Client[26] quit!
2024-07-17 23:30:22.026258 INFO: eventNum: 1
2024-07-17 23:30:22.026304 INFO: fd: 13, events: 1

2024-07-17 23:30:22.026312 INFO: HandleListenEvent 13
2024-07-17 23:30:22.026344 INFO: HttpConn 17 init success
2024-07-17 23:30:22.026355 INFO: addTimer id:17 expireTime:1721230722
2024-07-17 23:30:22.026376 INFO: Client[17] in!
2024-07-17 23:30:22.026383 INFO: HandleListenEvent 13
2024-07-17 23:30:22.026396 ERROR: Accept failure -1
2024-07-17 23:30:22.026558 INFO: eventNum: 1
2024-07-17 23:30:22.026591 INFO: fd: 13, events: 1

2024-07-17 23:30:22.026597 INFO: HandleListenEvent 13
2024-07-17 23:30:22.026616 INFO: HttpConn 18 init success
2024-07-17 23:30:22.026622 INFO: addTimer id:18 expireTime:1721230722
2024-07-17 23:30:22.026634 INFO: Client[18] in!
2024-07-17 23:30:22.026638 INFO: HandleListenEvent 13
2024-07-17 23:30:22.026648 INFO: HttpConn 26 init success
2024-07-17 23:30:22.026653 INFO: addTimer id:26 expireTime:1721230722
2024-07-17 23:30:22.026661 INFO: Client[26] in!
2024-07-17 23:30:22.026665 INFO: HandleListenEvent 13
2024-07-17 23:30:22.026674 ERROR: Accept failure -1
2024-07-17 23:30:22.026707 INFO: eventNum: 1
2024-07-17 23:30:22.026714 INFO: fd: 13, events: 1

2024-07-17 23:30:22.026719 INFO: HandleListenEvent 13
2024-07-17 23:30:22.026730 INFO: HttpConn 28 init success
2024-07-17 23:30:22.026735 INFO: addTimer id:28 expireTime:1721230722
2024-07-17 23:30:22.026743 INFO: Client[28] in!
2024-07-17 23:30:22.026748 INFO: HandleListenEvent 13
2024-07-17 23:30:22.026755 ERROR: Accept failure -1
2024-07-17 23:30:22.027057 INFO: eventNum: 1
2024-07-17 23:30:22.027075 INFO: fd: 26, events: 1

2024-07-17 23:30:22.027089 INFO: eventNum: 1
2024-07-17 23:30:22.027094 INFO: fd: 28, events: 1

2024-07-17 23:30:22.027100 INFO: HttpConn 26 read success
2024-07-17 23:30:22.027134 INFO: GET / HTTP/1.1
2024-07-17 23:30:22.027141 INFO: Host: 39.98.202.182:9006
2024-07-17 23:30:22.027147 INFO: User-Agent: Go-http-client/1.1
2024-07-17 23:30:22.027152 INFO: oop!unknow header: User-Agent: Go-http-client/1.1
2024-07-17 23:30:22.027156 INFO: X-Vegeta-Seq: 2655
2024-07-17 23:30:22.027161 INFO: oop!unknow header: X-Vegeta-Seq: 2655
2024-07-17 23:30:22.027165 INFO: Accept-Encoding: gzip
2024-07-17 23:30:22.027170 INFO: oop!unknow header: Accept-Encoding: gzip
2024-07-17 23:30:22.027174 INFO: 
2024-07-17 23:30:22.027200 INFO: request:HTTP/1.1 200 OK

2024-07-17 23:30:22.027205 INFO: request:HTTP/1.1 200 OK
Content-Length:542

2024-07-17 23:30:22.027210 INFO: request:HTTP/1.1 200 OK
Content-Length:542
Connection:close

2024-07-17 23:30:22.027215 INFO: request:HTTP/1.1 200 OK
Content-Length:542
Connection:close


2024-07-17 23:30:22.027234 INFO: Thread 140246156437056 is running task

2024-07-17 23:30:22.027243 INFO: HttpConn 28 read success
2024-07-17 23:30:22.027250 INFO: GET / HTTP/1.1
2024-07-17 23:30:22.027267 INFO: Host: 39.98.202.182:9006
2024-07-17 23:30:22.027272 INFO: User-Agent: Go-http-client/1.1
2024-07-17 23:30:22.027276 INFO: oop!unknow header: User-Agent: Go-http-client/1.1
2024-07-17 23:30:22.027290 INFO: X-Vegeta-Seq: 2661
2024-07-17 23:30:22.027295 INFO: oop!unknow header: X-Vegeta-Seq: 2661
2024-07-17 23:30:22.027299 INFO: Accept-Encoding: gzip
2024-07-17 23:30:22.027303 INFO: oop!unknow header: Accept-Encoding: gzip
2024-07-17 23:30:22.027307 INFO: 
2024-07-17 23:30:22.027337 INFO: request:HTTP/1.1 200 OK

2024-07-17 23:30:22.027345 INFO: request:HTTP/1.1 200 OK
Content-Length:542

2024-07-17 23:30:22.027352 INFO: request:HTTP/1.1 200 OK
Content-Length:542
Connection:close

2024-07-17 23:30:22.027359 INFO: request:HTTP/1.1 200 OK
Content-Length:542
Connection:close


2024-07-17 23:30:22.027371 INFO: Thread 140246156437056 is running task

2024-07-17 23:30:22.027401 INFO: eventNum: 4
2024-07-17 23:30:22.027408 INFO: fd: 26, events: 4

2024-07-17 23:30:22.027451 INFO: Thread 140246122866240 is running task

2024-07-17 23:30:22.027461 INFO: fd: 18, events: 1

2024-07-17 23:30:22.027475 INFO: HttpConn 18 read success
2024-07-17 23:30:22.027485 INFO: GET / HTTP/1.1
2024-07-17 23:30:22.027491 INFO: Host: 39.98.202.182:9006
2024-07-17 23:30:22.027495 INFO: User-Agent: Go-http-client/1.1
2024-07-17 23:30:22.027536 INFO: oop!unknow header: User-Agent: Go-http-client/1.1
2024-07-17 23:30:22.027544 INFO: X-Vegeta-Seq: 2659
2024-07-17 23:30:22.027550 INFO: oop!unknow header: X-Vegeta-Seq: 2659
2024-07-17 23:30:22.027556 INFO: Accept-Encoding: gzip
2024-07-17 23:30:22.027562 INFO: oop!unknow header: Accept-Encoding: gzip
2024-07-17 23:30:22.027567 INFO: 
2024-07-17 23:30:22.027582 INFO: request:HTTP/1.1 200 OK

2024-07-17 23:30:22.027587 INFO: request:HTTP/1.1 200 OK
Content-Length:542

2024-07-17 23:30:22.027591 INFO: request:HTTP/1.1 200 OK
Content-Length:542
Connection:close

2024-07-17 23:30:22.027596 INFO: request:HTTP/1.1 200 OK
Content-Length:542
Connection:close


2024-07-17 23:30:22.027604 INFO: Thread 140246114473536 is running task

2024-07-17 23:30:22.027613 INFO: fd: 17, events: 1

2024-07-17 23:30:22.027625 INFO: fd: 28, events: 4

2024-07-17 23:30:22.027632 INFO: HttpConn 17 read success
2024-07-17 23:30:22.027651 INFO: GET / HTTP/1.1
2024-07-17 23:30:22.027657 INFO: Host: 39.98.202.182:9006
2024-07-17 23:30:22.027662 INFO: User-Agent: Go-http-client/1.1
2024-07-17 23:30:22.027667 INFO: oop!unknow header: User-Agent: Go-http-client/1.1
2024-07-17 23:30:22.027671 INFO: X-Vegeta-Seq: 2656
2024-07-17 23:30:22.027675 INFO: oop!unknow header: X-Vegeta-Seq: 2656
2024-07-17 23:30:22.027680 INFO: Accept-Encoding: gzip
2024-07-17 23:30:22.027684 INFO: oop!unknow header: Accept-Encoding: gzip
2024-07-17 23:30:22.027688 INFO: 
2024-07-17 23:30:22.027709 INFO: request:HTTP/1.1 200 OK

2024-07-17 23:30:22.027714 INFO: request:HTTP/1.1 200 OK
Content-Length:542

2024-07-17 23:30:22.027719 INFO: request:HTTP/1.1 200 OK
Content-Length:542
Connection:close

2024-07-17 23:30:22.027723 INFO: request:HTTP/1.1 200 OK
Content-Length:542
Connection:close


2024-07-17 23:30:22.027735 INFO: Thread 140246131258944 is running task

2024-07-17 23:30:22.027764 INFO: Thread 140246131258944 is running task

2024-07-17 23:30:22.027636 INFO: eventNum: 1
2024-07-17 23:30:22.027789 INFO: fd: 18, events: 4

2024-07-17 23:30:22.027815 INFO: Thread 140246097688128 is running task

2024-07-17 23:30:22.027828 INFO: eventNum: 1
2024-07-17 23:30:22.027832 INFO: fd: 17, events: 4

2024-07-17 23:30:22.027856 INFO: Thread 140246139651648 is running task

2024-07-17 23:30:22.027968 INFO: eventNum: 1
2024-07-17 23:30:22.027981 INFO: fd: 16, events: 8193

2024-07-17 23:30:22.027998 INFO: HttpConn 16 close success
2024-07-17 23:30:22.028006 INFO: Client[16] quit!
2024-07-17 23:30:22.028758 INFO: eventNum: 1
2024-07-17 23:30:22.028777 INFO: fd: 13, events: 1

2024-07-17 23:30:22.028782 INFO: HandleListenEvent 13
2024-07-17 23:30:22.028794 INFO: HttpConn 16 init success
2024-07-17 23:30:22.028800 INFO: addTimer id:16 expireTime:1721230722
2024-07-17 23:30:22.028814 INFO: Client[16] in!
2024-07-17 23:30:22.028821 INFO: HandleListenEvent 13
2024-07-17 23:30:22.028904 ERROR: Accept failure -1
2024-07-17 23:30:22.028918 INFO: eventNum: 1
2024-07-17 23:30:22.028924 INFO: fd: 16, events: 1

2024-07-17 23:30:22.028948 INFO: HttpConn 16 read success
2024-07-17 23:30:22.028979 INFO: GET / HTTP/1.1
2024-07-17 23:30:22.028990 INFO: Host: 39.98.202.182:9006
2024-07-17 23:30:22.028998 INFO: User-Agent: Go-http-client/1.1
2024-07-17 23:30:22.029003 INFO: oop!unknow header: User-Agent: Go-http-client/1.1
2024-07-17 23:30:22.029007 INFO: X-Vegeta-Seq: 2660
2024-07-17 23:30:22.029012 INFO: oop!unknow header: X-Vegeta-Seq: 2660
2024-07-17 23:30:22.029016 INFO: Accept-Encoding: gzip
2024-07-17 23:30:22.029020 INFO: oop!unknow header: Accept-Encoding: gzip
2024-07-17 23:30:22.029024 INFO: 
2024-07-17 23:30:22.029046 INFO: request:HTTP/1.1 200 OK

2024-07-17 23:30:22.029051 INFO: request:HTTP/1.1 200 OK
Content-Length:542

2024-07-17 23:30:22.029055 INFO: request:HTTP/1.1 200 OK
Content-Length:542
Connection:close

2024-07-17 23:30:22.029060 INFO: request:HTTP/1.1 200 OK
Content-Length:542
Connection:close


2024-07-17 23:30:22.029078 INFO: Thread 140246156437056 is running task

2024-07-17 23:30:22.029080 INFO: eventNum: 1
2024-07-17 23:30:22.029088 INFO: fd: 16, events: 4

2024-07-17 23:30:22.029129 INFO: Thread 140246148044352 is running task

2024-07-17 23:30:22.030381 INFO: eventNum: 1
2024-07-17 23:30:22.030406 INFO: fd: 13, events: 1

2024-07-17 23:30:22.030411 INFO: HandleListenEvent 13
2024-07-17 23:30:22.030427 INFO: HttpConn 29 init success
2024-07-17 23:30:22.030434 INFO: addTimer id:29 expireTime:1721230722
2024-07-17 23:30:22.030444 INFO: Client[29] in!
2024-07-17 23:30:22.030449 INFO: HandleListenEvent 13
2024-07-17 23:30:22.030457 ERROR: Accept failure -1
2024-07-17 23:30:22.030604 INFO: eventNum: 1
2024-07-17 23:30:22.030615 INFO: fd: 13, events: 1

2024-07-17 23:30:22.030620 INFO: HandleListenEvent 13
2024-07-17 23:30:22.030632 INFO: HttpConn 30 init success
2024-07-17 23:30:22.030637 INFO: addTimer id:30 expireTime:1721230722
2024-07-17 23:30:22.030646 INFO: Client[30] in!
2024-07-17 23:30:22.030651 INFO: HandleListenEvent 13
2024-07-17 23:30:22.030659 ERROR: Accept failure -1
2024-07-17 23:30:22.031264 INFO: eventNum: 1
2024-07-17 23:30:22.031279 INFO: fd: 13, events: 1

2024-07-17 23:30:22.031284 INFO: HandleListenEvent 13
2024-07-17 23:30:22.031294 INFO: HttpConn 31 init success
2024-07-17 23:30:22.031300 INFO: addTimer id:31 expireTime:1721230722
2024-07-17 23:30:22.031308 INFO: Client[31] in!
2024-07-17 23:30:22.031313 INFO: HandleListenEvent 13
2024-07-17 23:30:22.031320 ERROR: Accept failure -1
2024-07-17 23:30:22.031879 INFO: eventNum: 1
2024-07-17 23:30:22.031896 INFO: fd: 29, events: 1

2024-07-17 23:30:22.031907 INFO: eventNum: 1
2024-07-17 23:30:22.031912 INFO: fd: 13, events: 1

2024-07-17 23:30:22.031919 INFO: HandleListenEvent 13
2024-07-17 23:30:22.031920 INFO: HttpConn 29 read success
2024-07-17 23:30:22.031937 INFO: HttpConn 32 init success
2024-07-17 23:30:22.031963 INFO: GET / HTTP/1.1
2024-07-17 23:30:22.031986 INFO: Host: 39.98.202.182:9006
2024-07-17 23:30:22.032011 INFO: User-Agent: Go-http-client/1.1
2024-07-17 23:30:22.032025 INFO: oop!unknow header: User-Agent: Go-http-client/1.1
2024-07-17 23:30:22.032037 INFO: X-Vegeta-Seq: 2662
2024-07-17 23:30:22.032064 INFO: oop!unknow header: X-Vegeta-Seq: 2662
2024-07-17 23:30:22.032077 INFO: Accept-Encoding: gzip
2024-07-17 23:30:22.031973 INFO: addTimer id:32 expireTime:1721230722
2024-07-17 23:30:22.032082 INFO: oop!unknow header: Accept-Encoding: gzip
2024-07-17 23:30:22.032097 INFO: Client[32] in!
2024-07-17 23:30:22.032098 INFO: 
2024-07-17 23:30:22.032107 INFO: HandleListenEvent 13
2024-07-17 23:30:22.032133 ERROR: Accept failure -1
2024-07-17 23:30:22.032135 INFO: request:HTTP/1.1 200 OK

2024-07-17 23:30:22.032140 INFO: eventNum: 3
2024-07-17 23:30:22.032151 INFO: request:HTTP/1.1 200 OK
Content-Length:542

2024-07-17 23:30:22.032152 INFO: fd: 31, events: 1

2024-07-17 23:30:22.032168 INFO: request:HTTP/1.1 200 OK
Content-Length:542
Connection:close

2024-07-17 23:30:22.032183 INFO: fd: 30, events: 1

2024-07-17 23:30:22.032200 INFO: HttpConn 31 read success
2024-07-17 23:30:22.032212 INFO: HttpConn 30 read success
2024-07-17 23:30:22.032189 INFO: request:HTTP/1.1 200 OK
Content-Length:542
Connection:close


2024-07-17 23:30:22.032228 INFO: GET / HTTP/1.1
2024-07-17 23:30:22.032235 INFO: Host: 39.98.202.182:9006
2024-07-17 23:30:22.032214 INFO: GET / HTTP/1.1
2024-07-17 23:30:22.032253 INFO: Host: 39.98.202.182:9006
2024-07-17 23:30:22.032258 INFO: User-Agent: Go-http-client/1.1
2024-07-17 23:30:22.032263 INFO: oop!unknow header: User-Agent: Go-http-client/1.1
2024-07-17 23:30:22.032267 INFO: X-Vegeta-Seq: 2664
2024-07-17 23:30:22.032272 INFO: oop!unknow header: X-Vegeta-Seq: 2664
2024-07-17 23:30:22.032276 INFO: Accept-Encoding: gzip
2024-07-17 23:30:22.032280 INFO: oop!unknow header: Accept-Encoding: gzip
2024-07-17 23:30:22.032284 INFO: 
2024-07-17 23:30:22.032303 INFO: request:HTTP/1.1 200 OK

2024-07-17 23:30:22.032307 INFO: request:HTTP/1.1 200 OK
Content-Length:542

2024-07-17 23:30:22.032312 INFO: request:HTTP/1.1 200 OK
Content-Length:542
Connection:close

2024-07-17 23:30:22.032316 INFO: request:HTTP/1.1 200 OK
Content-Length:542
Connection:close


2024-07-17 23:30:22.032327 INFO: Thread 140246114473536 is running task

2024-07-17 23:30:22.032240 INFO: User-Agent: Go-http-client/1.1
2024-07-17 23:30:22.032341 INFO: oop!unknow header: User-Agent: Go-http-client/1.1
2024-07-17 23:30:22.032346 INFO: X-Vegeta-Seq: 2663
2024-07-17 23:30:22.032350 INFO: oop!unknow header: X-Vegeta-Seq: 2663
2024-07-17 23:30:22.032355 INFO: Accept-Encoding: gzip
2024-07-17 23:30:22.032359 INFO: oop!unknow header: Accept-Encoding: gzip
2024-07-17 23:30:22.032363 INFO: 
2024-07-17 23:30:22.032375 INFO: request:HTTP/1.1 200 OK

2024-07-17 23:30:22.032380 INFO: request:HTTP/1.1 200 OK
Content-Length:542

2024-07-17 23:30:22.032384 INFO: request:HTTP/1.1 200 OK
Content-Length:542
Connection:close

2024-07-17 23:30:22.032389 INFO: request:HTTP/1.1 200 OK
Content-Length:542
Connection:close


2024-07-17 23:30:22.032395 INFO: Thread 140246131258944 is running task

2024-07-17 23:30:22.032238 INFO: Thread 140246122866240 is running task

2024-07-17 23:30:22.032410 INFO: fd: 32, events: 1

2024-07-17 23:30:22.032421 INFO: HttpConn 32 read success
2024-07-17 23:30:22.032430 INFO: GET / HTTP/1.1
2024-07-17 23:30:22.032435 INFO: Host: 39.98.202.182:9006
2024-07-17 23:30:22.032439 INFO: User-Agent: Go-http-client/1.1
2024-07-17 23:30:22.032443 INFO: oop!unknow header: User-Agent: Go-http-client/1.1
2024-07-17 23:30:22.032448 INFO: X-Vegeta-Seq: 2665
2024-07-17 23:30:22.032452 INFO: oop!unknow header: X-Vegeta-Seq: 2665
2024-07-17 23:30:22.032459 INFO: Accept-Encoding: gzip
2024-07-17 23:30:22.032464 INFO: oop!unknow header: Accept-Encoding: gzip
2024-07-17 23:30:22.032469 INFO: 
2024-07-17 23:30:22.032483 INFO: request:HTTP/1.1 200 OK

2024-07-17 23:30:22.032488 INFO: request:HTTP/1.1 200 OK
Content-Length:542

2024-07-17 23:30:22.032492 INFO: request:HTTP/1.1 200 OK
Content-Length:542
Connection:close

