2024-07-17 23:31:29.818311 INFO: oop!unknow header: User-Agent: Go-http-client/1.1
2024-07-17 23:31:29.818340 INFO: Accept-Encoding: gzip
2024-07-17 23:31:29.818351 INFO: request:HTTP/1.1 200 OK
Content-Length:542

2024-07-17 23:31:29.818513 INFO: request:HTTP/1.1 200 OK
Content-Length:542
Connection:close

2024-07-17 23:31:29.818519 INFO: request:HTTP/1.1 200 OK
Content-Length:542
Connection:close


2024-07-17 23:31:29.818534 INFO: Thread 140246139651648 is running task

2024-07-17 23:31:29.818484 INFO: oop!unknow header: Accept-Encoding: gzip
2024-07-17 23:31:29.818549 INFO: 
2024-07-17 23:31:29.818564 INFO: request:HTTP/1.1 200 OK

2024-07-17 23:31:29.818569 INFO: request:HTTP/1.1 200 OK
Content-Length:542

2024-07-17 23:31:29.818573 INFO: request:HTTP/1.1 200 OK
Content-Length:542
Connection:close

2024-07-17 23:31:29.818578 INFO: request:HTTP/1.1 200 OK
Content-Length:542
Connection:close


2024-07-17 23:31:29.818588 INFO: Thread 140246148044352 is running task

2024-07-17 23:31:29.818304 INFO: Accept-Encoding: gzip
2024-07-17 23:31:29.818391 INFO: Thread 140246122866240 is running task

2024-07-17 23:31:29.818471 INFO: X-Vegeta-Seq: 961
2024-07-17 23:31:29.818603 INFO: oop!unknow header: Accept-Encoding: gzip
2024-07-17 23:31:29.818638 INFO: 
2024-07-17 23:31:29.818407 INFO: fd: 248, events: 4

2024-07-17 23:31:29.818624 INFO: oop!unknow header: X-Vegeta-Seq: 961
2024-07-17 23:31:29.818658 INFO: request:HTTP/1.1 200 OK

2024-07-17 23:31:29.818660 INFO: Accept-Encoding: gzip
2024-07-17 23:31:29.818665 INFO: request:HTTP/1.1 200 OK
Content-Length:542

2024-07-17 23:31:29.818686 INFO: request:HTTP/1.1 200 OK
Content-Length:542
Connection:close

2024-07-17 23:31:29.818695 INFO: request:HTTP/1.1 200 OK
Content-Length:542
Connection:close


2024-07-17 23:31:29.818704 INFO: Thread 140246156437056 is running task

2024-07-17 23:31:29.818724 INFO: Thread 140246106080832 is running task

2024-07-17 23:31:29.818675 INFO: oop!unknow header: Accept-Encoding: gzip
2024-07-17 23:31:29.818740 INFO: 
2024-07-17 23:31:29.818755 INFO: request:HTTP/1.1 200 OK

2024-07-17 23:31:29.818760 INFO: request:HTTP/1.1 200 OK
Content-Length:542

2024-07-17 23:31:29.818764 INFO: request:HTTP/1.1 200 OK
Content-Length:542
Connection:close

2024-07-17 23:31:29.818769 INFO: request:HTTP/1.1 200 OK
Content-Length:542
Connection:close


2024-07-17 23:31:29.818776 INFO: Thread 140246131258944 is running task

2024-07-17 23:31:29.818783 INFO: fd: 241, events: 1

2024-07-17 23:31:29.818795 INFO: HttpConn 241 read success
2024-07-17 23:31:29.818803 INFO: GET / HTTP/1.1
2024-07-17 23:31:29.818808 INFO: Host: 39.98.202.182:9006
2024-07-17 23:31:29.818813 INFO: User-Agent: Go-http-client/1.1
2024-07-17 23:31:29.818817 INFO: oop!unknow header: User-Agent: Go-http-client/1.1
2024-07-17 23:31:29.818821 INFO: X-Vegeta-Seq: 880
2024-07-17 23:31:29.818826 INFO: oop!unknow header: X-Vegeta-Seq: 880
2024-07-17 23:31:29.818830 INFO: Accept-Encoding: gzip
2024-07-17 23:31:29.818834 INFO: oop!unknow header: Accept-Encoding: gzip
2024-07-17 23:31:29.818838 INFO: 
2024-07-17 23:31:29.818850 INFO: request:HTTP/1.1 200 OK

2024-07-17 23:31:29.818855 INFO: request:HTTP/1.1 200 OK
Content-Length:542

2024-07-17 23:31:29.818859 INFO: request:HTTP/1.1 200 OK
Content-Length:542
Connection:close

2024-07-17 23:31:29.818864 INFO: request:HTTP/1.1 200 OK
Content-Length:542
Connection:close


2024-07-17 23:31:29.818870 INFO: Thread 140246097688128 is running task

2024-07-17 23:31:29.818913 INFO: fd: 255, events: 1

2024-07-17 23:31:29.818941 INFO: HttpConn 255 read success
2024-07-17 23:31:29.818953 INFO: GET / HTTP/1.1
2024-07-17 23:31:29.818961 INFO: Host: 39.98.202.182:9006
2024-07-17 23:31:29.818966 INFO: User-Agent: Go-http-client/1.1
2024-07-17 23:31:29.818970 INFO: oop!unknow header: User-Agent: Go-http-client/1.1
2024-07-17 23:31:29.818975 INFO: X-Vegeta-Seq: 946
2024-07-17 23:31:29.818979 INFO: oop!unknow header: X-Vegeta-Seq: 946
2024-07-17 23:31:29.818983 INFO: Accept-Encoding: gzip
2024-07-17 23:31:29.818987 INFO: oop!unknow header: Accept-Encoding: gzip
2024-07-17 23:31:29.818998 INFO: 
2024-07-17 23:31:29.819011 INFO: request:HTTP/1.1 200 OK

2024-07-17 23:31:29.819016 INFO: request:HTTP/1.1 200 OK
Content-Length:542

2024-07-17 23:31:29.819021 INFO: request:HTTP/1.1 200 OK
Content-Length:542
Connection:close

2024-07-17 23:31:29.819025 INFO: request:HTTP/1.1 200 OK
Content-Length:542
Connection:close


2024-07-17 23:31:29.819039 INFO: Thread 140246114473536 is running task

2024-07-17 23:31:29.819049 INFO: fd: 247, events: 1

2024-07-17 23:31:29.819065 INFO: fd: 249, events: 4

2024-07-17 23:31:29.819087 INFO: HttpConn 247 read success
2024-07-17 23:31:29.819106 INFO: GET / HTTP/1.1
2024-07-17 23:31:29.819112 INFO: Host: 39.98.202.182:9006
2024-07-17 23:31:29.819121 INFO: User-Agent: Go-http-client/1.1
2024-07-17 23:31:29.819128 INFO: Thread 140246148044352 is running task

2024-07-17 23:31:29.819129 INFO: oop!unknow header: User-Agent: Go-http-client/1.1
2024-07-17 23:31:29.819143 INFO: fd: 243, events: 4

2024-07-17 23:31:29.819151 INFO: X-Vegeta-Seq: 951
2024-07-17 23:31:29.819176 INFO: oop!unknow header: X-Vegeta-Seq: 951
2024-07-17 23:31:29.819190 INFO: Accept-Encoding: gzip
2024-07-17 23:31:29.819203 INFO: oop!unknow header: Accept-Encoding: gzip
2024-07-17 23:31:29.819216 INFO: 
2024-07-17 23:31:29.819164 INFO: fd: 253, events: 1

2024-07-17 23:31:29.819242 INFO: request:HTTP/1.1 200 OK

2024-07-17 23:31:29.819243 INFO: fd: 250, events: 4

2024-07-17 23:31:29.819265 INFO: HttpConn 253 read success
2024-07-17 23:31:29.819283 INFO: GET / HTTP/1.1
2024-07-17 23:31:29.819293 INFO: fd: 239, events: 1

2024-07-17 23:31:29.819313 INFO: HttpConn 239 read success
2024-07-17 23:31:29.819322 INFO: Thread 140246156437056 is running task

2024-07-17 23:31:29.819291 INFO: Host: 39.98.202.182:9006
2024-07-17 23:31:29.819289 INFO: Thread 140246122866240 is running task

2024-07-17 23:31:29.819340 INFO: eventNum: 12
2024-07-17 23:31:29.819325 INFO: GET / HTTP/1.1
2024-07-17 23:31:29.819412 INFO: Host: 39.98.202.182:9006
2024-07-17 23:31:29.819251 INFO: request:HTTP/1.1 200 OK
Content-Length:542

2024-07-17 23:31:29.819358 INFO: User-Agent: Go-http-client/1.1
2024-07-17 23:31:29.819473 INFO: oop!unknow header: User-Agent: Go-http-client/1.1
2024-07-17 23:31:29.819478 INFO: X-Vegeta-Seq: 954
2024-07-17 23:31:29.819482 INFO: oop!unknow header: X-Vegeta-Seq: 954
2024-07-17 23:31:29.819487 INFO: Accept-Encoding: gzip
2024-07-17 23:31:29.819491 INFO: oop!unknow header: Accept-Encoding: gzip
2024-07-17 23:31:29.819495 INFO: 
2024-07-17 23:31:29.819511 INFO: request:HTTP/1.1 200 OK

2024-07-17 23:31:29.819516 INFO: request:HTTP/1.1 200 OK
Content-Length:542

2024-07-17 23:31:29.819520 INFO: request:HTTP/1.1 200 OK
Content-Length:542
Connection:close

2024-07-17 23:31:29.819524 INFO: request:HTTP/1.1 200 OK
Content-Length:542
Connection:close


2024-07-17 23:31:29.819534 INFO: Thread 140246106080832 is running task

2024-07-17 23:31:29.819449 INFO: User-Agent: Go-http-client/1.1
2024-07-17 23:31:29.819551 INFO: oop!unknow header: User-Agent: Go-http-client/1.1
2024-07-17 23:31:29.819462 INFO: request:HTTP/1.1 200 OK
Content-Length:542
Connection:close

2024-07-17 23:31:29.819574 INFO: request:HTTP/1.1 200 OK
Content-Length:542
Connection:close


2024-07-17 23:31:29.819559 INFO: X-Vegeta-Seq: 877
2024-07-17 23:31:29.819585 INFO: Thread 140246139651648 is running task

2024-07-17 23:31:29.819591 INFO: oop!unknow header: X-Vegeta-Seq: 877
2024-07-17 23:31:29.819616 INFO: Accept-Encoding: gzip
2024-07-17 23:31:29.819621 INFO: oop!unknow header: Accept-Encoding: gzip
2024-07-17 23:31:29.819626 INFO: 
2024-07-17 23:31:29.819638 INFO: request:HTTP/1.1 200 OK

2024-07-17 23:31:29.819643 INFO: request:HTTP/1.1 200 OK
Content-Length:542

2024-07-17 23:31:29.819647 INFO: request:HTTP/1.1 200 OK
Content-Length:542
Connection:close

2024-07-17 23:31:29.819651 INFO: request:HTTP/1.1 200 OK
Content-Length:542
Connection:close


2024-07-17 23:31:29.819659 INFO: Thread 140246131258944 is running task

2024-07-17 23:31:29.819455 INFO: fd: 244, events: 1

2024-07-17 23:31:29.819683 INFO: HttpConn 244 read success
2024-07-17 23:31:29.819692 INFO: GET / HTTP/1.1
2024-07-17 23:31:29.819698 INFO: Host: 39.98.202.182:9006
2024-07-17 23:31:29.819702 INFO: User-Agent: Go-http-client/1.1
2024-07-17 23:31:29.819706 INFO: oop!unknow header: User-Agent: Go-http-client/1.1
2024-07-17 23:31:29.819711 INFO: X-Vegeta-Seq: 878
2024-07-17 23:31:29.819715 INFO: oop!unknow header: X-Vegeta-Seq: 878
2024-07-17 23:31:29.819719 INFO: Accept-Encoding: gzip
2024-07-17 23:31:29.819724 INFO: oop!unknow header: Accept-Encoding: gzip
2024-07-17 23:31:29.819728 INFO: 
2024-07-17 23:31:29.819740 INFO: request:HTTP/1.1 200 OK

2024-07-17 23:31:29.819744 INFO: request:HTTP/1.1 200 OK
Content-Length:542

2024-07-17 23:31:29.819749 INFO: request:HTTP/1.1 200 OK
Content-Length:542
Connection:close

2024-07-17 23:31:29.819753 INFO: request:HTTP/1.1 200 OK
Content-Length:542
Connection:close


2024-07-17 23:31:29.819760 INFO: Thread 140246097688128 is running task

2024-07-17 23:31:29.819767 INFO: fd: 237, events: 1

2024-07-17 23:31:29.819777 INFO: HttpConn 237 read success
2024-07-17 23:31:29.819785 INFO: GET / HTTP/1.1
2024-07-17 23:31:29.819790 INFO: Host: 39.98.202.182:9006
2024-07-17 23:31:29.819794 INFO: User-Agent: Go-http-client/1.1
2024-07-17 23:31:29.819798 INFO: oop!unknow header: User-Agent: Go-http-client/1.1
2024-07-17 23:31:29.819802 INFO: X-Vegeta-Seq: 875
2024-07-17 23:31:29.819807 INFO: oop!unknow header: X-Vegeta-Seq: 875
2024-07-17 23:31:29.819811 INFO: Accept-Encoding: gzip
2024-07-17 23:31:29.819815 INFO: oop!unknow header: Accept-Encoding: gzip
2024-07-17 23:31:29.819819 INFO: 
2024-07-17 23:31:29.819830 INFO: request:HTTP/1.1 200 OK

2024-07-17 23:31:29.819835 INFO: request:HTTP/1.1 200 OK
Content-Length:542

2024-07-17 23:31:29.819839 INFO: request:HTTP/1.1 200 OK
Content-Length:542
Connection:close

2024-07-17 23:31:29.819844 INFO: request:HTTP/1.1 200 OK
Content-Length:542
Connection:close


2024-07-17 23:31:29.819852 INFO: Thread 140246114473536 is running task

2024-07-17 23:31:29.819867 INFO: fd: 254, events: 1

2024-07-17 23:31:29.819881 INFO: HttpConn 254 read success
2024-07-17 23:31:29.819891 INFO: GET / HTTP/1.1
2024-07-17 23:31:29.819898 INFO: Host: 39.98.202.182:9006
2024-07-17 23:31:29.819903 INFO: User-Agent: Go-http-client/1.1
2024-07-17 23:31:29.819908 INFO: oop!unknow header: User-Agent: Go-http-client/1.1
2024-07-17 23:31:29.819912 INFO: X-Vegeta-Seq: 952
2024-07-17 23:31:29.819916 INFO: oop!unknow header: X-Vegeta-Seq: 952
2024-07-17 23:31:29.819920 INFO: Accept-Encoding: gzip
2024-07-17 23:31:29.819925 INFO: oop!unknow header: Accept-Encoding: gzip
2024-07-17 23:31:29.819929 INFO: 
2024-07-17 23:31:29.819941 INFO: request:HTTP/1.1 200 OK

2024-07-17 23:31:29.819946 INFO: request:HTTP/1.1 200 OK
Content-Length:542

2024-07-17 23:31:29.819950 INFO: request:HTTP/1.1 200 OK
Content-Length:542
Connection:close

2024-07-17 23:31:29.819954 INFO: request:HTTP/1.1 200 OK
Content-Length:542
Connection:close


2024-07-17 23:31:29.819961 INFO: Thread 140246148044352 is running task

2024-07-17 23:31:29.819971 INFO: fd: 257, events: 1

2024-07-17 23:31:29.819983 INFO: fd: 256, events: 4

2024-07-17 23:31:29.819986 INFO: HttpConn 257 read success
2024-07-17 23:31:29.819999 INFO: fd: 238, events: 4

2024-07-17 23:31:29.820005 INFO: GET / HTTP/1.1
2024-07-17 23:31:29.820012 INFO: Host: 39.98.202.182:9006
2024-07-17 23:31:29.820017 INFO: User-Agent: Go-http-client/1.1
2024-07-17 23:31:29.820021 INFO: oop!unknow header: User-Agent: Go-http-client/1.1
2024-07-17 23:31:29.820026 INFO: X-Vegeta-Seq: 953
2024-07-17 23:31:29.820030 INFO: oop!unknow header: X-Vegeta-Seq: 953
2024-07-17 23:31:29.820036 INFO: Accept-Encoding: gzip
2024-07-17 23:31:29.820040 INFO: oop!unknow header: Accept-Encoding: gzip
2024-07-17 23:31:29.820043 INFO: Thread 140246106080832 is running task

2024-07-17 23:31:29.820057 INFO: fd: 252, events: 1

2024-07-17 23:31:29.820070 INFO: fd: 246, events: 4

2024-07-17 23:31:29.820072 INFO: Thread 140246122866240 is running task

2024-07-17 23:31:29.820082 INFO: HttpConn 252 read success
2024-07-17 23:31:29.820105 INFO: GET / HTTP/1.1
2024-07-17 23:31:29.820086 INFO: fd: 263, events: 4

2024-07-17 23:31:29.820044 INFO: 
2024-07-17 23:31:29.820154 INFO: request:HTTP/1.1 200 OK

2024-07-17 23:31:29.820155 INFO: Thread 140246097688128 is running task

2024-07-17 23:31:29.820113 INFO: Thread 140246122866240 is running task

2024-07-17 23:31:29.820169 INFO: fd: 241, events: 4

2024-07-17 23:31:29.820115 INFO: Host: 39.98.202.182:9006
2024-07-17 23:31:29.820158 INFO: request:HTTP/1.1 200 OK
Content-Length:542

2024-07-17 23:31:29.820201 INFO: request:HTTP/1.1 200 OK
Content-Length:542
Connection:close

2024-07-17 23:31:29.820206 INFO: request:HTTP/1.1 200 OK
Content-Length:542
Connection:close


2024-07-17 23:31:29.820192 INFO: User-Agent: Go-http-client/1.1
2024-07-17 23:31:29.820216 INFO: Thread 140246156437056 is running task

2024-07-17 23:31:29.820217 INFO: Thread 140246114473536 is running task

2024-07-17 23:31:29.820229 INFO: oop!unknow header: User-Agent: Go-http-client/1.1
2024-07-17 23:31:29.820247 INFO: X-Vegeta-Seq: 945
2024-07-17 23:31:29.820251 INFO: oop!unknow header: X-Vegeta-Seq: 945
2024-07-17 23:31:29.820255 INFO: Accept-Encoding: gzip
2024-07-17 23:31:29.820260 INFO: oop!unknow header: Accept-Encoding: gzip
2024-07-17 23:31:29.820264 INFO: 
2024-07-17 23:31:29.820280 INFO: request:HTTP/1.1 200 OK

2024-07-17 23:31:29.820288 INFO: request:HTTP/1.1 200 OK
Content-Length:542

2024-07-17 23:31:29.820295 INFO: request:HTTP/1.1 200 OK
Content-Length:542
Connection:close

2024-07-17 23:31:29.820301 INFO: request:HTTP/1.1 200 OK
Content-Length:542
Connection:close


2024-07-17 23:31:29.820310 INFO: Thread 140246131258944 is running task

2024-07-17 23:31:29.820319 INFO: fd: 255, events: 4

2024-07-17 23:31:29.820354 INFO: Thread 140246148044352 is running task

2024-07-17 23:31:29.820367 INFO: fd: 240, events: 1

2024-07-17 23:31:29.820378 INFO: HttpConn 240 read success
2024-07-17 23:31:29.820387 INFO: GET / HTTP/1.1
2024-07-17 23:31:29.820392 INFO: Host: 39.98.202.182:9006
2024-07-17 23:31:29.820397 INFO: User-Agent: Go-http-client/1.1
2024-07-17 23:31:29.820401 INFO: oop!unknow header: User-Agent: Go-http-client/1.1
2024-07-17 23:31:29.820405 INFO: X-Vegeta-Seq: 870
2024-07-17 23:31:29.820410 INFO: oop!unknow header: X-Vegeta-Seq: 870
2024-07-17 23:31:29.820414 INFO: Accept-Encoding: gzip
2024-07-17 23:31:29.820420 INFO: oop!unknow header: Accept-Encoding: gzip
2024-07-17 23:31:29.820449 INFO: 
2024-07-17 23:31:29.820470 INFO: request:HTTP/1.1 200 OK

2024-07-17 23:31:29.820477 INFO: request:HTTP/1.1 200 OK
Content-Length:542

2024-07-17 23:31:29.820481 INFO: request:HTTP/1.1 200 OK
Content-Length:542
Connection:close

2024-07-17 23:31:29.820485 INFO: request:HTTP/1.1 200 OK
Content-Length:542
Connection:close


2024-07-17 23:31:29.820493 INFO: Thread 140246106080832 is running task

2024-07-17 23:31:29.820505 INFO: eventNum: 9
2024-07-17 23:31:29.820510 INFO: fd: 253, events: 4

2024-07-17 23:31:29.820521 INFO: fd: 247, events: 4

2024-07-17 23:31:29.820545 INFO: Thread 140246139651648 is running task

2024-07-17 23:31:29.820556 INFO: Thread 140246097688128 is running task

2024-07-17 23:31:29.820567 INFO: fd: 239, events: 4

2024-07-17 23:31:29.820576 INFO: fd: 244, events: 4

2024-07-17 23:31:29.820584 INFO: fd: 237, events: 4

2024-07-17 23:31:29.820595 INFO: Thread 140246122866240 is running task

2024-07-17 23:31:29.820616 INFO: Thread 140246114473536 is running task

2024-07-17 23:31:29.820619 INFO: Thread 140246122866240 is running task

2024-07-17 23:31:29.820631 INFO: fd: 254, events: 4

2024-07-17 23:31:29.820656 INFO: Thread 140246131258944 is running task

2024-07-17 23:31:29.820667 INFO: fd: 257, events: 4

2024-07-17 23:31:29.820691 INFO: Thread 140246148044352 is running task

2024-07-17 23:31:29.820705 INFO: fd: 252, events: 4

2024-07-17 23:31:29.820736 INFO: Thread 140246106080832 is running task

2024-07-17 23:31:29.820748 INFO: fd: 240, events: 4

2024-07-17 23:31:29.820784 INFO: Thread 140246139651648 is running task

2024-07-17 23:31:29.835358 INFO: eventNum: 1
2024-07-17 23:31:29.835411 INFO: fd: 13, events: 1

2024-07-17 23:31:29.835417 INFO: HandleListenEvent 13
2024-07-17 23:31:29.835466 INFO: HttpConn 264 init success
2024-07-17 23:31:29.835474 INFO: addTimer id:264 expireTime:1721230789
2024-07-17 23:31:29.835489 INFO: Client[264] in!
2024-07-17 23:31:29.835494 INFO: HandleListenEvent 13
2024-07-17 23:31:29.835505 ERROR: Accept failure -1
2024-07-17 23:31:29.835805 INFO: eventNum: 1
2024-07-17 23:31:29.835816 INFO: fd: 13, events: 1

2024-07-17 23:31:29.835825 INFO: HandleListenEvent 13
2024-07-17 23:31:29.835836 INFO: HttpConn 265 init success
2024-07-17 23:31:29.835841 INFO: addTimer id:265 expireTime:1721230789
2024-07-17 23:31:29.835853 INFO: Client[265] in!
2024-07-17 23:31:29.835858 INFO: HandleListenEvent 13
2024-07-17 23:31:29.835869 ERROR: Accept failure -1
2024-07-17 23:31:29.836042 INFO: eventNum: 1
2024-07-17 23:31:29.836053 INFO: fd: 13, events: 1

2024-07-17 23:31:29.836075 INFO: HandleListenEvent 13
2024-07-17 23:31:29.836088 INFO: HttpConn 266 init success
2024-07-17 23:31:29.836094 INFO: addTimer id:266 expireTime:1721230789
2024-07-17 23:31:29.836104 INFO: Client[266] in!
2024-07-17 23:31:29.836108 INFO: HandleListenEvent 13
2024-07-17 23:31:29.836115 ERROR: Accept failure -1
2024-07-17 23:31:29.836421 INFO: eventNum: 1
2024-07-17 23:31:29.836448 INFO: fd: 13, events: 1

2024-07-17 23:31:29.836453 INFO: HandleListenEvent 13
2024-07-17 23:31:29.836464 INFO: HttpConn 267 init success
2024-07-17 23:31:29.836469 INFO: addTimer id:267 expireTime:1721230789
2024-07-17 23:31:29.836478 INFO: Client[267] in!
2024-07-17 23:31:29.836483 INFO: HandleListenEvent 13
2024-07-17 23:31:29.836491 ERROR: Accept failure -1
2024-07-17 23:31:29.836771 INFO: eventNum: 1
2024-07-17 23:31:29.836782 INFO: fd: 13, events: 1

2024-07-17 23:31:29.836787 INFO: HandleListenEvent 13
2024-07-17 23:31:29.836798 INFO: HttpConn 268 init success
2024-07-17 23:31:29.836803 INFO: addTimer id:268 expireTime:1721230789
2024-07-17 23:31:29.836811 INFO: Client[268] in!
2024-07-17 23:31:29.836816 INFO: HandleListenEvent 13
2024-07-17 23:31:29.836824 ERROR: Accept failure -1
2024-07-17 23:31:29.837262 INFO: eventNum: 1
2024-07-17 23:31:29.837271 INFO: fd: 13, events: 1

2024-07-17 23:31:29.837276 INFO: HandleListenEvent 13
2024-07-17 23:31:29.837286 INFO: HttpConn 269 init success
2024-07-17 23:31:29.837291 INFO: addTimer id:269 expireTime:1721230789
2024-07-17 23:31:29.837300 INFO: Client[269] in!
2024-07-17 23:31:29.837304 INFO: HandleListenEvent 13
2024-07-17 23:31:29.837312 ERROR: Accept failure -1
2024-07-17 23:31:29.837543 INFO: eventNum: 1
2024-07-17 23:31:29.837566 INFO: fd: 13, events: 1

2024-07-17 23:31:29.837571 INFO: HandleListenEvent 13
2024-07-17 23:31:29.837587 INFO: HttpConn 270 init success
2024-07-17 23:31:29.837592 INFO: addTimer id:270 expireTime:1721230789
2024-07-17 23:31:29.837602 INFO: Client[270] in!
2024-07-17 23:31:29.837607 INFO: HandleListenEvent 13
2024-07-17 23:31:29.837615 ERROR: Accept failure -1
2024-07-17 23:31:29.838048 INFO: eventNum: 2
2024-07-17 23:31:29.838072 INFO: fd: 13, events: 1

2024-07-17 23:31:29.838077 INFO: HandleListenEvent 13
2024-07-17 23:31:29.838088 INFO: HttpConn 271 init success
2024-07-17 23:31:29.838094 INFO: addTimer id:271 expireTime:1721230789
2024-07-17 23:31:29.838104 INFO: Client[271] in!
2024-07-17 23:31:29.838109 INFO: HandleListenEvent 13
2024-07-17 23:31:29.838130 ERROR: Accept failure -1
2024-07-17 23:31:29.838136 INFO: fd: 265, events: 1

2024-07-17 23:31:29.838151 INFO: HttpConn 265 read success
2024-07-17 23:31:29.838177 INFO: GET / HTTP/1.1
2024-07-17 23:31:29.838186 INFO: Host: 39.98.202.182:9006
2024-07-17 23:31:29.838193 INFO: User-Agent: Go-http-client/1.1
2024-07-17 23:31:29.838201 INFO: oop!unknow header: User-Agent: Go-http-client/1.1
2024-07-17 23:31:29.838208 INFO: X-Vegeta-Seq: 971
2024-07-17 23:31:29.838212 INFO: oop!unknow header: X-Vegeta-Seq: 971
2024-07-17 23:31:29.838217 INFO: Accept-Encoding: gzip
2024-07-17 23:31:29.838221 INFO: oop!unknow header: Accept-Encoding: gzip
2024-07-17 23:31:29.838234 INFO: 
2024-07-17 23:31:29.838259 INFO: request:HTTP/1.1 200 OK

2024-07-17 23:31:29.838264 INFO: request:HTTP/1.1 200 OK
Content-Length:542

2024-07-17 23:31:29.838268 INFO: request:HTTP/1.1 200 OK
Content-Length:542
Connection:close

2024-07-17 23:31:29.838273 INFO: request:HTTP/1.1 200 OK
Content-Length:542
Connection:close


2024-07-17 23:31:29.838289 INFO: Thread 140246097688128 is running task

2024-07-17 23:31:29.838301 INFO: eventNum: 1
2024-07-17 23:31:29.838306 INFO: fd: 265, events: 4

2024-07-17 23:31:29.838367 INFO: Thread 140246156437056 is running task

2024-07-17 23:31:29.838649 INFO: eventNum: 1
2024-07-17 23:31:29.838668 INFO: fd: 267, events: 1

2024-07-17 23:31:29.838682 INFO: HttpConn 267 read success
2024-07-17 23:31:29.838692 INFO: GET / HTTP/1.1
2024-07-17 23:31:29.838698 INFO: Host: 39.98.202.182:9006
2024-07-17 23:31:29.838702 INFO: User-Agent: Go-http-client/1.1
2024-07-17 23:31:29.838706 INFO: oop!unknow header: User-Agent: Go-http-client/1.1
2024-07-17 23:31:29.838711 INFO: X-Vegeta-Seq: 970
2024-07-17 23:31:29.838715 INFO: oop!unknow header: X-Vegeta-Seq: 970
2024-07-17 23:31:29.838720 INFO: Accept-Encoding: gzip
2024-07-17 23:31:29.838724 INFO: oop!unknow header: Accept-Encoding: gzip
2024-07-17 23:31:29.838728 INFO: 
2024-07-17 23:31:29.838743 INFO: request:HTTP/1.1 200 OK

2024-07-17 23:31:29.838748 INFO: request:HTTP/1.1 200 OK
Content-Length:542

2024-07-17 23:31:29.838752 INFO: request:HTTP/1.1 200 OK
Content-Length:542
Connection:close

2024-07-17 23:31:29.838757 INFO: request:HTTP/1.1 200 OK
Content-Length:542
Connection:close


2024-07-17 23:31:29.838766 INFO: Thread 140246114473536 is running task

2024-07-17 23:31:29.838775 INFO: eventNum: 1
2024-07-17 23:31:29.838780 INFO: fd: 267, events: 4

2024-07-17 23:31:29.838831 INFO: Thread 140246122866240 is running task

2024-07-17 23:31:29.839029 INFO: eventNum: 1
2024-07-17 23:31:29.839051 INFO: fd: 266, events: 1

2024-07-17 23:31:29.839065 INFO: HttpConn 266 read success
2024-07-17 23:31:29.839074 INFO: GET / HTTP/1.1
2024-07-17 23:31:29.839079 INFO: Host: 39.98.202.182:9006
2024-07-17 23:31:29.839084 INFO: User-Agent: Go-http-client/1.1
2024-07-17 23:31:29.839088 INFO: oop!unknow header: User-Agent: Go-http-client/1.1
2024-07-17 23:31:29.839093 INFO: X-Vegeta-Seq: 969
2024-07-17 23:31:29.839097 INFO: oop!unknow header: X-Vegeta-Seq: 969
2024-07-17 23:31:29.839104 INFO: Accept-Encoding: gzip
2024-07-17 23:31:29.839108 INFO: oop!unknow header: Accept-Encoding: gzip
2024-07-17 23:31:29.839112 INFO: 
2024-07-17 23:31:29.839125 INFO: request:HTTP/1.1 200 OK

2024-07-17 23:31:29.839130 INFO: request:HTTP/1.1 200 OK
Content-Length:542

2024-07-17 23:31:29.839134 INFO: request:HTTP/1.1 200 OK
Content-Length:542
Connection:close

2024-07-17 23:31:29.839139 INFO: request:HTTP/1.1 200 OK
Content-Length:542
Connection:close


2024-07-17 23:31:29.839147 INFO: Thread 140246131258944 is running task

2024-07-17 23:31:29.839157 INFO: eventNum: 2
2024-07-17 23:31:29.839161 INFO: fd: 271, events: 1

2024-07-17 23:31:29.839173 INFO: HttpConn 271 read success
2024-07-17 23:31:29.839181 INFO: GET / HTTP/1.1
2024-07-17 23:31:29.839186 INFO: Host: 39.98.202.182:9006
2024-07-17 23:31:29.839191 INFO: User-Agent: Go-http-client/1.1
2024-07-17 23:31:29.839195 INFO: oop!unknow header: User-Agent: Go-http-client/1.1
2024-07-17 23:31:29.839199 INFO: X-Vegeta-Seq: 975
2024-07-17 23:31:29.839204 INFO: oop!unknow header: X-Vegeta-Seq: 975
2024-07-17 23:31:29.839208 INFO: Accept-Encoding: gzip
2024-07-17 23:31:29.839212 INFO: oop!unknow header: Accept-Encoding: gzip
2024-07-17 23:31:29.839216 INFO: 
2024-07-17 23:31:29.839229 INFO: request:HTTP/1.1 200 OK

2024-07-17 23:31:29.839233 INFO: request:HTTP/1.1 200 OK
Content-Length:542

2024-07-17 23:31:29.839237 INFO: request:HTTP/1.1 200 OK
Content-Length:542
Connection:close

2024-07-17 23:31:29.839242 INFO: request:HTTP/1.1 200 OK
Content-Length:542
Connection:close


2024-07-17 23:31:29.839249 INFO: Thread 140246148044352 is running task

2024-07-17 23:31:29.839265 INFO: fd: 266, events: 4

2024-07-17 23:31:29.839313 INFO: Thread 140246106080832 is running task

2024-07-17 23:31:29.839343 INFO: eventNum: 1
2024-07-17 23:31:29.839349 INFO: fd: 271, events: 4

2024-07-17 23:31:29.839397 INFO: Thread 140246139651648 is running task

2024-07-17 23:31:29.839462 INFO: eventNum: 1
2024-07-17 23:31:29.839474 INFO: fd: 264, events: 1

2024-07-17 23:31:29.839486 INFO: HttpConn 264 read success
2024-07-17 23:31:29.839494 INFO: GET / HTTP/1.1
2024-07-17 23:31:29.839500 INFO: Host: 39.98.202.182:9006
2024-07-17 23:31:29.839504 INFO: User-Agent: Go-http-client/1.1
2024-07-17 23:31:29.839509 INFO: oop!unknow header: User-Agent: Go-http-client/1.1
2024-07-17 23:31:29.839513 INFO: X-Vegeta-Seq: 968
2024-07-17 23:31:29.839517 INFO: oop!unknow header: X-Vegeta-Seq: 968
2024-07-17 23:31:29.839522 INFO: Accept-Encoding: gzip
2024-07-17 23:31:29.839526 INFO: oop!unknow header: Accept-Encoding: gzip
2024-07-17 23:31:29.839530 INFO: 
2024-07-17 23:31:29.839545 INFO: request:HTTP/1.1 200 OK

2024-07-17 23:31:29.839550 INFO: request:HTTP/1.1 200 OK
Content-Length:542

2024-07-17 23:31:29.839554 INFO: request:HTTP/1.1 200 OK
Content-Length:542
Connection:close

2024-07-17 23:31:29.839558 INFO: request:HTTP/1.1 200 OK
Content-Length:542
Connection:close


2024-07-17 23:31:29.839567 INFO: Thread 140246097688128 is running task

2024-07-17 23:31:29.839578 INFO: eventNum: 1
2024-07-17 23:31:29.839583 INFO: fd: 264, events: 4

2024-07-17 23:31:29.839597 INFO: eventNum: 1
2024-07-17 23:31:29.839604 INFO: fd: 157, events: 8193

2024-07-17 23:31:29.839627 INFO: HttpConn 157 close success
2024-07-17 23:31:29.839627 INFO: Thread 140246156437056 is running task

2024-07-17 23:31:29.839641 INFO: Client[157] quit!
2024-07-17 23:31:29.839974 INFO: eventNum: 1
2024-07-17 23:31:29.839991 INFO: fd: 13, events: 1

2024-07-17 23:31:29.839999 INFO: HandleListenEvent 13
2024-07-17 23:31:29.840016 INFO: HttpConn 157 init success
2024-07-17 23:31:29.840022 INFO: addTimer id:157 expireTime:1721230789
2024-07-17 23:31:29.840033 INFO: Client[157] in!
2024-07-17 23:31:29.840038 INFO: HandleListenEvent 13
2024-07-17 23:31:29.840045 ERROR: Accept failure -1
2024-07-17 23:31:29.840456 INFO: eventNum: 1
2024-07-17 23:31:29.840478 INFO: fd: 13, events: 1

2024-07-17 23:31:29.840485 INFO: HandleListenEvent 13
2024-07-17 23:31:29.840503 INFO: HttpConn 272 init success
2024-07-17 23:31:29.840511 INFO: addTimer id:272 expireTime:1721230789
2024-07-17 23:31:29.840522 INFO: Client[272] in!
2024-07-17 23:31:29.840527 INFO: HandleListenEvent 13
2024-07-17 23:31:29.840535 ERROR: Accept failure -1
2024-07-17 23:31:29.840861 INFO: eventNum: 1
2024-07-17 23:31:29.840875 INFO: fd: 13, events: 1

2024-07-17 23:31:29.840881 INFO: HandleListenEvent 13
2024-07-17 23:31:29.840895 INFO: HttpConn 273 init success
2024-07-17 23:31:29.840904 INFO: addTimer id:273 expireTime:1721230789
2024-07-17 23:31:29.840914 INFO: Client[273] in!
2024-07-17 23:31:29.840918 INFO: HandleListenEvent 13
2024-07-17 23:31:29.840928 INFO: HttpConn 274 init success
2024-07-17 23:31:29.840933 INFO: addTimer id:274 expireTime:1721230789
2024-07-17 23:31:29.840942 INFO: Client[274] in!
2024-07-17 23:31:29.840947 INFO: HandleListenEvent 13
2024-07-17 23:31:29.840955 ERROR: Accept failure -1
2024-07-17 23:31:29.841178 INFO: eventNum: 1
2024-07-17 23:31:29.841190 INFO: fd: 13, events: 1

2024-07-17 23:31:29.841194 INFO: HandleListenEvent 13
2024-07-17 23:31:29.841205 INFO: HttpConn 275 init success
2024-07-17 23:31:29.841211 INFO: addTimer id:275 expireTime:1721230789
2024-07-17 23:31:29.841220 INFO: Client[275] in!
2024-07-17 23:31:29.841224 INFO: HandleListenEvent 13
2024-07-17 23:31:29.841233 ERROR: Accept failure -1
2024-07-17 23:31:29.841537 INFO: eventNum: 1
2024-07-17 23:31:29.841551 INFO: fd: 13, events: 1

2024-07-17 23:31:29.841555 INFO: HandleListenEvent 13
2024-07-17 23:31:29.841568 INFO: HttpConn 276 init success
2024-07-17 23:31:29.841573 INFO: addTimer id:276 expireTime:1721230789
2024-07-17 23:31:29.841583 INFO: Client[276] in!
2024-07-17 23:31:29.841593 INFO: HandleListenEvent 13
2024-07-17 23:31:29.841601 ERROR: Accept failure -1
2024-07-17 23:31:29.841693 INFO: eventNum: 1
2024-07-17 23:31:29.841705 INFO: fd: 13, events: 1

2024-07-17 23:31:29.841709 INFO: HandleListenEvent 13
2024-07-17 23:31:29.841720 INFO: HttpConn 277 init success
2024-07-17 23:31:29.841725 INFO: addTimer id:277 expireTime:1721230789
2024-07-17 23:31:29.841735 INFO: Client[277] in!
2024-07-17 23:31:29.841739 INFO: HandleListenEvent 13
2024-07-17 23:31:29.841747 ERROR: Accept failure -1
2024-07-17 23:31:29.841753 INFO: eventNum: 1
2024-07-17 23:31:29.841757 INFO: fd: 13, events: 1

2024-07-17 23:31:29.841761 INFO: HandleListenEvent 13
2024-07-17 23:31:29.841780 INFO: HttpConn 278 init success
2024-07-17 23:31:29.841788 INFO: addTimer id:278 expireTime:1721230789
2024-07-17 23:31:29.841797 INFO: Client[278] in!
2024-07-17 23:31:29.841801 INFO: HandleListenEvent 13
2024-07-17 23:31:29.841812 ERROR: Accept failure -1
2024-07-17 23:31:29.841818 INFO: eventNum: 1
2024-07-17 23:31:29.841825 INFO: fd: 154, events: 8193

2024-07-17 23:31:29.841844 INFO: HttpConn 154 close success
2024-07-17 23:31:29.841852 INFO: Client[154] quit!
2024-07-17 23:31:29.842402 INFO: eventNum: 1
2024-07-17 23:31:29.842416 INFO: fd: 13, events: 1

2024-07-17 23:31:29.842421 INFO: HandleListenEvent 13
2024-07-17 23:31:29.842460 INFO: HttpConn 154 init success
2024-07-17 23:31:29.842466 INFO: addTimer id:154 expireTime:1721230789
2024-07-17 23:31:29.842476 INFO: Client[154] in!
2024-07-17 23:31:29.842480 INFO: HandleListenEvent 13
2024-07-17 23:31:29.842488 ERROR: Accept failure -1
2024-07-17 23:31:29.842620 INFO: eventNum: 1
2024-07-17 23:31:29.842632 INFO: fd: 13, events: 1

2024-07-17 23:31:29.842636 INFO: HandleListenEvent 13
2024-07-17 23:31:29.842644 INFO: HttpConn 279 init success
2024-07-17 23:31:29.842649 INFO: addTimer id:279 expireTime:1721230789
2024-07-17 23:31:29.842657 INFO: Client[279] in!
2024-07-17 23:31:29.842662 INFO: HandleListenEvent 13
2024-07-17 23:31:29.842669 ERROR: Accept failure -1
2024-07-17 23:31:29.842877 INFO: eventNum: 1
2024-07-17 23:31:29.842888 INFO: fd: 13, events: 1

2024-07-17 23:31:29.842892 INFO: HandleListenEvent 13
2024-07-17 23:31:29.842906 INFO: HttpConn 280 init success
2024-07-17 23:31:29.842913 INFO: addTimer id:280 expireTime:1721230789
2024-07-17 23:31:29.842925 INFO: Client[280] in!
2024-07-17 23:31:29.842932 INFO: HandleListenEvent 13
2024-07-17 23:31:29.842942 ERROR: Accept failure -1
2024-07-17 23:31:29.843005 INFO: eventNum: 1
2024-07-17 23:31:29.843024 INFO: fd: 13, events: 1

2024-07-17 23:31:29.843031 INFO: HandleListenEvent 13
2024-07-17 23:31:29.843046 INFO: HttpConn 281 init success
2024-07-17 23:31:29.843054 INFO: addTimer id:281 expireTime:1721230789
2024-07-17 23:31:29.843067 INFO: Client[281] in!
2024-07-17 23:31:29.843072 INFO: HandleListenEvent 13
2024-07-17 23:31:29.843083 INFO: HttpConn 282 init success
2024-07-17 23:31:29.843088 INFO: addTimer id:282 expireTime:1721230789
2024-07-17 23:31:29.843096 INFO: Client[282] in!
2024-07-17 23:31:29.843101 INFO: HandleListenEvent 13
2024-07-17 23:31:29.843111 INFO: HttpConn 283 init success
2024-07-17 23:31:29.843116 INFO: addTimer id:283 expireTime:1721230789
2024-07-17 23:31:29.843123 INFO: Client[283] in!
2024-07-17 23:31:29.843127 INFO: HandleListenEvent 13
2024-07-17 23:31:29.843135 ERROR: Accept failure -1
2024-07-17 23:31:29.843141 INFO: eventNum: 1
2024-07-17 23:31:29.843145 INFO: fd: 153, events: 8193

2024-07-17 23:31:29.843161 INFO: HttpConn 153 close success
2024-07-17 23:31:29.843166 INFO: Client[153] quit!
2024-07-17 23:31:29.843305 INFO: eventNum: 1
2024-07-17 23:31:29.843317 INFO: fd: 13, events: 1

2024-07-17 23:31:29.843323 INFO: HandleListenEvent 13
2024-07-17 23:31:29.843336 INFO: HttpConn 153 init success
2024-07-17 23:31:29.843342 INFO: addTimer id:153 expireTime:1721230789
2024-07-17 23:31:29.843350 INFO: Client[153] in!
2024-07-17 23:31:29.843355 INFO: HandleListenEvent 13
2024-07-17 23:31:29.843362 ERROR: Accept failure -1
2024-07-17 23:31:29.843421 INFO: eventNum: 1
2024-07-17 23:31:29.843475 INFO: fd: 13, events: 1

2024-07-17 23:31:29.843480 INFO: HandleListenEvent 13
2024-07-17 23:31:29.843490 INFO: HttpConn 284 init success
2024-07-17 23:31:29.843496 INFO: addTimer id:284 expireTime:1721230789
2024-07-17 23:31:29.843504 INFO: Client[284] in!
2024-07-17 23:31:29.843509 INFO: HandleListenEvent 13
2024-07-17 23:31:29.843516 ERROR: Accept failure -1
2024-07-17 23:31:29.843823 INFO: eventNum: 1
2024-07-17 23:31:29.843836 INFO: fd: 13, events: 1

2024-07-17 23:31:29.843840 INFO: HandleListenEvent 13
2024-07-17 23:31:29.843851 INFO: HttpConn 285 init success
2024-07-17 23:31:29.843857 INFO: addTimer id:285 expireTime:1721230789
2024-07-17 23:31:29.843865 INFO: Client[285] in!
2024-07-17 23:31:29.843870 INFO: HandleListenEvent 13
2024-07-17 23:31:29.843880 INFO: HttpConn 286 init success
2024-07-17 23:31:29.843885 INFO: addTimer id:286 expireTime:1721230789
2024-07-17 23:31:29.843892 INFO: Client[286] in!
2024-07-17 23:31:29.843897 INFO: HandleListenEvent 13
2024-07-17 23:31:29.843904 ERROR: Accept failure -1
2024-07-17 23:31:29.844075 INFO: eventNum: 1
2024-07-17 23:31:29.844087 INFO: fd: 13, events: 1

2024-07-17 23:31:29.844091 INFO: HandleListenEvent 13
2024-07-17 23:31:29.844100 INFO: HttpConn 287 init success
2024-07-17 23:31:29.844105 INFO: addTimer id:287 expireTime:1721230789
2024-07-17 23:31:29.844112 INFO: Client[287] in!
2024-07-17 23:31:29.844117 INFO: HandleListenEvent 13
2024-07-17 23:31:29.844127 INFO: HttpConn 288 init success
2024-07-17 23:31:29.844132 INFO: addTimer id:288 expireTime:1721230789
2024-07-17 23:31:29.844140 INFO: Client[288] in!
2024-07-17 23:31:29.844145 INFO: HandleListenEvent 13
2024-07-17 23:31:29.844152 ERROR: Accept failure -1
2024-07-17 23:31:29.844571 INFO: eventNum: 1
2024-07-17 23:31:29.844594 INFO: fd: 13, events: 1

2024-07-17 23:31:29.844599 INFO: HandleListenEvent 13
2024-07-17 23:31:29.844613 INFO: HttpConn 294 init success
2024-07-17 23:31:29.844619 INFO: addTimer id:294 expireTime:1721230789
2024-07-17 23:31:29.844629 INFO: Client[294] in!
2024-07-17 23:31:29.844634 INFO: HandleListenEvent 13
2024-07-17 23:31:29.844642 ERROR: Accept failure -1
2024-07-17 23:31:29.844755 INFO: eventNum: 1
2024-07-17 23:31:29.844766 INFO: fd: 13, events: 1

2024-07-17 23:31:29.844770 INFO: HandleListenEvent 13
2024-07-17 23:31:29.844781 INFO: HttpConn 295 init success
2024-07-17 23:31:29.844786 INFO: addTimer id:295 expireTime:1721230789
2024-07-17 23:31:29.844795 INFO: Client[295] in!
2024-07-17 23:31:29.844799 INFO: HandleListenEvent 13
2024-07-17 23:31:29.844807 ERROR: Accept failure -1
2024-07-17 23:31:29.844847 INFO: eventNum: 1
2024-07-17 23:31:29.844853 INFO: fd: 151, events: 8193

2024-07-17 23:31:29.844872 INFO: HttpConn 151 close success
2024-07-17 23:31:29.844880 INFO: Client[151] quit!
2024-07-17 23:31:29.845382 INFO: eventNum: 1
2024-07-17 23:31:29.845397 INFO: fd: 13, events: 1

2024-07-17 23:31:29.845402 INFO: HandleListenEvent 13
2024-07-17 23:31:29.845414 INFO: HttpConn 151 init success
2024-07-17 23:31:29.845419 INFO: addTimer id:151 expireTime:1721230789
2024-07-17 23:31:29.845444 INFO: Client[151] in!
2024-07-17 23:31:29.845449 INFO: HandleListenEvent 13
2024-07-17 23:31:29.845457 ERROR: Accept failure -1
2024-07-17 23:31:29.845537 INFO: eventNum: 1
2024-07-17 23:31:29.845548 INFO: fd: 152, events: 8193

2024-07-17 23:31:29.845564 INFO: HttpConn 152 close success
2024-07-17 23:31:29.845572 INFO: Client[152] quit!
2024-07-17 23:31:29.846694 INFO: eventNum: 1
2024-07-17 23:31:29.846710 INFO: fd: 56, events: 8193

2024-07-17 23:31:29.846726 INFO: HttpConn 56 close success
2024-07-17 23:31:29.846734 INFO: Client[56] quit!
2024-07-17 23:31:29.846740 INFO: eventNum: 1
2024-07-17 23:31:29.846744 INFO: fd: 13, events: 1

2024-07-17 23:31:29.846748 INFO: HandleListenEvent 13
2024-07-17 23:31:29.846760 INFO: HttpConn 56 init success
2024-07-17 23:31:29.846765 INFO: addTimer id:56 expireTime:1721230789
2024-07-17 23:31:29.846775 INFO: Client[56] in!
2024-07-17 23:31:29.846780 INFO: HandleListenEvent 13
2024-07-17 23:31:29.846789 INFO: HttpConn 152 init success
2024-07-17 23:31:29.846800 INFO: addTimer id:152 expireTime:1721230789
2024-07-17 23:31:29.846808 INFO: Client[152] in!
2024-07-17 23:31:29.846812 INFO: HandleListenEvent 13
2024-07-17 23:31:29.846822 INFO: HttpConn 296 init success
2024-07-17 23:31:29.846827 INFO: addTimer id:296 expireTime:1721230789
2024-07-17 23:31:29.846834 INFO: Client[296] in!
2024-07-17 23:31:29.846839 INFO: HandleListenEvent 13
2024-07-17 23:31:29.846846 ERROR: Accept failure -1
2024-07-17 23:31:29.847108 INFO: eventNum: 1
2024-07-17 23:31:29.847118 INFO: fd: 13, events: 1

2024-07-17 23:31:29.847122 INFO: HandleListenEvent 13
2024-07-17 23:31:29.847133 INFO: HttpConn 300 init success
2024-07-17 23:31:29.847138 INFO: addTimer id:300 expireTime:1721230789
2024-07-17 23:31:29.847150 INFO: Client[300] in!
2024-07-17 23:31:29.847154 INFO: HandleListenEvent 13
2024-07-17 23:31:29.847162 INFO: HttpConn 301 init success
2024-07-17 23:31:29.847167 INFO: addTimer id:301 expireTime:1721230789
2024-07-17 23:31:29.847174 INFO: Client[301] in!
2024-07-17 23:31:29.847179 INFO: HandleListenEvent 13
2024-07-17 23:31:29.847189 INFO: HttpConn 302 init success
2024-07-17 23:31:29.847194 INFO: addTimer id:302 expireTime:1721230789
2024-07-17 23:31:29.847202 INFO: Client[302] in!
2024-07-17 23:31:29.847206 INFO: HandleListenEvent 13
2024-07-17 23:31:29.847214 ERROR: Accept failure -1
2024-07-17 23:31:29.847365 INFO: eventNum: 1
2024-07-17 23:31:29.847380 INFO: fd: 269, events: 1

2024-07-17 23:31:29.847395 INFO: HttpConn 269 read success
2024-07-17 23:31:29.847407 INFO: GET / HTTP/1.1
2024-07-17 23:31:29.847413 INFO: Host: 39.98.202.182:9006
2024-07-17 23:31:29.847418 INFO: User-Agent: Go-http-client/1.1
2024-07-17 23:31:29.847436 INFO: oop!unknow header: User-Agent: Go-http-client/1.1
2024-07-17 23:31:29.847441 INFO: X-Vegeta-Seq: 974
2024-07-17 23:31:29.847445 INFO: oop!unknow header: X-Vegeta-Seq: 974
2024-07-17 23:31:29.847449 INFO: Accept-Encoding: gzip
2024-07-17 23:31:29.847454 INFO: oop!unknow header: Accept-Encoding: gzip
2024-07-17 23:31:29.847458 INFO: 
2024-07-17 23:31:29.847480 INFO: request:HTTP/1.1 200 OK

2024-07-17 23:31:29.847485 INFO: request:HTTP/1.1 200 OK
Content-Length:542

2024-07-17 23:31:29.847489 INFO: request:HTTP/1.1 200 OK
Content-Length:542
Connection:close

2024-07-17 23:31:29.847494 INFO: request:HTTP/1.1 200 OK
Content-Length:542
Connection:close


2024-07-17 23:31:29.847508 INFO: Thread 140246114473536 is running task

2024-07-17 23:31:29.847519 INFO: eventNum: 2
2024-07-17 23:31:29.847527 INFO: fd: 13, events: 1

2024-07-17 23:31:29.847531 INFO: HandleListenEvent 13
2024-07-17 23:31:29.847545 INFO: HttpConn 303 init success
2024-07-17 23:31:29.847550 INFO: addTimer id:303 expireTime:1721230789
2024-07-17 23:31:29.847559 INFO: Client[303] in!
2024-07-17 23:31:29.847564 INFO: HandleListenEvent 13
2024-07-17 23:31:29.847572 ERROR: Accept failure -1
2024-07-17 23:31:29.847576 INFO: fd: 269, events: 4

2024-07-17 23:31:29.847626 INFO: Thread 140246122866240 is running task

2024-07-17 23:31:29.848816 INFO: eventNum: 1
