2024-07-17 23:31:30.033773 INFO: fd: 109, events: 4

2024-07-17 23:31:30.033892 INFO: Thread 140246122866240 is running task

2024-07-17 23:31:30.034228 INFO: eventNum: 1
2024-07-17 23:31:30.034248 INFO: fd: 322, events: 1

2024-07-17 23:31:30.034266 INFO: HttpConn 322 read success
2024-07-17 23:31:30.034281 INFO: GET / HTTP/1.1
2024-07-17 23:31:30.034286 INFO: Host: 39.98.202.182:9006
2024-07-17 23:31:30.034291 INFO: User-Agent: Go-http-client/1.1
2024-07-17 23:31:30.034295 INFO: oop!unknow header: User-Agent: Go-http-client/1.1
2024-07-17 23:31:30.034300 INFO: X-Vegeta-Seq: 1087
2024-07-17 23:31:30.034304 INFO: oop!unknow header: X-Vegeta-Seq: 1087
2024-07-17 23:31:30.034308 INFO: Accept-Encoding: gzip
2024-07-17 23:31:30.034312 INFO: oop!unknow header: Accept-Encoding: gzip
2024-07-17 23:31:30.034317 INFO: 
2024-07-17 23:31:30.034331 INFO: request:HTTP/1.1 200 OK

2024-07-17 23:31:30.034337 INFO: request:HTTP/1.1 200 OK
Content-Length:542

2024-07-17 23:31:30.034341 INFO: request:HTTP/1.1 200 OK
Content-Length:542
Connection:close

2024-07-17 23:31:30.034346 INFO: request:HTTP/1.1 200 OK
Content-Length:542
Connection:close


2024-07-17 23:31:30.034360 INFO: Thread 140246097688128 is running task

2024-07-17 23:31:30.034365 INFO: eventNum: 1
2024-07-17 23:31:30.034376 INFO: fd: 322, events: 4

2024-07-17 23:31:30.034414 INFO: Thread 140246156437056 is running task

2024-07-17 23:31:30.034643 INFO: eventNum: 1
2024-07-17 23:31:30.034659 INFO: fd: 84, events: 1

2024-07-17 23:31:30.034673 INFO: HttpConn 84 read success
2024-07-17 23:31:30.034684 INFO: GET / HTTP/1.1
2024-07-17 23:31:30.034689 INFO: Host: 39.98.202.182:9006
2024-07-17 23:31:30.034694 INFO: User-Agent: Go-http-client/1.1
2024-07-17 23:31:30.034698 INFO: oop!unknow header: User-Agent: Go-http-client/1.1
2024-07-17 23:31:30.034706 INFO: X-Vegeta-Seq: 1082
2024-07-17 23:31:30.034710 INFO: oop!unknow header: X-Vegeta-Seq: 1082
2024-07-17 23:31:30.034715 INFO: Accept-Encoding: gzip
2024-07-17 23:31:30.034719 INFO: oop!unknow header: Accept-Encoding: gzip
2024-07-17 23:31:30.034726 INFO: 
2024-07-17 23:31:30.034742 INFO: request:HTTP/1.1 200 OK

2024-07-17 23:31:30.034750 INFO: request:HTTP/1.1 200 OK
Content-Length:542

2024-07-17 23:31:30.034754 INFO: request:HTTP/1.1 200 OK
Content-Length:542
Connection:close

2024-07-17 23:31:30.034759 INFO: request:HTTP/1.1 200 OK
Content-Length:542
Connection:close


2024-07-17 23:31:30.034771 INFO: Thread 140246106080832 is running task

2024-07-17 23:31:30.034779 INFO: eventNum: 1
2024-07-17 23:31:30.034784 INFO: fd: 84, events: 4

2024-07-17 23:31:30.034816 INFO: Thread 140246148044352 is running task

2024-07-17 23:31:30.034828 INFO: eventNum: 1
2024-07-17 23:31:30.034833 INFO: fd: 327, events: 1

2024-07-17 23:31:30.034848 INFO: HttpConn 327 read success
2024-07-17 23:31:30.034862 INFO: GET / HTTP/1.1
2024-07-17 23:31:30.034869 INFO: Host: 39.98.202.182:9006
2024-07-17 23:31:30.034876 INFO: User-Agent: Go-http-client/1.1
2024-07-17 23:31:30.034880 INFO: oop!unknow header: User-Agent: Go-http-client/1.1
2024-07-17 23:31:30.034885 INFO: X-Vegeta-Seq: 1084
2024-07-17 23:31:30.034889 INFO: oop!unknow header: X-Vegeta-Seq: 1084
2024-07-17 23:31:30.034893 INFO: Accept-Encoding: gzip
2024-07-17 23:31:30.034898 INFO: oop!unknow header: Accept-Encoding: gzip
2024-07-17 23:31:30.034902 INFO: 
2024-07-17 23:31:30.034916 INFO: request:HTTP/1.1 200 OK

2024-07-17 23:31:30.034921 INFO: request:HTTP/1.1 200 OK
Content-Length:542

2024-07-17 23:31:30.034925 INFO: request:HTTP/1.1 200 OK
Content-Length:542
Connection:close

2024-07-17 23:31:30.034930 INFO: request:HTTP/1.1 200 OK
Content-Length:542
Connection:close


2024-07-17 23:31:30.034938 INFO: Thread 140246139651648 is running task

2024-07-17 23:31:30.034946 INFO: eventNum: 2
2024-07-17 23:31:30.034951 INFO: fd: 323, events: 1

2024-07-17 23:31:30.034963 INFO: HttpConn 323 read success
2024-07-17 23:31:30.034971 INFO: GET / HTTP/1.1
2024-07-17 23:31:30.034976 INFO: Host: 39.98.202.182:9006
2024-07-17 23:31:30.034980 INFO: User-Agent: Go-http-client/1.1
2024-07-17 23:31:30.034991 INFO: oop!unknow header: User-Agent: Go-http-client/1.1
2024-07-17 23:31:30.034996 INFO: X-Vegeta-Seq: 1090
2024-07-17 23:31:30.035000 INFO: oop!unknow header: X-Vegeta-Seq: 1090
2024-07-17 23:31:30.035004 INFO: Accept-Encoding: gzip
2024-07-17 23:31:30.035008 INFO: oop!unknow header: Accept-Encoding: gzip
2024-07-17 23:31:30.035013 INFO: 
2024-07-17 23:31:30.035025 INFO: request:HTTP/1.1 200 OK

2024-07-17 23:31:30.035030 INFO: request:HTTP/1.1 200 OK
Content-Length:542

2024-07-17 23:31:30.035034 INFO: request:HTTP/1.1 200 OK
Content-Length:542
Connection:close

2024-07-17 23:31:30.035043 INFO: request:HTTP/1.1 200 OK
Content-Length:542
Connection:close


2024-07-17 23:31:30.035051 INFO: Thread 140246131258944 is running task

2024-07-17 23:31:30.035058 INFO: fd: 327, events: 4

2024-07-17 23:31:30.035088 INFO: Thread 140246114473536 is running task

2024-07-17 23:31:30.035111 INFO: eventNum: 3
2024-07-17 23:31:30.035117 INFO: fd: 320, events: 1

2024-07-17 23:31:30.035127 INFO: fd: 319, events: 1

2024-07-17 23:31:30.035136 INFO: fd: 323, events: 4

2024-07-17 23:31:30.035143 INFO: HttpConn 320 read success
2024-07-17 23:31:30.035169 INFO: GET / HTTP/1.1
2024-07-17 23:31:30.035174 INFO: Host: 39.98.202.182:9006
2024-07-17 23:31:30.035179 INFO: User-Agent: Go-http-client/1.1
2024-07-17 23:31:30.035184 INFO: oop!unknow header: User-Agent: Go-http-client/1.1
2024-07-17 23:31:30.035188 INFO: X-Vegeta-Seq: 1083
2024-07-17 23:31:30.035192 INFO: oop!unknow header: X-Vegeta-Seq: 1083
2024-07-17 23:31:30.035196 INFO: Accept-Encoding: gzip
2024-07-17 23:31:30.035201 INFO: oop!unknow header: Accept-Encoding: gzip
2024-07-17 23:31:30.035205 INFO: 
2024-07-17 23:31:30.035220 INFO: request:HTTP/1.1 200 OK

2024-07-17 23:31:30.035232 INFO: request:HTTP/1.1 200 OK
Content-Length:542

2024-07-17 23:31:30.035238 INFO: request:HTTP/1.1 200 OK
Content-Length:542
Connection:close

2024-07-17 23:31:30.035242 INFO: request:HTTP/1.1 200 OK
Content-Length:542
Connection:close


2024-07-17 23:31:30.035252 INFO: Thread 140246122866240 is running task

2024-07-17 23:31:30.035258 INFO: HttpConn 319 read success
2024-07-17 23:31:30.035265 INFO: GET / HTTP/1.1
2024-07-17 23:31:30.035270 INFO: Host: 39.98.202.182:9006
2024-07-17 23:31:30.035274 INFO: User-Agent: Go-http-client/1.1
2024-07-17 23:31:30.035278 INFO: oop!unknow header: User-Agent: Go-http-client/1.1
2024-07-17 23:31:30.035283 INFO: X-Vegeta-Seq: 1081
2024-07-17 23:31:30.035287 INFO: oop!unknow header: X-Vegeta-Seq: 1081
2024-07-17 23:31:30.035291 INFO: Accept-Encoding: gzip
2024-07-17 23:31:30.035295 INFO: oop!unknow header: Accept-Encoding: gzip
2024-07-17 23:31:30.035299 INFO: 
2024-07-17 23:31:30.035311 INFO: request:HTTP/1.1 200 OK

2024-07-17 23:31:30.035316 INFO: request:HTTP/1.1 200 OK
Content-Length:542

2024-07-17 23:31:30.035320 INFO: request:HTTP/1.1 200 OK
Content-Length:542
Connection:close

2024-07-17 23:31:30.035324 INFO: request:HTTP/1.1 200 OK
Content-Length:542
Connection:close


2024-07-17 23:31:30.035337 INFO: Thread 140246122866240 is running task

2024-07-17 23:31:30.035360 INFO: Thread 140246122866240 is running task

2024-07-17 23:31:30.035397 INFO: eventNum: 6
2024-07-17 23:31:30.035408 INFO: fd: 321, events: 1

2024-07-17 23:31:30.035419 INFO: HttpConn 321 read success
2024-07-17 23:31:30.035448 INFO: GET / HTTP/1.1
2024-07-17 23:31:30.035453 INFO: Host: 39.98.202.182:9006
2024-07-17 23:31:30.035458 INFO: User-Agent: Go-http-client/1.1
2024-07-17 23:31:30.035465 INFO: oop!unknow header: User-Agent: Go-http-client/1.1
2024-07-17 23:31:30.035470 INFO: X-Vegeta-Seq: 1086
2024-07-17 23:31:30.035474 INFO: oop!unknow header: X-Vegeta-Seq: 1086
2024-07-17 23:31:30.035481 INFO: Accept-Encoding: gzip
2024-07-17 23:31:30.035485 INFO: oop!unknow header: Accept-Encoding: gzip
2024-07-17 23:31:30.035489 INFO: 
2024-07-17 23:31:30.035505 INFO: request:HTTP/1.1 200 OK

2024-07-17 23:31:30.035509 INFO: request:HTTP/1.1 200 OK
Content-Length:542

2024-07-17 23:31:30.035514 INFO: request:HTTP/1.1 200 OK
Content-Length:542
Connection:close

2024-07-17 23:31:30.035524 INFO: request:HTTP/1.1 200 OK
Content-Length:542
Connection:close


2024-07-17 23:31:30.035533 INFO: Thread 140246106080832 is running task

2024-07-17 23:31:30.035541 INFO: fd: 85, events: 1

2024-07-17 23:31:30.035553 INFO: HttpConn 85 read success
2024-07-17 23:31:30.035561 INFO: GET / HTTP/1.1
2024-07-17 23:31:30.035566 INFO: Host: 39.98.202.182:9006
2024-07-17 23:31:30.035571 INFO: User-Agent: Go-http-client/1.1
2024-07-17 23:31:30.035575 INFO: oop!unknow header: User-Agent: Go-http-client/1.1
2024-07-17 23:31:30.035579 INFO: X-Vegeta-Seq: 1080
2024-07-17 23:31:30.035584 INFO: oop!unknow header: X-Vegeta-Seq: 1080
2024-07-17 23:31:30.035588 INFO: Accept-Encoding: gzip
2024-07-17 23:31:30.035592 INFO: oop!unknow header: Accept-Encoding: gzip
2024-07-17 23:31:30.035599 INFO: 
2024-07-17 23:31:30.035612 INFO: request:HTTP/1.1 200 OK

2024-07-17 23:31:30.035616 INFO: request:HTTP/1.1 200 OK
Content-Length:542

2024-07-17 23:31:30.035621 INFO: request:HTTP/1.1 200 OK
Content-Length:542
Connection:close

2024-07-17 23:31:30.035625 INFO: request:HTTP/1.1 200 OK
Content-Length:542
Connection:close


2024-07-17 23:31:30.035632 INFO: Thread 140246148044352 is running task

2024-07-17 23:31:30.035639 INFO: fd: 320, events: 4

2024-07-17 23:31:30.035670 INFO: Thread 140246139651648 is running task

2024-07-17 23:31:30.035679 INFO: fd: 328, events: 1

2024-07-17 23:31:30.035689 INFO: HttpConn 328 read success
2024-07-17 23:31:30.035697 INFO: GET / HTTP/1.1
2024-07-17 23:31:30.035702 INFO: Host: 39.98.202.182:9006
2024-07-17 23:31:30.035707 INFO: User-Agent: Go-http-client/1.1
2024-07-17 23:31:30.035711 INFO: oop!unknow header: User-Agent: Go-http-client/1.1
2024-07-17 23:31:30.035716 INFO: X-Vegeta-Seq: 1085
2024-07-17 23:31:30.035720 INFO: oop!unknow header: X-Vegeta-Seq: 1085
2024-07-17 23:31:30.035724 INFO: Accept-Encoding: gzip
2024-07-17 23:31:30.035728 INFO: oop!unknow header: Accept-Encoding: gzip
2024-07-17 23:31:30.035733 INFO: 
2024-07-17 23:31:30.035745 INFO: request:HTTP/1.1 200 OK

2024-07-17 23:31:30.035750 INFO: request:HTTP/1.1 200 OK
Content-Length:542

2024-07-17 23:31:30.035754 INFO: request:HTTP/1.1 200 OK
Content-Length:542
Connection:close

2024-07-17 23:31:30.035758 INFO: request:HTTP/1.1 200 OK
Content-Length:542
Connection:close


2024-07-17 23:31:30.035765 INFO: Thread 140246131258944 is running task

2024-07-17 23:31:30.035772 INFO: fd: 319, events: 4

2024-07-17 23:31:30.035797 INFO: Thread 140246114473536 is running task

2024-07-17 23:31:30.035811 INFO: fd: 83, events: 1

2024-07-17 23:31:30.035829 INFO: eventNum: 4
2024-07-17 23:31:30.035837 INFO: fd: 108, events: 8193

2024-07-17 23:31:30.035840 INFO: HttpConn 83 read success
2024-07-17 23:31:30.035871 INFO: HttpConn 108 close success
2024-07-17 23:31:30.035872 INFO: GET / HTTP/1.1
2024-07-17 23:31:30.035905 INFO: Host: 39.98.202.182:9006
2024-07-17 23:31:30.035888 INFO: Client[108] quit!
2024-07-17 23:31:30.035911 INFO: User-Agent: Go-http-client/1.1
2024-07-17 23:31:30.035932 INFO: oop!unknow header: User-Agent: Go-http-client/1.1
2024-07-17 23:31:30.035922 INFO: fd: 321, events: 4

2024-07-17 23:31:30.035938 INFO: X-Vegeta-Seq: 1079
2024-07-17 23:31:30.035951 INFO: fd: 85, events: 4

2024-07-17 23:31:30.035985 INFO: Thread 140246097688128 is running task

2024-07-17 23:31:30.035991 INFO: Thread 140246156437056 is running task

2024-07-17 23:31:30.035954 INFO: oop!unknow header: X-Vegeta-Seq: 1079
2024-07-17 23:31:30.036006 INFO: fd: 328, events: 4

2024-07-17 23:31:30.036013 INFO: Accept-Encoding: gzip
2024-07-17 23:31:30.036029 INFO: oop!unknow header: Accept-Encoding: gzip
2024-07-17 23:31:30.036033 INFO: 
2024-07-17 23:31:30.036045 INFO: Thread 140246106080832 is running task

2024-07-17 23:31:30.036049 INFO: request:HTTP/1.1 200 OK

2024-07-17 23:31:30.036062 INFO: request:HTTP/1.1 200 OK
Content-Length:542

2024-07-17 23:31:30.036067 INFO: request:HTTP/1.1 200 OK
Content-Length:542
Connection:close

2024-07-17 23:31:30.036071 INFO: request:HTTP/1.1 200 OK
Content-Length:542
Connection:close


2024-07-17 23:31:30.036089 INFO: Thread 140246122866240 is running task

2024-07-17 23:31:30.036094 INFO: eventNum: 1
2024-07-17 23:31:30.036102 INFO: fd: 83, events: 4

2024-07-17 23:31:30.036134 INFO: Thread 140246148044352 is running task

2024-07-17 23:31:30.039258 INFO: eventNum: 1
2024-07-17 23:31:30.039287 INFO: fd: 94, events: 8193

2024-07-17 23:31:30.039310 INFO: HttpConn 94 close success
2024-07-17 23:31:30.039319 INFO: Client[94] quit!
2024-07-17 23:31:30.039325 INFO: eventNum: 1
2024-07-17 23:31:30.039330 INFO: fd: 104, events: 8193

2024-07-17 23:31:30.039342 INFO: HttpConn 104 close success
2024-07-17 23:31:30.039349 INFO: Client[104] quit!
2024-07-17 23:31:30.039904 INFO: eventNum: 1
2024-07-17 23:31:30.039918 INFO: fd: 102, events: 8193

2024-07-17 23:31:30.039932 INFO: HttpConn 102 close success
2024-07-17 23:31:30.039939 INFO: Client[102] quit!
2024-07-17 23:31:30.040981 INFO: eventNum: 1
2024-07-17 23:31:30.040998 INFO: fd: 107, events: 8193

2024-07-17 23:31:30.041016 INFO: HttpConn 107 close success
2024-07-17 23:31:30.041024 INFO: Client[107] quit!
2024-07-17 23:31:30.041497 INFO: eventNum: 1
2024-07-17 23:31:30.041515 INFO: fd: 13, events: 1

2024-07-17 23:31:30.041520 INFO: HandleListenEvent 13
2024-07-17 23:31:30.041540 INFO: HttpConn 26 init success
2024-07-17 23:31:30.041546 INFO: addTimer id:26 expireTime:1721230790
2024-07-17 23:31:30.041559 INFO: Client[26] in!
2024-07-17 23:31:30.041563 INFO: HandleListenEvent 13
2024-07-17 23:31:30.041572 ERROR: Accept failure -1
2024-07-17 23:31:30.041579 INFO: eventNum: 1
2024-07-17 23:31:30.041583 INFO: fd: 114, events: 8193

2024-07-17 23:31:30.041599 INFO: HttpConn 114 close success
2024-07-17 23:31:30.041607 INFO: Client[114] quit!
2024-07-17 23:31:30.041893 INFO: eventNum: 1
2024-07-17 23:31:30.041911 INFO: fd: 26, events: 1

2024-07-17 23:31:30.041925 INFO: HttpConn 26 read success
2024-07-17 23:31:30.041936 INFO: GET / HTTP/1.1
2024-07-17 23:31:30.041942 INFO: Host: 39.98.202.182:9006
2024-07-17 23:31:30.041947 INFO: User-Agent: Go-http-client/1.1
2024-07-17 23:31:30.041951 INFO: oop!unknow header: User-Agent: Go-http-client/1.1
2024-07-17 23:31:30.041956 INFO: X-Vegeta-Seq: 1092
2024-07-17 23:31:30.041960 INFO: oop!unknow header: X-Vegeta-Seq: 1092
2024-07-17 23:31:30.041964 INFO: Accept-Encoding: gzip
2024-07-17 23:31:30.041969 INFO: oop!unknow header: Accept-Encoding: gzip
2024-07-17 23:31:30.041973 INFO: 
2024-07-17 23:31:30.041993 INFO: request:HTTP/1.1 200 OK

2024-07-17 23:31:30.041998 INFO: request:HTTP/1.1 200 OK
Content-Length:542

2024-07-17 23:31:30.042002 INFO: request:HTTP/1.1 200 OK
Content-Length:542
Connection:close

2024-07-17 23:31:30.042007 INFO: request:HTTP/1.1 200 OK
Content-Length:542
Connection:close


2024-07-17 23:31:30.042019 INFO: Thread 140246139651648 is running task

2024-07-17 23:31:30.042029 INFO: eventNum: 1
2024-07-17 23:31:30.042033 INFO: fd: 26, events: 4

2024-07-17 23:31:30.042069 INFO: Thread 140246131258944 is running task

2024-07-17 23:31:30.042130 INFO: eventNum: 1
2024-07-17 23:31:30.042152 INFO: fd: 172, events: 8193

2024-07-17 23:31:30.042170 INFO: HttpConn 172 close success
2024-07-17 23:31:30.042182 INFO: Client[172] quit!
2024-07-17 23:31:30.042354 INFO: eventNum: 1
2024-07-17 23:31:30.042365 INFO: fd: 13, events: 1

2024-07-17 23:31:30.042370 INFO: HandleListenEvent 13
2024-07-17 23:31:30.042385 INFO: HttpConn 94 init success
2024-07-17 23:31:30.042391 INFO: addTimer id:94 expireTime:1721230790
2024-07-17 23:31:30.042401 INFO: Client[94] in!
2024-07-17 23:31:30.042407 INFO: HandleListenEvent 13
2024-07-17 23:31:30.042415 ERROR: Accept failure -1
2024-07-17 23:31:30.042731 INFO: eventNum: 1
2024-07-17 23:31:30.042752 INFO: fd: 94, events: 1

2024-07-17 23:31:30.042767 INFO: HttpConn 94 read success
2024-07-17 23:31:30.042781 INFO: GET / HTTP/1.1
2024-07-17 23:31:30.042786 INFO: Host: 39.98.202.182:9006
2024-07-17 23:31:30.042794 INFO: User-Agent: Go-http-client/1.1
2024-07-17 23:31:30.042798 INFO: oop!unknow header: User-Agent: Go-http-client/1.1
2024-07-17 23:31:30.042810 INFO: X-Vegeta-Seq: 1093
2024-07-17 23:31:30.042817 INFO: oop!unknow header: X-Vegeta-Seq: 1093
2024-07-17 23:31:30.042821 INFO: Accept-Encoding: gzip
2024-07-17 23:31:30.042826 INFO: oop!unknow header: Accept-Encoding: gzip
2024-07-17 23:31:30.042833 INFO: 
2024-07-17 23:31:30.042850 INFO: request:HTTP/1.1 200 OK

2024-07-17 23:31:30.042855 INFO: request:HTTP/1.1 200 OK
Content-Length:542

2024-07-17 23:31:30.042859 INFO: request:HTTP/1.1 200 OK
Content-Length:542
Connection:close

2024-07-17 23:31:30.042864 INFO: request:HTTP/1.1 200 OK
Content-Length:542
Connection:close


2024-07-17 23:31:30.042874 INFO: Thread 140246114473536 is running task

2024-07-17 23:31:30.042884 INFO: eventNum: 1
2024-07-17 23:31:30.042888 INFO: fd: 94, events: 4

2024-07-17 23:31:30.042937 INFO: Thread 140246097688128 is running task

2024-07-17 23:31:30.043815 INFO: eventNum: 1
2024-07-17 23:31:30.043832 INFO: fd: 173, events: 8193

2024-07-17 23:31:30.043853 INFO: HttpConn 173 close success
2024-07-17 23:31:30.043863 INFO: Client[173] quit!
2024-07-17 23:31:30.044157 INFO: eventNum: 1
2024-07-17 23:31:30.044187 INFO: fd: 171, events: 8193

2024-07-17 23:31:30.044213 INFO: HttpConn 171 close success
2024-07-17 23:31:30.044221 INFO: Client[171] quit!
2024-07-17 23:31:30.044920 INFO: eventNum: 1
2024-07-17 23:31:30.044943 INFO: fd: 168, events: 8193

2024-07-17 23:31:30.044963 INFO: HttpConn 168 close success
2024-07-17 23:31:30.044969 INFO: Client[168] quit!
2024-07-17 23:31:30.045268 INFO: eventNum: 1
2024-07-17 23:31:30.045282 INFO: fd: 165, events: 8193

2024-07-17 23:31:30.045300 INFO: HttpConn 165 close success
2024-07-17 23:31:30.045306 INFO: Client[165] quit!
2024-07-17 23:31:30.045939 INFO: eventNum: 1
2024-07-17 23:31:30.045963 INFO: fd: 164, events: 8193

2024-07-17 23:31:30.045983 INFO: HttpConn 164 close success
2024-07-17 23:31:30.045989 INFO: Client[164] quit!
2024-07-17 23:31:30.046480 INFO: eventNum: 1
2024-07-17 23:31:30.046493 INFO: fd: 13, events: 1

2024-07-17 23:31:30.046498 INFO: HandleListenEvent 13
2024-07-17 23:31:30.046515 INFO: HttpConn 96 init success
2024-07-17 23:31:30.046521 INFO: addTimer id:96 expireTime:1721230790
2024-07-17 23:31:30.046533 INFO: Client[96] in!
2024-07-17 23:31:30.046538 INFO: HandleListenEvent 13
2024-07-17 23:31:30.046546 ERROR: Accept failure -1
2024-07-17 23:31:30.046846 INFO: eventNum: 1
2024-07-17 23:31:30.046856 INFO: fd: 96, events: 1

2024-07-17 23:31:30.046876 INFO: HttpConn 96 read success
2024-07-17 23:31:30.046896 INFO: GET / HTTP/1.1
2024-07-17 23:31:30.046902 INFO: Host: 39.98.202.182:9006
2024-07-17 23:31:30.046907 INFO: User-Agent: Go-http-client/1.1
2024-07-17 23:31:30.046911 INFO: oop!unknow header: User-Agent: Go-http-client/1.1
2024-07-17 23:31:30.046916 INFO: X-Vegeta-Seq: 1096
2024-07-17 23:31:30.046920 INFO: oop!unknow header: X-Vegeta-Seq: 1096
2024-07-17 23:31:30.046925 INFO: Accept-Encoding: gzip
2024-07-17 23:31:30.046929 INFO: oop!unknow header: Accept-Encoding: gzip
2024-07-17 23:31:30.046933 INFO: 
2024-07-17 23:31:30.046952 INFO: request:HTTP/1.1 200 OK

2024-07-17 23:31:30.046957 INFO: request:HTTP/1.1 200 OK
Content-Length:542

2024-07-17 23:31:30.046961 INFO: request:HTTP/1.1 200 OK
Content-Length:542
Connection:close

2024-07-17 23:31:30.046965 INFO: request:HTTP/1.1 200 OK
Content-Length:542
Connection:close


2024-07-17 23:31:30.046983 INFO: Thread 140246156437056 is running task

2024-07-17 23:31:30.046985 INFO: eventNum: 1
2024-07-17 23:31:30.046996 INFO: fd: 96, events: 4

2024-07-17 23:31:30.047037 INFO: Thread 140246106080832 is running task

2024-07-17 23:31:30.047160 INFO: eventNum: 1
2024-07-17 23:31:30.047173 INFO: fd: 167, events: 8193

2024-07-17 23:31:30.047189 INFO: HttpConn 167 close success
2024-07-17 23:31:30.047194 INFO: Client[167] quit!
2024-07-17 23:31:30.048021 INFO: eventNum: 1
2024-07-17 23:31:30.048034 INFO: fd: 13, events: 1

2024-07-17 23:31:30.048039 INFO: HandleListenEvent 13
2024-07-17 23:31:30.048054 INFO: HttpConn 102 init success
2024-07-17 23:31:30.048069 INFO: addTimer id:102 expireTime:1721230790
2024-07-17 23:31:30.048088 INFO: Client[102] in!
2024-07-17 23:31:30.048101 INFO: HandleListenEvent 13
2024-07-17 23:31:30.048113 INFO: HttpConn 104 init success
2024-07-17 23:31:30.048118 INFO: addTimer id:104 expireTime:1721230790
2024-07-17 23:31:30.048131 INFO: Client[104] in!
2024-07-17 23:31:30.048137 INFO: HandleListenEvent 13
2024-07-17 23:31:30.048145 ERROR: Accept failure -1
2024-07-17 23:31:30.048151 INFO: eventNum: 1
2024-07-17 23:31:30.048155 INFO: fd: 175, events: 8193

2024-07-17 23:31:30.048169 INFO: HttpConn 175 close success
2024-07-17 23:31:30.048173 INFO: Client[175] quit!
2024-07-17 23:31:30.048300 INFO: eventNum: 1
2024-07-17 23:31:30.048316 INFO: fd: 13, events: 1

2024-07-17 23:31:30.048320 INFO: HandleListenEvent 13
2024-07-17 23:31:30.048335 INFO: HttpConn 107 init success
2024-07-17 23:31:30.048341 INFO: addTimer id:107 expireTime:1721230790
2024-07-17 23:31:30.048350 INFO: Client[107] in!
2024-07-17 23:31:30.048355 INFO: HandleListenEvent 13
2024-07-17 23:31:30.048362 ERROR: Accept failure -1
2024-07-17 23:31:30.048765 INFO: eventNum: 1
2024-07-17 23:31:30.048776 INFO: fd: 102, events: 1

2024-07-17 23:31:30.048791 INFO: HttpConn 102 read success
2024-07-17 23:31:30.048801 INFO: GET / HTTP/1.1
2024-07-17 23:31:30.048807 INFO: Host: 39.98.202.182:9006
2024-07-17 23:31:30.048812 INFO: User-Agent: Go-http-client/1.1
2024-07-17 23:31:30.048816 INFO: oop!unknow header: User-Agent: Go-http-client/1.1
2024-07-17 23:31:30.048821 INFO: X-Vegeta-Seq: 1094
2024-07-17 23:31:30.048825 INFO: oop!unknow header: X-Vegeta-Seq: 1094
2024-07-17 23:31:30.048829 INFO: Accept-Encoding: gzip
2024-07-17 23:31:30.048834 INFO: oop!unknow header: Accept-Encoding: gzip
2024-07-17 23:31:30.048838 INFO: 
2024-07-17 23:31:30.048863 INFO: request:HTTP/1.1 200 OK

2024-07-17 23:31:30.048868 INFO: request:HTTP/1.1 200 OK
Content-Length:542

2024-07-17 23:31:30.048873 INFO: request:HTTP/1.1 200 OK
Content-Length:542
Connection:close

2024-07-17 23:31:30.048878 INFO: request:HTTP/1.1 200 OK
Content-Length:542
Connection:close


2024-07-17 23:31:30.048889 INFO: Thread 140246122866240 is running task

2024-07-17 23:31:30.048900 INFO: eventNum: 2
2024-07-17 23:31:30.048904 INFO: fd: 104, events: 1

2024-07-17 23:31:30.048915 INFO: fd: 102, events: 4

2024-07-17 23:31:30.048931 INFO: HttpConn 104 read success
2024-07-17 23:31:30.048953 INFO: GET / HTTP/1.1
2024-07-17 23:31:30.048960 INFO: Host: 39.98.202.182:9006
2024-07-17 23:31:30.048964 INFO: User-Agent: Go-http-client/1.1
2024-07-17 23:31:30.048969 INFO: oop!unknow header: User-Agent: Go-http-client/1.1
2024-07-17 23:31:30.048973 INFO: X-Vegeta-Seq: 1095
2024-07-17 23:31:30.048977 INFO: oop!unknow header: X-Vegeta-Seq: 1095
2024-07-17 23:31:30.048981 INFO: Accept-Encoding: gzip
2024-07-17 23:31:30.048986 INFO: oop!unknow header: Accept-Encoding: gzip
2024-07-17 23:31:30.048990 INFO: 
2024-07-17 23:31:30.049008 INFO: request:HTTP/1.1 200 OK

2024-07-17 23:31:30.049013 INFO: request:HTTP/1.1 200 OK
Content-Length:542

2024-07-17 23:31:30.049017 INFO: request:HTTP/1.1 200 OK
Content-Length:542
Connection:close

2024-07-17 23:31:30.049022 INFO: request:HTTP/1.1 200 OK
Content-Length:542
Connection:close


2024-07-17 23:31:30.049036 INFO: Thread 140246148044352 is running task

2024-07-17 23:31:30.049038 INFO: eventNum: 1
2024-07-17 23:31:30.049047 INFO: fd: 104, events: 4

2024-07-17 23:31:30.049072 INFO: Thread 140246148044352 is running task

2024-07-17 23:31:30.049099 INFO: Thread 140246148044352 is running task

2024-07-17 23:31:30.050746 INFO: eventNum: 1
2024-07-17 23:31:30.050776 INFO: fd: 13, events: 1

2024-07-17 23:31:30.050782 INFO: HandleListenEvent 13
2024-07-17 23:31:30.050797 INFO: HttpConn 108 init success
2024-07-17 23:31:30.050803 INFO: addTimer id:108 expireTime:1721230790
2024-07-17 23:31:30.050813 INFO: Client[108] in!
2024-07-17 23:31:30.050818 INFO: HandleListenEvent 13
2024-07-17 23:31:30.050828 INFO: HttpConn 114 init success
2024-07-17 23:31:30.050833 INFO: addTimer id:114 expireTime:1721230790
2024-07-17 23:31:30.050840 INFO: Client[114] in!
2024-07-17 23:31:30.050851 INFO: HandleListenEvent 13
2024-07-17 23:31:30.050860 ERROR: Accept failure -1
2024-07-17 23:31:30.050943 INFO: eventNum: 1
2024-07-17 23:31:30.050963 INFO: fd: 107, events: 1

2024-07-17 23:31:30.050979 INFO: HttpConn 107 read success
2024-07-17 23:31:30.050989 INFO: GET / HTTP/1.1
2024-07-17 23:31:30.050995 INFO: Host: 39.98.202.182:9006
2024-07-17 23:31:30.051000 INFO: User-Agent: Go-http-client/1.1
2024-07-17 23:31:30.051004 INFO: oop!unknow header: User-Agent: Go-http-client/1.1
2024-07-17 23:31:30.051009 INFO: X-Vegeta-Seq: 1160
2024-07-17 23:31:30.051013 INFO: oop!unknow header: X-Vegeta-Seq: 1160
2024-07-17 23:31:30.051017 INFO: Accept-Encoding: gzip
2024-07-17 23:31:30.051021 INFO: oop!unknow header: Accept-Encoding: gzip
2024-07-17 23:31:30.051027 INFO: 
2024-07-17 23:31:30.051049 INFO: request:HTTP/1.1 200 OK

2024-07-17 23:31:30.051056 INFO: request:HTTP/1.1 200 OK
Content-Length:542

2024-07-17 23:31:30.051061 INFO: request:HTTP/1.1 200 OK
Content-Length:542
Connection:close

2024-07-17 23:31:30.051066 INFO: request:HTTP/1.1 200 OK
Content-Length:542
Connection:close


2024-07-17 23:31:30.051076 INFO: Thread 140246114473536 is running task

2024-07-17 23:31:30.051086 INFO: eventNum: 1
2024-07-17 23:31:30.051091 INFO: fd: 107, events: 4

2024-07-17 23:31:30.051134 INFO: Thread 140246097688128 is running task

2024-07-17 23:31:30.051902 INFO: eventNum: 2
2024-07-17 23:31:30.051922 INFO: fd: 13, events: 1

2024-07-17 23:31:30.051927 INFO: HandleListenEvent 13
2024-07-17 23:31:30.051943 INFO: HttpConn 164 init success
2024-07-17 23:31:30.051950 INFO: addTimer id:164 expireTime:1721230790
2024-07-17 23:31:30.051961 INFO: Client[164] in!
2024-07-17 23:31:30.051966 INFO: HandleListenEvent 13
2024-07-17 23:31:30.051975 ERROR: Accept failure -1
2024-07-17 23:31:30.051980 INFO: fd: 114, events: 1

2024-07-17 23:31:30.051995 INFO: HttpConn 114 read success
2024-07-17 23:31:30.052006 INFO: GET / HTTP/1.1
2024-07-17 23:31:30.052014 INFO: Host: 39.98.202.182:9006
2024-07-17 23:31:30.052020 INFO: User-Agent: Go-http-client/1.1
2024-07-17 23:31:30.052027 INFO: oop!unknow header: User-Agent: Go-http-client/1.1
2024-07-17 23:31:30.052034 INFO: X-Vegeta-Seq: 1164
2024-07-17 23:31:30.052039 INFO: oop!unknow header: X-Vegeta-Seq: 1164
2024-07-17 23:31:30.052043 INFO: Accept-Encoding: gzip
2024-07-17 23:31:30.052047 INFO: oop!unknow header: Accept-Encoding: gzip
2024-07-17 23:31:30.052052 INFO: 
2024-07-17 23:31:30.052068 INFO: request:HTTP/1.1 200 OK

2024-07-17 23:31:30.052073 INFO: request:HTTP/1.1 200 OK
Content-Length:542

2024-07-17 23:31:30.052077 INFO: request:HTTP/1.1 200 OK
Content-Length:542
Connection:close

2024-07-17 23:31:30.052082 INFO: request:HTTP/1.1 200 OK
Content-Length:542
Connection:close


2024-07-17 23:31:30.052092 INFO: Thread 140246156437056 is running task

2024-07-17 23:31:30.052102 INFO: eventNum: 1
2024-07-17 23:31:30.052107 INFO: fd: 114, events: 4

2024-07-17 23:31:30.052142 INFO: Thread 140246106080832 is running task

2024-07-17 23:31:30.052181 INFO: eventNum: 1
2024-07-17 23:31:30.052188 INFO: fd: 13, events: 1

2024-07-17 23:31:30.052192 INFO: HandleListenEvent 13
2024-07-17 23:31:30.052205 INFO: HttpConn 165 init success
2024-07-17 23:31:30.052210 INFO: addTimer id:165 expireTime:1721230790
2024-07-17 23:31:30.052220 INFO: Client[165] in!
2024-07-17 23:31:30.052225 INFO: HandleListenEvent 13
2024-07-17 23:31:30.052233 ERROR: Accept failure -1
2024-07-17 23:31:30.052310 INFO: eventNum: 1
2024-07-17 23:31:30.052322 INFO: fd: 13, events: 1

2024-07-17 23:31:30.052326 INFO: HandleListenEvent 13
2024-07-17 23:31:30.052335 INFO: HttpConn 167 init success
2024-07-17 23:31:30.052340 INFO: addTimer id:167 expireTime:1721230790
2024-07-17 23:31:30.052349 INFO: Client[167] in!
2024-07-17 23:31:30.052354 INFO: HandleListenEvent 13
2024-07-17 23:31:30.052361 ERROR: Accept failure -1
2024-07-17 23:31:30.052981 INFO: eventNum: 1
2024-07-17 23:31:30.053003 INFO: fd: 108, events: 1

2024-07-17 23:31:30.053017 INFO: eventNum: 1
2024-07-17 23:31:30.053022 INFO: fd: 164, events: 1

2024-07-17 23:31:30.053024 INFO: HttpConn 108 read success
2024-07-17 23:31:30.053045 INFO: HttpConn 164 read success
2024-07-17 23:31:30.053053 INFO: GET / HTTP/1.1
2024-07-17 23:31:30.053057 INFO: GET / HTTP/1.1
2024-07-17 23:31:30.053061 INFO: Host: 39.98.202.182:9006
2024-07-17 23:31:30.053069 INFO: Host: 39.98.202.182:9006
2024-07-17 23:31:30.053078 INFO: User-Agent: Go-http-client/1.1
2024-07-17 23:31:30.053101 INFO: oop!unknow header: User-Agent: Go-http-client/1.1
2024-07-17 23:31:30.053088 INFO: User-Agent: Go-http-client/1.1
2024-07-17 23:31:30.053107 INFO: X-Vegeta-Seq: 1176
2024-07-17 23:31:30.053128 INFO: oop!unknow header: X-Vegeta-Seq: 1176
2024-07-17 23:31:30.053117 INFO: oop!unknow header: User-Agent: Go-http-client/1.1
2024-07-17 23:31:30.053133 INFO: Accept-Encoding: gzip
2024-07-17 23:31:30.053153 INFO: oop!unknow header: Accept-Encoding: gzip
2024-07-17 23:31:30.053142 INFO: X-Vegeta-Seq: 1166
2024-07-17 23:31:30.053158 INFO: 
2024-07-17 23:31:30.053167 INFO: oop!unknow header: X-Vegeta-Seq: 1166
2024-07-17 23:31:30.053189 INFO: Accept-Encoding: gzip
2024-07-17 23:31:30.053195 INFO: oop!unknow header: Accept-Encoding: gzip
2024-07-17 23:31:30.053199 INFO: 
2024-07-17 23:31:30.053205 INFO: request:HTTP/1.1 200 OK

2024-07-17 23:31:30.053213 INFO: request:HTTP/1.1 200 OK
Content-Length:542

2024-07-17 23:31:30.053215 INFO: request:HTTP/1.1 200 OK

2024-07-17 23:31:30.053220 INFO: eventNum: 1
2024-07-17 23:31:30.053223 INFO: request:HTTP/1.1 200 OK
Content-Length:542
Connection:close

2024-07-17 23:31:30.053229 INFO: request:HTTP/1.1 200 OK
Content-Length:542

2024-07-17 23:31:30.053247 INFO: request:HTTP/1.1 200 OK
Content-Length:542
Connection:close


2024-07-17 23:31:30.053238 INFO: fd: 13, events: 1

2024-07-17 23:31:30.053255 INFO: request:HTTP/1.1 200 OK
Content-Length:542
Connection:close

2024-07-17 23:31:30.053272 INFO: Thread 140246122866240 is running task

2024-07-17 23:31:30.053279 INFO: HandleListenEvent 13
2024-07-17 23:31:30.053276 INFO: request:HTTP/1.1 200 OK
Content-Length:542
Connection:close


2024-07-17 23:31:30.053299 INFO: Thread 140246148044352 is running task

2024-07-17 23:31:30.053316 INFO: HttpConn 168 init success
2024-07-17 23:31:30.053323 INFO: addTimer id:168 expireTime:1721230790
2024-07-17 23:31:30.053332 INFO: Client[168] in!
2024-07-17 23:31:30.053337 INFO: HandleListenEvent 13
2024-07-17 23:31:30.053345 ERROR: Accept failure -1
2024-07-17 23:31:30.053350 INFO: eventNum: 2
2024-07-17 23:31:30.053355 INFO: fd: 108, events: 4

2024-07-17 23:31:30.053388 INFO: Thread 140246139651648 is running task

2024-07-17 23:31:30.053398 INFO: fd: 164, events: 4

2024-07-17 23:31:30.053422 INFO: Thread 140246131258944 is running task

2024-07-17 23:31:30.053471 INFO: eventNum: 1
2024-07-17 23:31:30.053478 INFO: fd: 167, events: 1

2024-07-17 23:31:30.053493 INFO: HttpConn 167 read success
2024-07-17 23:31:30.053505 INFO: GET / HTTP/1.1
2024-07-17 23:31:30.053512 INFO: Host: 39.98.202.182:9006
2024-07-17 23:31:30.053516 INFO: User-Agent: Go-http-client/1.1
2024-07-17 23:31:30.053520 INFO: oop!unknow header: User-Agent: Go-http-client/1.1
2024-07-17 23:31:30.053525 INFO: X-Vegeta-Seq: 1159
2024-07-17 23:31:30.053529 INFO: oop!unknow header: X-Vegeta-Seq: 1159
2024-07-17 23:31:30.053534 INFO: Accept-Encoding: gzip
2024-07-17 23:31:30.053538 INFO: oop!unknow header: Accept-Encoding: gzip
2024-07-17 23:31:30.053542 INFO: 
2024-07-17 23:31:30.053560 INFO: request:HTTP/1.1 200 OK

2024-07-17 23:31:30.053565 INFO: request:HTTP/1.1 200 OK
Content-Length:542

2024-07-17 23:31:30.053572 INFO: request:HTTP/1.1 200 OK
Content-Length:542
Connection:close

2024-07-17 23:31:30.053577 INFO: request:HTTP/1.1 200 OK
Content-Length:542
Connection:close


2024-07-17 23:31:30.053585 INFO: Thread 140246114473536 is running task

2024-07-17 23:31:30.053594 INFO: eventNum: 1
2024-07-17 23:31:30.053599 INFO: fd: 167, events: 4

2024-07-17 23:31:30.053638 INFO: Thread 140246097688128 is running task

2024-07-17 23:31:30.053673 INFO: eventNum: 1
2024-07-17 23:31:30.053691 INFO: fd: 165, events: 1

2024-07-17 23:31:30.053703 INFO: HttpConn 165 read success
2024-07-17 23:31:30.053711 INFO: GET / HTTP/1.1
2024-07-17 23:31:30.053716 INFO: Host: 39.98.202.182:9006
2024-07-17 23:31:30.053721 INFO: User-Agent: Go-http-client/1.1
2024-07-17 23:31:30.053725 INFO: oop!unknow header: User-Agent: Go-http-client/1.1
2024-07-17 23:31:30.053729 INFO: X-Vegeta-Seq: 1185
2024-07-17 23:31:30.053734 INFO: oop!unknow header: X-Vegeta-Seq: 1185
2024-07-17 23:31:30.053738 INFO: Accept-Encoding: gzip
2024-07-17 23:31:30.053742 INFO: oop!unknow header: Accept-Encoding: gzip
2024-07-17 23:31:30.053746 INFO: 
2024-07-17 23:31:30.053760 INFO: request:HTTP/1.1 200 OK

2024-07-17 23:31:30.053765 INFO: request:HTTP/1.1 200 OK
Content-Length:542

2024-07-17 23:31:30.053769 INFO: request:HTTP/1.1 200 OK
Content-Length:542
Connection:close

2024-07-17 23:31:30.053774 INFO: request:HTTP/1.1 200 OK
Content-Length:542
Connection:close


2024-07-17 23:31:30.053782 INFO: Thread 140246156437056 is running task

2024-07-17 23:31:30.053790 INFO: eventNum: 1
2024-07-17 23:31:30.053795 INFO: fd: 165, events: 4

2024-07-17 23:31:30.053824 INFO: Thread 140246106080832 is running task

2024-07-17 23:31:30.053893 INFO: eventNum: 1
2024-07-17 23:31:30.053908 INFO: fd: 13, events: 1

2024-07-17 23:31:30.053916 INFO: HandleListenEvent 13
2024-07-17 23:31:30.053933 INFO: HttpConn 171 init success
2024-07-17 23:31:30.053941 INFO: addTimer id:171 expireTime:1721230790
2024-07-17 23:31:30.053955 INFO: Client[171] in!
2024-07-17 23:31:30.053962 INFO: HandleListenEvent 13
2024-07-17 23:31:30.053977 INFO: HttpConn 172 init success
2024-07-17 23:31:30.053985 INFO: addTimer id:172 expireTime:1721230790
2024-07-17 23:31:30.053995 INFO: Client[172] in!
2024-07-17 23:31:30.054000 INFO: HandleListenEvent 13
2024-07-17 23:31:30.054010 ERROR: Accept failure -1
2024-07-17 23:31:30.054019 INFO: eventNum: 1
2024-07-17 23:31:30.054026 INFO: fd: 168, events: 1

2024-07-17 23:31:30.054046 INFO: HttpConn 168 read success
2024-07-17 23:31:30.054061 INFO: GET / HTTP/1.1
2024-07-17 23:31:30.054067 INFO: Host: 39.98.202.182:9006
2024-07-17 23:31:30.054071 INFO: User-Agent: Go-http-client/1.1
2024-07-17 23:31:30.054076 INFO: oop!unknow header: User-Agent: Go-http-client/1.1
2024-07-17 23:31:30.054080 INFO: X-Vegeta-Seq: 1170
2024-07-17 23:31:30.054098 INFO: oop!unknow header: X-Vegeta-Seq: 1170
2024-07-17 23:31:30.054103 INFO: eventNum: 1
2024-07-17 23:31:30.054103 INFO: Accept-Encoding: gzip
2024-07-17 23:31:30.054153 INFO: oop!unknow header: Accept-Encoding: gzip
2024-07-17 23:31:30.054130 INFO: fd: 13, events: 1

2024-07-17 23:31:30.054168 INFO: HandleListenEvent 13
2024-07-17 23:31:30.054158 INFO: 
2024-07-17 23:31:30.054184 INFO: HttpConn 173 init success
2024-07-17 23:31:30.054191 INFO: addTimer id:173 expireTime:1721230790
2024-07-17 23:31:30.054194 INFO: request:HTTP/1.1 200 OK

2024-07-17 23:31:30.054200 INFO: Client[173] in!
2024-07-17 23:31:30.054200 INFO: request:HTTP/1.1 200 OK
Content-Length:542

2024-07-17 23:31:30.054221 INFO: request:HTTP/1.1 200 OK
Content-Length:542
Connection:close

2024-07-17 23:31:30.054209 INFO: HandleListenEvent 13
2024-07-17 23:31:30.054227 INFO: request:HTTP/1.1 200 OK
Content-Length:542
Connection:close


2024-07-17 23:31:30.054240 ERROR: Accept failure -1
2024-07-17 23:31:30.054247 INFO: Thread 140246122866240 is running task

2024-07-17 23:31:30.054247 INFO: eventNum: 1
2024-07-17 23:31:30.054302 INFO: fd: 168, events: 4

2024-07-17 23:31:30.054338 INFO: Thread 140246148044352 is running task

2024-07-17 23:31:30.054357 INFO: eventNum: 1
2024-07-17 23:31:30.054362 INFO: fd: 172, events: 1

2024-07-17 23:31:30.054372 INFO: HttpConn 172 read success
2024-07-17 23:31:30.054381 INFO: GET / HTTP/1.1
2024-07-17 23:31:30.054387 INFO: Host: 39.98.202.182:9006
2024-07-17 23:31:30.054392 INFO: User-Agent: Go-http-client/1.1
2024-07-17 23:31:30.054396 INFO: oop!unknow header: User-Agent: Go-http-client/1.1
2024-07-17 23:31:30.054401 INFO: X-Vegeta-Seq: 1169
2024-07-17 23:31:30.054405 INFO: oop!unknow header: X-Vegeta-Seq: 1169
2024-07-17 23:31:30.054414 INFO: Accept-Encoding: gzip
2024-07-17 23:31:30.054419 INFO: oop!unknow header: Accept-Encoding: gzip
2024-07-17 23:31:30.054449 INFO: 
2024-07-17 23:31:30.054472 INFO: request:HTTP/1.1 200 OK

2024-07-17 23:31:30.054480 INFO: request:HTTP/1.1 200 OK
Content-Length:542

2024-07-17 23:31:30.054485 INFO: request:HTTP/1.1 200 OK
Content-Length:542
Connection:close

2024-07-17 23:31:30.054490 INFO: request:HTTP/1.1 200 OK
Content-Length:542
Connection:close


2024-07-17 23:31:30.054498 INFO: Thread 140246139651648 is running task

2024-07-17 23:31:30.054508 INFO: eventNum: 2
2024-07-17 23:31:30.054512 INFO: fd: 173, events: 1

2024-07-17 23:31:30.054526 INFO: HttpConn 173 read success
2024-07-17 23:31:30.054535 INFO: GET / HTTP/1.1
2024-07-17 23:31:30.054541 INFO: Host: 39.98.202.182:9006
2024-07-17 23:31:30.054545 INFO: User-Agent: Go-http-client/1.1
2024-07-17 23:31:30.054550 INFO: oop!unknow header: User-Agent: Go-http-client/1.1
2024-07-17 23:31:30.054554 INFO: X-Vegeta-Seq: 1175
2024-07-17 23:31:30.054558 INFO: oop!unknow header: X-Vegeta-Seq: 1175
2024-07-17 23:31:30.054563 INFO: Accept-Encoding: gzip
2024-07-17 23:31:30.054567 INFO: oop!unknow header: Accept-Encoding: gzip
2024-07-17 23:31:30.054571 INFO: 
2024-07-17 23:31:30.054584 INFO: request:HTTP/1.1 200 OK

2024-07-17 23:31:30.054588 INFO: request:HTTP/1.1 200 OK
Content-Length:542

2024-07-17 23:31:30.054593 INFO: request:HTTP/1.1 200 OK
Content-Length:542
Connection:close

2024-07-17 23:31:30.054597 INFO: request:HTTP/1.1 200 OK
Content-Length:542
Connection:close


2024-07-17 23:31:30.054604 INFO: Thread 140246131258944 is running task

2024-07-17 23:31:30.054611 INFO: fd: 172, events: 4

2024-07-17 23:31:30.054637 INFO: Thread 140246114473536 is running task

2024-07-17 23:31:30.054653 INFO: eventNum: 2
2024-07-17 23:31:30.054657 INFO: fd: 173, events: 4

2024-07-17 23:31:30.054668 INFO: fd: 171, events: 1

2024-07-17 23:31:30.054678 INFO: HttpConn 171 read success
2024-07-17 23:31:30.054686 INFO: GET / HTTP/1.1
2024-07-17 23:31:30.054695 INFO: Thread 140246097688128 is running task

2024-07-17 23:31:30.054695 INFO: Host: 39.98.202.182:9006
2024-07-17 23:31:30.054712 INFO: User-Agent: Go-http-client/1.1
2024-07-17 23:31:30.054717 INFO: oop!unknow header: User-Agent: Go-http-client/1.1
2024-07-17 23:31:30.054721 INFO: X-Vegeta-Seq: 1184
2024-07-17 23:31:30.054725 INFO: oop!unknow header: X-Vegeta-Seq: 1184
2024-07-17 23:31:30.054730 INFO: Accept-Encoding: gzip
2024-07-17 23:31:30.054734 INFO: oop!unknow header: Accept-Encoding: gzip
2024-07-17 23:31:30.054738 INFO: 
2024-07-17 23:31:30.054750 INFO: request:HTTP/1.1 200 OK

2024-07-17 23:31:30.054754 INFO: request:HTTP/1.1 200 OK
Content-Length:542

2024-07-17 23:31:30.054759 INFO: request:HTTP/1.1 200 OK
Content-Length:542
Connection:close

2024-07-17 23:31:30.054763 INFO: request:HTTP/1.1 200 OK
Content-Length:542
Connection:close


2024-07-17 23:31:30.054771 INFO: Thread 140246156437056 is running task

2024-07-17 23:31:30.054780 INFO: eventNum: 2
