2024-07-17 23:32:22.069870 INFO: Accept-Encoding: gzip
2024-07-17 23:32:22.069935 INFO: oop!unknow header: Accept-Encoding: gzip
2024-07-17 23:32:22.069941 INFO: 
2024-07-17 23:32:22.069954 INFO: request:HTTP/1.1 200 OK

2024-07-17 23:32:22.069960 INFO: request:HTTP/1.1 200 OK
Content-Length:542

2024-07-17 23:32:22.069967 INFO: request:HTTP/1.1 200 OK
Content-Length:542
Connection:close

2024-07-17 23:32:22.069974 INFO: request:HTTP/1.1 200 OK
Content-Length:542
Connection:close


2024-07-17 23:32:22.069985 INFO: Thread 140246131258944 is running task

2024-07-17 23:32:22.070006 INFO: eventNum: 1
2024-07-17 23:32:22.070014 INFO: fd: 496, events: 4

2024-07-17 23:32:22.070048 INFO: eventNum: 1
2024-07-17 23:32:22.070055 INFO: fd: 121, events: 8193

2024-07-17 23:32:22.070072 INFO: Thread 140246148044352 is running task

2024-07-17 23:32:22.070076 INFO: HttpConn 121 close success
2024-07-17 23:32:22.070106 INFO: Client[121] quit!
2024-07-17 23:32:22.070390 INFO: eventNum: 1
2024-07-17 23:32:22.070403 INFO: fd: 132, events: 8193

2024-07-17 23:32:22.070418 INFO: HttpConn 132 close success
2024-07-17 23:32:22.070425 INFO: Client[132] quit!
2024-07-17 23:32:22.070919 INFO: eventNum: 1
2024-07-17 23:32:22.070936 INFO: fd: 13, events: 1

2024-07-17 23:32:22.070945 INFO: HandleListenEvent 13
2024-07-17 23:32:22.070961 INFO: HttpConn 121 init success
2024-07-17 23:32:22.070967 INFO: addTimer id:121 expireTime:1721230842
2024-07-17 23:32:22.070978 INFO: Client[121] in!
2024-07-17 23:32:22.070984 INFO: HandleListenEvent 13
2024-07-17 23:32:22.070992 ERROR: Accept failure -1
2024-07-17 23:32:22.070998 INFO: eventNum: 1
2024-07-17 23:32:22.071002 INFO: fd: 121, events: 1

2024-07-17 23:32:22.071019 INFO: HttpConn 121 read success
2024-07-17 23:32:22.071038 INFO: GET / HTTP/1.1
2024-07-17 23:32:22.071044 INFO: Host: 39.98.202.182:9006
2024-07-17 23:32:22.071049 INFO: User-Agent: Go-http-client/1.1
2024-07-17 23:32:22.071053 INFO: oop!unknow header: User-Agent: Go-http-client/1.1
2024-07-17 23:32:22.071057 INFO: X-Vegeta-Seq: 2211
2024-07-17 23:32:22.071061 INFO: oop!unknow header: X-Vegeta-Seq: 2211
2024-07-17 23:32:22.071068 INFO: Accept-Encoding: gzip
2024-07-17 23:32:22.071074 INFO: oop!unknow header: Accept-Encoding: gzip
2024-07-17 23:32:22.071080 INFO: 
2024-07-17 23:32:22.071101 INFO: request:HTTP/1.1 200 OK

2024-07-17 23:32:22.071107 INFO: request:HTTP/1.1 200 OK
Content-Length:542

2024-07-17 23:32:22.071112 INFO: request:HTTP/1.1 200 OK
Content-Length:542
Connection:close

2024-07-17 23:32:22.071116 INFO: request:HTTP/1.1 200 OK
Content-Length:542
Connection:close


2024-07-17 23:32:22.071132 INFO: Thread 140246156437056 is running task

2024-07-17 23:32:22.071135 INFO: eventNum: 1
2024-07-17 23:32:22.071142 INFO: fd: 121, events: 4

2024-07-17 23:32:22.071176 INFO: eventNum: 1
2024-07-17 23:32:22.071186 INFO: fd: 160, events: 1

2024-07-17 23:32:22.071194 INFO: Thread 140246114473536 is running task

2024-07-17 23:32:22.071205 INFO: HttpConn 160 read success
2024-07-17 23:32:22.071219 INFO: GET / HTTP/1.1
2024-07-17 23:32:22.071224 INFO: Host: 39.98.202.182:9006
2024-07-17 23:32:22.071228 INFO: User-Agent: Go-http-client/1.1
2024-07-17 23:32:22.071233 INFO: oop!unknow header: User-Agent: Go-http-client/1.1
2024-07-17 23:32:22.071237 INFO: X-Vegeta-Seq: 2210
2024-07-17 23:32:22.071242 INFO: oop!unknow header: X-Vegeta-Seq: 2210
2024-07-17 23:32:22.071246 INFO: Accept-Encoding: gzip
2024-07-17 23:32:22.071251 INFO: oop!unknow header: Accept-Encoding: gzip
2024-07-17 23:32:22.071255 INFO: 
2024-07-17 23:32:22.071271 INFO: request:HTTP/1.1 200 OK

2024-07-17 23:32:22.071276 INFO: request:HTTP/1.1 200 OK
Content-Length:542

2024-07-17 23:32:22.071281 INFO: request:HTTP/1.1 200 OK
Content-Length:542
Connection:close

2024-07-17 23:32:22.071285 INFO: request:HTTP/1.1 200 OK
Content-Length:542
Connection:close


2024-07-17 23:32:22.071295 INFO: Thread 140246139651648 is running task

2024-07-17 23:32:22.071304 INFO: eventNum: 1
2024-07-17 23:32:22.071309 INFO: fd: 160, events: 4

2024-07-17 23:32:22.071339 INFO: Thread 140246106080832 is running task

2024-07-17 23:32:22.071769 INFO: eventNum: 1
2024-07-17 23:32:22.071784 INFO: fd: 13, events: 1

2024-07-17 23:32:22.071789 INFO: HandleListenEvent 13
2024-07-17 23:32:22.071803 INFO: HttpConn 124 init success
2024-07-17 23:32:22.071809 INFO: addTimer id:124 expireTime:1721230842
2024-07-17 23:32:22.071819 INFO: Client[124] in!
2024-07-17 23:32:22.071824 INFO: HandleListenEvent 13
2024-07-17 23:32:22.071832 ERROR: Accept failure -1
2024-07-17 23:32:22.071837 INFO: eventNum: 1
2024-07-17 23:32:22.071842 INFO: fd: 124, events: 1

2024-07-17 23:32:22.071855 INFO: HttpConn 124 read success
2024-07-17 23:32:22.071864 INFO: GET / HTTP/1.1
2024-07-17 23:32:22.071869 INFO: Host: 39.98.202.182:9006
2024-07-17 23:32:22.071877 INFO: User-Agent: Go-http-client/1.1
2024-07-17 23:32:22.071881 INFO: oop!unknow header: User-Agent: Go-http-client/1.1
2024-07-17 23:32:22.071886 INFO: X-Vegeta-Seq: 2206
2024-07-17 23:32:22.071890 INFO: oop!unknow header: X-Vegeta-Seq: 2206
2024-07-17 23:32:22.071894 INFO: Accept-Encoding: gzip
2024-07-17 23:32:22.071898 INFO: oop!unknow header: Accept-Encoding: gzip
2024-07-17 23:32:22.071902 INFO: 
2024-07-17 23:32:22.071916 INFO: request:HTTP/1.1 200 OK

2024-07-17 23:32:22.071921 INFO: request:HTTP/1.1 200 OK
Content-Length:542

2024-07-17 23:32:22.071925 INFO: request:HTTP/1.1 200 OK
Content-Length:542
Connection:close

2024-07-17 23:32:22.071930 INFO: request:HTTP/1.1 200 OK
Content-Length:542
Connection:close


2024-07-17 23:32:22.071938 INFO: Thread 140246122866240 is running task

2024-07-17 23:32:22.071947 INFO: eventNum: 2
2024-07-17 23:32:22.071953 INFO: fd: 13, events: 1

2024-07-17 23:32:22.071960 INFO: HandleListenEvent 13
2024-07-17 23:32:22.071974 INFO: HttpConn 132 init success
2024-07-17 23:32:22.071980 INFO: addTimer id:132 expireTime:1721230842
2024-07-17 23:32:22.071990 INFO: Client[132] in!
2024-07-17 23:32:22.071995 INFO: HandleListenEvent 13
2024-07-17 23:32:22.072004 ERROR: Accept failure -1
2024-07-17 23:32:22.072009 INFO: fd: 124, events: 4

2024-07-17 23:32:22.072040 INFO: Thread 140246097688128 is running task

2024-07-17 23:32:22.072051 INFO: eventNum: 1
2024-07-17 23:32:22.072056 INFO: fd: 132, events: 1

2024-07-17 23:32:22.072066 INFO: HttpConn 132 read success
2024-07-17 23:32:22.072106 INFO: GET / HTTP/1.1
2024-07-17 23:32:22.072112 INFO: Host: 39.98.202.182:9006
2024-07-17 23:32:22.072116 INFO: User-Agent: Go-http-client/1.1
2024-07-17 23:32:22.072121 INFO: oop!unknow header: User-Agent: Go-http-client/1.1
2024-07-17 23:32:22.072125 INFO: X-Vegeta-Seq: 2204
2024-07-17 23:32:22.072129 INFO: oop!unknow header: X-Vegeta-Seq: 2204
2024-07-17 23:32:22.072133 INFO: Accept-Encoding: gzip
2024-07-17 23:32:22.072138 INFO: oop!unknow header: Accept-Encoding: gzip
2024-07-17 23:32:22.072142 INFO: 
2024-07-17 23:32:22.072155 INFO: request:HTTP/1.1 200 OK

2024-07-17 23:32:22.072160 INFO: request:HTTP/1.1 200 OK
Content-Length:542

2024-07-17 23:32:22.072164 INFO: request:HTTP/1.1 200 OK
Content-Length:542
Connection:close

2024-07-17 23:32:22.072168 INFO: request:HTTP/1.1 200 OK
Content-Length:542
Connection:close


2024-07-17 23:32:22.072176 INFO: Thread 140246131258944 is running task

2024-07-17 23:32:22.072203 INFO: eventNum: 1
2024-07-17 23:32:22.072224 INFO: fd: 132, events: 4

2024-07-17 23:32:22.072272 INFO: Thread 140246148044352 is running task

2024-07-17 23:32:22.072742 INFO: eventNum: 1
2024-07-17 23:32:22.072768 INFO: fd: 13, events: 1

2024-07-17 23:32:22.072773 INFO: HandleListenEvent 13
2024-07-17 23:32:22.072784 INFO: HttpConn 497 init success
2024-07-17 23:32:22.072790 INFO: addTimer id:497 expireTime:1721230842
2024-07-17 23:32:22.072803 INFO: Client[497] in!
2024-07-17 23:32:22.072808 INFO: HandleListenEvent 13
2024-07-17 23:32:22.072817 ERROR: Accept failure -1
2024-07-17 23:32:22.072822 INFO: eventNum: 1
2024-07-17 23:32:22.072826 INFO: fd: 497, events: 1

2024-07-17 23:32:22.072841 INFO: HttpConn 497 read success
2024-07-17 23:32:22.072858 INFO: GET / HTTP/1.1
2024-07-17 23:32:22.072864 INFO: Host: 39.98.202.182:9006
2024-07-17 23:32:22.072884 INFO: User-Agent: Go-http-client/1.1
2024-07-17 23:32:22.072891 INFO: oop!unknow header: User-Agent: Go-http-client/1.1
2024-07-17 23:32:22.072904 INFO: X-Vegeta-Seq: 2170
2024-07-17 23:32:22.072912 INFO: oop!unknow header: X-Vegeta-Seq: 2170
2024-07-17 23:32:22.072918 INFO: Accept-Encoding: gzip
2024-07-17 23:32:22.072923 INFO: oop!unknow header: Accept-Encoding: gzip
2024-07-17 23:32:22.072930 INFO: 
2024-07-17 23:32:22.072949 INFO: request:HTTP/1.1 200 OK

2024-07-17 23:32:22.072954 INFO: request:HTTP/1.1 200 OK
Content-Length:542

2024-07-17 23:32:22.072959 INFO: request:HTTP/1.1 200 OK
Content-Length:542
Connection:close

2024-07-17 23:32:22.072963 INFO: request:HTTP/1.1 200 OK
Content-Length:542
Connection:close


2024-07-17 23:32:22.072977 INFO: Thread 140246156437056 is running task

2024-07-17 23:32:22.072982 INFO: eventNum: 1
2024-07-17 23:32:22.072993 INFO: fd: 497, events: 4

2024-07-17 23:32:22.073029 INFO: Thread 140246114473536 is running task

2024-07-17 23:32:22.073227 INFO: eventNum: 1
2024-07-17 23:32:22.073241 INFO: fd: 13, events: 1

2024-07-17 23:32:22.073246 INFO: HandleListenEvent 13
2024-07-17 23:32:22.073260 INFO: HttpConn 498 init success
2024-07-17 23:32:22.073269 INFO: addTimer id:498 expireTime:1721230842
2024-07-17 23:32:22.073283 INFO: Client[498] in!
2024-07-17 23:32:22.073288 INFO: HandleListenEvent 13
2024-07-17 23:32:22.073298 INFO: HttpConn 499 init success
2024-07-17 23:32:22.073303 INFO: addTimer id:499 expireTime:1721230842
2024-07-17 23:32:22.073312 INFO: Client[499] in!
2024-07-17 23:32:22.073316 INFO: HandleListenEvent 13
2024-07-17 23:32:22.073325 ERROR: Accept failure -1
2024-07-17 23:32:22.073331 INFO: eventNum: 2
2024-07-17 23:32:22.073335 INFO: fd: 498, events: 1

2024-07-17 23:32:22.073347 INFO: HttpConn 498 read success
2024-07-17 23:32:22.073356 INFO: GET / HTTP/1.1
2024-07-17 23:32:22.073361 INFO: Host: 39.98.202.182:9006
2024-07-17 23:32:22.073366 INFO: User-Agent: Go-http-client/1.1
2024-07-17 23:32:22.073370 INFO: oop!unknow header: User-Agent: Go-http-client/1.1
2024-07-17 23:32:22.073380 INFO: X-Vegeta-Seq: 2168
2024-07-17 23:32:22.073386 INFO: oop!unknow header: X-Vegeta-Seq: 2168
2024-07-17 23:32:22.073394 INFO: Accept-Encoding: gzip
2024-07-17 23:32:22.073400 INFO: oop!unknow header: Accept-Encoding: gzip
2024-07-17 23:32:22.073407 INFO: 
2024-07-17 23:32:22.073425 INFO: request:HTTP/1.1 200 OK

2024-07-17 23:32:22.073431 INFO: request:HTTP/1.1 200 OK
Content-Length:542

2024-07-17 23:32:22.073438 INFO: request:HTTP/1.1 200 OK
Content-Length:542
Connection:close

2024-07-17 23:32:22.073443 INFO: request:HTTP/1.1 200 OK
Content-Length:542
Connection:close


2024-07-17 23:32:22.073452 INFO: Thread 140246139651648 is running task

2024-07-17 23:32:22.073469 INFO: fd: 499, events: 1

2024-07-17 23:32:22.073484 INFO: HttpConn 499 read success
2024-07-17 23:32:22.073496 INFO: GET / HTTP/1.1
2024-07-17 23:32:22.073503 INFO: Host: 39.98.202.182:9006
2024-07-17 23:32:22.073510 INFO: User-Agent: Go-http-client/1.1
2024-07-17 23:32:22.073517 INFO: oop!unknow header: User-Agent: Go-http-client/1.1
2024-07-17 23:32:22.073521 INFO: X-Vegeta-Seq: 2179
2024-07-17 23:32:22.073526 INFO: oop!unknow header: X-Vegeta-Seq: 2179
2024-07-17 23:32:22.073530 INFO: Accept-Encoding: gzip
2024-07-17 23:32:22.073534 INFO: oop!unknow header: Accept-Encoding: gzip
2024-07-17 23:32:22.073538 INFO: 
2024-07-17 23:32:22.073552 INFO: request:HTTP/1.1 200 OK

2024-07-17 23:32:22.073557 INFO: request:HTTP/1.1 200 OK
Content-Length:542

2024-07-17 23:32:22.073561 INFO: request:HTTP/1.1 200 OK
Content-Length:542
Connection:close

2024-07-17 23:32:22.073566 INFO: request:HTTP/1.1 200 OK
Content-Length:542
Connection:close


2024-07-17 23:32:22.073574 INFO: Thread 140246106080832 is running task

2024-07-17 23:32:22.073583 INFO: eventNum: 3
2024-07-17 23:32:22.073588 INFO: fd: 498, events: 4

2024-07-17 23:32:22.073621 INFO: Thread 140246122866240 is running task

2024-07-17 23:32:22.073637 INFO: fd: 13, events: 1

2024-07-17 23:32:22.073642 INFO: HandleListenEvent 13
2024-07-17 23:32:22.073697 INFO: HttpConn 500 init success
2024-07-17 23:32:22.073715 INFO: addTimer id:500 expireTime:1721230842
2024-07-17 23:32:22.073729 INFO: Client[500] in!
2024-07-17 23:32:22.073734 INFO: HandleListenEvent 13
2024-07-17 23:32:22.073744 ERROR: Accept failure -1
2024-07-17 23:32:22.073751 INFO: fd: 499, events: 4

2024-07-17 23:32:22.073791 INFO: Thread 140246097688128 is running task

2024-07-17 23:32:22.073815 INFO: eventNum: 1
2024-07-17 23:32:22.073820 INFO: fd: 500, events: 1

2024-07-17 23:32:22.073832 INFO: HttpConn 500 read success
2024-07-17 23:32:22.073841 INFO: GET / HTTP/1.1
2024-07-17 23:32:22.073847 INFO: Host: 39.98.202.182:9006
2024-07-17 23:32:22.073851 INFO: User-Agent: Go-http-client/1.1
2024-07-17 23:32:22.073855 INFO: oop!unknow header: User-Agent: Go-http-client/1.1
2024-07-17 23:32:22.073860 INFO: X-Vegeta-Seq: 2161
2024-07-17 23:32:22.073864 INFO: oop!unknow header: X-Vegeta-Seq: 2161
2024-07-17 23:32:22.073868 INFO: Accept-Encoding: gzip
2024-07-17 23:32:22.073873 INFO: oop!unknow header: Accept-Encoding: gzip
2024-07-17 23:32:22.073877 INFO: 
2024-07-17 23:32:22.073891 INFO: request:HTTP/1.1 200 OK

2024-07-17 23:32:22.073896 INFO: request:HTTP/1.1 200 OK
Content-Length:542

2024-07-17 23:32:22.073903 INFO: request:HTTP/1.1 200 OK
Content-Length:542
Connection:close

2024-07-17 23:32:22.073909 INFO: request:HTTP/1.1 200 OK
Content-Length:542
Connection:close


2024-07-17 23:32:22.073920 INFO: Thread 140246131258944 is running task

2024-07-17 23:32:22.073931 INFO: eventNum: 1
2024-07-17 23:32:22.073938 INFO: fd: 500, events: 4

2024-07-17 23:32:22.073980 INFO: Thread 140246148044352 is running task

2024-07-17 23:32:22.074093 INFO: eventNum: 1
2024-07-17 23:32:22.074106 INFO: fd: 13, events: 1

2024-07-17 23:32:22.074111 INFO: HandleListenEvent 13
2024-07-17 23:32:22.074165 INFO: HttpConn 501 init success
2024-07-17 23:32:22.074171 INFO: addTimer id:501 expireTime:1721230842
2024-07-17 23:32:22.074184 INFO: Client[501] in!
2024-07-17 23:32:22.074189 INFO: HandleListenEvent 13
2024-07-17 23:32:22.074199 INFO: HttpConn 502 init success
2024-07-17 23:32:22.074204 INFO: addTimer id:502 expireTime:1721230842
2024-07-17 23:32:22.074214 INFO: Client[502] in!
2024-07-17 23:32:22.074218 INFO: HandleListenEvent 13
2024-07-17 23:32:22.074228 INFO: HttpConn 503 init success
2024-07-17 23:32:22.074233 INFO: addTimer id:503 expireTime:1721230842
2024-07-17 23:32:22.074243 INFO: Client[503] in!
2024-07-17 23:32:22.074247 INFO: HandleListenEvent 13
2024-07-17 23:32:22.074255 ERROR: Accept failure -1
2024-07-17 23:32:22.074261 INFO: eventNum: 3
2024-07-17 23:32:22.074266 INFO: fd: 501, events: 1

2024-07-17 23:32:22.074278 INFO: fd: 502, events: 1

2024-07-17 23:32:22.074292 INFO: HttpConn 501 read success
2024-07-17 23:32:22.074299 INFO: HttpConn 502 read success
2024-07-17 23:32:22.074338 INFO: GET / HTTP/1.1
2024-07-17 23:32:22.074349 INFO: Host: 39.98.202.182:9006
2024-07-17 23:32:22.074357 INFO: User-Agent: Go-http-client/1.1
2024-07-17 23:32:22.074363 INFO: oop!unknow header: User-Agent: Go-http-client/1.1
2024-07-17 23:32:22.074370 INFO: X-Vegeta-Seq: 2138
2024-07-17 23:32:22.074414 INFO: oop!unknow header: X-Vegeta-Seq: 2138
2024-07-17 23:32:22.074421 INFO: Accept-Encoding: gzip
2024-07-17 23:32:22.074430 INFO: oop!unknow header: Accept-Encoding: gzip
2024-07-17 23:32:22.074437 INFO: 
2024-07-17 23:32:22.074455 INFO: request:HTTP/1.1 200 OK

2024-07-17 23:32:22.074462 INFO: request:HTTP/1.1 200 OK
Content-Length:542

2024-07-17 23:32:22.074469 INFO: request:HTTP/1.1 200 OK
Content-Length:542
Connection:close

2024-07-17 23:32:22.074476 INFO: request:HTTP/1.1 200 OK
Content-Length:542
Connection:close


2024-07-17 23:32:22.074490 INFO: Thread 140246156437056 is running task

2024-07-17 23:32:22.074305 INFO: GET / HTTP/1.1
2024-07-17 23:32:22.074521 INFO: Host: 39.98.202.182:9006
2024-07-17 23:32:22.074528 INFO: User-Agent: Go-http-client/1.1
2024-07-17 23:32:22.074534 INFO: oop!unknow header: User-Agent: Go-http-client/1.1
2024-07-17 23:32:22.074552 INFO: X-Vegeta-Seq: 2158
2024-07-17 23:32:22.074561 INFO: oop!unknow header: X-Vegeta-Seq: 2158
2024-07-17 23:32:22.074566 INFO: Accept-Encoding: gzip
2024-07-17 23:32:22.074570 INFO: oop!unknow header: Accept-Encoding: gzip
2024-07-17 23:32:22.074574 INFO: 
2024-07-17 23:32:22.074593 INFO: request:HTTP/1.1 200 OK

2024-07-17 23:32:22.074601 INFO: request:HTTP/1.1 200 OK
Content-Length:542

2024-07-17 23:32:22.074607 INFO: request:HTTP/1.1 200 OK
Content-Length:542
Connection:close

2024-07-17 23:32:22.074613 INFO: request:HTTP/1.1 200 OK
Content-Length:542
Connection:close


2024-07-17 23:32:22.074625 INFO: Thread 140246114473536 is running task

2024-07-17 23:32:22.074666 INFO: fd: 503, events: 1

2024-07-17 23:32:22.074687 INFO: eventNum: 2
2024-07-17 23:32:22.074692 INFO: fd: 502, events: 4

2024-07-17 23:32:22.074695 INFO: HttpConn 503 read success
2024-07-17 23:32:22.074713 INFO: GET / HTTP/1.1
2024-07-17 23:32:22.074722 INFO: Host: 39.98.202.182:9006
2024-07-17 23:32:22.074726 INFO: User-Agent: Go-http-client/1.1
2024-07-17 23:32:22.074730 INFO: oop!unknow header: User-Agent: Go-http-client/1.1
2024-07-17 23:32:22.074735 INFO: X-Vegeta-Seq: 2157
2024-07-17 23:32:22.074739 INFO: oop!unknow header: X-Vegeta-Seq: 2157
2024-07-17 23:32:22.074743 INFO: Accept-Encoding: gzip
2024-07-17 23:32:22.074747 INFO: oop!unknow header: Accept-Encoding: gzip
2024-07-17 23:32:22.074700 INFO: fd: 501, events: 4

2024-07-17 23:32:22.074751 INFO: 
2024-07-17 23:32:22.074816 INFO: Thread 140246106080832 is running task

2024-07-17 23:32:22.074884 INFO: request:HTTP/1.1 200 OK

2024-07-17 23:32:22.074905 INFO: request:HTTP/1.1 200 OK
Content-Length:542

2024-07-17 23:32:22.074913 INFO: request:HTTP/1.1 200 OK
Content-Length:542
Connection:close

2024-07-17 23:32:22.074926 INFO: request:HTTP/1.1 200 OK
Content-Length:542
Connection:close


2024-07-17 23:32:22.074939 INFO: Thread 140246139651648 is running task

2024-07-17 23:32:22.074847 INFO: Thread 140246122866240 is running task

2024-07-17 23:32:22.074835 INFO: eventNum: 1
2024-07-17 23:32:22.075020 INFO: fd: 140, events: 1

2024-07-17 23:32:22.075035 INFO: eventNum: 1
2024-07-17 23:32:22.075039 INFO: fd: 503, events: 4

2024-07-17 23:32:22.075072 INFO: HttpConn 140 read success
2024-07-17 23:32:22.075096 INFO: GET / HTTP/1.1
2024-07-17 23:32:22.075106 INFO: Host: 39.98.202.182:9006
2024-07-17 23:32:22.075111 INFO: User-Agent: Go-http-client/1.1
2024-07-17 23:32:22.075116 INFO: oop!unknow header: User-Agent: Go-http-client/1.1
2024-07-17 23:32:22.075120 INFO: X-Vegeta-Seq: 2133
2024-07-17 23:32:22.075124 INFO: oop!unknow header: X-Vegeta-Seq: 2133
2024-07-17 23:32:22.075129 INFO: Accept-Encoding: gzip
2024-07-17 23:32:22.075133 INFO: oop!unknow header: Accept-Encoding: gzip
2024-07-17 23:32:22.075137 INFO: 
2024-07-17 23:32:22.075152 INFO: request:HTTP/1.1 200 OK

2024-07-17 23:32:22.075157 INFO: request:HTTP/1.1 200 OK
Content-Length:542

2024-07-17 23:32:22.075161 INFO: request:HTTP/1.1 200 OK
Content-Length:542
Connection:close

2024-07-17 23:32:22.075165 INFO: request:HTTP/1.1 200 OK
Content-Length:542
Connection:close


2024-07-17 23:32:22.075179 INFO: Thread 140246097688128 is running task

2024-07-17 23:32:22.075202 INFO: Thread 140246097688128 is running task

2024-07-17 23:32:22.075256 INFO: eventNum: 2
2024-07-17 23:32:22.075267 INFO: fd: 98, events: 1

2024-07-17 23:32:22.075279 INFO: HttpConn 98 read success
2024-07-17 23:32:22.075288 INFO: GET / HTTP/1.1
2024-07-17 23:32:22.075294 INFO: Host: 39.98.202.182:9006
2024-07-17 23:32:22.075299 INFO: User-Agent: Go-http-client/1.1
2024-07-17 23:32:22.075303 INFO: oop!unknow header: User-Agent: Go-http-client/1.1
2024-07-17 23:32:22.075308 INFO: X-Vegeta-Seq: 2053
2024-07-17 23:32:22.075312 INFO: oop!unknow header: X-Vegeta-Seq: 2053
2024-07-17 23:32:22.075316 INFO: Accept-Encoding: gzip
2024-07-17 23:32:22.075320 INFO: oop!unknow header: Accept-Encoding: gzip
2024-07-17 23:32:22.075324 INFO: 
2024-07-17 23:32:22.075340 INFO: request:HTTP/1.1 200 OK

2024-07-17 23:32:22.075345 INFO: request:HTTP/1.1 200 OK
Content-Length:542

2024-07-17 23:32:22.075355 INFO: request:HTTP/1.1 200 OK
Content-Length:542
Connection:close

2024-07-17 23:32:22.075360 INFO: request:HTTP/1.1 200 OK
Content-Length:542
Connection:close


2024-07-17 23:32:22.075370 INFO: Thread 140246148044352 is running task

2024-07-17 23:32:22.075413 INFO: fd: 140, events: 4

2024-07-17 23:32:22.075432 INFO: eventNum: 2
2024-07-17 23:32:22.075438 INFO: fd: 98, events: 4

2024-07-17 23:32:22.075446 INFO: fd: 100, events: 8193

2024-07-17 23:32:22.075467 INFO: HttpConn 100 close success
2024-07-17 23:32:22.075474 INFO: Client[100] quit!
2024-07-17 23:32:22.075487 INFO: Thread 140246156437056 is running task

2024-07-17 23:32:22.075532 INFO: Thread 140246156437056 is running task

2024-07-17 23:32:22.076284 INFO: eventNum: 1
2024-07-17 23:32:22.076300 INFO: fd: 101, events: 8193

2024-07-17 23:32:22.076316 INFO: HttpConn 101 close success
2024-07-17 23:32:22.076321 INFO: Client[101] quit!
2024-07-17 23:32:22.076425 INFO: eventNum: 1
2024-07-17 23:32:22.076446 INFO: fd: 215, events: 8193

2024-07-17 23:32:22.076462 INFO: HttpConn 215 close success
2024-07-17 23:32:22.076467 INFO: Client[215] quit!
2024-07-17 23:32:22.078227 INFO: eventNum: 1
2024-07-17 23:32:22.078249 INFO: fd: 116, events: 8193

2024-07-17 23:32:22.078268 INFO: HttpConn 116 close success
2024-07-17 23:32:22.078274 INFO: Client[116] quit!
2024-07-17 23:32:22.078597 INFO: eventNum: 1
2024-07-17 23:32:22.078609 INFO: fd: 119, events: 8193

2024-07-17 23:32:22.078629 INFO: HttpConn 119 close success
2024-07-17 23:32:22.078637 INFO: Client[119] quit!
2024-07-17 23:32:22.079265 INFO: eventNum: 1
2024-07-17 23:32:22.079280 INFO: fd: 104, events: 8193

2024-07-17 23:32:22.079298 INFO: HttpConn 104 close success
2024-07-17 23:32:22.079303 INFO: Client[104] quit!
2024-07-17 23:32:22.079516 INFO: eventNum: 1
2024-07-17 23:32:22.079543 INFO: fd: 117, events: 8193

2024-07-17 23:32:22.079590 INFO: HttpConn 117 close success
2024-07-17 23:32:22.079599 INFO: Client[117] quit!
2024-07-17 23:32:22.079660 INFO: eventNum: 1
2024-07-17 23:32:22.079676 INFO: fd: 13, events: 1

2024-07-17 23:32:22.079684 INFO: HandleListenEvent 13
2024-07-17 23:32:22.079709 INFO: HttpConn 100 init success
2024-07-17 23:32:22.079718 INFO: addTimer id:100 expireTime:1721230842
2024-07-17 23:32:22.079730 INFO: Client[100] in!
2024-07-17 23:32:22.079734 INFO: HandleListenEvent 13
2024-07-17 23:32:22.079743 ERROR: Accept failure -1
2024-07-17 23:32:22.080024 INFO: eventNum: 1
2024-07-17 23:32:22.080048 INFO: fd: 13, events: 1

2024-07-17 23:32:22.080056 INFO: HandleListenEvent 13
2024-07-17 23:32:22.080075 INFO: HttpConn 101 init success
2024-07-17 23:32:22.080083 INFO: addTimer id:101 expireTime:1721230842
2024-07-17 23:32:22.080098 INFO: Client[101] in!
2024-07-17 23:32:22.080104 INFO: HandleListenEvent 13
2024-07-17 23:32:22.080133 INFO: HttpConn 104 init success
2024-07-17 23:32:22.080140 INFO: addTimer id:104 expireTime:1721230842
2024-07-17 23:32:22.080152 INFO: Client[104] in!
2024-07-17 23:32:22.080158 INFO: HandleListenEvent 13
2024-07-17 23:32:22.080168 ERROR: Accept failure -1
2024-07-17 23:32:22.080352 INFO: eventNum: 1
2024-07-17 23:32:22.080394 INFO: fd: 13, events: 1

2024-07-17 23:32:22.080403 INFO: HandleListenEvent 13
2024-07-17 23:32:22.080420 INFO: HttpConn 116 init success
2024-07-17 23:32:22.080427 INFO: addTimer id:116 expireTime:1721230842
2024-07-17 23:32:22.080438 INFO: Client[116] in!
2024-07-17 23:32:22.080443 INFO: HandleListenEvent 13
2024-07-17 23:32:22.080457 INFO: HttpConn 117 init success
2024-07-17 23:32:22.080462 INFO: addTimer id:117 expireTime:1721230842
2024-07-17 23:32:22.080470 INFO: Client[117] in!
2024-07-17 23:32:22.080475 INFO: HandleListenEvent 13
2024-07-17 23:32:22.080484 ERROR: Accept failure -1
2024-07-17 23:32:22.081083 INFO: eventNum: 1
2024-07-17 23:32:22.081109 INFO: fd: 13, events: 1

2024-07-17 23:32:22.081117 INFO: HandleListenEvent 13
2024-07-17 23:32:22.081137 INFO: HttpConn 119 init success
2024-07-17 23:32:22.081146 INFO: addTimer id:119 expireTime:1721230842
2024-07-17 23:32:22.081169 INFO: Client[119] in!
2024-07-17 23:32:22.081175 INFO: HandleListenEvent 13
2024-07-17 23:32:22.081186 INFO: HttpConn 215 init success
2024-07-17 23:32:22.081191 INFO: addTimer id:215 expireTime:1721230842
2024-07-17 23:32:22.081200 INFO: Client[215] in!
2024-07-17 23:32:22.081204 INFO: HandleListenEvent 13
2024-07-17 23:32:22.081214 ERROR: Accept failure -1
2024-07-17 23:32:22.081223 INFO: eventNum: 2
2024-07-17 23:32:22.081229 INFO: fd: 119, events: 1

2024-07-17 23:32:22.081252 INFO: fd: 215, events: 1

2024-07-17 23:32:22.081260 INFO: HttpConn 119 read success
2024-07-17 23:32:22.081268 INFO: HttpConn 215 read success
2024-07-17 23:32:22.081286 INFO: GET / HTTP/1.1
2024-07-17 23:32:22.081293 INFO: GET / HTTP/1.1
2024-07-17 23:32:22.081295 INFO: Host: 39.98.202.182:9006
2024-07-17 23:32:22.081318 INFO: User-Agent: Go-http-client/1.1
2024-07-17 23:32:22.081305 INFO: Host: 39.98.202.182:9006
2024-07-17 23:32:22.081323 INFO: oop!unknow header: User-Agent: Go-http-client/1.1
2024-07-17 23:32:22.081346 INFO: X-Vegeta-Seq: 5680
2024-07-17 23:32:22.081334 INFO: User-Agent: Go-http-client/1.1
2024-07-17 23:32:22.081351 INFO: oop!unknow header: X-Vegeta-Seq: 5680
2024-07-17 23:32:22.081407 INFO: Accept-Encoding: gzip
2024-07-17 23:32:22.081402 INFO: eventNum: 1
2024-07-17 23:32:22.081433 INFO: fd: 13, events: 1

2024-07-17 23:32:22.081418 INFO: oop!unknow header: Accept-Encoding: gzip
2024-07-17 23:32:22.081462 INFO: 
2024-07-17 23:32:22.081361 INFO: oop!unknow header: User-Agent: Go-http-client/1.1
2024-07-17 23:32:22.081475 INFO: X-Vegeta-Seq: 5752
2024-07-17 23:32:22.081481 INFO: oop!unknow header: X-Vegeta-Seq: 5752
2024-07-17 23:32:22.081451 INFO: HandleListenEvent 13
2024-07-17 23:32:22.081484 INFO: request:HTTP/1.1 200 OK

2024-07-17 23:32:22.081485 INFO: Accept-Encoding: gzip
2024-07-17 23:32:22.081514 INFO: request:HTTP/1.1 200 OK
Content-Length:542

2024-07-17 23:32:22.081530 INFO: HttpConn 504 init success
2024-07-17 23:32:22.081524 INFO: oop!unknow header: Accept-Encoding: gzip
2024-07-17 23:32:22.081547 INFO: 
2024-07-17 23:32:22.081534 INFO: request:HTTP/1.1 200 OK
Content-Length:542
Connection:close

2024-07-17 23:32:22.081562 INFO: request:HTTP/1.1 200 OK
Content-Length:542
Connection:close


2024-07-17 23:32:22.081572 INFO: request:HTTP/1.1 200 OK

2024-07-17 23:32:22.081577 INFO: Thread 140246106080832 is running task

2024-07-17 23:32:22.081579 INFO: request:HTTP/1.1 200 OK
Content-Length:542

2024-07-17 23:32:22.081598 INFO: request:HTTP/1.1 200 OK
Content-Length:542
Connection:close

2024-07-17 23:32:22.081608 INFO: request:HTTP/1.1 200 OK
Content-Length:542
Connection:close


2024-07-17 23:32:22.081620 INFO: Thread 140246139651648 is running task

2024-07-17 23:32:22.081590 INFO: addTimer id:504 expireTime:1721230842
2024-07-17 23:32:22.081653 INFO: Client[504] in!
2024-07-17 23:32:22.081661 INFO: HandleListenEvent 13
2024-07-17 23:32:22.081677 INFO: HttpConn 505 init success
2024-07-17 23:32:22.081685 INFO: addTimer id:505 expireTime:1721230842
2024-07-17 23:32:22.081701 INFO: Client[505] in!
2024-07-17 23:32:22.081709 INFO: HandleListenEvent 13
2024-07-17 23:32:22.081723 ERROR: Accept failure -1
2024-07-17 23:32:22.081732 INFO: eventNum: 2
2024-07-17 23:32:22.081748 INFO: fd: 119, events: 4

2024-07-17 23:32:22.081815 INFO: Thread 140246122866240 is running task

2024-07-17 23:32:22.081845 INFO: fd: 215, events: 4

2024-07-17 23:32:22.081879 INFO: Thread 140246097688128 is running task

2024-07-17 23:32:22.081892 INFO: eventNum: 1
2024-07-17 23:32:22.081899 INFO: fd: 13, events: 1

2024-07-17 23:32:22.081905 INFO: HandleListenEvent 13
2024-07-17 23:32:22.081922 INFO: HttpConn 506 init success
2024-07-17 23:32:22.081931 INFO: addTimer id:506 expireTime:1721230842
2024-07-17 23:32:22.081946 INFO: Client[506] in!
2024-07-17 23:32:22.081951 INFO: HandleListenEvent 13
2024-07-17 23:32:22.081960 ERROR: Accept failure -1
2024-07-17 23:32:22.081966 INFO: eventNum: 1
2024-07-17 23:32:22.081970 INFO: fd: 506, events: 1

2024-07-17 23:32:22.081982 INFO: HttpConn 506 read success
2024-07-17 23:32:22.081999 INFO: GET / HTTP/1.1
2024-07-17 23:32:22.082005 INFO: Host: 39.98.202.182:9006
2024-07-17 23:32:22.082009 INFO: User-Agent: Go-http-client/1.1
2024-07-17 23:32:22.082013 INFO: oop!unknow header: User-Agent: Go-http-client/1.1
2024-07-17 23:32:22.082018 INFO: X-Vegeta-Seq: 5842
2024-07-17 23:32:22.082022 INFO: oop!unknow header: X-Vegeta-Seq: 5842
2024-07-17 23:32:22.082030 INFO: Accept-Encoding: gzip
2024-07-17 23:32:22.082034 INFO: oop!unknow header: Accept-Encoding: gzip
2024-07-17 23:32:22.082038 INFO: 
2024-07-17 23:32:22.082066 INFO: request:HTTP/1.1 200 OK

2024-07-17 23:32:22.082070 INFO: request:HTTP/1.1 200 OK
Content-Length:542

2024-07-17 23:32:22.082078 INFO: request:HTTP/1.1 200 OK
Content-Length:542
Connection:close

2024-07-17 23:32:22.082082 INFO: request:HTTP/1.1 200 OK
Content-Length:542
Connection:close


2024-07-17 23:32:22.082091 INFO: Thread 140246131258944 is running task

2024-07-17 23:32:22.082100 INFO: eventNum: 1
2024-07-17 23:32:22.082104 INFO: fd: 506, events: 4

2024-07-17 23:32:22.082201 INFO: Thread 140246148044352 is running task

2024-07-17 23:32:22.084149 INFO: eventNum: 1
2024-07-17 23:32:22.084188 INFO: fd: 13, events: 1

2024-07-17 23:32:22.084198 INFO: HandleListenEvent 13
2024-07-17 23:32:22.084224 INFO: HttpConn 507 init success
2024-07-17 23:32:22.084235 INFO: addTimer id:507 expireTime:1721230842
2024-07-17 23:32:22.084252 INFO: Client[507] in!
2024-07-17 23:32:22.084260 INFO: HandleListenEvent 13
2024-07-17 23:32:22.084273 ERROR: Accept failure -1
2024-07-17 23:32:22.084282 INFO: eventNum: 1
2024-07-17 23:32:22.084290 INFO: fd: 507, events: 1

2024-07-17 23:32:22.084311 INFO: HttpConn 507 read success
2024-07-17 23:32:22.084326 INFO: GET / HTTP/1.1
2024-07-17 23:32:22.084334 INFO: Host: 39.98.202.182:9006
2024-07-17 23:32:22.084341 INFO: User-Agent: Go-http-client/1.1
2024-07-17 23:32:22.084348 INFO: oop!unknow header: User-Agent: Go-http-client/1.1
2024-07-17 23:32:22.084355 INFO: X-Vegeta-Seq: 2390
2024-07-17 23:32:22.084362 INFO: oop!unknow header: X-Vegeta-Seq: 2390
2024-07-17 23:32:22.084369 INFO: Accept-Encoding: gzip
2024-07-17 23:32:22.084383 INFO: oop!unknow header: Accept-Encoding: gzip
2024-07-17 23:32:22.084391 INFO: 
2024-07-17 23:32:22.084414 INFO: request:HTTP/1.1 200 OK

2024-07-17 23:32:22.084428 INFO: request:HTTP/1.1 200 OK
Content-Length:542

2024-07-17 23:32:22.084440 INFO: request:HTTP/1.1 200 OK
Content-Length:542
Connection:close

2024-07-17 23:32:22.084447 INFO: request:HTTP/1.1 200 OK
Content-Length:542
Connection:close


2024-07-17 23:32:22.084463 INFO: Thread 140246156437056 is running task

2024-07-17 23:32:22.084480 INFO: eventNum: 1
2024-07-17 23:32:22.084489 INFO: fd: 507, events: 4

2024-07-17 23:32:22.084550 INFO: Thread 140246114473536 is running task

2024-07-17 23:32:22.084567 INFO: eventNum: 2
2024-07-17 23:32:22.084575 INFO: fd: 13, events: 1

2024-07-17 23:32:22.084582 INFO: HandleListenEvent 13
2024-07-17 23:32:22.084600 INFO: HttpConn 508 init success
2024-07-17 23:32:22.084612 INFO: addTimer id:508 expireTime:1721230842
2024-07-17 23:32:22.084630 INFO: Client[508] in!
2024-07-17 23:32:22.084643 INFO: HandleListenEvent 13
2024-07-17 23:32:22.084668 ERROR: Accept failure -1
2024-07-17 23:32:22.084676 INFO: fd: 93, events: 8193

2024-07-17 23:32:22.084701 INFO: HttpConn 93 close success
2024-07-17 23:32:22.084717 INFO: Client[93] quit!
2024-07-17 23:32:22.084729 INFO: eventNum: 2
2024-07-17 23:32:22.084737 INFO: fd: 399, events: 1

2024-07-17 23:32:22.084755 INFO: fd: 508, events: 1

2024-07-17 23:32:22.084765 INFO: HttpConn 399 read success
2024-07-17 23:32:22.084772 INFO: HttpConn 508 read success
2024-07-17 23:32:22.084812 INFO: GET / HTTP/1.1
2024-07-17 23:32:22.084836 INFO: Host: 39.98.202.182:9006
2024-07-17 23:32:22.084843 INFO: User-Agent: Go-http-client/1.1
2024-07-17 23:32:22.084850 INFO: oop!unknow header: User-Agent: Go-http-client/1.1
2024-07-17 23:32:22.084855 INFO: X-Vegeta-Seq: 2394
2024-07-17 23:32:22.084859 INFO: oop!unknow header: X-Vegeta-Seq: 2394
2024-07-17 23:32:22.084870 INFO: eventNum: 1
2024-07-17 23:32:22.084861 INFO: GET / HTTP/1.1
2024-07-17 23:32:22.084879 INFO: Accept-Encoding: gzip
2024-07-17 23:32:22.084912 INFO: fd: 118, events: 8193

2024-07-17 23:32:22.084906 INFO: Host: 39.98.202.182:9006
2024-07-17 23:32:22.084944 INFO: User-Agent: Go-http-client/1.1
2024-07-17 23:32:22.084918 INFO: oop!unknow header: Accept-Encoding: gzip
2024-07-17 23:32:22.084952 INFO: oop!unknow header: User-Agent: Go-http-client/1.1
2024-07-17 23:32:22.084971 INFO: 
2024-07-17 23:32:22.084988 INFO: X-Vegeta-Seq: 2384
2024-07-17 23:32:22.085010 INFO: oop!unknow header: X-Vegeta-Seq: 2384
2024-07-17 23:32:22.085012 INFO: request:HTTP/1.1 200 OK

2024-07-17 23:32:22.085042 INFO: request:HTTP/1.1 200 OK
Content-Length:542

2024-07-17 23:32:22.085031 INFO: Accept-Encoding: gzip
2024-07-17 23:32:22.085047 INFO: request:HTTP/1.1 200 OK
Content-Length:542
Connection:close

2024-07-17 23:32:22.085065 INFO: oop!unknow header: Accept-Encoding: gzip
2024-07-17 23:32:22.085075 INFO: request:HTTP/1.1 200 OK
Content-Length:542
Connection:close


2024-07-17 23:32:22.085088 INFO: 
2024-07-17 23:32:22.085095 INFO: HttpConn 118 close success
2024-07-17 23:32:22.085111 INFO: Thread 140246106080832 is running task

2024-07-17 23:32:22.085125 INFO: request:HTTP/1.1 200 OK

2024-07-17 23:32:22.085159 INFO: request:HTTP/1.1 200 OK
Content-Length:542

2024-07-17 23:32:22.085167 INFO: request:HTTP/1.1 200 OK
Content-Length:542
Connection:close

2024-07-17 23:32:22.085174 INFO: request:HTTP/1.1 200 OK
Content-Length:542
Connection:close


2024-07-17 23:32:22.085190 INFO: Thread 140246139651648 is running task

2024-07-17 23:32:22.085138 INFO: Client[118] quit!
2024-07-17 23:32:22.085210 INFO: eventNum: 2
2024-07-17 23:32:22.085217 INFO: fd: 399, events: 4

2024-07-17 23:32:22.085264 INFO: Thread 140246122866240 is running task

2024-07-17 23:32:22.085297 INFO: fd: 508, events: 4

2024-07-17 23:32:22.085339 INFO: Thread 140246097688128 is running task

2024-07-17 23:32:22.085624 INFO: eventNum: 1
2024-07-17 23:32:22.085645 INFO: fd: 13, events: 1

2024-07-17 23:32:22.085653 INFO: HandleListenEvent 13
2024-07-17 23:32:22.085675 INFO: HttpConn 93 init success
2024-07-17 23:32:22.085685 INFO: addTimer id:93 expireTime:1721230842
2024-07-17 23:32:22.085702 INFO: Client[93] in!
2024-07-17 23:32:22.085710 INFO: HandleListenEvent 13
2024-07-17 23:32:22.085724 ERROR: Accept failure -1
2024-07-17 23:32:22.085734 INFO: eventNum: 1
2024-07-17 23:32:22.085742 INFO: fd: 93, events: 1

2024-07-17 23:32:22.085767 INFO: HttpConn 93 read success
2024-07-17 23:32:22.085782 INFO: GET / HTTP/1.1
2024-07-17 23:32:22.085792 INFO: Host: 39.98.202.182:9006
2024-07-17 23:32:22.085799 INFO: User-Agent: Go-http-client/1.1
2024-07-17 23:32:22.085806 INFO: oop!unknow header: User-Agent: Go-http-client/1.1
2024-07-17 23:32:22.085813 INFO: X-Vegeta-Seq: 2201
2024-07-17 23:32:22.085820 INFO: oop!unknow header: X-Vegeta-Seq: 2201
2024-07-17 23:32:22.085827 INFO: Accept-Encoding: gzip
2024-07-17 23:32:22.085834 INFO: oop!unknow header: Accept-Encoding: gzip
2024-07-17 23:32:22.085841 INFO: 
2024-07-17 23:32:22.085862 INFO: request:HTTP/1.1 200 OK

2024-07-17 23:32:22.085872 INFO: request:HTTP/1.1 200 OK
Content-Length:542

2024-07-17 23:32:22.085879 INFO: request:HTTP/1.1 200 OK
Content-Length:542
Connection:close

2024-07-17 23:32:22.085887 INFO: request:HTTP/1.1 200 OK
Content-Length:542
Connection:close


2024-07-17 23:32:22.085901 INFO: Thread 140246131258944 is running task

2024-07-17 23:32:22.085916 INFO: eventNum: 1
2024-07-17 23:32:22.085925 INFO: fd: 93, events: 4

2024-07-17 23:32:22.085983 INFO: eventNum: 1
2024-07-17 23:32:22.085997 INFO: Thread 140246148044352 is running task

2024-07-17 23:32:22.085999 INFO: fd: 127, events: 8193

2024-07-17 23:32:22.086048 INFO: HttpConn 127 close success
2024-07-17 23:32:22.086061 INFO: Client[127] quit!
2024-07-17 23:32:22.086488 INFO: eventNum: 1
2024-07-17 23:32:22.086514 INFO: fd: 126, events: 8193

2024-07-17 23:32:22.086541 INFO: HttpConn 126 close success
2024-07-17 23:32:22.086560 INFO: Client[126] quit!
2024-07-17 23:32:22.086733 INFO: eventNum: 1
2024-07-17 23:32:22.086751 INFO: fd: 128, events: 8193

2024-07-17 23:32:22.086774 INFO: HttpConn 128 close success
2024-07-17 23:32:22.086787 INFO: Client[128] quit!
2024-07-17 23:32:22.086855 INFO: eventNum: 1
2024-07-17 23:32:22.086869 INFO: fd: 129, events: 8193

2024-07-17 23:32:22.086891 INFO: HttpConn 129 close success
2024-07-17 23:32:22.086903 INFO: Client[129] quit!
2024-07-17 23:32:22.087200 INFO: eventNum: 1
2024-07-17 23:32:22.087212 INFO: fd: 123, events: 8193

2024-07-17 23:32:22.087227 INFO: HttpConn 123 close success
2024-07-17 23:32:22.087236 INFO: Client[123] quit!
2024-07-17 23:32:22.087524 INFO: eventNum: 1
2024-07-17 23:32:22.087545 INFO: fd: 122, events: 8193

2024-07-17 23:32:22.087566 INFO: HttpConn 122 close success
2024-07-17 23:32:22.087575 INFO: Client[122] quit!
2024-07-17 23:32:22.091974 INFO: eventNum: 1
2024-07-17 23:32:22.092007 INFO: fd: 13, events: 1

2024-07-17 23:32:22.092014 INFO: HandleListenEvent 13
2024-07-17 23:32:22.092034 INFO: HttpConn 118 init success
2024-07-17 23:32:22.092040 INFO: addTimer id:118 expireTime:1721230842
2024-07-17 23:32:22.092055 INFO: Client[118] in!
2024-07-17 23:32:22.092059 INFO: HandleListenEvent 13
2024-07-17 23:32:22.092068 ERROR: Accept failure -1
2024-07-17 23:32:22.092074 INFO: eventNum: 1
2024-07-17 23:32:22.092078 INFO: fd: 118, events: 1

2024-07-17 23:32:22.092095 INFO: HttpConn 118 read success
2024-07-17 23:32:22.092106 INFO: GET / HTTP/1.1
2024-07-17 23:32:22.092111 INFO: Host: 39.98.202.182:9006
2024-07-17 23:32:22.092116 INFO: User-Agent: Go-http-client/1.1
2024-07-17 23:32:22.092120 INFO: oop!unknow header: User-Agent: Go-http-client/1.1
2024-07-17 23:32:22.092125 INFO: X-Vegeta-Seq: 5970
2024-07-17 23:32:22.092129 INFO: oop!unknow header: X-Vegeta-Seq: 5970
2024-07-17 23:32:22.092133 INFO: Accept-Encoding: gzip
2024-07-17 23:32:22.092138 INFO: oop!unknow header: Accept-Encoding: gzip
2024-07-17 23:32:22.092142 INFO: 
2024-07-17 23:32:22.092161 INFO: request:HTTP/1.1 200 OK

2024-07-17 23:32:22.092166 INFO: request:HTTP/1.1 200 OK
Content-Length:542

2024-07-17 23:32:22.092170 INFO: request:HTTP/1.1 200 OK
Content-Length:542
Connection:close

2024-07-17 23:32:22.092175 INFO: request:HTTP/1.1 200 OK
Content-Length:542
Connection:close


2024-07-17 23:32:22.092187 INFO: Thread 140246156437056 is running task

2024-07-17 23:32:22.092197 INFO: eventNum: 2
2024-07-17 23:32:22.092202 INFO: fd: 13, events: 1

2024-07-17 23:32:22.092206 INFO: HandleListenEvent 13
2024-07-17 23:32:22.092215 INFO: HttpConn 122 init success
2024-07-17 23:32:22.092220 INFO: addTimer id:122 expireTime:1721230842
2024-07-17 23:32:22.092229 INFO: Client[122] in!
2024-07-17 23:32:22.092236 INFO: HandleListenEvent 13
2024-07-17 23:32:22.092250 INFO: HttpConn 123 init success
2024-07-17 23:32:22.092258 INFO: addTimer id:123 expireTime:1721230842
2024-07-17 23:32:22.092269 INFO: Client[123] in!
2024-07-17 23:32:22.092275 INFO: HandleListenEvent 13
2024-07-17 23:32:22.092283 ERROR: Accept failure -1
