2024-07-17 23:34:25.117263 INFO: request:HTTP/1.1 200 OK
Content-Length:542
Connection:close

2024-07-17 23:34:25.117348 INFO: request:HTTP/1.1 200 OK
Content-Length:542
Connection:close


2024-07-17 23:34:25.117360 INFO: Thread 140246122866240 is running task

2024-07-17 23:34:25.117272 INFO: request:HTTP/1.1 200 OK
Content-Length:542

2024-07-17 23:34:25.117375 INFO: request:HTTP/1.1 200 OK
Content-Length:542
Connection:close

2024-07-17 23:34:25.117379 INFO: request:HTTP/1.1 200 OK
Content-Length:542
Connection:close


2024-07-17 23:34:25.117257 INFO: Accept-Encoding: gzip
2024-07-17 23:34:25.117386 INFO: Thread 140246156437056 is running task

2024-07-17 23:34:25.117278 INFO: X-Vegeta-Seq: 1189
2024-07-17 23:34:25.117407 INFO: oop!unknow header: X-Vegeta-Seq: 1189
2024-07-17 23:34:25.117412 INFO: Accept-Encoding: gzip
2024-07-17 23:34:25.117416 INFO: oop!unknow header: Accept-Encoding: gzip
2024-07-17 23:34:25.117420 INFO: 
2024-07-17 23:34:25.117439 INFO: request:HTTP/1.1 200 OK

2024-07-17 23:34:25.117447 INFO: request:HTTP/1.1 200 OK
Content-Length:542

2024-07-17 23:34:25.117454 INFO: request:HTTP/1.1 200 OK
Content-Length:542
Connection:close

2024-07-17 23:34:25.117460 INFO: request:HTTP/1.1 200 OK
Content-Length:542
Connection:close


2024-07-17 23:34:25.117473 INFO: Thread 140246148044352 is running task

2024-07-17 23:34:25.117395 INFO: oop!unknow header: Accept-Encoding: gzip
2024-07-17 23:34:25.117486 INFO: 
2024-07-17 23:34:25.117502 INFO: request:HTTP/1.1 200 OK

2024-07-17 23:34:25.117509 INFO: request:HTTP/1.1 200 OK
Content-Length:542

2024-07-17 23:34:25.117516 INFO: request:HTTP/1.1 200 OK
Content-Length:542
Connection:close

2024-07-17 23:34:25.117523 INFO: request:HTTP/1.1 200 OK
Content-Length:542
Connection:close


2024-07-17 23:34:25.117534 INFO: Thread 140246131258944 is running task

2024-07-17 23:34:25.116942 INFO: fd: 30, events: 4

2024-07-17 23:34:25.117582 INFO: Thread 140246097688128 is running task

2024-07-17 23:34:25.117600 INFO: fd: 13, events: 1

2024-07-17 23:34:25.117606 INFO: HandleListenEvent 13
2024-07-17 23:34:25.117621 INFO: HttpConn 49 init success
2024-07-17 23:34:25.117627 INFO: addTimer id:49 expireTime:1721230965
2024-07-17 23:34:25.117638 INFO: Client[49] in!
2024-07-17 23:34:25.117643 INFO: HandleListenEvent 13
2024-07-17 23:34:25.117653 INFO: HttpConn 50 init success
2024-07-17 23:34:25.117660 INFO: addTimer id:50 expireTime:1721230965
2024-07-17 23:34:25.117671 INFO: Client[50] in!
2024-07-17 23:34:25.117678 INFO: HandleListenEvent 13
2024-07-17 23:34:25.117691 INFO: HttpConn 51 init success
2024-07-17 23:34:25.117697 INFO: addTimer id:51 expireTime:1721230965
2024-07-17 23:34:25.117706 INFO: Client[51] in!
2024-07-17 23:34:25.117710 INFO: HandleListenEvent 13
2024-07-17 23:34:25.117724 ERROR: Accept failure -1
2024-07-17 23:34:25.117731 INFO: fd: 44, events: 1

2024-07-17 23:34:25.117746 INFO: HttpConn 44 read success
2024-07-17 23:34:25.117757 INFO: GET / HTTP/1.1
2024-07-17 23:34:25.117765 INFO: Host: 39.98.202.182:9006
2024-07-17 23:34:25.117772 INFO: User-Agent: Go-http-client/1.1
2024-07-17 23:34:25.117778 INFO: oop!unknow header: User-Agent: Go-http-client/1.1
2024-07-17 23:34:25.117785 INFO: X-Vegeta-Seq: 1183
2024-07-17 23:34:25.117791 INFO: oop!unknow header: X-Vegeta-Seq: 1183
2024-07-17 23:34:25.117799 INFO: Accept-Encoding: gzip
2024-07-17 23:34:25.117804 INFO: oop!unknow header: Accept-Encoding: gzip
2024-07-17 23:34:25.117808 INFO: 
2024-07-17 23:34:25.117823 INFO: request:HTTP/1.1 200 OK

2024-07-17 23:34:25.117827 INFO: request:HTTP/1.1 200 OK
Content-Length:542

2024-07-17 23:34:25.117832 INFO: request:HTTP/1.1 200 OK
Content-Length:542
Connection:close

2024-07-17 23:34:25.117837 INFO: request:HTTP/1.1 200 OK
Content-Length:542
Connection:close


2024-07-17 23:34:25.117852 INFO: Thread 140246106080832 is running task

2024-07-17 23:34:25.117863 INFO: fd: 26, events: 4

2024-07-17 23:34:25.117875 INFO: fd: 32, events: 4

2024-07-17 23:34:25.117916 INFO: Thread 140246114473536 is running task

2024-07-17 23:34:25.117929 INFO: fd: 35, events: 4

2024-07-17 23:34:25.117949 INFO: Thread 140246139651648 is running task

2024-07-17 23:34:25.117954 INFO: fd: 45, events: 1

2024-07-17 23:34:25.117986 INFO: Thread 140246139651648 is running task

2024-07-17 23:34:25.117996 INFO: eventNum: 11
2024-07-17 23:34:25.118010 INFO: fd: 34, events: 4

2024-07-17 23:34:25.117997 INFO: HttpConn 45 read success
2024-07-17 23:34:25.118034 INFO: GET / HTTP/1.1
2024-07-17 23:34:25.118041 INFO: Host: 39.98.202.182:9006
2024-07-17 23:34:25.118046 INFO: User-Agent: Go-http-client/1.1
2024-07-17 23:34:25.118052 INFO: oop!unknow header: User-Agent: Go-http-client/1.1
2024-07-17 23:34:25.118056 INFO: Thread 140246148044352 is running task

2024-07-17 23:34:25.118056 INFO: X-Vegeta-Seq: 1182
2024-07-17 23:34:25.118079 INFO: fd: 48, events: 4

2024-07-17 23:34:25.118081 INFO: oop!unknow header: X-Vegeta-Seq: 1182
2024-07-17 23:34:25.118104 INFO: Accept-Encoding: gzip
2024-07-17 23:34:25.118109 INFO: oop!unknow header: Accept-Encoding: gzip
2024-07-17 23:34:25.118129 INFO: 
2024-07-17 23:34:25.118143 INFO: Thread 140246131258944 is running task

2024-07-17 23:34:25.118147 INFO: request:HTTP/1.1 200 OK

2024-07-17 23:34:25.118168 INFO: fd: 47, events: 4

2024-07-17 23:34:25.118171 INFO: request:HTTP/1.1 200 OK
Content-Length:542

2024-07-17 23:34:25.118185 INFO: request:HTTP/1.1 200 OK
Content-Length:542
Connection:close

2024-07-17 23:34:25.118189 INFO: request:HTTP/1.1 200 OK
Content-Length:542
Connection:close


2024-07-17 23:34:25.118197 INFO: Thread 140246139651648 is running task

2024-07-17 23:34:25.118206 INFO: Thread 140246097688128 is running task

2024-07-17 23:34:25.118217 INFO: fd: 46, events: 4

2024-07-17 23:34:25.118243 INFO: Thread 140246106080832 is running task

2024-07-17 23:34:25.118256 INFO: fd: 43, events: 4

2024-07-17 23:34:25.118287 INFO: Thread 140246114473536 is running task

2024-07-17 23:34:25.118299 INFO: fd: 42, events: 4

2024-07-17 23:34:25.118311 INFO: fd: 49, events: 1

2024-07-17 23:34:25.118320 INFO: fd: 50, events: 1

2024-07-17 23:34:25.118334 INFO: HttpConn 49 read success
2024-07-17 23:34:25.118341 INFO: HttpConn 50 read success
2024-07-17 23:34:25.118355 INFO: GET / HTTP/1.1
2024-07-17 23:34:25.118336 INFO: Thread 140246122866240 is running task

2024-07-17 23:34:25.118368 INFO: Host: 39.98.202.182:9006
2024-07-17 23:34:25.118359 INFO: GET / HTTP/1.1
2024-07-17 23:34:25.118389 INFO: User-Agent: Go-http-client/1.1
2024-07-17 23:34:25.118396 INFO: Host: 39.98.202.182:9006
2024-07-17 23:34:25.118412 INFO: oop!unknow header: User-Agent: Go-http-client/1.1
2024-07-17 23:34:25.118374 INFO: fd: 51, events: 1

2024-07-17 23:34:25.118421 INFO: User-Agent: Go-http-client/1.1
2024-07-17 23:34:25.118459 INFO: HttpConn 51 read success
2024-07-17 23:34:25.118464 INFO: oop!unknow header: User-Agent: Go-http-client/1.1
2024-07-17 23:34:25.118481 INFO: GET / HTTP/1.1
2024-07-17 23:34:25.118484 INFO: X-Vegeta-Seq: 1196
2024-07-17 23:34:25.118502 INFO: fd: 16, events: 8193

2024-07-17 23:34:25.118430 INFO: X-Vegeta-Seq: 1195
2024-07-17 23:34:25.118525 INFO: oop!unknow header: X-Vegeta-Seq: 1195
2024-07-17 23:34:25.118533 INFO: Accept-Encoding: gzip
2024-07-17 23:34:25.118539 INFO: oop!unknow header: Accept-Encoding: gzip
2024-07-17 23:34:25.118545 INFO: 
2024-07-17 23:34:25.118562 INFO: request:HTTP/1.1 200 OK

2024-07-17 23:34:25.118567 INFO: request:HTTP/1.1 200 OK
Content-Length:542

2024-07-17 23:34:25.118572 INFO: request:HTTP/1.1 200 OK
Content-Length:542
Connection:close

2024-07-17 23:34:25.118576 INFO: request:HTTP/1.1 200 OK
Content-Length:542
Connection:close


2024-07-17 23:34:25.118589 INFO: Thread 140246148044352 is running task

2024-07-17 23:34:25.118495 INFO: Host: 39.98.202.182:9006
2024-07-17 23:34:25.118507 INFO: oop!unknow header: X-Vegeta-Seq: 1196
2024-07-17 23:34:25.118612 INFO: User-Agent: Go-http-client/1.1
2024-07-17 23:34:25.118623 INFO: Accept-Encoding: gzip
2024-07-17 23:34:25.118649 INFO: oop!unknow header: Accept-Encoding: gzip
2024-07-17 23:34:25.118636 INFO: oop!unknow header: User-Agent: Go-http-client/1.1
2024-07-17 23:34:25.118678 INFO: X-Vegeta-Seq: 1194
2024-07-17 23:34:25.118688 INFO: oop!unknow header: X-Vegeta-Seq: 1194
2024-07-17 23:34:25.118696 INFO: Accept-Encoding: gzip
2024-07-17 23:34:25.118704 INFO: oop!unknow header: Accept-Encoding: gzip
2024-07-17 23:34:25.118712 INFO: 
2024-07-17 23:34:25.118662 INFO: 
2024-07-17 23:34:25.118730 INFO: request:HTTP/1.1 200 OK

2024-07-17 23:34:25.118736 INFO: request:HTTP/1.1 200 OK
Content-Length:542

2024-07-17 23:34:25.118741 INFO: request:HTTP/1.1 200 OK
Content-Length:542
Connection:close

2024-07-17 23:34:25.118746 INFO: request:HTTP/1.1 200 OK

2024-07-17 23:34:25.118759 INFO: request:HTTP/1.1 200 OK
Content-Length:542

2024-07-17 23:34:25.118747 INFO: request:HTTP/1.1 200 OK
Content-Length:542
Connection:close


2024-07-17 23:34:25.118764 INFO: request:HTTP/1.1 200 OK
Content-Length:542
Connection:close

2024-07-17 23:34:25.118780 INFO: Thread 140246131258944 is running task

2024-07-17 23:34:25.118782 INFO: request:HTTP/1.1 200 OK
Content-Length:542
Connection:close


2024-07-17 23:34:25.118817 INFO: Thread 140246156437056 is running task

2024-07-17 23:34:25.118751 INFO: HttpConn 16 close success
2024-07-17 23:34:25.118839 INFO: Client[16] quit!
2024-07-17 23:34:25.118844 INFO: fd: 44, events: 4

2024-07-17 23:34:25.118857 INFO: eventNum: 6
2024-07-17 23:34:25.118863 INFO: fd: 45, events: 4

2024-07-17 23:34:25.118880 INFO: Thread 140246139651648 is running task

2024-07-17 23:34:25.118900 INFO: Thread 140246097688128 is running task

2024-07-17 23:34:25.118910 INFO: fd: 37, events: 8193

2024-07-17 23:34:25.118924 INFO: HttpConn 37 close success
2024-07-17 23:34:25.118932 INFO: Client[37] quit!
2024-07-17 23:34:25.118936 INFO: fd: 33, events: 8193

2024-07-17 23:34:25.118948 INFO: HttpConn 33 close success
2024-07-17 23:34:25.118954 INFO: Client[33] quit!
2024-07-17 23:34:25.118959 INFO: fd: 49, events: 4

2024-07-17 23:34:25.118981 INFO: Thread 140246106080832 is running task

2024-07-17 23:34:25.118992 INFO: fd: 51, events: 4

2024-07-17 23:34:25.119012 INFO: Thread 140246114473536 is running task

2024-07-17 23:34:25.119032 INFO: fd: 50, events: 4

2024-07-17 23:34:25.119066 INFO: Thread 140246122866240 is running task

2024-07-17 23:34:25.119263 INFO: eventNum: 1
2024-07-17 23:34:25.119284 INFO: fd: 17, events: 8193

2024-07-17 23:34:25.119301 INFO: HttpConn 17 close success
2024-07-17 23:34:25.119310 INFO: Client[17] quit!
2024-07-17 23:34:25.119649 INFO: eventNum: 1
2024-07-17 23:34:25.119678 INFO: fd: 41, events: 8193

2024-07-17 23:34:25.119704 INFO: HttpConn 41 close success
2024-07-17 23:34:25.119724 INFO: Client[41] quit!
2024-07-17 23:34:25.119732 INFO: eventNum: 1
2024-07-17 23:34:25.119739 INFO: fd: 38, events: 8193

2024-07-17 23:34:25.119756 INFO: HttpConn 38 close success
2024-07-17 23:34:25.119766 INFO: Client[38] quit!
2024-07-17 23:34:25.119910 INFO: eventNum: 1
2024-07-17 23:34:25.119955 INFO: fd: 39, events: 8193

2024-07-17 23:34:25.119979 INFO: HttpConn 39 close success
2024-07-17 23:34:25.119990 INFO: Client[39] quit!
2024-07-17 23:34:25.120195 INFO: eventNum: 1
2024-07-17 23:34:25.120211 INFO: fd: 36, events: 8193

2024-07-17 23:34:25.120227 INFO: HttpConn 36 close success
2024-07-17 23:34:25.120235 INFO: Client[36] quit!
2024-07-17 23:34:25.121118 INFO: eventNum: 1
2024-07-17 23:34:25.121138 INFO: fd: 40, events: 8193

2024-07-17 23:34:25.121157 INFO: HttpConn 40 close success
2024-07-17 23:34:25.121167 INFO: Client[40] quit!
2024-07-17 23:34:25.134690 INFO: eventNum: 1
2024-07-17 23:34:25.134748 INFO: fd: 18, events: 8193

2024-07-17 23:34:25.134789 INFO: HttpConn 18 close success
2024-07-17 23:34:25.134800 INFO: Client[18] quit!
2024-07-17 23:34:25.173611 INFO: eventNum: 1
2024-07-17 23:34:25.173693 INFO: fd: 31, events: 8193

2024-07-17 23:34:25.173744 INFO: HttpConn 31 close success
2024-07-17 23:34:25.173756 INFO: Client[31] quit!
2024-07-17 23:34:25.173765 INFO: eventNum: 1
2024-07-17 23:34:25.173772 INFO: fd: 26, events: 8193

2024-07-17 23:34:25.173791 INFO: HttpConn 26 close success
2024-07-17 23:34:25.173814 INFO: Client[26] quit!
2024-07-17 23:34:25.174386 INFO: eventNum: 1
2024-07-17 23:34:25.174425 INFO: fd: 50, events: 8193

2024-07-17 23:34:25.174447 INFO: HttpConn 50 close success
2024-07-17 23:34:25.174466 INFO: Client[50] quit!
2024-07-17 23:34:25.174827 INFO: eventNum: 1
2024-07-17 23:34:25.174845 INFO: fd: 32, events: 8193

2024-07-17 23:34:25.174866 INFO: HttpConn 32 close success
2024-07-17 23:34:25.174878 INFO: Client[32] quit!
2024-07-17 23:34:25.175012 INFO: eventNum: 1
2024-07-17 23:34:25.175026 INFO: fd: 30, events: 8193

2024-07-17 23:34:25.175042 INFO: HttpConn 30 close success
2024-07-17 23:34:25.175050 INFO: Client[30] quit!
2024-07-17 23:34:25.175244 INFO: eventNum: 1
2024-07-17 23:34:25.175255 INFO: fd: 35, events: 8193

2024-07-17 23:34:25.175271 INFO: HttpConn 35 close success
2024-07-17 23:34:25.175279 INFO: Client[35] quit!
2024-07-17 23:34:25.176149 INFO: eventNum: 1
2024-07-17 23:34:25.176185 INFO: fd: 49, events: 8193

2024-07-17 23:34:25.176209 INFO: HttpConn 49 close success
2024-07-17 23:34:25.176222 INFO: Client[49] quit!
2024-07-17 23:34:25.178181 INFO: eventNum: 1
2024-07-17 23:34:25.178213 INFO: fd: 45, events: 8193

2024-07-17 23:34:25.178240 INFO: HttpConn 45 close success
2024-07-17 23:34:25.178254 INFO: Client[45] quit!
2024-07-17 23:34:25.178403 INFO: eventNum: 1
2024-07-17 23:34:25.178419 INFO: fd: 28, events: 8193

2024-07-17 23:34:25.178437 INFO: HttpConn 28 close success
2024-07-17 23:34:25.178447 INFO: Client[28] quit!
2024-07-17 23:34:25.178768 INFO: eventNum: 1
2024-07-17 23:34:25.178790 INFO: fd: 48, events: 8193

2024-07-17 23:34:25.178814 INFO: HttpConn 48 close success
2024-07-17 23:34:25.178825 INFO: Client[48] quit!
2024-07-17 23:34:25.179113 INFO: eventNum: 1
2024-07-17 23:34:25.179128 INFO: fd: 43, events: 8193

2024-07-17 23:34:25.179149 INFO: HttpConn 43 close success
2024-07-17 23:34:25.179161 INFO: Client[43] quit!
2024-07-17 23:34:25.179790 INFO: eventNum: 1
2024-07-17 23:34:25.179813 INFO: fd: 46, events: 8193

2024-07-17 23:34:25.179831 INFO: HttpConn 46 close success
2024-07-17 23:34:25.179840 INFO: Client[46] quit!
2024-07-17 23:34:25.180145 INFO: eventNum: 1
2024-07-17 23:34:25.180160 INFO: fd: 42, events: 8193

2024-07-17 23:34:25.180178 INFO: HttpConn 42 close success
2024-07-17 23:34:25.180189 INFO: Client[42] quit!
2024-07-17 23:34:25.180335 INFO: eventNum: 1
2024-07-17 23:34:25.180390 INFO: fd: 34, events: 8193

2024-07-17 23:34:25.180414 INFO: HttpConn 34 close success
2024-07-17 23:34:25.180426 INFO: Client[34] quit!
2024-07-17 23:34:25.180510 INFO: eventNum: 1
2024-07-17 23:34:25.180521 INFO: fd: 47, events: 8193

2024-07-17 23:34:25.180535 INFO: HttpConn 47 close success
2024-07-17 23:34:25.180543 INFO: Client[47] quit!
2024-07-17 23:34:25.181113 INFO: eventNum: 1
2024-07-17 23:34:25.181135 INFO: fd: 51, events: 8193

2024-07-17 23:34:25.181155 INFO: HttpConn 51 close success
2024-07-17 23:34:25.181167 INFO: Client[51] quit!
2024-07-17 23:34:25.181815 INFO: eventNum: 1
2024-07-17 23:34:25.181842 INFO: fd: 44, events: 8193

2024-07-17 23:34:25.181870 INFO: HttpConn 44 close success
2024-07-17 23:34:25.181883 INFO: Client[44] quit!
2024-07-17 23:34:25.279830 INFO: eventNum: 1
2024-07-17 23:34:25.279890 INFO: fd: 13, events: 1

2024-07-17 23:34:25.279897 INFO: HandleListenEvent 13
2024-07-17 23:34:25.279928 INFO: HttpConn 16 init success
2024-07-17 23:34:25.279939 INFO: addTimer id:16 expireTime:1721230965
2024-07-17 23:34:25.279956 INFO: Client[16] in!
2024-07-17 23:34:25.279961 INFO: HandleListenEvent 13
2024-07-17 23:34:25.279976 ERROR: Accept failure -1
2024-07-17 23:34:25.283203 INFO: eventNum: 1
2024-07-17 23:34:25.283263 INFO: fd: 16, events: 1

2024-07-17 23:34:25.283295 INFO: HttpConn 16 read success
2024-07-17 23:34:25.283316 INFO: GET / HTTP/1.1
2024-07-17 23:34:25.283325 INFO: Host: 39.98.202.182:9006
2024-07-17 23:34:25.283332 INFO: User-Agent: Go-http-client/1.1
2024-07-17 23:34:25.283338 INFO: oop!unknow header: User-Agent: Go-http-client/1.1
2024-07-17 23:34:25.283374 INFO: X-Vegeta-Seq: 1403
2024-07-17 23:34:25.283381 INFO: oop!unknow header: X-Vegeta-Seq: 1403
2024-07-17 23:34:25.283397 INFO: Accept-Encoding: gzip
2024-07-17 23:34:25.283402 INFO: oop!unknow header: Accept-Encoding: gzip
2024-07-17 23:34:25.283406 INFO: 
2024-07-17 23:34:25.283436 INFO: request:HTTP/1.1 200 OK

2024-07-17 23:34:25.283441 INFO: request:HTTP/1.1 200 OK
Content-Length:542

2024-07-17 23:34:25.283445 INFO: request:HTTP/1.1 200 OK
Content-Length:542
Connection:close

2024-07-17 23:34:25.283450 INFO: request:HTTP/1.1 200 OK
Content-Length:542
Connection:close


2024-07-17 23:34:25.283468 INFO: Thread 140246148044352 is running task

2024-07-17 23:34:25.283480 INFO: eventNum: 1
2024-07-17 23:34:25.283485 INFO: fd: 16, events: 4

2024-07-17 23:34:25.283543 INFO: Thread 140246131258944 is running task

2024-07-17 23:34:25.300066 INFO: eventNum: 1
2024-07-17 23:34:25.300149 INFO: fd: 16, events: 8193

2024-07-17 23:34:25.300206 INFO: HttpConn 16 close success
2024-07-17 23:34:25.300218 INFO: Client[16] quit!
2024-07-17 23:34:25.483856 INFO: eventNum: 1
2024-07-17 23:34:25.483914 INFO: fd: 13, events: 1

2024-07-17 23:34:25.483927 INFO: HandleListenEvent 13
2024-07-17 23:34:25.483978 INFO: HttpConn 16 init success
2024-07-17 23:34:25.483989 INFO: addTimer id:16 expireTime:1721230965
2024-07-17 23:34:25.484014 INFO: Client[16] in!
2024-07-17 23:34:25.484023 INFO: HandleListenEvent 13
2024-07-17 23:34:25.484040 ERROR: Accept failure -1
2024-07-17 23:34:25.484995 INFO: eventNum: 1
2024-07-17 23:34:25.485031 INFO: fd: 16, events: 1

2024-07-17 23:34:25.485053 INFO: HttpConn 16 read success
2024-07-17 23:34:25.485066 INFO: GET / HTTP/1.1
2024-07-17 23:34:25.485072 INFO: Host: 39.98.202.182:9006
2024-07-17 23:34:25.485078 INFO: User-Agent: Go-http-client/1.1
2024-07-17 23:34:25.485082 INFO: oop!unknow header: User-Agent: Go-http-client/1.1
2024-07-17 23:34:25.485087 INFO: X-Vegeta-Seq: 1483
2024-07-17 23:34:25.485091 INFO: oop!unknow header: X-Vegeta-Seq: 1483
2024-07-17 23:34:25.485095 INFO: Accept-Encoding: gzip
2024-07-17 23:34:25.485099 INFO: oop!unknow header: Accept-Encoding: gzip
2024-07-17 23:34:25.485104 INFO: 
2024-07-17 23:34:25.485131 INFO: request:HTTP/1.1 200 OK

2024-07-17 23:34:25.485137 INFO: request:HTTP/1.1 200 OK
Content-Length:542

2024-07-17 23:34:25.485141 INFO: request:HTTP/1.1 200 OK
Content-Length:542
Connection:close

2024-07-17 23:34:25.485146 INFO: request:HTTP/1.1 200 OK
Content-Length:542
Connection:close


2024-07-17 23:34:25.485175 INFO: Thread 140246156437056 is running task

2024-07-17 23:34:25.485189 INFO: eventNum: 1
2024-07-17 23:34:25.485194 INFO: fd: 16, events: 4

2024-07-17 23:34:25.485252 INFO: Thread 140246139651648 is running task

2024-07-17 23:34:25.485716 INFO: eventNum: 1
2024-07-17 23:34:25.485748 INFO: fd: 13, events: 1

2024-07-17 23:34:25.485755 INFO: HandleListenEvent 13
2024-07-17 23:34:25.485813 INFO: HttpConn 17 init success
2024-07-17 23:34:25.485825 INFO: addTimer id:17 expireTime:1721230965
2024-07-17 23:34:25.485839 INFO: Client[17] in!
2024-07-17 23:34:25.485849 INFO: HandleListenEvent 13
2024-07-17 23:34:25.485866 ERROR: Accept failure -1
2024-07-17 23:34:25.486893 INFO: eventNum: 1
2024-07-17 23:34:25.486921 INFO: fd: 13, events: 1

2024-07-17 23:34:25.486926 INFO: HandleListenEvent 13
2024-07-17 23:34:25.486943 INFO: HttpConn 18 init success
2024-07-17 23:34:25.486949 INFO: addTimer id:18 expireTime:1721230965
2024-07-17 23:34:25.486960 INFO: Client[18] in!
2024-07-17 23:34:25.486967 INFO: HandleListenEvent 13
2024-07-17 23:34:25.486981 INFO: HttpConn 26 init success
2024-07-17 23:34:25.486989 INFO: addTimer id:26 expireTime:1721230965
2024-07-17 23:34:25.487008 INFO: Client[26] in!
2024-07-17 23:34:25.487015 INFO: HandleListenEvent 13
2024-07-17 23:34:25.487028 ERROR: Accept failure -1
2024-07-17 23:34:25.487202 INFO: eventNum: 1
2024-07-17 23:34:25.487219 INFO: fd: 13, events: 1

2024-07-17 23:34:25.487224 INFO: HandleListenEvent 13
2024-07-17 23:34:25.487238 INFO: HttpConn 28 init success
2024-07-17 23:34:25.487243 INFO: addTimer id:28 expireTime:1721230965
2024-07-17 23:34:25.487253 INFO: Client[28] in!
2024-07-17 23:34:25.487266 INFO: HandleListenEvent 13
2024-07-17 23:34:25.487275 ERROR: Accept failure -1
2024-07-17 23:34:25.487566 INFO: eventNum: 1
2024-07-17 23:34:25.487604 INFO: fd: 13, events: 1

2024-07-17 23:34:25.487612 INFO: HandleListenEvent 13
2024-07-17 23:34:25.487633 INFO: HttpConn 30 init success
2024-07-17 23:34:25.487642 INFO: addTimer id:30 expireTime:1721230965
2024-07-17 23:34:25.487656 INFO: Client[30] in!
2024-07-17 23:34:25.487663 INFO: HandleListenEvent 13
2024-07-17 23:34:25.487703 ERROR: Accept failure -1
2024-07-17 23:34:25.487714 INFO: eventNum: 1
2024-07-17 23:34:25.487720 INFO: fd: 26, events: 1

2024-07-17 23:34:25.487747 INFO: HttpConn 26 read success
2024-07-17 23:34:25.487770 INFO: GET / HTTP/1.1
2024-07-17 23:34:25.487777 INFO: Host: 39.98.202.182:9006
2024-07-17 23:34:25.487782 INFO: User-Agent: Go-http-client/1.1
2024-07-17 23:34:25.487786 INFO: oop!unknow header: User-Agent: Go-http-client/1.1
2024-07-17 23:34:25.487791 INFO: X-Vegeta-Seq: 1484
2024-07-17 23:34:25.487795 INFO: oop!unknow header: X-Vegeta-Seq: 1484
2024-07-17 23:34:25.487800 INFO: Accept-Encoding: gzip
2024-07-17 23:34:25.487804 INFO: oop!unknow header: Accept-Encoding: gzip
2024-07-17 23:34:25.487808 INFO: 
2024-07-17 23:34:25.487834 INFO: request:HTTP/1.1 200 OK

2024-07-17 23:34:25.487840 INFO: request:HTTP/1.1 200 OK
Content-Length:542

2024-07-17 23:34:25.487844 INFO: request:HTTP/1.1 200 OK
Content-Length:542
Connection:close

2024-07-17 23:34:25.487849 INFO: request:HTTP/1.1 200 OK
Content-Length:542
Connection:close


2024-07-17 23:34:25.487868 INFO: Thread 140246097688128 is running task

2024-07-17 23:34:25.487974 INFO: eventNum: 3
2024-07-17 23:34:25.487991 INFO: fd: 26, events: 4

2024-07-17 23:34:25.488004 INFO: fd: 28, events: 1

2024-07-17 23:34:25.488012 INFO: fd: 17, events: 1

2024-07-17 23:34:25.488031 INFO: HttpConn 28 read success
2024-07-17 23:34:25.488048 INFO: GET / HTTP/1.1
2024-07-17 23:34:25.488057 INFO: HttpConn 17 read success
2024-07-17 23:34:25.488077 INFO: GET / HTTP/1.1
2024-07-17 23:34:25.488083 INFO: Host: 39.98.202.182:9006
2024-07-17 23:34:25.488087 INFO: User-Agent: Go-http-client/1.1
2024-07-17 23:34:25.488092 INFO: oop!unknow header: User-Agent: Go-http-client/1.1
2024-07-17 23:34:25.488096 INFO: X-Vegeta-Seq: 1481
2024-07-17 23:34:25.488101 INFO: oop!unknow header: X-Vegeta-Seq: 1481
2024-07-17 23:34:25.488105 INFO: Accept-Encoding: gzip
2024-07-17 23:34:25.488110 INFO: oop!unknow header: Accept-Encoding: gzip
2024-07-17 23:34:25.488114 INFO: 
2024-07-17 23:34:25.488130 INFO: request:HTTP/1.1 200 OK

2024-07-17 23:34:25.488135 INFO: request:HTTP/1.1 200 OK
Content-Length:542

2024-07-17 23:34:25.488139 INFO: request:HTTP/1.1 200 OK
Content-Length:542
Connection:close

2024-07-17 23:34:25.488144 INFO: request:HTTP/1.1 200 OK
Content-Length:542
Connection:close


2024-07-17 23:34:25.488157 INFO: Thread 140246114473536 is running task

2024-07-17 23:34:25.488060 INFO: Host: 39.98.202.182:9006
2024-07-17 23:34:25.488180 INFO: User-Agent: Go-http-client/1.1
2024-07-17 23:34:25.488187 INFO: oop!unknow header: User-Agent: Go-http-client/1.1
2024-07-17 23:34:25.488193 INFO: X-Vegeta-Seq: 1485
2024-07-17 23:34:25.488199 INFO: oop!unknow header: X-Vegeta-Seq: 1485
2024-07-17 23:34:25.488203 INFO: Accept-Encoding: gzip
2024-07-17 23:34:25.488207 INFO: oop!unknow header: Accept-Encoding: gzip
2024-07-17 23:34:25.488212 INFO: 
2024-07-17 23:34:25.488226 INFO: request:HTTP/1.1 200 OK

2024-07-17 23:34:25.488233 INFO: request:HTTP/1.1 200 OK
Content-Length:542

2024-07-17 23:34:25.488240 INFO: request:HTTP/1.1 200 OK
Content-Length:542
Connection:close

2024-07-17 23:34:25.488246 INFO: request:HTTP/1.1 200 OK
Content-Length:542
Connection:close


2024-07-17 23:34:25.488257 INFO: Thread 140246122866240 is running task

2024-07-17 23:34:25.488049 INFO: Thread 140246106080832 is running task

2024-07-17 23:34:25.488354 INFO: eventNum: 3
2024-07-17 23:34:25.488372 INFO: fd: 17, events: 4

2024-07-17 23:34:25.488387 INFO: fd: 28, events: 4

2024-07-17 23:34:25.488408 INFO: fd: 18, events: 1

2024-07-17 23:34:25.488423 INFO: Thread 140246148044352 is running task

2024-07-17 23:34:25.488436 INFO: HttpConn 18 read success
2024-07-17 23:34:25.488445 INFO: GET / HTTP/1.1
2024-07-17 23:34:25.488455 INFO: Host: 39.98.202.182:9006
2024-07-17 23:34:25.488460 INFO: User-Agent: Go-http-client/1.1
2024-07-17 23:34:25.488464 INFO: Thread 140246156437056 is running task

2024-07-17 23:34:25.488464 INFO: oop!unknow header: User-Agent: Go-http-client/1.1
2024-07-17 23:34:25.488489 INFO: X-Vegeta-Seq: 1480
2024-07-17 23:34:25.488493 INFO: oop!unknow header: X-Vegeta-Seq: 1480
2024-07-17 23:34:25.488498 INFO: Accept-Encoding: gzip
2024-07-17 23:34:25.488502 INFO: oop!unknow header: Accept-Encoding: gzip
2024-07-17 23:34:25.488506 INFO: 
2024-07-17 23:34:25.488520 INFO: request:HTTP/1.1 200 OK

2024-07-17 23:34:25.488534 INFO: request:HTTP/1.1 200 OK
Content-Length:542

2024-07-17 23:34:25.488543 INFO: request:HTTP/1.1 200 OK
Content-Length:542
Connection:close

2024-07-17 23:34:25.488549 INFO: request:HTTP/1.1 200 OK
Content-Length:542
Connection:close


2024-07-17 23:34:25.488562 INFO: Thread 140246148044352 is running task

2024-07-17 23:34:25.488632 INFO: eventNum: 1
2024-07-17 23:34:25.488646 INFO: fd: 18, events: 4

2024-07-17 23:34:25.488702 INFO: Thread 140246139651648 is running task

2024-07-17 23:34:25.489050 INFO: eventNum: 1
2024-07-17 23:34:25.489072 INFO: fd: 30, events: 1

2024-07-17 23:34:25.489091 INFO: HttpConn 30 read success
2024-07-17 23:34:25.489110 INFO: GET / HTTP/1.1
2024-07-17 23:34:25.489116 INFO: Host: 39.98.202.182:9006
2024-07-17 23:34:25.489120 INFO: User-Agent: Go-http-client/1.1
2024-07-17 23:34:25.489125 INFO: oop!unknow header: User-Agent: Go-http-client/1.1
2024-07-17 23:34:25.489129 INFO: X-Vegeta-Seq: 1479
2024-07-17 23:34:25.489133 INFO: oop!unknow header: X-Vegeta-Seq: 1479
2024-07-17 23:34:25.489137 INFO: Accept-Encoding: gzip
2024-07-17 23:34:25.489142 INFO: oop!unknow header: Accept-Encoding: gzip
2024-07-17 23:34:25.489146 INFO: 
2024-07-17 23:34:25.489162 INFO: request:HTTP/1.1 200 OK

2024-07-17 23:34:25.489167 INFO: request:HTTP/1.1 200 OK
Content-Length:542

2024-07-17 23:34:25.489171 INFO: request:HTTP/1.1 200 OK
Content-Length:542
Connection:close

2024-07-17 23:34:25.489175 INFO: request:HTTP/1.1 200 OK
Content-Length:542
Connection:close


2024-07-17 23:34:25.489190 INFO: Thread 140246097688128 is running task

2024-07-17 23:34:25.489196 INFO: eventNum: 1
2024-07-17 23:34:25.489205 INFO: fd: 30, events: 4

2024-07-17 23:34:25.489248 INFO: Thread 140246114473536 is running task

2024-07-17 23:34:25.493249 INFO: eventNum: 1
2024-07-17 23:34:25.493294 INFO: fd: 13, events: 1

2024-07-17 23:34:25.493304 INFO: HandleListenEvent 13
2024-07-17 23:34:25.493331 INFO: HttpConn 31 init success
2024-07-17 23:34:25.493339 INFO: addTimer id:31 expireTime:1721230965
2024-07-17 23:34:25.493373 INFO: Client[31] in!
2024-07-17 23:34:25.493380 INFO: HandleListenEvent 13
2024-07-17 23:34:25.493394 ERROR: Accept failure -1
2024-07-17 23:34:25.493515 INFO: eventNum: 1
2024-07-17 23:34:25.493530 INFO: fd: 13, events: 1

2024-07-17 23:34:25.493537 INFO: HandleListenEvent 13
2024-07-17 23:34:25.493553 INFO: HttpConn 32 init success
2024-07-17 23:34:25.493561 INFO: addTimer id:32 expireTime:1721230965
2024-07-17 23:34:25.493574 INFO: Client[32] in!
2024-07-17 23:34:25.493580 INFO: HandleListenEvent 13
2024-07-17 23:34:25.493592 ERROR: Accept failure -1
2024-07-17 23:34:25.493903 INFO: eventNum: 2
2024-07-17 23:34:25.493919 INFO: fd: 32, events: 1

2024-07-17 23:34:25.493935 INFO: fd: 13, events: 1

2024-07-17 23:34:25.493943 INFO: HandleListenEvent 13
2024-07-17 23:34:25.493943 INFO: HttpConn 32 read success
2024-07-17 23:34:25.493960 INFO: HttpConn 33 init success
2024-07-17 23:34:25.493986 INFO: GET / HTTP/1.1
2024-07-17 23:34:25.494014 INFO: Host: 39.98.202.182:9006
2024-07-17 23:34:25.493999 INFO: addTimer id:33 expireTime:1721230965
2024-07-17 23:34:25.494020 INFO: User-Agent: Go-http-client/1.1
2024-07-17 23:34:25.494036 INFO: Client[33] in!
2024-07-17 23:34:25.494037 INFO: oop!unknow header: User-Agent: Go-http-client/1.1
2024-07-17 23:34:25.494099 INFO: X-Vegeta-Seq: 1596
2024-07-17 23:34:25.494105 INFO: oop!unknow header: X-Vegeta-Seq: 1596
2024-07-17 23:34:25.494133 INFO: Accept-Encoding: gzip
2024-07-17 23:34:25.494140 INFO: oop!unknow header: Accept-Encoding: gzip
2024-07-17 23:34:25.494085 INFO: HandleListenEvent 13
2024-07-17 23:34:25.494144 INFO: 
2024-07-17 23:34:25.494166 INFO: HttpConn 34 init success
2024-07-17 23:34:25.494176 INFO: addTimer id:34 expireTime:1721230965
2024-07-17 23:34:25.494181 INFO: request:HTTP/1.1 200 OK

2024-07-17 23:34:25.494188 INFO: request:HTTP/1.1 200 OK
Content-Length:542

2024-07-17 23:34:25.494196 INFO: request:HTTP/1.1 200 OK
Content-Length:542
Connection:close

2024-07-17 23:34:25.494188 INFO: Client[34] in!
2024-07-17 23:34:25.494204 INFO: request:HTTP/1.1 200 OK
Content-Length:542
Connection:close


2024-07-17 23:34:25.494220 INFO: HandleListenEvent 13
2024-07-17 23:34:25.494244 INFO: Thread 140246122866240 is running task

2024-07-17 23:34:25.494282 INFO: HttpConn 35 init success
2024-07-17 23:34:25.494293 INFO: addTimer id:35 expireTime:1721230965
2024-07-17 23:34:25.494318 INFO: Client[35] in!
2024-07-17 23:34:25.494325 INFO: HandleListenEvent 13
2024-07-17 23:34:25.494336 ERROR: Accept failure -1
2024-07-17 23:34:25.494371 INFO: eventNum: 2
2024-07-17 23:34:25.494379 INFO: fd: 32, events: 4

2024-07-17 23:34:25.494392 INFO: fd: 35, events: 1

2024-07-17 23:34:25.494427 INFO: Thread 140246106080832 is running task

2024-07-17 23:34:25.494438 INFO: HttpConn 35 read success
2024-07-17 23:34:25.494447 INFO: GET / HTTP/1.1
2024-07-17 23:34:25.494452 INFO: Host: 39.98.202.182:9006
2024-07-17 23:34:25.494457 INFO: User-Agent: Go-http-client/1.1
2024-07-17 23:34:25.494461 INFO: oop!unknow header: User-Agent: Go-http-client/1.1
2024-07-17 23:34:25.494465 INFO: X-Vegeta-Seq: 1598
2024-07-17 23:34:25.494469 INFO: oop!unknow header: X-Vegeta-Seq: 1598
2024-07-17 23:34:25.494470 INFO: eventNum: 1
2024-07-17 23:34:25.494478 INFO: Accept-Encoding: gzip
2024-07-17 23:34:25.494504 INFO: oop!unknow header: Accept-Encoding: gzip
2024-07-17 23:34:25.494509 INFO: 
2024-07-17 23:34:25.494530 INFO: request:HTTP/1.1 200 OK

2024-07-17 23:34:25.494535 INFO: request:HTTP/1.1 200 OK
Content-Length:542

2024-07-17 23:34:25.494540 INFO: request:HTTP/1.1 200 OK
Content-Length:542
Connection:close

2024-07-17 23:34:25.494547 INFO: request:HTTP/1.1 200 OK
Content-Length:542
Connection:close


2024-07-17 23:34:25.494491 INFO: fd: 34, events: 1

2024-07-17 23:34:25.494557 INFO: Thread 140246106080832 is running task

2024-07-17 23:34:25.494582 INFO: HttpConn 34 read success
2024-07-17 23:34:25.494597 INFO: GET / HTTP/1.1
2024-07-17 23:34:25.494605 INFO: Host: 39.98.202.182:9006
2024-07-17 23:34:25.494612 INFO: User-Agent: Go-http-client/1.1
2024-07-17 23:34:25.494619 INFO: oop!unknow header: User-Agent: Go-http-client/1.1
2024-07-17 23:34:25.494626 INFO: X-Vegeta-Seq: 1591
2024-07-17 23:34:25.494633 INFO: oop!unknow header: X-Vegeta-Seq: 1591
2024-07-17 23:34:25.494639 INFO: Accept-Encoding: gzip
2024-07-17 23:34:25.494646 INFO: oop!unknow header: Accept-Encoding: gzip
2024-07-17 23:34:25.494652 INFO: 
2024-07-17 23:34:25.494677 INFO: request:HTTP/1.1 200 OK

2024-07-17 23:34:25.494685 INFO: request:HTTP/1.1 200 OK
Content-Length:542

2024-07-17 23:34:25.494691 INFO: request:HTTP/1.1 200 OK
Content-Length:542
Connection:close

2024-07-17 23:34:25.494697 INFO: request:HTTP/1.1 200 OK
Content-Length:542
Connection:close


2024-07-17 23:34:25.494712 INFO: Thread 140246156437056 is running task

2024-07-17 23:34:25.494739 INFO: eventNum: 2
2024-07-17 23:34:25.494746 INFO: fd: 35, events: 4

2024-07-17 23:34:25.494760 INFO: fd: 34, events: 4

2024-07-17 23:34:25.494789 INFO: Thread 140246148044352 is running task

2024-07-17 23:34:25.494809 INFO: Thread 140246139651648 is running task

2024-07-17 23:34:25.497032 INFO: eventNum: 1
2024-07-17 23:34:25.497069 INFO: fd: 31, events: 1

2024-07-17 23:34:25.497104 INFO: HttpConn 31 read success
2024-07-17 23:34:25.497128 INFO: GET / HTTP/1.1
2024-07-17 23:34:25.497134 INFO: Host: 39.98.202.182:9006
2024-07-17 23:34:25.497139 INFO: User-Agent: Go-http-client/1.1
2024-07-17 23:34:25.497143 INFO: oop!unknow header: User-Agent: Go-http-client/1.1
2024-07-17 23:34:25.497148 INFO: X-Vegeta-Seq: 1599
2024-07-17 23:34:25.497152 INFO: oop!unknow header: X-Vegeta-Seq: 1599
2024-07-17 23:34:25.497156 INFO: Accept-Encoding: gzip
2024-07-17 23:34:25.497160 INFO: oop!unknow header: Accept-Encoding: gzip
2024-07-17 23:34:25.497164 INFO: 
2024-07-17 23:34:25.497184 INFO: request:HTTP/1.1 200 OK

2024-07-17 23:34:25.497189 INFO: request:HTTP/1.1 200 OK
Content-Length:542

2024-07-17 23:34:25.497193 INFO: request:HTTP/1.1 200 OK
Content-Length:542
Connection:close

2024-07-17 23:34:25.497197 INFO: request:HTTP/1.1 200 OK
Content-Length:542
Connection:close


2024-07-17 23:34:25.497214 INFO: Thread 140246097688128 is running task

2024-07-17 23:34:25.497217 INFO: eventNum: 1
2024-07-17 23:34:25.497227 INFO: fd: 31, events: 4

2024-07-17 23:34:25.497269 INFO: Thread 140246114473536 is running task

2024-07-17 23:34:25.497302 INFO: eventNum: 1
2024-07-17 23:34:25.497313 INFO: fd: 33, events: 1

2024-07-17 23:34:25.497331 INFO: HttpConn 33 read success
2024-07-17 23:34:25.497341 INFO: GET / HTTP/1.1
2024-07-17 23:34:25.497374 INFO: Host: 39.98.202.182:9006
2024-07-17 23:34:25.497379 INFO: User-Agent: Go-http-client/1.1
2024-07-17 23:34:25.497383 INFO: oop!unknow header: User-Agent: Go-http-client/1.1
2024-07-17 23:34:25.497388 INFO: X-Vegeta-Seq: 1593
2024-07-17 23:34:25.497392 INFO: oop!unknow header: X-Vegeta-Seq: 1593
2024-07-17 23:34:25.497396 INFO: Accept-Encoding: gzip
2024-07-17 23:34:25.497400 INFO: oop!unknow header: Accept-Encoding: gzip
2024-07-17 23:34:25.497405 INFO: 
2024-07-17 23:34:25.497418 INFO: request:HTTP/1.1 200 OK

2024-07-17 23:34:25.497422 INFO: request:HTTP/1.1 200 OK
Content-Length:542

2024-07-17 23:34:25.497427 INFO: request:HTTP/1.1 200 OK
Content-Length:542
Connection:close

2024-07-17 23:34:25.497431 INFO: request:HTTP/1.1 200 OK
Content-Length:542
Connection:close


2024-07-17 23:34:25.497442 INFO: Thread 140246122866240 is running task

2024-07-17 23:34:25.497451 INFO: eventNum: 1
2024-07-17 23:34:25.497463 INFO: fd: 33, events: 4

2024-07-17 23:34:25.497499 INFO: Thread 140246131258944 is running task

2024-07-17 23:34:25.497588 INFO: eventNum: 1
2024-07-17 23:34:25.497600 INFO: fd: 13, events: 1

2024-07-17 23:34:25.497605 INFO: HandleListenEvent 13
2024-07-17 23:34:25.497623 INFO: HttpConn 36 init success
2024-07-17 23:34:25.497629 INFO: addTimer id:36 expireTime:1721230965
2024-07-17 23:34:25.497640 INFO: Client[36] in!
2024-07-17 23:34:25.497644 INFO: HandleListenEvent 13
2024-07-17 23:34:25.497653 ERROR: Accept failure -1
2024-07-17 23:34:25.498108 INFO: eventNum: 1
2024-07-17 23:34:25.498142 INFO: fd: 13, events: 1

2024-07-17 23:34:25.498147 INFO: HandleListenEvent 13
2024-07-17 23:34:25.498159 INFO: HttpConn 37 init success
2024-07-17 23:34:25.498165 INFO: addTimer id:37 expireTime:1721230965
2024-07-17 23:34:25.498175 INFO: Client[37] in!
2024-07-17 23:34:25.498179 INFO: HandleListenEvent 13
2024-07-17 23:34:25.498188 INFO: HttpConn 38 init success
2024-07-17 23:34:25.498194 INFO: addTimer id:38 expireTime:1721230965
2024-07-17 23:34:25.498201 INFO: Client[38] in!
2024-07-17 23:34:25.498206 INFO: HandleListenEvent 13
2024-07-17 23:34:25.498214 ERROR: Accept failure -1
2024-07-17 23:34:25.498553 INFO: eventNum: 1
2024-07-17 23:34:25.498568 INFO: fd: 13, events: 1

2024-07-17 23:34:25.498573 INFO: HandleListenEvent 13
2024-07-17 23:34:25.498587 INFO: HttpConn 39 init success
2024-07-17 23:34:25.498592 INFO: addTimer id:39 expireTime:1721230965
2024-07-17 23:34:25.498600 INFO: Client[39] in!
2024-07-17 23:34:25.498604 INFO: HandleListenEvent 13
2024-07-17 23:34:25.498612 ERROR: Accept failure -1
2024-07-17 23:34:25.498969 INFO: eventNum: 1
2024-07-17 23:34:25.498982 INFO: fd: 13, events: 1

2024-07-17 23:34:25.498987 INFO: HandleListenEvent 13
2024-07-17 23:34:25.499006 INFO: HttpConn 40 init success
2024-07-17 23:34:25.499011 INFO: addTimer id:40 expireTime:1721230965
2024-07-17 23:34:25.499020 INFO: Client[40] in!
2024-07-17 23:34:25.499025 INFO: HandleListenEvent 13
2024-07-17 23:34:25.499032 ERROR: Accept failure -1
2024-07-17 23:34:25.499045 INFO: eventNum: 1
2024-07-17 23:34:25.499050 INFO: fd: 13, events: 1

2024-07-17 23:34:25.499054 INFO: HandleListenEvent 13
2024-07-17 23:34:25.499064 INFO: HttpConn 41 init success
2024-07-17 23:34:25.499069 INFO: addTimer id:41 expireTime:1721230965
2024-07-17 23:34:25.499076 INFO: Client[41] in!
2024-07-17 23:34:25.499081 INFO: HandleListenEvent 13
2024-07-17 23:34:25.499088 ERROR: Accept failure -1
2024-07-17 23:34:25.499634 INFO: eventNum: 1
2024-07-17 23:34:25.499650 INFO: fd: 37, events: 1

2024-07-17 23:34:25.499683 INFO: eventNum: 1
2024-07-17 23:34:25.499687 INFO: HttpConn 37 read success
2024-07-17 23:34:25.499690 INFO: fd: 13, events: 1

2024-07-17 23:34:25.499743 INFO: HandleListenEvent 13
2024-07-17 23:34:25.499732 INFO: GET / HTTP/1.1
2024-07-17 23:34:25.499772 INFO: Host: 39.98.202.182:9006
2024-07-17 23:34:25.499784 INFO: User-Agent: Go-http-client/1.1
2024-07-17 23:34:25.499796 INFO: oop!unknow header: User-Agent: Go-http-client/1.1
2024-07-17 23:34:25.499809 INFO: X-Vegeta-Seq: 1608
2024-07-17 23:34:25.499821 INFO: oop!unknow header: X-Vegeta-Seq: 1608
2024-07-17 23:34:25.499834 INFO: Accept-Encoding: gzip
2024-07-17 23:34:25.499846 INFO: oop!unknow header: Accept-Encoding: gzip
2024-07-17 23:34:25.499859 INFO: 
2024-07-17 23:34:25.499759 INFO: HttpConn 42 init success
2024-07-17 23:34:25.499887 INFO: addTimer id:42 expireTime:1721230965
2024-07-17 23:34:25.499890 INFO: request:HTTP/1.1 200 OK

2024-07-17 23:34:25.499907 INFO: Client[42] in!
2024-07-17 23:34:25.499908 INFO: request:HTTP/1.1 200 OK
Content-Length:542

2024-07-17 23:34:25.499930 INFO: request:HTTP/1.1 200 OK
Content-Length:542
Connection:close

2024-07-17 23:34:25.499943 INFO: request:HTTP/1.1 200 OK
Content-Length:542
Connection:close


2024-07-17 23:34:25.499918 INFO: HandleListenEvent 13
2024-07-17 23:34:25.499984 INFO: HttpConn 43 init success
2024-07-17 23:34:25.499964 INFO: Thread 140246156437056 is running task

2024-07-17 23:34:25.499998 INFO: addTimer id:43 expireTime:1721230965
2024-07-17 23:34:25.500025 INFO: Client[43] in!
2024-07-17 23:34:25.500031 INFO: HandleListenEvent 13
2024-07-17 23:34:25.500040 ERROR: Accept failure -1
2024-07-17 23:34:25.500046 INFO: eventNum: 2
2024-07-17 23:34:25.500053 INFO: fd: 37, events: 4

2024-07-17 23:34:25.500066 INFO: fd: 38, events: 1

2024-07-17 23:34:25.500083 INFO: HttpConn 38 read success
2024-07-17 23:34:25.500098 INFO: Thread 140246106080832 is running task

2024-07-17 23:34:25.500101 INFO: GET / HTTP/1.1
2024-07-17 23:34:25.500129 INFO: Host: 39.98.202.182:9006
2024-07-17 23:34:25.500135 INFO: User-Agent: Go-http-client/1.1
2024-07-17 23:34:25.500142 INFO: oop!unknow header: User-Agent: Go-http-client/1.1
2024-07-17 23:34:25.500148 INFO: X-Vegeta-Seq: 1589
