2024-07-17 23:30:23.618581 INFO: eventNum: 2
2024-07-17 23:30:23.618648 INFO: fd: 26, events: 1

2024-07-17 23:30:23.618661 INFO: fd: 35, events: 1

2024-07-17 23:30:23.618671 INFO: HttpConn 26 read success
2024-07-17 23:30:23.618718 INFO: GET / HTTP/1.1
2024-07-17 23:30:23.618730 INFO: Host: 39.98.202.182:9006
2024-07-17 23:30:23.618680 INFO: HttpConn 35 read success
2024-07-17 23:30:23.618736 INFO: User-Agent: Go-http-client/1.1
2024-07-17 23:30:23.618748 INFO: GET / HTTP/1.1
2024-07-17 23:30:23.618751 INFO: oop!unknow header: User-Agent: Go-http-client/1.1
2024-07-17 23:30:23.618771 INFO: X-Vegeta-Seq: 3440
2024-07-17 23:30:23.618756 INFO: Host: 39.98.202.182:9006
2024-07-17 23:30:23.618776 INFO: oop!unknow header: X-Vegeta-Seq: 3440
2024-07-17 23:30:23.618787 INFO: User-Agent: Go-http-client/1.1
2024-07-17 23:30:23.618798 INFO: Accept-Encoding: gzip
2024-07-17 23:30:23.618809 INFO: oop!unknow header: User-Agent: Go-http-client/1.1
2024-07-17 23:30:23.618820 INFO: oop!unknow header: Accept-Encoding: gzip
2024-07-17 23:30:23.618840 INFO: 
2024-07-17 23:30:23.618833 INFO: X-Vegeta-Seq: 3443
2024-07-17 23:30:23.618865 INFO: oop!unknow header: X-Vegeta-Seq: 3443
2024-07-17 23:30:23.618868 INFO: request:HTTP/1.1 200 OK

2024-07-17 23:30:23.618876 INFO: request:HTTP/1.1 200 OK
Content-Length:542

2024-07-17 23:30:23.618883 INFO: request:HTTP/1.1 200 OK
Content-Length:542
Connection:close

2024-07-17 23:30:23.618890 INFO: request:HTTP/1.1 200 OK
Content-Length:542
Connection:close


2024-07-17 23:30:23.618871 INFO: Accept-Encoding: gzip
2024-07-17 23:30:23.618905 INFO: Thread 140246148044352 is running task

2024-07-17 23:30:23.618908 INFO: oop!unknow header: Accept-Encoding: gzip
2024-07-17 23:30:23.618917 INFO: 
2024-07-17 23:30:23.618933 INFO: request:HTTP/1.1 200 OK

2024-07-17 23:30:23.618938 INFO: request:HTTP/1.1 200 OK
Content-Length:542

2024-07-17 23:30:23.618943 INFO: request:HTTP/1.1 200 OK
Content-Length:542
Connection:close

2024-07-17 23:30:23.618947 INFO: request:HTTP/1.1 200 OK
Content-Length:542
Connection:close


2024-07-17 23:30:23.618957 INFO: Thread 140246131258944 is running task

2024-07-17 23:30:23.618813 INFO: eventNum: 1
2024-07-17 23:30:23.618968 INFO: fd: 36, events: 1

2024-07-17 23:30:23.618980 INFO: HttpConn 36 read success
2024-07-17 23:30:23.618989 INFO: GET / HTTP/1.1
2024-07-17 23:30:23.618995 INFO: Host: 39.98.202.182:9006
2024-07-17 23:30:23.618999 INFO: User-Agent: Go-http-client/1.1
2024-07-17 23:30:23.619003 INFO: oop!unknow header: User-Agent: Go-http-client/1.1
2024-07-17 23:30:23.619007 INFO: X-Vegeta-Seq: 3447
2024-07-17 23:30:23.619011 INFO: oop!unknow header: X-Vegeta-Seq: 3447
2024-07-17 23:30:23.619016 INFO: Accept-Encoding: gzip
2024-07-17 23:30:23.619020 INFO: oop!unknow header: Accept-Encoding: gzip
2024-07-17 23:30:23.619024 INFO: 
2024-07-17 23:30:23.619036 INFO: request:HTTP/1.1 200 OK

2024-07-17 23:30:23.619041 INFO: request:HTTP/1.1 200 OK
Content-Length:542

2024-07-17 23:30:23.619045 INFO: request:HTTP/1.1 200 OK
Content-Length:542
Connection:close

2024-07-17 23:30:23.619049 INFO: request:HTTP/1.1 200 OK
Content-Length:542
Connection:close


2024-07-17 23:30:23.619062 INFO: Thread 140246156437056 is running task

2024-07-17 23:30:23.619071 INFO: eventNum: 5
2024-07-17 23:30:23.619076 INFO: fd: 26, events: 4

2024-07-17 23:30:23.619108 INFO: Thread 140246097688128 is running task

2024-07-17 23:30:23.619117 INFO: fd: 35, events: 4

2024-07-17 23:30:23.619140 INFO: Thread 140246106080832 is running task

2024-07-17 23:30:23.619154 INFO: fd: 32, events: 1

2024-07-17 23:30:23.619165 INFO: HttpConn 32 read success
2024-07-17 23:30:23.619174 INFO: GET / HTTP/1.1
2024-07-17 23:30:23.619179 INFO: Host: 39.98.202.182:9006
2024-07-17 23:30:23.619184 INFO: User-Agent: Go-http-client/1.1
2024-07-17 23:30:23.619188 INFO: oop!unknow header: User-Agent: Go-http-client/1.1
2024-07-17 23:30:23.619193 INFO: X-Vegeta-Seq: 3448
2024-07-17 23:30:23.619197 INFO: oop!unknow header: X-Vegeta-Seq: 3448
2024-07-17 23:30:23.619201 INFO: Accept-Encoding: gzip
2024-07-17 23:30:23.619208 INFO: oop!unknow header: Accept-Encoding: gzip
2024-07-17 23:30:23.619218 INFO: 
2024-07-17 23:30:23.619230 INFO: request:HTTP/1.1 200 OK

2024-07-17 23:30:23.619234 INFO: request:HTTP/1.1 200 OK
Content-Length:542

2024-07-17 23:30:23.619239 INFO: request:HTTP/1.1 200 OK
Content-Length:542
Connection:close

2024-07-17 23:30:23.619243 INFO: request:HTTP/1.1 200 OK
Content-Length:542
Connection:close


2024-07-17 23:30:23.619253 INFO: Thread 140246139651648 is running task

2024-07-17 23:30:23.619260 INFO: fd: 38, events: 1

2024-07-17 23:30:23.619271 INFO: HttpConn 38 read success
2024-07-17 23:30:23.619278 INFO: GET / HTTP/1.1
2024-07-17 23:30:23.619283 INFO: Host: 39.98.202.182:9006
2024-07-17 23:30:23.619288 INFO: User-Agent: Go-http-client/1.1
2024-07-17 23:30:23.619292 INFO: oop!unknow header: User-Agent: Go-http-client/1.1
2024-07-17 23:30:23.619297 INFO: X-Vegeta-Seq: 3445
2024-07-17 23:30:23.619301 INFO: oop!unknow header: X-Vegeta-Seq: 3445
2024-07-17 23:30:23.619305 INFO: Accept-Encoding: gzip
2024-07-17 23:30:23.619309 INFO: oop!unknow header: Accept-Encoding: gzip
2024-07-17 23:30:23.619313 INFO: 
2024-07-17 23:30:23.619324 INFO: request:HTTP/1.1 200 OK

2024-07-17 23:30:23.619329 INFO: request:HTTP/1.1 200 OK
Content-Length:542

2024-07-17 23:30:23.619333 INFO: request:HTTP/1.1 200 OK
Content-Length:542
Connection:close

2024-07-17 23:30:23.619337 INFO: request:HTTP/1.1 200 OK
Content-Length:542
Connection:close


2024-07-17 23:30:23.619344 INFO: Thread 140246122866240 is running task

2024-07-17 23:30:23.619351 INFO: fd: 36, events: 4

2024-07-17 23:30:23.619373 INFO: Thread 140246114473536 is running task

2024-07-17 23:30:23.619386 INFO: eventNum: 3
2024-07-17 23:30:23.619390 INFO: fd: 37, events: 1

2024-07-17 23:30:23.619400 INFO: fd: 32, events: 4

2024-07-17 23:30:23.619411 INFO: fd: 38, events: 4

2024-07-17 23:30:23.619417 INFO: HttpConn 37 read success
2024-07-17 23:30:23.619510 INFO: GET / HTTP/1.1
2024-07-17 23:30:23.619520 INFO: Host: 39.98.202.182:9006
2024-07-17 23:30:23.619525 INFO: User-Agent: Go-http-client/1.1
2024-07-17 23:30:23.619529 INFO: oop!unknow header: User-Agent: Go-http-client/1.1
2024-07-17 23:30:23.619430 INFO: Thread 140246131258944 is running task

2024-07-17 23:30:23.619537 INFO: X-Vegeta-Seq: 3446
2024-07-17 23:30:23.619560 INFO: oop!unknow header: X-Vegeta-Seq: 3446
2024-07-17 23:30:23.619466 INFO: Thread 140246156437056 is running task

2024-07-17 23:30:23.619565 INFO: Accept-Encoding: gzip
2024-07-17 23:30:23.619583 INFO: oop!unknow header: Accept-Encoding: gzip
2024-07-17 23:30:23.619587 INFO: 
2024-07-17 23:30:23.619604 INFO: request:HTTP/1.1 200 OK

2024-07-17 23:30:23.619609 INFO: request:HTTP/1.1 200 OK
Content-Length:542

2024-07-17 23:30:23.619613 INFO: request:HTTP/1.1 200 OK
Content-Length:542
Connection:close

2024-07-17 23:30:23.619617 INFO: request:HTTP/1.1 200 OK
Content-Length:542
Connection:close


2024-07-17 23:30:23.619632 INFO: Thread 140246148044352 is running task

2024-07-17 23:30:23.619634 INFO: eventNum: 1
2024-07-17 23:30:23.619648 INFO: fd: 37, events: 4

2024-07-17 23:30:23.619677 INFO: Thread 140246097688128 is running task

2024-07-17 23:30:23.620466 INFO: eventNum: 1
2024-07-17 23:30:23.620483 INFO: fd: 13, events: 1

2024-07-17 23:30:23.620488 INFO: HandleListenEvent 13
2024-07-17 23:30:23.620521 INFO: HttpConn 16 init success
2024-07-17 23:30:23.620527 INFO: addTimer id:16 expireTime:1721230723
2024-07-17 23:30:23.620537 INFO: Client[16] in!
2024-07-17 23:30:23.620542 INFO: HandleListenEvent 13
2024-07-17 23:30:23.620551 ERROR: Accept failure -1
2024-07-17 23:30:23.620557 INFO: eventNum: 1
2024-07-17 23:30:23.620561 INFO: fd: 16, events: 1

2024-07-17 23:30:23.620572 INFO: HttpConn 16 read success
2024-07-17 23:30:23.620582 INFO: GET / HTTP/1.1
2024-07-17 23:30:23.620588 INFO: Host: 39.98.202.182:9006
2024-07-17 23:30:23.620593 INFO: User-Agent: Go-http-client/1.1
2024-07-17 23:30:23.620597 INFO: oop!unknow header: User-Agent: Go-http-client/1.1
2024-07-17 23:30:23.620601 INFO: X-Vegeta-Seq: 3449
2024-07-17 23:30:23.620613 INFO: oop!unknow header: X-Vegeta-Seq: 3449
2024-07-17 23:30:23.620617 INFO: Accept-Encoding: gzip
2024-07-17 23:30:23.620624 INFO: oop!unknow header: Accept-Encoding: gzip
2024-07-17 23:30:23.620629 INFO: 
2024-07-17 23:30:23.620643 INFO: request:HTTP/1.1 200 OK

2024-07-17 23:30:23.620648 INFO: request:HTTP/1.1 200 OK
Content-Length:542

2024-07-17 23:30:23.620652 INFO: request:HTTP/1.1 200 OK
Content-Length:542
Connection:close

2024-07-17 23:30:23.620657 INFO: request:HTTP/1.1 200 OK
Content-Length:542
Connection:close


2024-07-17 23:30:23.620665 INFO: Thread 140246106080832 is running task

2024-07-17 23:30:23.620673 INFO: eventNum: 1
2024-07-17 23:30:23.620678 INFO: fd: 16, events: 4

2024-07-17 23:30:23.620704 INFO: Thread 140246139651648 is running task

2024-07-17 23:30:23.624774 INFO: eventNum: 1
2024-07-17 23:30:23.624805 INFO: fd: 13, events: 1

2024-07-17 23:30:23.624810 INFO: HandleListenEvent 13
2024-07-17 23:30:23.624829 INFO: HttpConn 17 init success
2024-07-17 23:30:23.624835 INFO: addTimer id:17 expireTime:1721230723
2024-07-17 23:30:23.624846 INFO: Client[17] in!
2024-07-17 23:30:23.624851 INFO: HandleListenEvent 13
2024-07-17 23:30:23.624860 ERROR: Accept failure -1
2024-07-17 23:30:23.625121 INFO: eventNum: 1
2024-07-17 23:30:23.625133 INFO: fd: 13, events: 1

2024-07-17 23:30:23.625138 INFO: HandleListenEvent 13
2024-07-17 23:30:23.625147 INFO: HttpConn 18 init success
2024-07-17 23:30:23.625153 INFO: addTimer id:18 expireTime:1721230723
2024-07-17 23:30:23.625161 INFO: Client[18] in!
2024-07-17 23:30:23.625166 INFO: HandleListenEvent 13
2024-07-17 23:30:23.625173 ERROR: Accept failure -1
2024-07-17 23:30:23.626355 INFO: eventNum: 1
2024-07-17 23:30:23.626378 INFO: fd: 13, events: 1

2024-07-17 23:30:23.626383 INFO: HandleListenEvent 13
2024-07-17 23:30:23.626403 INFO: HttpConn 28 init success
2024-07-17 23:30:23.626408 INFO: addTimer id:28 expireTime:1721230723
2024-07-17 23:30:23.626418 INFO: Client[28] in!
2024-07-17 23:30:23.626423 INFO: HandleListenEvent 13
2024-07-17 23:30:23.626431 ERROR: Accept failure -1
2024-07-17 23:30:23.626610 INFO: eventNum: 1
2024-07-17 23:30:23.626627 INFO: fd: 17, events: 1

2024-07-17 23:30:23.626645 INFO: HttpConn 17 read success
2024-07-17 23:30:23.626657 INFO: GET / HTTP/1.1
2024-07-17 23:30:23.626666 INFO: Host: 39.98.202.182:9006
2024-07-17 23:30:23.626670 INFO: User-Agent: Go-http-client/1.1
2024-07-17 23:30:23.626678 INFO: oop!unknow header: User-Agent: Go-http-client/1.1
2024-07-17 23:30:23.626683 INFO: X-Vegeta-Seq: 3453
2024-07-17 23:30:23.626690 INFO: oop!unknow header: X-Vegeta-Seq: 3453
2024-07-17 23:30:23.626695 INFO: Accept-Encoding: gzip
2024-07-17 23:30:23.626701 INFO: oop!unknow header: Accept-Encoding: gzip
2024-07-17 23:30:23.626708 INFO: 
2024-07-17 23:30:23.626732 INFO: request:HTTP/1.1 200 OK

2024-07-17 23:30:23.626740 INFO: request:HTTP/1.1 200 OK
Content-Length:542

2024-07-17 23:30:23.626747 INFO: request:HTTP/1.1 200 OK
Content-Length:542
Connection:close

2024-07-17 23:30:23.626751 INFO: request:HTTP/1.1 200 OK
Content-Length:542
Connection:close


2024-07-17 23:30:23.626764 INFO: Thread 140246122866240 is running task

2024-07-17 23:30:23.626779 INFO: eventNum: 1
2024-07-17 23:30:23.626784 INFO: fd: 17, events: 4

2024-07-17 23:30:23.626823 INFO: Thread 140246114473536 is running task

2024-07-17 23:30:23.626937 INFO: eventNum: 1
2024-07-17 23:30:23.626953 INFO: fd: 18, events: 1

2024-07-17 23:30:23.626966 INFO: HttpConn 18 read success
2024-07-17 23:30:23.626976 INFO: GET / HTTP/1.1
2024-07-17 23:30:23.626981 INFO: Host: 39.98.202.182:9006
2024-07-17 23:30:23.626986 INFO: User-Agent: Go-http-client/1.1
2024-07-17 23:30:23.626990 INFO: oop!unknow header: User-Agent: Go-http-client/1.1
2024-07-17 23:30:23.626994 INFO: X-Vegeta-Seq: 3455
2024-07-17 23:30:23.626999 INFO: oop!unknow header: X-Vegeta-Seq: 3455
2024-07-17 23:30:23.627003 INFO: Accept-Encoding: gzip
2024-07-17 23:30:23.627007 INFO: oop!unknow header: Accept-Encoding: gzip
2024-07-17 23:30:23.627012 INFO: 
2024-07-17 23:30:23.627026 INFO: request:HTTP/1.1 200 OK

2024-07-17 23:30:23.627037 INFO: request:HTTP/1.1 200 OK
Content-Length:542

2024-07-17 23:30:23.627042 INFO: request:HTTP/1.1 200 OK
Content-Length:542
Connection:close

2024-07-17 23:30:23.627046 INFO: request:HTTP/1.1 200 OK
Content-Length:542
Connection:close


2024-07-17 23:30:23.627054 INFO: Thread 140246131258944 is running task

2024-07-17 23:30:23.627062 INFO: eventNum: 1
2024-07-17 23:30:23.627067 INFO: fd: 18, events: 4

2024-07-17 23:30:23.627093 INFO: Thread 140246156437056 is running task

2024-07-17 23:30:23.627825 INFO: eventNum: 1
2024-07-17 23:30:23.627846 INFO: fd: 28, events: 1

2024-07-17 23:30:23.627870 INFO: HttpConn 28 read success
2024-07-17 23:30:23.627902 INFO: GET / HTTP/1.1
2024-07-17 23:30:23.627914 INFO: Host: 39.98.202.182:9006
2024-07-17 23:30:23.627919 INFO: User-Agent: Go-http-client/1.1
2024-07-17 23:30:23.627923 INFO: oop!unknow header: User-Agent: Go-http-client/1.1
2024-07-17 23:30:23.627928 INFO: X-Vegeta-Seq: 3452
2024-07-17 23:30:23.627932 INFO: oop!unknow header: X-Vegeta-Seq: 3452
2024-07-17 23:30:23.627936 INFO: Accept-Encoding: gzip
2024-07-17 23:30:23.627941 INFO: oop!unknow header: Accept-Encoding: gzip
2024-07-17 23:30:23.627945 INFO: 
2024-07-17 23:30:23.627963 INFO: request:HTTP/1.1 200 OK

2024-07-17 23:30:23.627968 INFO: request:HTTP/1.1 200 OK
Content-Length:542

2024-07-17 23:30:23.627972 INFO: request:HTTP/1.1 200 OK
Content-Length:542
Connection:close

2024-07-17 23:30:23.627977 INFO: request:HTTP/1.1 200 OK
Content-Length:542
Connection:close


2024-07-17 23:30:23.627994 INFO: Thread 140246148044352 is running task

2024-07-17 23:30:23.627994 INFO: eventNum: 1
2024-07-17 23:30:23.628016 INFO: fd: 28, events: 4

2024-07-17 23:30:23.628050 INFO: Thread 140246097688128 is running task

2024-07-17 23:30:23.634772 INFO: eventNum: 1
2024-07-17 23:30:23.634806 INFO: fd: 30, events: 8193

2024-07-17 23:30:23.634829 INFO: HttpConn 30 close success
2024-07-17 23:30:23.634838 INFO: Client[30] quit!
2024-07-17 23:30:23.635933 INFO: eventNum: 1
2024-07-17 23:30:23.635948 INFO: fd: 33, events: 8193

2024-07-17 23:30:23.635966 INFO: HttpConn 33 close success
2024-07-17 23:30:23.635973 INFO: Client[33] quit!
2024-07-17 23:30:23.636246 INFO: eventNum: 1
2024-07-17 23:30:23.636281 INFO: fd: 29, events: 8193

2024-07-17 23:30:23.636331 INFO: HttpConn 29 close success
2024-07-17 23:30:23.636351 INFO: Client[29] quit!
2024-07-17 23:30:23.636359 INFO: eventNum: 1
2024-07-17 23:30:23.636365 INFO: fd: 13, events: 1

2024-07-17 23:30:23.636371 INFO: HandleListenEvent 13
2024-07-17 23:30:23.636395 INFO: HttpConn 29 init success
2024-07-17 23:30:23.636403 INFO: addTimer id:29 expireTime:1721230723
2024-07-17 23:30:23.636418 INFO: Client[29] in!
2024-07-17 23:30:23.636424 INFO: HandleListenEvent 13
2024-07-17 23:30:23.636435 ERROR: Accept failure -1
2024-07-17 23:30:23.638662 INFO: eventNum: 2
2024-07-17 23:30:23.638691 INFO: fd: 29, events: 1

2024-07-17 23:30:23.638708 INFO: HttpConn 29 read success
2024-07-17 23:30:23.638723 INFO: GET / HTTP/1.1
2024-07-17 23:30:23.638729 INFO: Host: 39.98.202.182:9006
2024-07-17 23:30:23.638734 INFO: User-Agent: Go-http-client/1.1
2024-07-17 23:30:23.638738 INFO: oop!unknow header: User-Agent: Go-http-client/1.1
2024-07-17 23:30:23.638746 INFO: X-Vegeta-Seq: 3464
2024-07-17 23:30:23.638750 INFO: oop!unknow header: X-Vegeta-Seq: 3464
2024-07-17 23:30:23.638754 INFO: Accept-Encoding: gzip
2024-07-17 23:30:23.638759 INFO: oop!unknow header: Accept-Encoding: gzip
2024-07-17 23:30:23.638766 INFO: 
2024-07-17 23:30:23.638788 INFO: request:HTTP/1.1 200 OK

2024-07-17 23:30:23.638793 INFO: request:HTTP/1.1 200 OK
Content-Length:542

2024-07-17 23:30:23.638797 INFO: request:HTTP/1.1 200 OK
Content-Length:542
Connection:close

2024-07-17 23:30:23.638802 INFO: request:HTTP/1.1 200 OK
Content-Length:542
Connection:close


2024-07-17 23:30:23.638815 INFO: Thread 140246106080832 is running task

2024-07-17 23:30:23.638824 INFO: fd: 13, events: 1

2024-07-17 23:30:23.638829 INFO: HandleListenEvent 13
2024-07-17 23:30:23.638852 INFO: HttpConn 30 init success
2024-07-17 23:30:23.638858 INFO: addTimer id:30 expireTime:1721230723
2024-07-17 23:30:23.638869 INFO: Client[30] in!
2024-07-17 23:30:23.638873 INFO: HandleListenEvent 13
2024-07-17 23:30:23.638883 INFO: HttpConn 31 init success
2024-07-17 23:30:23.638888 INFO: addTimer id:31 expireTime:1721230723
2024-07-17 23:30:23.638896 INFO: Client[31] in!
2024-07-17 23:30:23.638900 INFO: HandleListenEvent 13
2024-07-17 23:30:23.638910 ERROR: Accept failure -1
2024-07-17 23:30:23.638916 INFO: eventNum: 3
2024-07-17 23:30:23.638921 INFO: fd: 26, events: 8193

2024-07-17 23:30:23.638937 INFO: HttpConn 26 close success
2024-07-17 23:30:23.638945 INFO: Client[26] quit!
2024-07-17 23:30:23.638950 INFO: fd: 29, events: 4

2024-07-17 23:30:23.638983 INFO: Thread 140246139651648 is running task

2024-07-17 23:30:23.638993 INFO: fd: 30, events: 1

2024-07-17 23:30:23.639005 INFO: HttpConn 30 read success
2024-07-17 23:30:23.639014 INFO: GET / HTTP/1.1
2024-07-17 23:30:23.639019 INFO: Host: 39.98.202.182:9006
2024-07-17 23:30:23.639023 INFO: User-Agent: Go-http-client/1.1
2024-07-17 23:30:23.639028 INFO: oop!unknow header: User-Agent: Go-http-client/1.1
2024-07-17 23:30:23.639032 INFO: X-Vegeta-Seq: 3458
2024-07-17 23:30:23.639036 INFO: oop!unknow header: X-Vegeta-Seq: 3458
2024-07-17 23:30:23.639040 INFO: Accept-Encoding: gzip
2024-07-17 23:30:23.639045 INFO: oop!unknow header: Accept-Encoding: gzip
2024-07-17 23:30:23.639049 INFO: 
2024-07-17 23:30:23.639065 INFO: request:HTTP/1.1 200 OK

2024-07-17 23:30:23.639070 INFO: request:HTTP/1.1 200 OK
Content-Length:542

2024-07-17 23:30:23.639074 INFO: request:HTTP/1.1 200 OK
Content-Length:542
Connection:close

2024-07-17 23:30:23.639078 INFO: request:HTTP/1.1 200 OK
Content-Length:542
Connection:close


2024-07-17 23:30:23.639085 INFO: Thread 140246122866240 is running task

2024-07-17 23:30:23.639189 INFO: eventNum: 3
2024-07-17 23:30:23.639196 INFO: fd: 13, events: 1

2024-07-17 23:30:23.639200 INFO: HandleListenEvent 13
2024-07-17 23:30:23.639211 INFO: HttpConn 26 init success
2024-07-17 23:30:23.639217 INFO: addTimer id:26 expireTime:1721230723
2024-07-17 23:30:23.639226 INFO: Client[26] in!
2024-07-17 23:30:23.639230 INFO: HandleListenEvent 13
2024-07-17 23:30:23.639238 ERROR: Accept failure -1
2024-07-17 23:30:23.639243 INFO: fd: 31, events: 1

2024-07-17 23:30:23.639254 INFO: HttpConn 31 read success
2024-07-17 23:30:23.639263 INFO: GET / HTTP/1.1
2024-07-17 23:30:23.639268 INFO: Host: 39.98.202.182:9006
2024-07-17 23:30:23.639273 INFO: User-Agent: Go-http-client/1.1
2024-07-17 23:30:23.639277 INFO: oop!unknow header: User-Agent: Go-http-client/1.1
2024-07-17 23:30:23.639281 INFO: X-Vegeta-Seq: 3463
2024-07-17 23:30:23.639286 INFO: oop!unknow header: X-Vegeta-Seq: 3463
2024-07-17 23:30:23.639290 INFO: Accept-Encoding: gzip
2024-07-17 23:30:23.639294 INFO: oop!unknow header: Accept-Encoding: gzip
2024-07-17 23:30:23.639298 INFO: 
2024-07-17 23:30:23.639311 INFO: request:HTTP/1.1 200 OK

2024-07-17 23:30:23.639316 INFO: request:HTTP/1.1 200 OK
Content-Length:542

2024-07-17 23:30:23.639320 INFO: request:HTTP/1.1 200 OK
Content-Length:542
Connection:close

2024-07-17 23:30:23.639324 INFO: request:HTTP/1.1 200 OK
Content-Length:542
Connection:close


2024-07-17 23:30:23.639332 INFO: Thread 140246114473536 is running task

2024-07-17 23:30:23.639339 INFO: fd: 30, events: 4

2024-07-17 23:30:23.639368 INFO: Thread 140246131258944 is running task

2024-07-17 23:30:23.639379 INFO: eventNum: 2
2024-07-17 23:30:23.639384 INFO: fd: 13, events: 1

2024-07-17 23:30:23.639388 INFO: HandleListenEvent 13
2024-07-17 23:30:23.639402 INFO: HttpConn 33 init success
2024-07-17 23:30:23.639572 INFO: addTimer id:33 expireTime:1721230723
2024-07-17 23:30:23.639584 INFO: Client[33] in!
2024-07-17 23:30:23.639589 INFO: HandleListenEvent 13
2024-07-17 23:30:23.639601 INFO: HttpConn 34 init success
2024-07-17 23:30:23.639606 INFO: addTimer id:34 expireTime:1721230723
2024-07-17 23:30:23.639614 INFO: Client[34] in!
2024-07-17 23:30:23.639618 INFO: HandleListenEvent 13
2024-07-17 23:30:23.639633 INFO: HttpConn 39 init success
2024-07-17 23:30:23.639638 INFO: addTimer id:39 expireTime:1721230723
2024-07-17 23:30:23.639646 INFO: Client[39] in!
2024-07-17 23:30:23.639650 INFO: HandleListenEvent 13
2024-07-17 23:30:23.639658 ERROR: Accept failure -1
2024-07-17 23:30:23.639663 INFO: fd: 31, events: 4

2024-07-17 23:30:23.639707 INFO: Thread 140246156437056 is running task

2024-07-17 23:30:23.640089 INFO: eventNum: 1
2024-07-17 23:30:23.640108 INFO: fd: 13, events: 1

2024-07-17 23:30:23.640113 INFO: HandleListenEvent 13
2024-07-17 23:30:23.640124 INFO: HttpConn 40 init success
2024-07-17 23:30:23.640129 INFO: addTimer id:40 expireTime:1721230723
2024-07-17 23:30:23.640139 INFO: Client[40] in!
2024-07-17 23:30:23.640143 INFO: HandleListenEvent 13
2024-07-17 23:30:23.640151 ERROR: Accept failure -1
2024-07-17 23:30:23.640675 INFO: eventNum: 1
2024-07-17 23:30:23.640688 INFO: fd: 35, events: 8193

2024-07-17 23:30:23.640706 INFO: HttpConn 35 close success
2024-07-17 23:30:23.640714 INFO: Client[35] quit!
2024-07-17 23:30:23.640787 INFO: eventNum: 1
2024-07-17 23:30:23.640801 INFO: fd: 38, events: 8193

2024-07-17 23:30:23.640817 INFO: HttpConn 38 close success
2024-07-17 23:30:23.640824 INFO: Client[38] quit!
2024-07-17 23:30:23.641056 INFO: eventNum: 1
2024-07-17 23:30:23.641066 INFO: fd: 16, events: 8193

2024-07-17 23:30:23.641079 INFO: HttpConn 16 close success
2024-07-17 23:30:23.641086 INFO: Client[16] quit!
2024-07-17 23:30:23.641160 INFO: eventNum: 1
2024-07-17 23:30:23.641171 INFO: fd: 32, events: 8193

2024-07-17 23:30:23.641183 INFO: HttpConn 32 close success
2024-07-17 23:30:23.641191 INFO: Client[32] quit!
2024-07-17 23:30:23.642765 INFO: eventNum: 1
2024-07-17 23:30:23.642784 INFO: fd: 39, events: 1

2024-07-17 23:30:23.642808 INFO: HttpConn 39 read success
2024-07-17 23:30:23.642846 INFO: eventNum: 1
2024-07-17 23:30:23.642857 INFO: fd: 26, events: 1

2024-07-17 23:30:23.642851 INFO: GET / HTTP/1.1
2024-07-17 23:30:23.642882 INFO: HttpConn 26 read success
2024-07-17 23:30:23.642882 INFO: Host: 39.98.202.182:9006
2024-07-17 23:30:23.642897 INFO: GET / HTTP/1.1
2024-07-17 23:30:23.642902 INFO: User-Agent: Go-http-client/1.1
2024-07-17 23:30:23.642916 INFO: eventNum: 1
2024-07-17 23:30:23.642909 INFO: Host: 39.98.202.182:9006
2024-07-17 23:30:23.642939 INFO: User-Agent: Go-http-client/1.1
2024-07-17 23:30:23.642947 INFO: oop!unknow header: User-Agent: Go-http-client/1.1
2024-07-17 23:30:23.642956 INFO: X-Vegeta-Seq: 3456
2024-07-17 23:30:23.642963 INFO: oop!unknow header: X-Vegeta-Seq: 3456
2024-07-17 23:30:23.642971 INFO: Accept-Encoding: gzip
2024-07-17 23:30:23.642922 INFO: oop!unknow header: User-Agent: Go-http-client/1.1
2024-07-17 23:30:23.642993 INFO: X-Vegeta-Seq: 3462
2024-07-17 23:30:23.643000 INFO: oop!unknow header: X-Vegeta-Seq: 3462
2024-07-17 23:30:23.643010 INFO: Accept-Encoding: gzip
2024-07-17 23:30:23.642979 INFO: oop!unknow header: Accept-Encoding: gzip
2024-07-17 23:30:23.643022 INFO: 
2024-07-17 23:30:23.643015 INFO: oop!unknow header: Accept-Encoding: gzip
2024-07-17 23:30:23.643040 INFO: 
2024-07-17 23:30:23.643050 INFO: request:HTTP/1.1 200 OK

2024-07-17 23:30:23.643056 INFO: request:HTTP/1.1 200 OK
Content-Length:542

2024-07-17 23:30:23.643061 INFO: request:HTTP/1.1 200 OK
Content-Length:542
Connection:close

2024-07-17 23:30:23.643065 INFO: request:HTTP/1.1 200 OK
Content-Length:542
Connection:close


2024-07-17 23:30:23.643067 INFO: request:HTTP/1.1 200 OK

2024-07-17 23:30:23.642983 INFO: fd: 36, events: 8193

2024-07-17 23:30:23.643076 INFO: Thread 140246097688128 is running task

2024-07-17 23:30:23.643076 INFO: request:HTTP/1.1 200 OK
Content-Length:542

2024-07-17 23:30:23.643117 INFO: HttpConn 36 close success
2024-07-17 23:30:23.643120 INFO: request:HTTP/1.1 200 OK
Content-Length:542
Connection:close

2024-07-17 23:30:23.643145 INFO: request:HTTP/1.1 200 OK
Content-Length:542
Connection:close


2024-07-17 23:30:23.643130 INFO: Client[36] quit!
2024-07-17 23:30:23.643168 INFO: Thread 140246148044352 is running task

2024-07-17 23:30:23.643168 INFO: eventNum: 4
2024-07-17 23:30:23.643205 INFO: fd: 33, events: 1

2024-07-17 23:30:23.643217 INFO: HttpConn 33 read success
2024-07-17 23:30:23.643227 INFO: GET / HTTP/1.1
2024-07-17 23:30:23.643232 INFO: Host: 39.98.202.182:9006
2024-07-17 23:30:23.643237 INFO: User-Agent: Go-http-client/1.1
2024-07-17 23:30:23.643241 INFO: oop!unknow header: User-Agent: Go-http-client/1.1
2024-07-17 23:30:23.643245 INFO: X-Vegeta-Seq: 3460
2024-07-17 23:30:23.643250 INFO: oop!unknow header: X-Vegeta-Seq: 3460
2024-07-17 23:30:23.643254 INFO: Accept-Encoding: gzip
2024-07-17 23:30:23.643258 INFO: oop!unknow header: Accept-Encoding: gzip
2024-07-17 23:30:23.643263 INFO: 
2024-07-17 23:30:23.643278 INFO: request:HTTP/1.1 200 OK

2024-07-17 23:30:23.643282 INFO: request:HTTP/1.1 200 OK
Content-Length:542

2024-07-17 23:30:23.643287 INFO: request:HTTP/1.1 200 OK
Content-Length:542
Connection:close

2024-07-17 23:30:23.643291 INFO: request:HTTP/1.1 200 OK
Content-Length:542
Connection:close


2024-07-17 23:30:23.643300 INFO: Thread 140246106080832 is running task

2024-07-17 23:30:23.643310 INFO: fd: 26, events: 4

2024-07-17 23:30:23.643350 INFO: Thread 140246139651648 is running task

2024-07-17 23:30:23.643361 INFO: fd: 40, events: 1

2024-07-17 23:30:23.643373 INFO: HttpConn 40 read success
2024-07-17 23:30:23.643382 INFO: GET / HTTP/1.1
2024-07-17 23:30:23.643388 INFO: Host: 39.98.202.182:9006
2024-07-17 23:30:23.643392 INFO: User-Agent: Go-http-client/1.1
2024-07-17 23:30:23.643396 INFO: oop!unknow header: User-Agent: Go-http-client/1.1
2024-07-17 23:30:23.643401 INFO: X-Vegeta-Seq: 3457
2024-07-17 23:30:23.643405 INFO: oop!unknow header: X-Vegeta-Seq: 3457
2024-07-17 23:30:23.643409 INFO: Accept-Encoding: gzip
2024-07-17 23:30:23.643414 INFO: oop!unknow header: Accept-Encoding: gzip
2024-07-17 23:30:23.643418 INFO: 
2024-07-17 23:30:23.643434 INFO: request:HTTP/1.1 200 OK

2024-07-17 23:30:23.643439 INFO: request:HTTP/1.1 200 OK
Content-Length:542

2024-07-17 23:30:23.643446 INFO: request:HTTP/1.1 200 OK
Content-Length:542
Connection:close

2024-07-17 23:30:23.643450 INFO: request:HTTP/1.1 200 OK
Content-Length:542
Connection:close


2024-07-17 23:30:23.643457 INFO: Thread 140246122866240 is running task

2024-07-17 23:30:23.643464 INFO: fd: 39, events: 4

2024-07-17 23:30:23.643492 INFO: Thread 140246114473536 is running task

2024-07-17 23:30:23.643512 INFO: eventNum: 3
2024-07-17 23:30:23.643517 INFO: fd: 33, events: 4

2024-07-17 23:30:23.643540 INFO: Thread 140246131258944 is running task

2024-07-17 23:30:23.643552 INFO: fd: 40, events: 4

2024-07-17 23:30:23.643574 INFO: Thread 140246156437056 is running task

2024-07-17 23:30:23.643586 INFO: fd: 34, events: 1

2024-07-17 23:30:23.643596 INFO: HttpConn 34 read success
2024-07-17 23:30:23.643605 INFO: GET / HTTP/1.1
2024-07-17 23:30:23.643610 INFO: Host: 39.98.202.182:9006
2024-07-17 23:30:23.643614 INFO: User-Agent: Go-http-client/1.1
2024-07-17 23:30:23.643618 INFO: oop!unknow header: User-Agent: Go-http-client/1.1
2024-07-17 23:30:23.643622 INFO: X-Vegeta-Seq: 3461
2024-07-17 23:30:23.643627 INFO: oop!unknow header: X-Vegeta-Seq: 3461
2024-07-17 23:30:23.643631 INFO: Accept-Encoding: gzip
2024-07-17 23:30:23.643635 INFO: oop!unknow header: Accept-Encoding: gzip
2024-07-17 23:30:23.643640 INFO: 
2024-07-17 23:30:23.643652 INFO: request:HTTP/1.1 200 OK

2024-07-17 23:30:23.643657 INFO: request:HTTP/1.1 200 OK
Content-Length:542

2024-07-17 23:30:23.643661 INFO: request:HTTP/1.1 200 OK
Content-Length:542
Connection:close

2024-07-17 23:30:23.643665 INFO: request:HTTP/1.1 200 OK
Content-Length:542
Connection:close


2024-07-17 23:30:23.643673 INFO: Thread 140246097688128 is running task

2024-07-17 23:30:23.643681 INFO: eventNum: 2
2024-07-17 23:30:23.643686 INFO: fd: 37, events: 8193

2024-07-17 23:30:23.643702 INFO: HttpConn 37 close success
2024-07-17 23:30:23.643709 INFO: Client[37] quit!
2024-07-17 23:30:23.643714 INFO: fd: 34, events: 4

2024-07-17 23:30:23.643760 INFO: Thread 140246148044352 is running task

2024-07-17 23:30:23.643837 INFO: eventNum: 1
2024-07-17 23:30:23.643863 INFO: fd: 17, events: 8193

2024-07-17 23:30:23.643885 INFO: HttpConn 17 close success
2024-07-17 23:30:23.643891 INFO: Client[17] quit!
2024-07-17 23:30:23.644185 INFO: eventNum: 1
2024-07-17 23:30:23.644200 INFO: fd: 18, events: 8193

2024-07-17 23:30:23.644216 INFO: HttpConn 18 close success
2024-07-17 23:30:23.644221 INFO: Client[18] quit!
2024-07-17 23:30:23.645097 INFO: eventNum: 1
2024-07-17 23:30:23.645118 INFO: fd: 13, events: 1

2024-07-17 23:30:23.645123 INFO: HandleListenEvent 13
2024-07-17 23:30:23.645136 INFO: HttpConn 16 init success
2024-07-17 23:30:23.645142 INFO: addTimer id:16 expireTime:1721230723
2024-07-17 23:30:23.645152 INFO: Client[16] in!
2024-07-17 23:30:23.645156 INFO: HandleListenEvent 13
2024-07-17 23:30:23.645165 ERROR: Accept failure -1
2024-07-17 23:30:23.645435 INFO: eventNum: 1
2024-07-17 23:30:23.645448 INFO: fd: 28, events: 8193

2024-07-17 23:30:23.645465 INFO: HttpConn 28 close success
2024-07-17 23:30:23.645471 INFO: Client[28] quit!
2024-07-17 23:30:23.646995 INFO: eventNum: 1
2024-07-17 23:30:23.647023 INFO: fd: 16, events: 1

2024-07-17 23:30:23.647046 INFO: HttpConn 16 read success
2024-07-17 23:30:23.647065 INFO: GET / HTTP/1.1
2024-07-17 23:30:23.647071 INFO: Host: 39.98.202.182:9006
2024-07-17 23:30:23.647076 INFO: User-Agent: Go-http-client/1.1
2024-07-17 23:30:23.647081 INFO: oop!unknow header: User-Agent: Go-http-client/1.1
2024-07-17 23:30:23.647085 INFO: X-Vegeta-Seq: 3467
2024-07-17 23:30:23.647089 INFO: oop!unknow header: X-Vegeta-Seq: 3467
2024-07-17 23:30:23.647093 INFO: Accept-Encoding: gzip
2024-07-17 23:30:23.647098 INFO: oop!unknow header: Accept-Encoding: gzip
2024-07-17 23:30:23.647102 INFO: 
2024-07-17 23:30:23.647119 INFO: request:HTTP/1.1 200 OK

2024-07-17 23:30:23.647123 INFO: request:HTTP/1.1 200 OK
Content-Length:542

2024-07-17 23:30:23.647128 INFO: request:HTTP/1.1 200 OK
Content-Length:542
Connection:close

2024-07-17 23:30:23.647132 INFO: request:HTTP/1.1 200 OK
Content-Length:542
Connection:close


2024-07-17 23:30:23.647173 INFO: eventNum: 1
2024-07-17 23:30:23.647176 INFO: Thread 140246106080832 is running task

2024-07-17 23:30:23.647206 INFO: fd: 16, events: 4

2024-07-17 23:30:23.647270 INFO: Thread 140246139651648 is running task

2024-07-17 23:30:23.661849 INFO: eventNum: 1
2024-07-17 23:30:23.661910 INFO: fd: 29, events: 8193

2024-07-17 23:30:23.661943 INFO: HttpConn 29 close success
2024-07-17 23:30:23.661949 INFO: Client[29] quit!
2024-07-17 23:30:23.665728 INFO: eventNum: 1
2024-07-17 23:30:23.665794 INFO: fd: 16, events: 8193

2024-07-17 23:30:23.665824 INFO: HttpConn 16 close success
2024-07-17 23:30:23.665830 INFO: Client[16] quit!
2024-07-17 23:30:23.666688 INFO: eventNum: 1
2024-07-17 23:30:23.666728 INFO: fd: 40, events: 8193

2024-07-17 23:30:23.666760 INFO: HttpConn 40 close success
2024-07-17 23:30:23.666773 INFO: Client[40] quit!
2024-07-17 23:30:23.667033 INFO: eventNum: 1
2024-07-17 23:30:23.667051 INFO: fd: 34, events: 8193

2024-07-17 23:30:23.667070 INFO: HttpConn 34 close success
2024-07-17 23:30:23.667077 INFO: Client[34] quit!
2024-07-17 23:30:23.667189 INFO: eventNum: 1
2024-07-17 23:30:23.667208 INFO: fd: 26, events: 8193

2024-07-17 23:30:23.667226 INFO: HttpConn 26 close success
2024-07-17 23:30:23.667232 INFO: Client[26] quit!
2024-07-17 23:30:23.669237 INFO: eventNum: 1
2024-07-17 23:30:23.669267 INFO: fd: 33, events: 8193

2024-07-17 23:30:23.669296 INFO: HttpConn 33 close success
2024-07-17 23:30:23.669302 INFO: Client[33] quit!
2024-07-17 23:30:23.669309 INFO: eventNum: 1
2024-07-17 23:30:23.669313 INFO: fd: 30, events: 8193

2024-07-17 23:30:23.669329 INFO: HttpConn 30 close success
2024-07-17 23:30:23.669335 INFO: Client[30] quit!
2024-07-17 23:30:23.669340 INFO: eventNum: 1
2024-07-17 23:30:23.669344 INFO: fd: 39, events: 8193

2024-07-17 23:30:23.669355 INFO: HttpConn 39 close success
2024-07-17 23:30:23.669360 INFO: Client[39] quit!
2024-07-17 23:30:23.669402 INFO: eventNum: 1
2024-07-17 23:30:23.669427 INFO: fd: 31, events: 8193

2024-07-17 23:30:23.669450 INFO: HttpConn 31 close success
2024-07-17 23:30:23.669455 INFO: Client[31] quit!
2024-07-17 23:30:23.675969 INFO: eventNum: 1
2024-07-17 23:30:23.676020 INFO: fd: 13, events: 1

2024-07-17 23:30:23.676027 INFO: HandleListenEvent 13
2024-07-17 23:30:23.676060 INFO: HttpConn 16 init success
2024-07-17 23:30:23.676071 INFO: addTimer id:16 expireTime:1721230723
2024-07-17 23:30:23.676090 INFO: Client[16] in!
2024-07-17 23:30:23.676097 INFO: HandleListenEvent 13
2024-07-17 23:30:23.676119 ERROR: Accept failure -1
2024-07-17 23:30:23.676332 INFO: eventNum: 1
2024-07-17 23:30:23.676388 INFO: fd: 13, events: 1

2024-07-17 23:30:23.676427 INFO: HandleListenEvent 13
2024-07-17 23:30:23.676449 INFO: HttpConn 17 init success
2024-07-17 23:30:23.676455 INFO: addTimer id:17 expireTime:1721230723
2024-07-17 23:30:23.676467 INFO: Client[17] in!
2024-07-17 23:30:23.676471 INFO: HandleListenEvent 13
2024-07-17 23:30:23.676481 ERROR: Accept failure -1
2024-07-17 23:30:23.676748 INFO: eventNum: 1
2024-07-17 23:30:23.676764 INFO: fd: 13, events: 1

2024-07-17 23:30:23.676769 INFO: HandleListenEvent 13
2024-07-17 23:30:23.676781 INFO: HttpConn 18 init success
2024-07-17 23:30:23.676787 INFO: addTimer id:18 expireTime:1721230723
2024-07-17 23:30:23.676797 INFO: Client[18] in!
2024-07-17 23:30:23.676802 INFO: HandleListenEvent 13
2024-07-17 23:30:23.676810 ERROR: Accept failure -1
2024-07-17 23:30:23.680866 INFO: eventNum: 1
2024-07-17 23:30:23.680909 INFO: fd: 17, events: 1

2024-07-17 23:30:23.680929 INFO: HttpConn 17 read success
2024-07-17 23:30:23.680944 INFO: GET / HTTP/1.1
2024-07-17 23:30:23.680950 INFO: Host: 39.98.202.182:9006
2024-07-17 23:30:23.680956 INFO: User-Agent: Go-http-client/1.1
2024-07-17 23:30:23.680960 INFO: oop!unknow header: User-Agent: Go-http-client/1.1
2024-07-17 23:30:23.680965 INFO: X-Vegeta-Seq: 3481
2024-07-17 23:30:23.680969 INFO: oop!unknow header: X-Vegeta-Seq: 3481
2024-07-17 23:30:23.680974 INFO: Accept-Encoding: gzip
2024-07-17 23:30:23.680978 INFO: oop!unknow header: Accept-Encoding: gzip
2024-07-17 23:30:23.680982 INFO: 
2024-07-17 23:30:23.681010 INFO: request:HTTP/1.1 200 OK

2024-07-17 23:30:23.681015 INFO: request:HTTP/1.1 200 OK
Content-Length:542

2024-07-17 23:30:23.681019 INFO: request:HTTP/1.1 200 OK
Content-Length:542
Connection:close

2024-07-17 23:30:23.681023 INFO: request:HTTP/1.1 200 OK
Content-Length:542
Connection:close


2024-07-17 23:30:23.681039 INFO: Thread 140246122866240 is running task

2024-07-17 23:30:23.681050 INFO: eventNum: 2
2024-07-17 23:30:23.681056 INFO: fd: 18, events: 1

2024-07-17 23:30:23.681068 INFO: HttpConn 18 read success
2024-07-17 23:30:23.681077 INFO: GET / HTTP/1.1
2024-07-17 23:30:23.681083 INFO: Host: 39.98.202.182:9006
2024-07-17 23:30:23.681087 INFO: User-Agent: Go-http-client/1.1
2024-07-17 23:30:23.681091 INFO: oop!unknow header: User-Agent: Go-http-client/1.1
2024-07-17 23:30:23.681096 INFO: X-Vegeta-Seq: 3485
2024-07-17 23:30:23.681100 INFO: oop!unknow header: X-Vegeta-Seq: 3485
2024-07-17 23:30:23.681104 INFO: Accept-Encoding: gzip
2024-07-17 23:30:23.681108 INFO: oop!unknow header: Accept-Encoding: gzip
2024-07-17 23:30:23.681113 INFO: 
2024-07-17 23:30:23.681126 INFO: request:HTTP/1.1 200 OK

2024-07-17 23:30:23.681131 INFO: request:HTTP/1.1 200 OK
Content-Length:542

2024-07-17 23:30:23.681135 INFO: request:HTTP/1.1 200 OK
Content-Length:542
Connection:close

2024-07-17 23:30:23.681139 INFO: request:HTTP/1.1 200 OK
Content-Length:542
Connection:close


2024-07-17 23:30:23.681146 INFO: Thread 140246114473536 is running task

2024-07-17 23:30:23.681154 INFO: fd: 17, events: 4

2024-07-17 23:30:23.681198 INFO: Thread 140246131258944 is running task

2024-07-17 23:30:23.681236 INFO: eventNum: 2
2024-07-17 23:30:23.681266 INFO: fd: 18, events: 4

2024-07-17 23:30:23.681282 INFO: fd: 16, events: 1

2024-07-17 23:30:23.681307 INFO: Thread 140246156437056 is running task

2024-07-17 23:30:23.681317 INFO: HttpConn 16 read success
2024-07-17 23:30:23.681324 INFO: GET / HTTP/1.1
2024-07-17 23:30:23.681338 INFO: Host: 39.98.202.182:9006
2024-07-17 23:30:23.681343 INFO: User-Agent: Go-http-client/1.1
2024-07-17 23:30:23.681348 INFO: oop!unknow header: User-Agent: Go-http-client/1.1
2024-07-17 23:30:23.681352 INFO: X-Vegeta-Seq: 3482
2024-07-17 23:30:23.681357 INFO: oop!unknow header: X-Vegeta-Seq: 3482
2024-07-17 23:30:23.681361 INFO: Accept-Encoding: gzip
2024-07-17 23:30:23.681365 INFO: oop!unknow header: Accept-Encoding: gzip
2024-07-17 23:30:23.681369 INFO: 
2024-07-17 23:30:23.681382 INFO: request:HTTP/1.1 200 OK

2024-07-17 23:30:23.681388 INFO: request:HTTP/1.1 200 OK
Content-Length:542

2024-07-17 23:30:23.681394 INFO: request:HTTP/1.1 200 OK
Content-Length:542
Connection:close

2024-07-17 23:30:23.681401 INFO: request:HTTP/1.1 200 OK
Content-Length:542
Connection:close


2024-07-17 23:30:23.681414 INFO: Thread 140246156437056 is running task

2024-07-17 23:30:23.681434 INFO: eventNum: 1
2024-07-17 23:30:23.681440 INFO: fd: 16, events: 4

2024-07-17 23:30:23.681493 INFO: Thread 140246148044352 is running task

2024-07-17 23:30:23.726125 INFO: eventNum: 1
2024-07-17 23:30:23.726181 INFO: fd: 13, events: 1

2024-07-17 23:30:23.726188 INFO: HandleListenEvent 13
2024-07-17 23:30:23.726214 INFO: HttpConn 26 init success
2024-07-17 23:30:23.726222 INFO: addTimer id:26 expireTime:1721230723
2024-07-17 23:30:23.726236 INFO: Client[26] in!
2024-07-17 23:30:23.726241 INFO: HandleListenEvent 13
2024-07-17 23:30:23.726252 ERROR: Accept failure -1
2024-07-17 23:30:23.726582 INFO: eventNum: 1
2024-07-17 23:30:23.726599 INFO: fd: 16, events: 8193

2024-07-17 23:30:23.726625 INFO: HttpConn 16 close success
2024-07-17 23:30:23.726634 INFO: Client[16] quit!
2024-07-17 23:30:23.726973 INFO: eventNum: 1
2024-07-17 23:30:23.726986 INFO: fd: 18, events: 8193

2024-07-17 23:30:23.727000 INFO: HttpConn 18 close success
2024-07-17 23:30:23.727008 INFO: Client[18] quit!
2024-07-17 23:30:23.727262 INFO: eventNum: 2
2024-07-17 23:30:23.727280 INFO: fd: 13, events: 1

2024-07-17 23:30:23.727288 INFO: HandleListenEvent 13
2024-07-17 23:30:23.727306 INFO: HttpConn 16 init success
2024-07-17 23:30:23.727315 INFO: addTimer id:16 expireTime:1721230723
2024-07-17 23:30:23.727325 INFO: Client[16] in!
2024-07-17 23:30:23.727330 INFO: HandleListenEvent 13
2024-07-17 23:30:23.727337 ERROR: Accept failure -1
2024-07-17 23:30:23.727342 INFO: fd: 26, events: 1

2024-07-17 23:30:23.727358 INFO: HttpConn 26 read success
2024-07-17 23:30:23.727370 INFO: GET / HTTP/1.1
2024-07-17 23:30:23.727377 INFO: Host: 39.98.202.182:9006
2024-07-17 23:30:23.727382 INFO: User-Agent: Go-http-client/1.1
2024-07-17 23:30:23.727386 INFO: oop!unknow header: User-Agent: Go-http-client/1.1
2024-07-17 23:30:23.727391 INFO: X-Vegeta-Seq: 3492
2024-07-17 23:30:23.727395 INFO: oop!unknow header: X-Vegeta-Seq: 3492
2024-07-17 23:30:23.727399 INFO: Accept-Encoding: gzip
2024-07-17 23:30:23.727403 INFO: oop!unknow header: Accept-Encoding: gzip
2024-07-17 23:30:23.727407 INFO: 
2024-07-17 23:30:23.727433 INFO: request:HTTP/1.1 200 OK

2024-07-17 23:30:23.727438 INFO: request:HTTP/1.1 200 OK
