2024-07-17 23:30:21.198691 INFO: HandleListenEvent 13
2024-07-17 23:30:21.198773 INFO: HttpConn 34 init success
2024-07-17 23:30:21.198780 INFO: addTimer id:34 expireTime:1721230721
2024-07-17 23:30:21.198789 INFO: Client[34] in!
2024-07-17 23:30:21.198794 INFO: HandleListenEvent 13
2024-07-17 23:30:21.198802 ERROR: Accept failure -1
2024-07-17 23:30:21.198990 INFO: eventNum: 1
2024-07-17 23:30:21.199002 INFO: fd: 31, events: 1

2024-07-17 23:30:21.199022 INFO: HttpConn 31 read success
2024-07-17 23:30:21.199038 INFO: GET / HTTP/1.1
2024-07-17 23:30:21.199044 INFO: Host: 39.98.202.182:9006
2024-07-17 23:30:21.199049 INFO: User-Agent: Go-http-client/1.1
2024-07-17 23:30:21.199054 INFO: oop!unknow header: User-Agent: Go-http-client/1.1
2024-07-17 23:30:21.199058 INFO: X-Vegeta-Seq: 2223
2024-07-17 23:30:21.199063 INFO: oop!unknow header: X-Vegeta-Seq: 2223
2024-07-17 23:30:21.199067 INFO: Accept-Encoding: gzip
2024-07-17 23:30:21.199071 INFO: oop!unknow header: Accept-Encoding: gzip
2024-07-17 23:30:21.199075 INFO: 
2024-07-17 23:30:21.199091 INFO: request:HTTP/1.1 200 OK

2024-07-17 23:30:21.199095 INFO: request:HTTP/1.1 200 OK
Content-Length:542

2024-07-17 23:30:21.199100 INFO: request:HTTP/1.1 200 OK
Content-Length:542
Connection:close

2024-07-17 23:30:21.199105 INFO: request:HTTP/1.1 200 OK
Content-Length:542
Connection:close


2024-07-17 23:30:21.199106 INFO: eventNum: 1
2024-07-17 23:30:21.199116 INFO: Thread 140246139651648 is running task

2024-07-17 23:30:21.199118 INFO: fd: 30, events: 1

2024-07-17 23:30:21.199139 INFO: eventNum: 1
2024-07-17 23:30:21.199144 INFO: HttpConn 30 read success
2024-07-17 23:30:21.199145 INFO: fd: 31, events: 4

2024-07-17 23:30:21.199161 INFO: GET / HTTP/1.1
2024-07-17 23:30:21.199179 INFO: Host: 39.98.202.182:9006
2024-07-17 23:30:21.199183 INFO: User-Agent: Go-http-client/1.1
2024-07-17 23:30:21.199187 INFO: oop!unknow header: User-Agent: Go-http-client/1.1
2024-07-17 23:30:21.199192 INFO: X-Vegeta-Seq: 2226
2024-07-17 23:30:21.199197 INFO: oop!unknow header: X-Vegeta-Seq: 2226
2024-07-17 23:30:21.199201 INFO: Accept-Encoding: gzip
2024-07-17 23:30:21.199205 INFO: oop!unknow header: Accept-Encoding: gzip
2024-07-17 23:30:21.199209 INFO: 
2024-07-17 23:30:21.199221 INFO: request:HTTP/1.1 200 OK

2024-07-17 23:30:21.199226 INFO: request:HTTP/1.1 200 OK
Content-Length:542

2024-07-17 23:30:21.199230 INFO: request:HTTP/1.1 200 OK
Content-Length:542
Connection:close

2024-07-17 23:30:21.199234 INFO: request:HTTP/1.1 200 OK
Content-Length:542
Connection:close


2024-07-17 23:30:21.199246 INFO: Thread 140246131258944 is running task

2024-07-17 23:30:21.199250 INFO: eventNum: 1
2024-07-17 23:30:21.199260 INFO: fd: 30, events: 4

2024-07-17 23:30:21.199274 INFO: Thread 140246131258944 is running task

2024-07-17 23:30:21.199305 INFO: Thread 140246148044352 is running task

2024-07-17 23:30:21.199396 INFO: eventNum: 1
2024-07-17 23:30:21.199408 INFO: fd: 13, events: 1

2024-07-17 23:30:21.199417 INFO: HandleListenEvent 13
2024-07-17 23:30:21.199432 INFO: HttpConn 35 init success
2024-07-17 23:30:21.199438 INFO: addTimer id:35 expireTime:1721230721
2024-07-17 23:30:21.199449 INFO: Client[35] in!
2024-07-17 23:30:21.199456 INFO: HandleListenEvent 13
2024-07-17 23:30:21.199465 ERROR: Accept failure -1
2024-07-17 23:30:21.199473 INFO: eventNum: 1
2024-07-17 23:30:21.199477 INFO: fd: 34, events: 1

2024-07-17 23:30:21.199524 INFO: HttpConn 34 read success
2024-07-17 23:30:21.199553 INFO: GET / HTTP/1.1
2024-07-17 23:30:21.199562 INFO: Host: 39.98.202.182:9006
2024-07-17 23:30:21.199572 INFO: User-Agent: Go-http-client/1.1
2024-07-17 23:30:21.199577 INFO: oop!unknow header: User-Agent: Go-http-client/1.1
2024-07-17 23:30:21.199581 INFO: X-Vegeta-Seq: 2221
2024-07-17 23:30:21.199585 INFO: oop!unknow header: X-Vegeta-Seq: 2221
2024-07-17 23:30:21.199590 INFO: Accept-Encoding: gzip
2024-07-17 23:30:21.199595 INFO: oop!unknow header: Accept-Encoding: gzip
2024-07-17 23:30:21.199599 INFO: 
2024-07-17 23:30:21.199622 INFO: request:HTTP/1.1 200 OK

2024-07-17 23:30:21.199629 INFO: request:HTTP/1.1 200 OK
Content-Length:542

2024-07-17 23:30:21.199644 INFO: request:HTTP/1.1 200 OK
Content-Length:542
Connection:close

2024-07-17 23:30:21.199651 INFO: request:HTTP/1.1 200 OK
Content-Length:542
Connection:close


2024-07-17 23:30:21.199667 INFO: Thread 140246156437056 is running task

2024-07-17 23:30:21.199713 INFO: eventNum: 1
2024-07-17 23:30:21.199722 INFO: fd: 34, events: 4

2024-07-17 23:30:21.199772 INFO: Thread 140246114473536 is running task

2024-07-17 23:30:21.199829 INFO: eventNum: 1
2024-07-17 23:30:21.199844 INFO: fd: 13, events: 1

2024-07-17 23:30:21.199849 INFO: HandleListenEvent 13
2024-07-17 23:30:21.199862 INFO: HttpConn 36 init success
2024-07-17 23:30:21.199868 INFO: addTimer id:36 expireTime:1721230721
2024-07-17 23:30:21.199878 INFO: Client[36] in!
2024-07-17 23:30:21.199882 INFO: HandleListenEvent 13
2024-07-17 23:30:21.199890 ERROR: Accept failure -1
2024-07-17 23:30:21.199896 INFO: eventNum: 1
2024-07-17 23:30:21.199900 INFO: fd: 36, events: 1

2024-07-17 23:30:21.199912 INFO: HttpConn 36 read success
2024-07-17 23:30:21.199921 INFO: GET / HTTP/1.1
2024-07-17 23:30:21.199927 INFO: Host: 39.98.202.182:9006
2024-07-17 23:30:21.199931 INFO: User-Agent: Go-http-client/1.1
2024-07-17 23:30:21.199936 INFO: oop!unknow header: User-Agent: Go-http-client/1.1
2024-07-17 23:30:21.199940 INFO: X-Vegeta-Seq: 2229
2024-07-17 23:30:21.199945 INFO: oop!unknow header: X-Vegeta-Seq: 2229
2024-07-17 23:30:21.199950 INFO: Accept-Encoding: gzip
2024-07-17 23:30:21.199954 INFO: oop!unknow header: Accept-Encoding: gzip
2024-07-17 23:30:21.199958 INFO: 
2024-07-17 23:30:21.199973 INFO: request:HTTP/1.1 200 OK

2024-07-17 23:30:21.199978 INFO: request:HTTP/1.1 200 OK
Content-Length:542

2024-07-17 23:30:21.199982 INFO: request:HTTP/1.1 200 OK
Content-Length:542
Connection:close

2024-07-17 23:30:21.199987 INFO: request:HTTP/1.1 200 OK
Content-Length:542
Connection:close


2024-07-17 23:30:21.199995 INFO: Thread 140246106080832 is running task

2024-07-17 23:30:21.200004 INFO: eventNum: 1
2024-07-17 23:30:21.200009 INFO: fd: 36, events: 4

2024-07-17 23:30:21.200046 INFO: Thread 140246097688128 is running task

2024-07-17 23:30:21.200150 INFO: eventNum: 1
2024-07-17 23:30:21.200166 INFO: fd: 35, events: 1

2024-07-17 23:30:21.200179 INFO: HttpConn 35 read success
2024-07-17 23:30:21.200188 INFO: GET / HTTP/1.1
2024-07-17 23:30:21.200193 INFO: Host: 39.98.202.182:9006
2024-07-17 23:30:21.200197 INFO: User-Agent: Go-http-client/1.1
2024-07-17 23:30:21.200202 INFO: oop!unknow header: User-Agent: Go-http-client/1.1
2024-07-17 23:30:21.200206 INFO: X-Vegeta-Seq: 2216
2024-07-17 23:30:21.200211 INFO: oop!unknow header: X-Vegeta-Seq: 2216
2024-07-17 23:30:21.200216 INFO: Accept-Encoding: gzip
2024-07-17 23:30:21.200220 INFO: oop!unknow header: Accept-Encoding: gzip
2024-07-17 23:30:21.200224 INFO: 
2024-07-17 23:30:21.200238 INFO: request:HTTP/1.1 200 OK

2024-07-17 23:30:21.200242 INFO: request:HTTP/1.1 200 OK
Content-Length:542

2024-07-17 23:30:21.200247 INFO: request:HTTP/1.1 200 OK
Content-Length:542
Connection:close

2024-07-17 23:30:21.200251 INFO: request:HTTP/1.1 200 OK
Content-Length:542
Connection:close


2024-07-17 23:30:21.200259 INFO: Thread 140246139651648 is running task

2024-07-17 23:30:21.200268 INFO: eventNum: 2
2024-07-17 23:30:21.200272 INFO: fd: 32, events: 8193

2024-07-17 23:30:21.200288 INFO: HttpConn 32 close success
2024-07-17 23:30:21.200296 INFO: Client[32] quit!
2024-07-17 23:30:21.200301 INFO: fd: 35, events: 4

2024-07-17 23:30:21.200326 INFO: Thread 140246131258944 is running task

2024-07-17 23:30:21.200340 INFO: eventNum: 1
2024-07-17 23:30:21.200345 INFO: fd: 13, events: 1

2024-07-17 23:30:21.200349 INFO: HandleListenEvent 13
2024-07-17 23:30:21.200361 INFO: HttpConn 32 init success
2024-07-17 23:30:21.200366 INFO: addTimer id:32 expireTime:1721230721
2024-07-17 23:30:21.200375 INFO: Client[32] in!
2024-07-17 23:30:21.200379 INFO: HandleListenEvent 13
2024-07-17 23:30:21.200387 INFO: HttpConn 37 init success
2024-07-17 23:30:21.200392 INFO: addTimer id:37 expireTime:1721230721
2024-07-17 23:30:21.200404 INFO: Client[37] in!
2024-07-17 23:30:21.200409 INFO: HandleListenEvent 13
2024-07-17 23:30:21.200417 ERROR: Accept failure -1
2024-07-17 23:30:21.200525 INFO: eventNum: 1
2024-07-17 23:30:21.200536 INFO: fd: 13, events: 1

2024-07-17 23:30:21.200541 INFO: HandleListenEvent 13
2024-07-17 23:30:21.200552 INFO: HttpConn 38 init success
2024-07-17 23:30:21.200557 INFO: addTimer id:38 expireTime:1721230721
2024-07-17 23:30:21.200565 INFO: Client[38] in!
2024-07-17 23:30:21.200570 INFO: HandleListenEvent 13
2024-07-17 23:30:21.200578 ERROR: Accept failure -1
2024-07-17 23:30:21.200631 INFO: eventNum: 1
2024-07-17 23:30:21.200640 INFO: fd: 13, events: 1

2024-07-17 23:30:21.200653 INFO: HandleListenEvent 13
2024-07-17 23:30:21.200663 INFO: HttpConn 39 init success
2024-07-17 23:30:21.200669 INFO: addTimer id:39 expireTime:1721230721
2024-07-17 23:30:21.200677 INFO: Client[39] in!
2024-07-17 23:30:21.200681 INFO: HandleListenEvent 13
2024-07-17 23:30:21.200689 ERROR: Accept failure -1
2024-07-17 23:30:21.200881 INFO: eventNum: 1
2024-07-17 23:30:21.200896 INFO: fd: 38, events: 1

2024-07-17 23:30:21.200909 INFO: HttpConn 38 read success
2024-07-17 23:30:21.200919 INFO: GET / HTTP/1.1
2024-07-17 23:30:21.200924 INFO: Host: 39.98.202.182:9006
2024-07-17 23:30:21.200929 INFO: User-Agent: Go-http-client/1.1
2024-07-17 23:30:21.200933 INFO: oop!unknow header: User-Agent: Go-http-client/1.1
2024-07-17 23:30:21.200937 INFO: X-Vegeta-Seq: 2235
2024-07-17 23:30:21.200942 INFO: oop!unknow header: X-Vegeta-Seq: 2235
2024-07-17 23:30:21.200946 INFO: Accept-Encoding: gzip
2024-07-17 23:30:21.200950 INFO: oop!unknow header: Accept-Encoding: gzip
2024-07-17 23:30:21.200954 INFO: 
2024-07-17 23:30:21.200968 INFO: request:HTTP/1.1 200 OK

2024-07-17 23:30:21.200973 INFO: request:HTTP/1.1 200 OK
Content-Length:542

2024-07-17 23:30:21.200978 INFO: request:HTTP/1.1 200 OK
Content-Length:542
Connection:close

2024-07-17 23:30:21.200982 INFO: request:HTTP/1.1 200 OK
Content-Length:542
Connection:close


2024-07-17 23:30:21.200990 INFO: Thread 140246122866240 is running task

2024-07-17 23:30:21.200999 INFO: eventNum: 1
2024-07-17 23:30:21.201003 INFO: fd: 38, events: 4

2024-07-17 23:30:21.201049 INFO: Thread 140246148044352 is running task

2024-07-17 23:30:21.201757 INFO: eventNum: 1
2024-07-17 23:30:21.201773 INFO: fd: 13, events: 1

2024-07-17 23:30:21.201778 INFO: HandleListenEvent 13
2024-07-17 23:30:21.201793 INFO: HttpConn 40 init success
2024-07-17 23:30:21.201798 INFO: addTimer id:40 expireTime:1721230721
2024-07-17 23:30:21.201808 INFO: Client[40] in!
2024-07-17 23:30:21.201812 INFO: HandleListenEvent 13
2024-07-17 23:30:21.201822 INFO: HttpConn 41 init success
2024-07-17 23:30:21.201827 INFO: addTimer id:41 expireTime:1721230721
2024-07-17 23:30:21.201835 INFO: Client[41] in!
2024-07-17 23:30:21.201840 INFO: HandleListenEvent 13
2024-07-17 23:30:21.201847 ERROR: Accept failure -1
2024-07-17 23:30:21.202225 INFO: eventNum: 1
2024-07-17 23:30:21.202242 INFO: fd: 37, events: 1

2024-07-17 23:30:21.202272 INFO: HttpConn 37 read success
2024-07-17 23:30:21.202298 INFO: GET / HTTP/1.1
2024-07-17 23:30:21.202306 INFO: Host: 39.98.202.182:9006
2024-07-17 23:30:21.202311 INFO: User-Agent: Go-http-client/1.1
2024-07-17 23:30:21.202316 INFO: oop!unknow header: User-Agent: Go-http-client/1.1
2024-07-17 23:30:21.202320 INFO: X-Vegeta-Seq: 2231
2024-07-17 23:30:21.202325 INFO: oop!unknow header: X-Vegeta-Seq: 2231
2024-07-17 23:30:21.202329 INFO: Accept-Encoding: gzip
2024-07-17 23:30:21.202333 INFO: oop!unknow header: Accept-Encoding: gzip
2024-07-17 23:30:21.202338 INFO: 
2024-07-17 23:30:21.202357 INFO: request:HTTP/1.1 200 OK

2024-07-17 23:30:21.202365 INFO: request:HTTP/1.1 200 OK
Content-Length:542

2024-07-17 23:30:21.202371 INFO: request:HTTP/1.1 200 OK
Content-Length:542
Connection:close

2024-07-17 23:30:21.202378 INFO: request:HTTP/1.1 200 OK
Content-Length:542
Connection:close


2024-07-17 23:30:21.202397 INFO: Thread 140246156437056 is running task

2024-07-17 23:30:21.202398 INFO: eventNum: 1
2024-07-17 23:30:21.202427 INFO: fd: 37, events: 4

2024-07-17 23:30:21.202441 INFO: eventNum: 1
2024-07-17 23:30:21.202446 INFO: fd: 39, events: 1

2024-07-17 23:30:21.202460 INFO: HttpConn 39 read success
2024-07-17 23:30:21.202474 INFO: GET / HTTP/1.1
2024-07-17 23:30:21.202483 INFO: eventNum: 1
2024-07-17 23:30:21.202521 INFO: fd: 41, events: 1

2024-07-17 23:30:21.202478 INFO: Thread 140246114473536 is running task

2024-07-17 23:30:21.202567 INFO: HttpConn 41 read success
2024-07-17 23:30:21.202479 INFO: Host: 39.98.202.182:9006
2024-07-17 23:30:21.202586 INFO: User-Agent: Go-http-client/1.1
2024-07-17 23:30:21.202591 INFO: oop!unknow header: User-Agent: Go-http-client/1.1
2024-07-17 23:30:21.202596 INFO: X-Vegeta-Seq: 2236
2024-07-17 23:30:21.202600 INFO: oop!unknow header: X-Vegeta-Seq: 2236
2024-07-17 23:30:21.202604 INFO: Accept-Encoding: gzip
2024-07-17 23:30:21.202609 INFO: oop!unknow header: Accept-Encoding: gzip
2024-07-17 23:30:21.202613 INFO: 
2024-07-17 23:30:21.202627 INFO: request:HTTP/1.1 200 OK

2024-07-17 23:30:21.202632 INFO: request:HTTP/1.1 200 OK
Content-Length:542

2024-07-17 23:30:21.202637 INFO: request:HTTP/1.1 200 OK
Content-Length:542
Connection:close

2024-07-17 23:30:21.202641 INFO: request:HTTP/1.1 200 OK
Content-Length:542
Connection:close


2024-07-17 23:30:21.202650 INFO: Thread 140246106080832 is running task

2024-07-17 23:30:21.202548 INFO: eventNum: 1
2024-07-17 23:30:21.202664 INFO: fd: 32, events: 1

2024-07-17 23:30:21.202580 INFO: GET / HTTP/1.1
2024-07-17 23:30:21.202675 INFO: HttpConn 32 read success
2024-07-17 23:30:21.202691 INFO: GET / HTTP/1.1
2024-07-17 23:30:21.202707 INFO: Host: 39.98.202.182:9006
2024-07-17 23:30:21.202712 INFO: User-Agent: Go-http-client/1.1
2024-07-17 23:30:21.202717 INFO: oop!unknow header: User-Agent: Go-http-client/1.1
2024-07-17 23:30:21.202721 INFO: X-Vegeta-Seq: 2230
2024-07-17 23:30:21.202726 INFO: oop!unknow header: X-Vegeta-Seq: 2230
2024-07-17 23:30:21.202730 INFO: Accept-Encoding: gzip
2024-07-17 23:30:21.202734 INFO: oop!unknow header: Accept-Encoding: gzip
2024-07-17 23:30:21.202738 INFO: 
2024-07-17 23:30:21.202750 INFO: request:HTTP/1.1 200 OK

2024-07-17 23:30:21.202754 INFO: request:HTTP/1.1 200 OK
Content-Length:542

2024-07-17 23:30:21.202758 INFO: request:HTTP/1.1 200 OK
Content-Length:542
Connection:close

2024-07-17 23:30:21.202763 INFO: request:HTTP/1.1 200 OK
Content-Length:542
Connection:close


2024-07-17 23:30:21.202770 INFO: Thread 140246139651648 is running task

2024-07-17 23:30:21.202696 INFO: Host: 39.98.202.182:9006
2024-07-17 23:30:21.202783 INFO: User-Agent: Go-http-client/1.1
2024-07-17 23:30:21.202787 INFO: oop!unknow header: User-Agent: Go-http-client/1.1
2024-07-17 23:30:21.202792 INFO: X-Vegeta-Seq: 2234
2024-07-17 23:30:21.202796 INFO: oop!unknow header: X-Vegeta-Seq: 2234
2024-07-17 23:30:21.202800 INFO: Accept-Encoding: gzip
2024-07-17 23:30:21.202805 INFO: oop!unknow header: Accept-Encoding: gzip
2024-07-17 23:30:21.202809 INFO: 
2024-07-17 23:30:21.202820 INFO: request:HTTP/1.1 200 OK

2024-07-17 23:30:21.202825 INFO: request:HTTP/1.1 200 OK
Content-Length:542

2024-07-17 23:30:21.202829 INFO: request:HTTP/1.1 200 OK
Content-Length:542
Connection:close

2024-07-17 23:30:21.202833 INFO: request:HTTP/1.1 200 OK
Content-Length:542
Connection:close


2024-07-17 23:30:21.202840 INFO: Thread 140246114473536 is running task

2024-07-17 23:30:21.202848 INFO: eventNum: 3
2024-07-17 23:30:21.202853 INFO: fd: 39, events: 4

2024-07-17 23:30:21.202884 INFO: Thread 140246131258944 is running task

2024-07-17 23:30:21.202894 INFO: fd: 32, events: 4

2024-07-17 23:30:21.202915 INFO: Thread 140246122866240 is running task

2024-07-17 23:30:21.202927 INFO: fd: 41, events: 4

2024-07-17 23:30:21.202973 INFO: Thread 140246148044352 is running task

2024-07-17 23:30:21.203159 INFO: eventNum: 1
2024-07-17 23:30:21.203175 INFO: fd: 40, events: 1

2024-07-17 23:30:21.203192 INFO: HttpConn 40 read success
2024-07-17 23:30:21.203231 INFO: GET / HTTP/1.1
2024-07-17 23:30:21.203239 INFO: Host: 39.98.202.182:9006
2024-07-17 23:30:21.203249 INFO: User-Agent: Go-http-client/1.1
2024-07-17 23:30:21.203254 INFO: oop!unknow header: User-Agent: Go-http-client/1.1
2024-07-17 23:30:21.203258 INFO: X-Vegeta-Seq: 2227
2024-07-17 23:30:21.203262 INFO: oop!unknow header: X-Vegeta-Seq: 2227
2024-07-17 23:30:21.203267 INFO: Accept-Encoding: gzip
2024-07-17 23:30:21.203271 INFO: oop!unknow header: Accept-Encoding: gzip
2024-07-17 23:30:21.203275 INFO: 
2024-07-17 23:30:21.203292 INFO: request:HTTP/1.1 200 OK

2024-07-17 23:30:21.203296 INFO: request:HTTP/1.1 200 OK
Content-Length:542

2024-07-17 23:30:21.203312 INFO: request:HTTP/1.1 200 OK
Content-Length:542
Connection:close

2024-07-17 23:30:21.203318 INFO: request:HTTP/1.1 200 OK
Content-Length:542
Connection:close


2024-07-17 23:30:21.203332 INFO: Thread 140246156437056 is running task

2024-07-17 23:30:21.203363 INFO: eventNum: 1
2024-07-17 23:30:21.203372 INFO: fd: 40, events: 4

2024-07-17 23:30:21.203418 INFO: Thread 140246097688128 is running task

2024-07-17 23:30:21.204793 INFO: eventNum: 1
2024-07-17 23:30:21.204815 INFO: fd: 13, events: 1

2024-07-17 23:30:21.204820 INFO: HandleListenEvent 13
2024-07-17 23:30:21.204837 INFO: HttpConn 42 init success
2024-07-17 23:30:21.204843 INFO: addTimer id:42 expireTime:1721230721
2024-07-17 23:30:21.204853 INFO: Client[42] in!
2024-07-17 23:30:21.204858 INFO: HandleListenEvent 13
2024-07-17 23:30:21.204867 ERROR: Accept failure -1
2024-07-17 23:30:21.206634 INFO: eventNum: 1
2024-07-17 23:30:21.206657 INFO: fd: 42, events: 1

2024-07-17 23:30:21.206672 INFO: HttpConn 42 read success
2024-07-17 23:30:21.206723 INFO: GET / HTTP/1.1
2024-07-17 23:30:21.206729 INFO: Host: 39.98.202.182:9006
2024-07-17 23:30:21.206734 INFO: User-Agent: Go-http-client/1.1
2024-07-17 23:30:21.206739 INFO: oop!unknow header: User-Agent: Go-http-client/1.1
2024-07-17 23:30:21.206743 INFO: X-Vegeta-Seq: 2238
2024-07-17 23:30:21.206747 INFO: oop!unknow header: X-Vegeta-Seq: 2238
2024-07-17 23:30:21.206752 INFO: Accept-Encoding: gzip
2024-07-17 23:30:21.206756 INFO: oop!unknow header: Accept-Encoding: gzip
2024-07-17 23:30:21.206760 INFO: 
2024-07-17 23:30:21.206777 INFO: request:HTTP/1.1 200 OK

2024-07-17 23:30:21.206782 INFO: request:HTTP/1.1 200 OK
Content-Length:542

2024-07-17 23:30:21.206786 INFO: request:HTTP/1.1 200 OK
Content-Length:542
Connection:close

2024-07-17 23:30:21.206791 INFO: request:HTTP/1.1 200 OK
Content-Length:542
Connection:close


2024-07-17 23:30:21.206802 INFO: Thread 140246106080832 is running task

2024-07-17 23:30:21.206817 INFO: eventNum: 1
2024-07-17 23:30:21.206822 INFO: fd: 42, events: 4

2024-07-17 23:30:21.206857 INFO: Thread 140246139651648 is running task

2024-07-17 23:30:21.208062 INFO: eventNum: 1
2024-07-17 23:30:21.208079 INFO: fd: 13, events: 1

2024-07-17 23:30:21.208084 INFO: HandleListenEvent 13
2024-07-17 23:30:21.208100 INFO: HttpConn 43 init success
2024-07-17 23:30:21.208106 INFO: addTimer id:43 expireTime:1721230721
2024-07-17 23:30:21.208116 INFO: Client[43] in!
2024-07-17 23:30:21.208121 INFO: HandleListenEvent 13
2024-07-17 23:30:21.208130 ERROR: Accept failure -1
2024-07-17 23:30:21.208238 INFO: eventNum: 1
2024-07-17 23:30:21.208248 INFO: fd: 18, events: 8193

2024-07-17 23:30:21.208264 INFO: HttpConn 18 close success
2024-07-17 23:30:21.208272 INFO: Client[18] quit!
2024-07-17 23:30:21.208435 INFO: eventNum: 1
2024-07-17 23:30:21.208487 INFO: fd: 43, events: 1

2024-07-17 23:30:21.208558 INFO: HttpConn 43 read success
2024-07-17 23:30:21.208571 INFO: GET / HTTP/1.1
2024-07-17 23:30:21.208579 INFO: Host: 39.98.202.182:9006
2024-07-17 23:30:21.208586 INFO: User-Agent: Go-http-client/1.1
2024-07-17 23:30:21.208592 INFO: oop!unknow header: User-Agent: Go-http-client/1.1
2024-07-17 23:30:21.208598 INFO: X-Vegeta-Seq: 2237
2024-07-17 23:30:21.208604 INFO: oop!unknow header: X-Vegeta-Seq: 2237
2024-07-17 23:30:21.208610 INFO: Accept-Encoding: gzip
2024-07-17 23:30:21.208616 INFO: oop!unknow header: Accept-Encoding: gzip
2024-07-17 23:30:21.208622 INFO: 
2024-07-17 23:30:21.208651 INFO: request:HTTP/1.1 200 OK

2024-07-17 23:30:21.208657 INFO: request:HTTP/1.1 200 OK
Content-Length:542

2024-07-17 23:30:21.208661 INFO: request:HTTP/1.1 200 OK
Content-Length:542
Connection:close

2024-07-17 23:30:21.208666 INFO: request:HTTP/1.1 200 OK
Content-Length:542
Connection:close


2024-07-17 23:30:21.208680 INFO: Thread 140246114473536 is running task

2024-07-17 23:30:21.208685 INFO: eventNum: 1
2024-07-17 23:30:21.208697 INFO: fd: 43, events: 4

2024-07-17 23:30:21.208737 INFO: Thread 140246131258944 is running task

2024-07-17 23:30:21.210087 INFO: eventNum: 1
2024-07-17 23:30:21.210139 INFO: fd: 13, events: 1

2024-07-17 23:30:21.210150 INFO: HandleListenEvent 13
2024-07-17 23:30:21.210168 INFO: HttpConn 18 init success
2024-07-17 23:30:21.210174 INFO: addTimer id:18 expireTime:1721230721
2024-07-17 23:30:21.210186 INFO: Client[18] in!
2024-07-17 23:30:21.210190 INFO: HandleListenEvent 13
2024-07-17 23:30:21.210199 ERROR: Accept failure -1
2024-07-17 23:30:21.211034 INFO: eventNum: 1
2024-07-17 23:30:21.211054 INFO: fd: 33, events: 8193

2024-07-17 23:30:21.211074 INFO: HttpConn 33 close success
2024-07-17 23:30:21.211079 INFO: Client[33] quit!
2024-07-17 23:30:21.211615 INFO: eventNum: 1
2024-07-17 23:30:21.211641 INFO: fd: 17, events: 8193

2024-07-17 23:30:21.211659 INFO: HttpConn 17 close success
2024-07-17 23:30:21.211665 INFO: Client[17] quit!
2024-07-17 23:30:21.211837 INFO: eventNum: 1
2024-07-17 23:30:21.211848 INFO: fd: 16, events: 8193

2024-07-17 23:30:21.211861 INFO: HttpConn 16 close success
2024-07-17 23:30:21.211866 INFO: Client[16] quit!
2024-07-17 23:30:21.211968 INFO: eventNum: 1
2024-07-17 23:30:21.211985 INFO: fd: 18, events: 1

2024-07-17 23:30:21.212005 INFO: HttpConn 18 read success
2024-07-17 23:30:21.212023 INFO: GET / HTTP/1.1
2024-07-17 23:30:21.212029 INFO: Host: 39.98.202.182:9006
2024-07-17 23:30:21.212034 INFO: User-Agent: Go-http-client/1.1
2024-07-17 23:30:21.212038 INFO: oop!unknow header: User-Agent: Go-http-client/1.1
2024-07-17 23:30:21.212043 INFO: X-Vegeta-Seq: 2240
2024-07-17 23:30:21.212047 INFO: oop!unknow header: X-Vegeta-Seq: 2240
2024-07-17 23:30:21.212051 INFO: Accept-Encoding: gzip
2024-07-17 23:30:21.212055 INFO: oop!unknow header: Accept-Encoding: gzip
2024-07-17 23:30:21.212060 INFO: 
2024-07-17 23:30:21.212077 INFO: request:HTTP/1.1 200 OK

2024-07-17 23:30:21.212082 INFO: request:HTTP/1.1 200 OK
Content-Length:542

2024-07-17 23:30:21.212087 INFO: request:HTTP/1.1 200 OK
Content-Length:542
Connection:close

2024-07-17 23:30:21.212091 INFO: request:HTTP/1.1 200 OK
Content-Length:542
Connection:close


2024-07-17 23:30:21.212106 INFO: Thread 140246122866240 is running task

2024-07-17 23:30:21.212110 INFO: eventNum: 1
2024-07-17 23:30:21.212120 INFO: fd: 18, events: 4

2024-07-17 23:30:21.212195 INFO: Thread 140246148044352 is running task

2024-07-17 23:30:21.215568 INFO: eventNum: 1
2024-07-17 23:30:21.215599 INFO: fd: 13, events: 1

2024-07-17 23:30:21.215605 INFO: HandleListenEvent 13
2024-07-17 23:30:21.215623 INFO: HttpConn 16 init success
2024-07-17 23:30:21.215630 INFO: addTimer id:16 expireTime:1721230721
2024-07-17 23:30:21.215641 INFO: Client[16] in!
2024-07-17 23:30:21.215646 INFO: HandleListenEvent 13
2024-07-17 23:30:21.215655 ERROR: Accept failure -1
2024-07-17 23:30:21.215879 INFO: eventNum: 1
2024-07-17 23:30:21.215897 INFO: fd: 13, events: 1

2024-07-17 23:30:21.215902 INFO: HandleListenEvent 13
2024-07-17 23:30:21.215913 INFO: HttpConn 17 init success
2024-07-17 23:30:21.215919 INFO: addTimer id:17 expireTime:1721230721
2024-07-17 23:30:21.215929 INFO: Client[17] in!
2024-07-17 23:30:21.215933 INFO: HandleListenEvent 13
2024-07-17 23:30:21.215942 ERROR: Accept failure -1
2024-07-17 23:30:21.216009 INFO: eventNum: 1
2024-07-17 23:30:21.216027 INFO: fd: 28, events: 8193

2024-07-17 23:30:21.216049 INFO: HttpConn 28 close success
2024-07-17 23:30:21.216058 INFO: Client[28] quit!
2024-07-17 23:30:21.216154 INFO: eventNum: 1
2024-07-17 23:30:21.216165 INFO: fd: 29, events: 8193

2024-07-17 23:30:21.216178 INFO: HttpConn 29 close success
2024-07-17 23:30:21.216193 INFO: Client[29] quit!
2024-07-17 23:30:21.216199 INFO: eventNum: 1
2024-07-17 23:30:21.216203 INFO: fd: 26, events: 8193

2024-07-17 23:30:21.216214 INFO: HttpConn 26 close success
2024-07-17 23:30:21.216222 INFO: Client[26] quit!
2024-07-17 23:30:21.216303 INFO: eventNum: 1
2024-07-17 23:30:21.216317 INFO: fd: 16, events: 1

2024-07-17 23:30:21.216338 INFO: HttpConn 16 read success
2024-07-17 23:30:21.216363 INFO: GET / HTTP/1.1
2024-07-17 23:30:21.216369 INFO: Host: 39.98.202.182:9006
2024-07-17 23:30:21.216377 INFO: User-Agent: Go-http-client/1.1
2024-07-17 23:30:21.216382 INFO: oop!unknow header: User-Agent: Go-http-client/1.1
2024-07-17 23:30:21.216386 INFO: X-Vegeta-Seq: 2245
2024-07-17 23:30:21.216393 INFO: oop!unknow header: X-Vegeta-Seq: 2245
2024-07-17 23:30:21.216397 INFO: Accept-Encoding: gzip
2024-07-17 23:30:21.216401 INFO: oop!unknow header: Accept-Encoding: gzip
2024-07-17 23:30:21.216405 INFO: 
2024-07-17 23:30:21.216425 INFO: request:HTTP/1.1 200 OK

2024-07-17 23:30:21.216430 INFO: request:HTTP/1.1 200 OK
Content-Length:542

2024-07-17 23:30:21.216434 INFO: request:HTTP/1.1 200 OK
Content-Length:542
Connection:close

2024-07-17 23:30:21.216439 INFO: request:HTTP/1.1 200 OK
Content-Length:542
Connection:close


2024-07-17 23:30:21.216456 INFO: eventNum: 1
2024-07-17 23:30:21.216457 INFO: Thread 140246156437056 is running task

2024-07-17 23:30:21.216467 INFO: fd: 16, events: 4

2024-07-17 23:30:21.216556 INFO: Thread 140246097688128 is running task

2024-07-17 23:30:21.216609 INFO: eventNum: 1
2024-07-17 23:30:21.216622 INFO: fd: 17, events: 1

2024-07-17 23:30:21.216635 INFO: HttpConn 17 read success
2024-07-17 23:30:21.216644 INFO: GET / HTTP/1.1
2024-07-17 23:30:21.216650 INFO: Host: 39.98.202.182:9006
2024-07-17 23:30:21.216655 INFO: User-Agent: Go-http-client/1.1
2024-07-17 23:30:21.216659 INFO: oop!unknow header: User-Agent: Go-http-client/1.1
2024-07-17 23:30:21.216664 INFO: X-Vegeta-Seq: 2239
2024-07-17 23:30:21.216668 INFO: oop!unknow header: X-Vegeta-Seq: 2239
2024-07-17 23:30:21.216673 INFO: Accept-Encoding: gzip
2024-07-17 23:30:21.216677 INFO: oop!unknow header: Accept-Encoding: gzip
2024-07-17 23:30:21.216681 INFO: 
2024-07-17 23:30:21.216698 INFO: request:HTTP/1.1 200 OK

2024-07-17 23:30:21.216703 INFO: request:HTTP/1.1 200 OK
Content-Length:542

2024-07-17 23:30:21.216707 INFO: request:HTTP/1.1 200 OK
Content-Length:542
Connection:close

2024-07-17 23:30:21.216712 INFO: request:HTTP/1.1 200 OK
Content-Length:542
Connection:close


2024-07-17 23:30:21.216723 INFO: Thread 140246106080832 is running task

2024-07-17 23:30:21.216733 INFO: eventNum: 2
2024-07-17 23:30:21.216737 INFO: fd: 34, events: 8193

2024-07-17 23:30:21.216793 INFO: HttpConn 34 close success
2024-07-17 23:30:21.216807 INFO: Client[34] quit!
2024-07-17 23:30:21.216812 INFO: fd: 17, events: 4

2024-07-17 23:30:21.216845 INFO: Thread 140246139651648 is running task

2024-07-17 23:30:21.217079 INFO: eventNum: 1
2024-07-17 23:30:21.217091 INFO: fd: 36, events: 8193

2024-07-17 23:30:21.217106 INFO: HttpConn 36 close success
2024-07-17 23:30:21.217113 INFO: Client[36] quit!
2024-07-17 23:30:21.217119 INFO: eventNum: 1
2024-07-17 23:30:21.217123 INFO: fd: 30, events: 8193

2024-07-17 23:30:21.217135 INFO: HttpConn 30 close success
2024-07-17 23:30:21.217142 INFO: Client[30] quit!
2024-07-17 23:30:21.218166 INFO: eventNum: 1
2024-07-17 23:30:21.218182 INFO: fd: 31, events: 8193

2024-07-17 23:30:21.218196 INFO: HttpConn 31 close success
2024-07-17 23:30:21.218203 INFO: Client[31] quit!
2024-07-17 23:30:21.218598 INFO: eventNum: 1
2024-07-17 23:30:21.218611 INFO: fd: 13, events: 1

2024-07-17 23:30:21.218616 INFO: HandleListenEvent 13
2024-07-17 23:30:21.218632 INFO: HttpConn 26 init success
2024-07-17 23:30:21.218638 INFO: addTimer id:26 expireTime:1721230721
2024-07-17 23:30:21.218648 INFO: Client[26] in!
2024-07-17 23:30:21.218652 INFO: HandleListenEvent 13
2024-07-17 23:30:21.218660 ERROR: Accept failure -1
2024-07-17 23:30:21.218993 INFO: eventNum: 1
2024-07-17 23:30:21.219011 INFO: fd: 13, events: 1

2024-07-17 23:30:21.219016 INFO: HandleListenEvent 13
2024-07-17 23:30:21.219027 INFO: HttpConn 28 init success
2024-07-17 23:30:21.219032 INFO: addTimer id:28 expireTime:1721230721
2024-07-17 23:30:21.219040 INFO: Client[28] in!
2024-07-17 23:30:21.219047 INFO: HandleListenEvent 13
2024-07-17 23:30:21.219055 ERROR: Accept failure -1
2024-07-17 23:30:21.219359 INFO: eventNum: 1
2024-07-17 23:30:21.219374 INFO: fd: 26, events: 1

2024-07-17 23:30:21.219388 INFO: HttpConn 26 read success
2024-07-17 23:30:21.219398 INFO: GET / HTTP/1.1
2024-07-17 23:30:21.219403 INFO: Host: 39.98.202.182:9006
2024-07-17 23:30:21.219408 INFO: User-Agent: Go-http-client/1.1
2024-07-17 23:30:21.219412 INFO: oop!unknow header: User-Agent: Go-http-client/1.1
2024-07-17 23:30:21.219417 INFO: X-Vegeta-Seq: 2244
2024-07-17 23:30:21.219421 INFO: oop!unknow header: X-Vegeta-Seq: 2244
2024-07-17 23:30:21.219425 INFO: Accept-Encoding: gzip
2024-07-17 23:30:21.219429 INFO: oop!unknow header: Accept-Encoding: gzip
2024-07-17 23:30:21.219434 INFO: 
2024-07-17 23:30:21.219449 INFO: request:HTTP/1.1 200 OK

2024-07-17 23:30:21.219455 INFO: request:HTTP/1.1 200 OK
Content-Length:542

2024-07-17 23:30:21.219459 INFO: request:HTTP/1.1 200 OK
Content-Length:542
Connection:close

2024-07-17 23:30:21.219463 INFO: request:HTTP/1.1 200 OK
Content-Length:542
Connection:close


2024-07-17 23:30:21.219473 INFO: Thread 140246114473536 is running task

2024-07-17 23:30:21.219481 INFO: eventNum: 1
2024-07-17 23:30:21.219486 INFO: fd: 26, events: 4

2024-07-17 23:30:21.219541 INFO: Thread 140246131258944 is running task

2024-07-17 23:30:21.219760 INFO: eventNum: 1
2024-07-17 23:30:21.219775 INFO: fd: 28, events: 1

2024-07-17 23:30:21.219788 INFO: HttpConn 28 read success
2024-07-17 23:30:21.219797 INFO: GET / HTTP/1.1
2024-07-17 23:30:21.219802 INFO: Host: 39.98.202.182:9006
2024-07-17 23:30:21.219806 INFO: User-Agent: Go-http-client/1.1
2024-07-17 23:30:21.219811 INFO: oop!unknow header: User-Agent: Go-http-client/1.1
2024-07-17 23:30:21.219815 INFO: X-Vegeta-Seq: 2241
2024-07-17 23:30:21.219819 INFO: oop!unknow header: X-Vegeta-Seq: 2241
2024-07-17 23:30:21.219823 INFO: Accept-Encoding: gzip
2024-07-17 23:30:21.219828 INFO: oop!unknow header: Accept-Encoding: gzip
2024-07-17 23:30:21.219832 INFO: 
2024-07-17 23:30:21.219846 INFO: request:HTTP/1.1 200 OK

2024-07-17 23:30:21.219850 INFO: request:HTTP/1.1 200 OK
Content-Length:542

2024-07-17 23:30:21.219855 INFO: request:HTTP/1.1 200 OK
Content-Length:542
Connection:close

2024-07-17 23:30:21.219859 INFO: request:HTTP/1.1 200 OK
Content-Length:542
Connection:close


2024-07-17 23:30:21.219867 INFO: Thread 140246122866240 is running task

2024-07-17 23:30:21.219875 INFO: eventNum: 1
2024-07-17 23:30:21.219880 INFO: fd: 28, events: 4

2024-07-17 23:30:21.219928 INFO: Thread 140246148044352 is running task

2024-07-17 23:30:21.220075 INFO: eventNum: 1
2024-07-17 23:30:21.220091 INFO: fd: 35, events: 8193

2024-07-17 23:30:21.220111 INFO: HttpConn 35 close success
2024-07-17 23:30:21.220118 INFO: Client[35] quit!
2024-07-17 23:30:21.220430 INFO: eventNum: 1
2024-07-17 23:30:21.220440 INFO: fd: 38, events: 8193

2024-07-17 23:30:21.220454 INFO: HttpConn 38 close success
2024-07-17 23:30:21.220461 INFO: Client[38] quit!
2024-07-17 23:30:21.220658 INFO: eventNum: 1
2024-07-17 23:30:21.220668 INFO: fd: 13, events: 1

2024-07-17 23:30:21.220673 INFO: HandleListenEvent 13
2024-07-17 23:30:21.220687 INFO: HttpConn 29 init success
2024-07-17 23:30:21.220693 INFO: addTimer id:29 expireTime:1721230721
2024-07-17 23:30:21.220702 INFO: Client[29] in!
2024-07-17 23:30:21.220706 INFO: HandleListenEvent 13
2024-07-17 23:30:21.220713 ERROR: Accept failure -1
2024-07-17 23:30:21.221016 INFO: eventNum: 1
2024-07-17 23:30:21.221029 INFO: fd: 29, events: 1

2024-07-17 23:30:21.221048 INFO: HttpConn 29 read success
2024-07-17 23:30:21.221072 INFO: GET / HTTP/1.1
2024-07-17 23:30:21.221081 INFO: Host: 39.98.202.182:9006
2024-07-17 23:30:21.221088 INFO: User-Agent: Go-http-client/1.1
2024-07-17 23:30:21.221099 INFO: oop!unknow header: User-Agent: Go-http-client/1.1
2024-07-17 23:30:21.221104 INFO: X-Vegeta-Seq: 2248
2024-07-17 23:30:21.221109 INFO: oop!unknow header: X-Vegeta-Seq: 2248
2024-07-17 23:30:21.221113 INFO: Accept-Encoding: gzip
2024-07-17 23:30:21.221117 INFO: oop!unknow header: Accept-Encoding: gzip
2024-07-17 23:30:21.221121 INFO: 
2024-07-17 23:30:21.221145 INFO: request:HTTP/1.1 200 OK

2024-07-17 23:30:21.221150 INFO: request:HTTP/1.1 200 OK
Content-Length:542

2024-07-17 23:30:21.221154 INFO: request:HTTP/1.1 200 OK
Content-Length:542
Connection:close

2024-07-17 23:30:21.221159 INFO: request:HTTP/1.1 200 OK
Content-Length:542
Connection:close


2024-07-17 23:30:21.221173 INFO: Thread 140246156437056 is running task

2024-07-17 23:30:21.221175 INFO: eventNum: 1
2024-07-17 23:30:21.221184 INFO: fd: 29, events: 4

2024-07-17 23:30:21.221218 INFO: Thread 140246097688128 is running task

2024-07-17 23:30:21.221389 INFO: eventNum: 1
2024-07-17 23:30:21.221402 INFO: fd: 13, events: 1

2024-07-17 23:30:21.221407 INFO: HandleListenEvent 13
2024-07-17 23:30:21.221419 INFO: HttpConn 30 init success
2024-07-17 23:30:21.221424 INFO: addTimer id:30 expireTime:1721230721
2024-07-17 23:30:21.221432 INFO: Client[30] in!
2024-07-17 23:30:21.221437 INFO: HandleListenEvent 13
2024-07-17 23:30:21.221445 ERROR: Accept failure -1
2024-07-17 23:30:21.224817 INFO: eventNum: 1
2024-07-17 23:30:21.224835 INFO: fd: 13, events: 1

2024-07-17 23:30:21.224840 INFO: HandleListenEvent 13
2024-07-17 23:30:21.224853 INFO: HttpConn 31 init success
2024-07-17 23:30:21.224859 INFO: addTimer id:31 expireTime:1721230721
2024-07-17 23:30:21.224868 INFO: Client[31] in!
2024-07-17 23:30:21.224873 INFO: HandleListenEvent 13
2024-07-17 23:30:21.224883 INFO: HttpConn 33 init success
2024-07-17 23:30:21.224888 INFO: addTimer id:33 expireTime:1721230721
2024-07-17 23:30:21.224896 INFO: Client[33] in!
2024-07-17 23:30:21.224900 INFO: HandleListenEvent 13
2024-07-17 23:30:21.224908 ERROR: Accept failure -1
2024-07-17 23:30:21.225146 INFO: eventNum: 1
2024-07-17 23:30:21.225164 INFO: fd: 30, events: 1

2024-07-17 23:30:21.225177 INFO: HttpConn 30 read success
2024-07-17 23:30:21.225187 INFO: GET / HTTP/1.1
2024-07-17 23:30:21.225192 INFO: Host: 39.98.202.182:9006
2024-07-17 23:30:21.225197 INFO: User-Agent: Go-http-client/1.1
2024-07-17 23:30:21.225201 INFO: oop!unknow header: User-Agent: Go-http-client/1.1
2024-07-17 23:30:21.225206 INFO: X-Vegeta-Seq: 2247
2024-07-17 23:30:21.225210 INFO: oop!unknow header: X-Vegeta-Seq: 2247
2024-07-17 23:30:21.225215 INFO: Accept-Encoding: gzip
2024-07-17 23:30:21.225219 INFO: oop!unknow header: Accept-Encoding: gzip
2024-07-17 23:30:21.225223 INFO: 
2024-07-17 23:30:21.225239 INFO: request:HTTP/1.1 200 OK

2024-07-17 23:30:21.225244 INFO: request:HTTP/1.1 200 OK
Content-Length:542

2024-07-17 23:30:21.225248 INFO: request:HTTP/1.1 200 OK
Content-Length:542
Connection:close

2024-07-17 23:30:21.225252 INFO: request:HTTP/1.1 200 OK
Content-Length:542
Connection:close


2024-07-17 23:30:21.225261 INFO: Thread 140246106080832 is running task

2024-07-17 23:30:21.225270 INFO: eventNum: 1
2024-07-17 23:30:21.225275 INFO: fd: 30, events: 4

2024-07-17 23:30:21.225307 INFO: Thread 140246139651648 is running task

2024-07-17 23:30:21.225564 INFO: eventNum: 1
2024-07-17 23:30:21.225576 INFO: fd: 13, events: 1

2024-07-17 23:30:21.225581 INFO: HandleListenEvent 13
2024-07-17 23:30:21.225593 INFO: HttpConn 34 init success
2024-07-17 23:30:21.225599 INFO: addTimer id:34 expireTime:1721230721
2024-07-17 23:30:21.225608 INFO: Client[34] in!
2024-07-17 23:30:21.225613 INFO: HandleListenEvent 13
2024-07-17 23:30:21.225621 ERROR: Accept failure -1
2024-07-17 23:30:21.226166 INFO: eventNum: 1
2024-07-17 23:30:21.226181 INFO: fd: 32, events: 8193

2024-07-17 23:30:21.226198 INFO: HttpConn 32 close success
2024-07-17 23:30:21.226205 INFO: Client[32] quit!
2024-07-17 23:30:21.226444 INFO: eventNum: 1
2024-07-17 23:30:21.226456 INFO: fd: 39, events: 8193

2024-07-17 23:30:21.226472 INFO: HttpConn 39 close success
2024-07-17 23:30:21.226486 INFO: Client[39] quit!
2024-07-17 23:30:21.226491 INFO: eventNum: 1
2024-07-17 23:30:21.226495 INFO: fd: 13, events: 1

2024-07-17 23:30:21.226524 INFO: HandleListenEvent 13
2024-07-17 23:30:21.226536 INFO: HttpConn 32 init success
2024-07-17 23:30:21.226542 INFO: addTimer id:32 expireTime:1721230721
2024-07-17 23:30:21.226551 INFO: Client[32] in!
2024-07-17 23:30:21.226555 INFO: HandleListenEvent 13
2024-07-17 23:30:21.226562 ERROR: Accept failure -1
2024-07-17 23:30:21.226597 INFO: eventNum: 1
2024-07-17 23:30:21.226604 INFO: fd: 37, events: 8193

2024-07-17 23:30:21.226618 INFO: HttpConn 37 close success
2024-07-17 23:30:21.226648 INFO: Client[37] quit!
2024-07-17 23:30:21.227569 INFO: eventNum: 1
2024-07-17 23:30:21.227589 INFO: fd: 32, events: 1

2024-07-17 23:30:21.227604 INFO: HttpConn 32 read success
2024-07-17 23:30:21.227614 INFO: GET / HTTP/1.1
2024-07-17 23:30:21.227620 INFO: Host: 39.98.202.182:9006
2024-07-17 23:30:21.227625 INFO: User-Agent: Go-http-client/1.1
2024-07-17 23:30:21.227629 INFO: oop!unknow header: User-Agent: Go-http-client/1.1
2024-07-17 23:30:21.227633 INFO: X-Vegeta-Seq: 2255
2024-07-17 23:30:21.227638 INFO: oop!unknow header: X-Vegeta-Seq: 2255
2024-07-17 23:30:21.227642 INFO: Accept-Encoding: gzip
2024-07-17 23:30:21.227646 INFO: oop!unknow header: Accept-Encoding: gzip
2024-07-17 23:30:21.227650 INFO: 
2024-07-17 23:30:21.227667 INFO: request:HTTP/1.1 200 OK

2024-07-17 23:30:21.227672 INFO: request:HTTP/1.1 200 OK
Content-Length:542

2024-07-17 23:30:21.227676 INFO: request:HTTP/1.1 200 OK
Content-Length:542
Connection:close

2024-07-17 23:30:21.227680 INFO: request:HTTP/1.1 200 OK
Content-Length:542
Connection:close


2024-07-17 23:30:21.227690 INFO: Thread 140246114473536 is running task

2024-07-17 23:30:21.227699 INFO: eventNum: 1
2024-07-17 23:30:21.227705 INFO: fd: 32, events: 4

2024-07-17 23:30:21.227738 INFO: Thread 140246131258944 is running task

2024-07-17 23:30:21.227947 INFO: eventNum: 1
2024-07-17 23:30:21.227958 INFO: fd: 41, events: 8193

2024-07-17 23:30:21.227973 INFO: HttpConn 41 close success
2024-07-17 23:30:21.227981 INFO: Client[41] quit!
2024-07-17 23:30:21.228156 INFO: eventNum: 1
2024-07-17 23:30:21.228170 INFO: fd: 34, events: 1

2024-07-17 23:30:21.228185 INFO: HttpConn 34 read success
2024-07-17 23:30:21.228195 INFO: GET / HTTP/1.1
2024-07-17 23:30:21.228201 INFO: Host: 39.98.202.182:9006
2024-07-17 23:30:21.228205 INFO: User-Agent: Go-http-client/1.1
2024-07-17 23:30:21.228210 INFO: oop!unknow header: User-Agent: Go-http-client/1.1
2024-07-17 23:30:21.228215 INFO: X-Vegeta-Seq: 2246
2024-07-17 23:30:21.228219 INFO: oop!unknow header: X-Vegeta-Seq: 2246
2024-07-17 23:30:21.228223 INFO: Accept-Encoding: gzip
2024-07-17 23:30:21.228227 INFO: oop!unknow header: Accept-Encoding: gzip
2024-07-17 23:30:21.228231 INFO: 
2024-07-17 23:30:21.228246 INFO: request:HTTP/1.1 200 OK

2024-07-17 23:30:21.228250 INFO: request:HTTP/1.1 200 OK
Content-Length:542

2024-07-17 23:30:21.228254 INFO: request:HTTP/1.1 200 OK
