2024-07-17 23:34:22.809351 INFO: X-Vegeta-Seq: 2834
2024-07-17 23:34:22.809448 INFO: oop!unknow header: X-Vegeta-Seq: 2834
2024-07-17 23:34:22.809454 INFO: Accept-Encoding: gzip
2024-07-17 23:34:22.809458 INFO: oop!unknow header: Accept-Encoding: gzip
2024-07-17 23:34:22.809463 INFO: 
2024-07-17 23:34:22.809484 INFO: request:HTTP/1.1 200 OK

2024-07-17 23:34:22.809489 INFO: request:HTTP/1.1 200 OK
Content-Length:542

2024-07-17 23:34:22.809493 INFO: request:HTTP/1.1 200 OK
Content-Length:542
Connection:close

2024-07-17 23:34:22.809498 INFO: request:HTTP/1.1 200 OK
Content-Length:542
Connection:close


2024-07-17 23:34:22.809515 INFO: Thread 140246139651648 is running task

2024-07-17 23:34:22.809533 INFO: eventNum: 1
2024-07-17 23:34:22.809538 INFO: fd: 17, events: 4

2024-07-17 23:34:22.809587 INFO: Thread 140246097688128 is running task

2024-07-17 23:34:22.812966 INFO: eventNum: 1
2024-07-17 23:34:22.812999 INFO: fd: 13, events: 1

2024-07-17 23:34:22.813005 INFO: HandleListenEvent 13
2024-07-17 23:34:22.813022 INFO: HttpConn 18 init success
2024-07-17 23:34:22.813029 INFO: addTimer id:18 expireTime:1721230962
2024-07-17 23:34:22.813043 INFO: Client[18] in!
2024-07-17 23:34:22.813048 INFO: HandleListenEvent 13
2024-07-17 23:34:22.813058 ERROR: Accept failure -1
2024-07-17 23:34:22.813567 INFO: eventNum: 1
2024-07-17 23:34:22.813604 INFO: fd: 226, events: 8193

2024-07-17 23:34:22.813631 INFO: HttpConn 226 close success
2024-07-17 23:34:22.813642 INFO: Client[226] quit!
2024-07-17 23:34:22.813684 INFO: eventNum: 2
2024-07-17 23:34:22.813697 INFO: fd: 232, events: 8193

2024-07-17 23:34:22.813715 INFO: HttpConn 232 close success
2024-07-17 23:34:22.813726 INFO: Client[232] quit!
2024-07-17 23:34:22.813733 INFO: fd: 18, events: 1

2024-07-17 23:34:22.813768 INFO: HttpConn 18 read success
2024-07-17 23:34:22.813808 INFO: GET / HTTP/1.1
2024-07-17 23:34:22.813823 INFO: Host: 39.98.202.182:9006
2024-07-17 23:34:22.813829 INFO: User-Agent: Go-http-client/1.1
2024-07-17 23:34:22.813840 INFO: oop!unknow header: User-Agent: Go-http-client/1.1
2024-07-17 23:34:22.813847 INFO: X-Vegeta-Seq: 2837
2024-07-17 23:34:22.813853 INFO: oop!unknow header: X-Vegeta-Seq: 2837
2024-07-17 23:34:22.813860 INFO: Accept-Encoding: gzip
2024-07-17 23:34:22.813864 INFO: oop!unknow header: Accept-Encoding: gzip
2024-07-17 23:34:22.813868 INFO: 
2024-07-17 23:34:22.813896 INFO: request:HTTP/1.1 200 OK

2024-07-17 23:34:22.813901 INFO: request:HTTP/1.1 200 OK
Content-Length:542

2024-07-17 23:34:22.813906 INFO: request:HTTP/1.1 200 OK
Content-Length:542
Connection:close

2024-07-17 23:34:22.813910 INFO: request:HTTP/1.1 200 OK
Content-Length:542
Connection:close


2024-07-17 23:34:22.813928 INFO: eventNum: 1
2024-07-17 23:34:22.813948 INFO: fd: 18, events: 4

2024-07-17 23:34:22.813930 INFO: Thread 140246131258944 is running task

2024-07-17 23:34:22.814003 INFO: Thread 140246131258944 is running task

2024-07-17 23:34:22.814310 INFO: eventNum: 1
2024-07-17 23:34:22.814332 INFO: fd: 233, events: 8193

2024-07-17 23:34:22.814381 INFO: HttpConn 233 close success
2024-07-17 23:34:22.814390 INFO: Client[233] quit!
2024-07-17 23:34:22.815042 INFO: eventNum: 1
2024-07-17 23:34:22.815068 INFO: fd: 225, events: 8193

2024-07-17 23:34:22.815090 INFO: HttpConn 225 close success
2024-07-17 23:34:22.815099 INFO: Client[225] quit!
2024-07-17 23:34:22.815770 INFO: eventNum: 1
2024-07-17 23:34:22.815793 INFO: fd: 235, events: 8193

2024-07-17 23:34:22.815814 INFO: HttpConn 235 close success
2024-07-17 23:34:22.815827 INFO: Client[235] quit!
2024-07-17 23:34:22.815979 INFO: eventNum: 1
2024-07-17 23:34:22.816000 INFO: fd: 241, events: 8193

2024-07-17 23:34:22.816020 INFO: HttpConn 241 close success
2024-07-17 23:34:22.816029 INFO: Client[241] quit!
2024-07-17 23:34:22.816298 INFO: eventNum: 1
2024-07-17 23:34:22.816314 INFO: fd: 231, events: 8193

2024-07-17 23:34:22.816331 INFO: HttpConn 231 close success
2024-07-17 23:34:22.816340 INFO: Client[231] quit!
2024-07-17 23:34:22.816701 INFO: eventNum: 1
2024-07-17 23:34:22.816720 INFO: fd: 234, events: 8193

2024-07-17 23:34:22.816755 INFO: HttpConn 234 close success
2024-07-17 23:34:22.816768 INFO: Client[234] quit!
2024-07-17 23:34:22.848712 INFO: eventNum: 1
2024-07-17 23:34:22.848772 INFO: fd: 223, events: 8193

2024-07-17 23:34:22.848819 INFO: HttpConn 223 close success
2024-07-17 23:34:22.848828 INFO: Client[223] quit!
2024-07-17 23:34:22.849432 INFO: eventNum: 1
2024-07-17 23:34:22.849483 INFO: fd: 228, events: 8193

2024-07-17 23:34:22.849525 INFO: HttpConn 228 close success
2024-07-17 23:34:22.849534 INFO: Client[228] quit!
2024-07-17 23:34:22.849775 INFO: eventNum: 1
2024-07-17 23:34:22.849799 INFO: fd: 238, events: 8193

2024-07-17 23:34:22.849821 INFO: HttpConn 238 close success
2024-07-17 23:34:22.849831 INFO: Client[238] quit!
2024-07-17 23:34:22.850282 INFO: eventNum: 1
2024-07-17 23:34:22.850311 INFO: fd: 229, events: 8193

2024-07-17 23:34:22.850381 INFO: HttpConn 229 close success
2024-07-17 23:34:22.850389 INFO: Client[229] quit!
2024-07-17 23:34:22.850530 INFO: eventNum: 1
2024-07-17 23:34:22.850546 INFO: fd: 237, events: 8193

2024-07-17 23:34:22.850569 INFO: HttpConn 237 close success
2024-07-17 23:34:22.850580 INFO: Client[237] quit!
2024-07-17 23:34:22.850713 INFO: eventNum: 1
2024-07-17 23:34:22.850727 INFO: fd: 230, events: 8193

2024-07-17 23:34:22.850743 INFO: HttpConn 230 close success
2024-07-17 23:34:22.850754 INFO: Client[230] quit!
2024-07-17 23:34:22.880911 INFO: eventNum: 1
2024-07-17 23:34:22.880984 INFO: fd: 17, events: 8193

2024-07-17 23:34:22.881027 INFO: HttpConn 17 close success
2024-07-17 23:34:22.881035 INFO: Client[17] quit!
2024-07-17 23:34:22.881190 INFO: eventNum: 1
2024-07-17 23:34:22.881211 INFO: fd: 18, events: 8193

2024-07-17 23:34:22.881238 INFO: HttpConn 18 close success
2024-07-17 23:34:22.881252 INFO: Client[18] quit!
2024-07-17 23:34:22.881904 INFO: eventNum: 2
2024-07-17 23:34:22.881942 INFO: fd: 16, events: 8193

2024-07-17 23:34:22.881969 INFO: HttpConn 16 close success
2024-07-17 23:34:22.881980 INFO: Client[16] quit!
2024-07-17 23:34:22.881985 INFO: fd: 227, events: 8193

2024-07-17 23:34:22.881998 INFO: HttpConn 227 close success
2024-07-17 23:34:22.882005 INFO: Client[227] quit!
2024-07-17 23:34:22.932834 INFO: eventNum: 1
2024-07-17 23:34:22.932890 INFO: fd: 49, events: 8193

2024-07-17 23:34:22.932925 INFO: HttpConn 49 close success
2024-07-17 23:34:22.932931 INFO: Client[49] quit!
2024-07-17 23:34:22.933500 INFO: eventNum: 1
2024-07-17 23:34:22.933538 INFO: fd: 54, events: 8193

2024-07-17 23:34:22.933563 INFO: HttpConn 54 close success
2024-07-17 23:34:22.933573 INFO: Client[54] quit!
2024-07-17 23:34:24.513619 INFO: eventNum: 1
2024-07-17 23:34:24.513690 INFO: fd: 120, events: 1

2024-07-17 23:34:24.513729 INFO: HttpConn 120 read success
2024-07-17 23:34:24.513782 INFO: GET / HTTP/1.1
2024-07-17 23:34:24.513792 INFO: Host: 39.98.202.182:9006
2024-07-17 23:34:24.513798 INFO: User-Agent: Go-http-client/1.1
2024-07-17 23:34:24.513803 INFO: oop!unknow header: User-Agent: Go-http-client/1.1
2024-07-17 23:34:24.513808 INFO: X-Vegeta-Seq: 1384
2024-07-17 23:34:24.513812 INFO: oop!unknow header: X-Vegeta-Seq: 1384
2024-07-17 23:34:24.513817 INFO: Accept-Encoding: gzip
2024-07-17 23:34:24.513821 INFO: oop!unknow header: Accept-Encoding: gzip
2024-07-17 23:34:24.513826 INFO: 
2024-07-17 23:34:24.513849 INFO: request:HTTP/1.1 200 OK

2024-07-17 23:34:24.513855 INFO: request:HTTP/1.1 200 OK
Content-Length:542

2024-07-17 23:34:24.513859 INFO: request:HTTP/1.1 200 OK
Content-Length:542
Connection:close

2024-07-17 23:34:24.513864 INFO: request:HTTP/1.1 200 OK
Content-Length:542
Connection:close


2024-07-17 23:34:24.513887 INFO: Thread 140246156437056 is running task

2024-07-17 23:34:24.514085 INFO: eventNum: 1
2024-07-17 23:34:24.514110 INFO: fd: 120, events: 4

2024-07-17 23:34:24.514282 INFO: Thread 140246148044352 is running task

2024-07-17 23:34:24.557159 INFO: eventNum: 1
2024-07-17 23:34:24.557271 INFO: fd: 120, events: 8193

2024-07-17 23:34:24.557313 INFO: HttpConn 120 close success
2024-07-17 23:34:24.557320 INFO: Client[120] quit!
2024-07-17 23:34:25.003263 INFO: eventNum: 1
2024-07-17 23:34:25.003336 INFO: fd: 13, events: 1

2024-07-17 23:34:25.003354 INFO: HandleListenEvent 13
2024-07-17 23:34:25.003390 INFO: HttpConn 16 init success
2024-07-17 23:34:25.003404 INFO: addTimer id:16 expireTime:1721230965
2024-07-17 23:34:25.003422 INFO: Client[16] in!
2024-07-17 23:34:25.003430 INFO: HandleListenEvent 13
2024-07-17 23:34:25.003451 ERROR: Accept failure -1
2024-07-17 23:34:25.005707 INFO: eventNum: 1
2024-07-17 23:34:25.005770 INFO: fd: 13, events: 1

2024-07-17 23:34:25.005779 INFO: HandleListenEvent 13
2024-07-17 23:34:25.005818 INFO: HttpConn 17 init success
2024-07-17 23:34:25.005829 INFO: addTimer id:17 expireTime:1721230965
2024-07-17 23:34:25.005846 INFO: Client[17] in!
2024-07-17 23:34:25.005853 INFO: HandleListenEvent 13
2024-07-17 23:34:25.005867 ERROR: Accept failure -1
2024-07-17 23:34:25.005917 INFO: eventNum: 1
2024-07-17 23:34:25.005925 INFO: fd: 16, events: 1

2024-07-17 23:34:25.005946 INFO: HttpConn 16 read success
2024-07-17 23:34:25.005966 INFO: GET / HTTP/1.1
2024-07-17 23:34:25.005977 INFO: Host: 39.98.202.182:9006
2024-07-17 23:34:25.005983 INFO: User-Agent: Go-http-client/1.1
2024-07-17 23:34:25.005990 INFO: oop!unknow header: User-Agent: Go-http-client/1.1
2024-07-17 23:34:25.005996 INFO: X-Vegeta-Seq: 1128
2024-07-17 23:34:25.006003 INFO: oop!unknow header: X-Vegeta-Seq: 1128
2024-07-17 23:34:25.006009 INFO: Accept-Encoding: gzip
2024-07-17 23:34:25.006014 INFO: oop!unknow header: Accept-Encoding: gzip
2024-07-17 23:34:25.006018 INFO: 
2024-07-17 23:34:25.006045 INFO: request:HTTP/1.1 200 OK

2024-07-17 23:34:25.006050 INFO: request:HTTP/1.1 200 OK
Content-Length:542

2024-07-17 23:34:25.006055 INFO: request:HTTP/1.1 200 OK
Content-Length:542
Connection:close

2024-07-17 23:34:25.006059 INFO: request:HTTP/1.1 200 OK
Content-Length:542
Connection:close


2024-07-17 23:34:25.006079 INFO: Thread 140246106080832 is running task

2024-07-17 23:34:25.006090 INFO: eventNum: 1
2024-07-17 23:34:25.006095 INFO: fd: 16, events: 4

2024-07-17 23:34:25.006165 INFO: Thread 140246122866240 is running task

2024-07-17 23:34:25.007161 INFO: eventNum: 1
2024-07-17 23:34:25.007200 INFO: fd: 17, events: 1

2024-07-17 23:34:25.007234 INFO: HttpConn 17 read success
2024-07-17 23:34:25.007248 INFO: GET / HTTP/1.1
2024-07-17 23:34:25.007254 INFO: Host: 39.98.202.182:9006
2024-07-17 23:34:25.007259 INFO: User-Agent: Go-http-client/1.1
2024-07-17 23:34:25.007263 INFO: oop!unknow header: User-Agent: Go-http-client/1.1
2024-07-17 23:34:25.007268 INFO: X-Vegeta-Seq: 1120
2024-07-17 23:34:25.007274 INFO: oop!unknow header: X-Vegeta-Seq: 1120
2024-07-17 23:34:25.007281 INFO: Accept-Encoding: gzip
2024-07-17 23:34:25.007287 INFO: oop!unknow header: Accept-Encoding: gzip
2024-07-17 23:34:25.007294 INFO: 
2024-07-17 23:34:25.007321 INFO: request:HTTP/1.1 200 OK

2024-07-17 23:34:25.007329 INFO: request:HTTP/1.1 200 OK
Content-Length:542

2024-07-17 23:34:25.007336 INFO: request:HTTP/1.1 200 OK
Content-Length:542
Connection:close

2024-07-17 23:34:25.007374 INFO: request:HTTP/1.1 200 OK
Content-Length:542
Connection:close


2024-07-17 23:34:25.007396 INFO: Thread 140246139651648 is running task

2024-07-17 23:34:25.007411 INFO: eventNum: 1
2024-07-17 23:34:25.007420 INFO: fd: 17, events: 4

2024-07-17 23:34:25.007468 INFO: Thread 140246097688128 is running task

2024-07-17 23:34:25.018431 INFO: eventNum: 1
2024-07-17 23:34:25.018511 INFO: fd: 13, events: 1

2024-07-17 23:34:25.018520 INFO: HandleListenEvent 13
2024-07-17 23:34:25.018543 INFO: HttpConn 18 init success
2024-07-17 23:34:25.018550 INFO: addTimer id:18 expireTime:1721230965
2024-07-17 23:34:25.018569 INFO: Client[18] in!
2024-07-17 23:34:25.018578 INFO: HandleListenEvent 13
2024-07-17 23:34:25.018593 ERROR: Accept failure -1
2024-07-17 23:34:25.019515 INFO: eventNum: 1
2024-07-17 23:34:25.019549 INFO: fd: 18, events: 1

2024-07-17 23:34:25.019619 INFO: HttpConn 18 read success
2024-07-17 23:34:25.019655 INFO: GET / HTTP/1.1
2024-07-17 23:34:25.019688 INFO: Host: 39.98.202.182:9006
2024-07-17 23:34:25.019704 INFO: User-Agent: Go-http-client/1.1
2024-07-17 23:34:25.019709 INFO: oop!unknow header: User-Agent: Go-http-client/1.1
2024-07-17 23:34:25.019714 INFO: X-Vegeta-Seq: 1127
2024-07-17 23:34:25.019718 INFO: oop!unknow header: X-Vegeta-Seq: 1127
2024-07-17 23:34:25.019723 INFO: Accept-Encoding: gzip
2024-07-17 23:34:25.019727 INFO: oop!unknow header: Accept-Encoding: gzip
2024-07-17 23:34:25.019731 INFO: 
2024-07-17 23:34:25.019760 INFO: request:HTTP/1.1 200 OK

2024-07-17 23:34:25.019768 INFO: request:HTTP/1.1 200 OK
Content-Length:542

2024-07-17 23:34:25.019775 INFO: request:HTTP/1.1 200 OK
Content-Length:542
Connection:close

2024-07-17 23:34:25.019782 INFO: request:HTTP/1.1 200 OK
Content-Length:542
Connection:close


2024-07-17 23:34:25.019805 INFO: Thread 140246131258944 is running task

2024-07-17 23:34:25.019862 INFO: eventNum: 1
2024-07-17 23:34:25.019889 INFO: fd: 18, events: 4

2024-07-17 23:34:25.019979 INFO: Thread 140246114473536 is running task

2024-07-17 23:34:25.021094 INFO: eventNum: 1
2024-07-17 23:34:25.021132 INFO: fd: 13, events: 1

2024-07-17 23:34:25.021143 INFO: HandleListenEvent 13
2024-07-17 23:34:25.021169 INFO: HttpConn 26 init success
2024-07-17 23:34:25.021179 INFO: addTimer id:26 expireTime:1721230965
2024-07-17 23:34:25.021196 INFO: Client[26] in!
2024-07-17 23:34:25.021204 INFO: HandleListenEvent 13
2024-07-17 23:34:25.021219 ERROR: Accept failure -1
2024-07-17 23:34:25.021514 INFO: eventNum: 1
2024-07-17 23:34:25.021540 INFO: fd: 13, events: 1

2024-07-17 23:34:25.021547 INFO: HandleListenEvent 13
2024-07-17 23:34:25.021566 INFO: HttpConn 28 init success
2024-07-17 23:34:25.021573 INFO: addTimer id:28 expireTime:1721230965
2024-07-17 23:34:25.021586 INFO: Client[28] in!
2024-07-17 23:34:25.021592 INFO: HandleListenEvent 13
2024-07-17 23:34:25.021605 ERROR: Accept failure -1
2024-07-17 23:34:25.021730 INFO: eventNum: 1
2024-07-17 23:34:25.021742 INFO: fd: 13, events: 1

2024-07-17 23:34:25.021748 INFO: HandleListenEvent 13
2024-07-17 23:34:25.021762 INFO: HttpConn 30 init success
2024-07-17 23:34:25.021768 INFO: addTimer id:30 expireTime:1721230965
2024-07-17 23:34:25.021781 INFO: Client[30] in!
2024-07-17 23:34:25.021789 INFO: HandleListenEvent 13
2024-07-17 23:34:25.021800 ERROR: Accept failure -1
2024-07-17 23:34:25.022140 INFO: eventNum: 1
2024-07-17 23:34:25.022161 INFO: fd: 13, events: 1

2024-07-17 23:34:25.022167 INFO: HandleListenEvent 13
2024-07-17 23:34:25.022183 INFO: HttpConn 31 init success
2024-07-17 23:34:25.022190 INFO: addTimer id:31 expireTime:1721230965
2024-07-17 23:34:25.022202 INFO: Client[31] in!
2024-07-17 23:34:25.022208 INFO: HandleListenEvent 13
2024-07-17 23:34:25.022220 INFO: HttpConn 32 init success
2024-07-17 23:34:25.022226 INFO: addTimer id:32 expireTime:1721230965
2024-07-17 23:34:25.022236 INFO: Client[32] in!
2024-07-17 23:34:25.022242 INFO: HandleListenEvent 13
2024-07-17 23:34:25.022251 INFO: HttpConn 33 init success
2024-07-17 23:34:25.022257 INFO: addTimer id:33 expireTime:1721230965
2024-07-17 23:34:25.022265 INFO: Client[33] in!
2024-07-17 23:34:25.022271 INFO: HandleListenEvent 13
2024-07-17 23:34:25.022280 ERROR: Accept failure -1
2024-07-17 23:34:25.022394 INFO: eventNum: 1
2024-07-17 23:34:25.022405 INFO: fd: 13, events: 1

2024-07-17 23:34:25.022410 INFO: HandleListenEvent 13
2024-07-17 23:34:25.022424 INFO: HttpConn 34 init success
2024-07-17 23:34:25.022431 INFO: addTimer id:34 expireTime:1721230965
2024-07-17 23:34:25.022441 INFO: Client[34] in!
2024-07-17 23:34:25.022447 INFO: HandleListenEvent 13
2024-07-17 23:34:25.022458 INFO: HttpConn 35 init success
2024-07-17 23:34:25.022464 INFO: addTimer id:35 expireTime:1721230965
2024-07-17 23:34:25.022475 INFO: Client[35] in!
2024-07-17 23:34:25.022480 INFO: HandleListenEvent 13
2024-07-17 23:34:25.022490 ERROR: Accept failure -1
2024-07-17 23:34:25.022544 INFO: eventNum: 1
2024-07-17 23:34:25.022563 INFO: fd: 17, events: 8193

2024-07-17 23:34:25.022585 INFO: HttpConn 17 close success
2024-07-17 23:34:25.022594 INFO: Client[17] quit!
2024-07-17 23:34:25.022764 INFO: eventNum: 1
2024-07-17 23:34:25.022791 INFO: fd: 16, events: 8193

2024-07-17 23:34:25.022811 INFO: HttpConn 16 close success
2024-07-17 23:34:25.022820 INFO: Client[16] quit!
2024-07-17 23:34:25.022964 INFO: eventNum: 1
2024-07-17 23:34:25.022980 INFO: fd: 26, events: 1

2024-07-17 23:34:25.022997 INFO: HttpConn 26 read success
2024-07-17 23:34:25.023012 INFO: GET / HTTP/1.1
2024-07-17 23:34:25.023022 INFO: Host: 39.98.202.182:9006
2024-07-17 23:34:25.023027 INFO: User-Agent: Go-http-client/1.1
2024-07-17 23:34:25.023031 INFO: oop!unknow header: User-Agent: Go-http-client/1.1
2024-07-17 23:34:25.023039 INFO: X-Vegeta-Seq: 1133
2024-07-17 23:34:25.023043 INFO: oop!unknow header: X-Vegeta-Seq: 1133
2024-07-17 23:34:25.023047 INFO: Accept-Encoding: gzip
2024-07-17 23:34:25.023055 INFO: oop!unknow header: Accept-Encoding: gzip
2024-07-17 23:34:25.023059 INFO: 
2024-07-17 23:34:25.023083 INFO: request:HTTP/1.1 200 OK

2024-07-17 23:34:25.023089 INFO: request:HTTP/1.1 200 OK
Content-Length:542

2024-07-17 23:34:25.023093 INFO: request:HTTP/1.1 200 OK
Content-Length:542
Connection:close

2024-07-17 23:34:25.023098 INFO: request:HTTP/1.1 200 OK
Content-Length:542
Connection:close


2024-07-17 23:34:25.023112 INFO: Thread 140246156437056 is running task

2024-07-17 23:34:25.023121 INFO: eventNum: 1
2024-07-17 23:34:25.023126 INFO: fd: 26, events: 4

2024-07-17 23:34:25.023180 INFO: Thread 140246148044352 is running task

2024-07-17 23:34:25.023376 INFO: eventNum: 1
2024-07-17 23:34:25.023404 INFO: fd: 32, events: 1

2024-07-17 23:34:25.023445 INFO: HttpConn 32 read success
2024-07-17 23:34:25.023475 INFO: GET / HTTP/1.1
2024-07-17 23:34:25.023485 INFO: Host: 39.98.202.182:9006
2024-07-17 23:34:25.023493 INFO: User-Agent: Go-http-client/1.1
2024-07-17 23:34:25.023529 INFO: oop!unknow header: User-Agent: Go-http-client/1.1
2024-07-17 23:34:25.023539 INFO: X-Vegeta-Seq: 1137
2024-07-17 23:34:25.023545 INFO: oop!unknow header: X-Vegeta-Seq: 1137
2024-07-17 23:34:25.023552 INFO: Accept-Encoding: gzip
2024-07-17 23:34:25.023558 INFO: oop!unknow header: Accept-Encoding: gzip
2024-07-17 23:34:25.023572 INFO: 
2024-07-17 23:34:25.023592 INFO: request:HTTP/1.1 200 OK

2024-07-17 23:34:25.023597 INFO: request:HTTP/1.1 200 OK
Content-Length:542

2024-07-17 23:34:25.023601 INFO: request:HTTP/1.1 200 OK
Content-Length:542
Connection:close

2024-07-17 23:34:25.023606 INFO: request:HTTP/1.1 200 OK
Content-Length:542
Connection:close


2024-07-17 23:34:25.023617 INFO: Thread 140246106080832 is running task

2024-07-17 23:34:25.023704 INFO: eventNum: 3
2024-07-17 23:34:25.023733 INFO: fd: 34, events: 1

2024-07-17 23:34:25.023749 INFO: fd: 35, events: 1

2024-07-17 23:34:25.023766 INFO: HttpConn 34 read success
2024-07-17 23:34:25.023769 INFO: fd: 32, events: 4

2024-07-17 23:34:25.023804 INFO: GET / HTTP/1.1
2024-07-17 23:34:25.023831 INFO: Host: 39.98.202.182:9006
2024-07-17 23:34:25.023838 INFO: User-Agent: Go-http-client/1.1
2024-07-17 23:34:25.023845 INFO: oop!unknow header: User-Agent: Go-http-client/1.1
2024-07-17 23:34:25.023852 INFO: X-Vegeta-Seq: 1136
2024-07-17 23:34:25.023859 INFO: oop!unknow header: X-Vegeta-Seq: 1136
2024-07-17 23:34:25.023866 INFO: Accept-Encoding: gzip
2024-07-17 23:34:25.023870 INFO: oop!unknow header: Accept-Encoding: gzip
2024-07-17 23:34:25.023874 INFO: 
2024-07-17 23:34:25.023893 INFO: request:HTTP/1.1 200 OK

2024-07-17 23:34:25.023898 INFO: request:HTTP/1.1 200 OK
Content-Length:542

2024-07-17 23:34:25.023903 INFO: request:HTTP/1.1 200 OK
Content-Length:542
Connection:close

2024-07-17 23:34:25.023907 INFO: request:HTTP/1.1 200 OK
Content-Length:542
Connection:close


2024-07-17 23:34:25.023922 INFO: Thread 140246122866240 is running task

2024-07-17 23:34:25.023952 INFO: Thread 140246122866240 is running task

2024-07-17 23:34:25.023811 INFO: HttpConn 35 read success
2024-07-17 23:34:25.023980 INFO: eventNum: 1
2024-07-17 23:34:25.024022 INFO: fd: 34, events: 4

2024-07-17 23:34:25.024013 INFO: GET / HTTP/1.1
2024-07-17 23:34:25.024091 INFO: Host: 39.98.202.182:9006
2024-07-17 23:34:25.024118 INFO: User-Agent: Go-http-client/1.1
2024-07-17 23:34:25.024127 INFO: oop!unknow header: User-Agent: Go-http-client/1.1
2024-07-17 23:34:25.024163 INFO: X-Vegeta-Seq: 1138
2024-07-17 23:34:25.024170 INFO: oop!unknow header: X-Vegeta-Seq: 1138
2024-07-17 23:34:25.024173 INFO: eventNum: 1
2024-07-17 23:34:25.024190 INFO: fd: 28, events: 1

2024-07-17 23:34:25.024205 INFO: Thread 140246131258944 is running task

2024-07-17 23:34:25.024215 INFO: HttpConn 28 read success
2024-07-17 23:34:25.024223 INFO: GET / HTTP/1.1
2024-07-17 23:34:25.024228 INFO: Host: 39.98.202.182:9006
2024-07-17 23:34:25.024232 INFO: User-Agent: Go-http-client/1.1
2024-07-17 23:34:25.024238 INFO: oop!unknow header: User-Agent: Go-http-client/1.1
2024-07-17 23:34:25.024244 INFO: X-Vegeta-Seq: 1132
2024-07-17 23:34:25.024251 INFO: oop!unknow header: X-Vegeta-Seq: 1132
2024-07-17 23:34:25.024256 INFO: Accept-Encoding: gzip
2024-07-17 23:34:25.024263 INFO: oop!unknow header: Accept-Encoding: gzip
2024-07-17 23:34:25.024268 INFO: 
2024-07-17 23:34:25.024291 INFO: request:HTTP/1.1 200 OK

2024-07-17 23:34:25.024300 INFO: request:HTTP/1.1 200 OK
Content-Length:542

2024-07-17 23:34:25.024307 INFO: request:HTTP/1.1 200 OK
Content-Length:542
Connection:close

2024-07-17 23:34:25.024314 INFO: request:HTTP/1.1 200 OK
Content-Length:542
Connection:close


2024-07-17 23:34:25.024330 INFO: Thread 140246131258944 is running task

2024-07-17 23:34:25.024374 INFO: eventNum: 1
2024-07-17 23:34:25.024413 INFO: fd: 28, events: 4

2024-07-17 23:34:25.024174 INFO: Accept-Encoding: gzip
2024-07-17 23:34:25.024430 INFO: eventNum: 2
2024-07-17 23:34:25.024441 INFO: fd: 31, events: 1

2024-07-17 23:34:25.024432 INFO: oop!unknow header: Accept-Encoding: gzip
2024-07-17 23:34:25.024458 INFO: 
2024-07-17 23:34:25.024487 INFO: request:HTTP/1.1 200 OK

2024-07-17 23:34:25.024498 INFO: request:HTTP/1.1 200 OK
Content-Length:542

2024-07-17 23:34:25.024505 INFO: request:HTTP/1.1 200 OK
Content-Length:542
Connection:close

2024-07-17 23:34:25.024509 INFO: request:HTTP/1.1 200 OK
Content-Length:542
Connection:close


2024-07-17 23:34:25.024517 INFO: fd: 30, events: 1

2024-07-17 23:34:25.024526 INFO: Thread 140246139651648 is running task

2024-07-17 23:34:25.024540 INFO: HttpConn 30 read success
2024-07-17 23:34:25.024510 INFO: Thread 140246156437056 is running task

2024-07-17 23:34:25.024533 INFO: HttpConn 31 read success
2024-07-17 23:34:25.024552 INFO: GET / HTTP/1.1
2024-07-17 23:34:25.024580 INFO: Host: 39.98.202.182:9006
2024-07-17 23:34:25.024587 INFO: User-Agent: Go-http-client/1.1
2024-07-17 23:34:25.024594 INFO: oop!unknow header: User-Agent: Go-http-client/1.1
2024-07-17 23:34:25.024600 INFO: X-Vegeta-Seq: 1126
2024-07-17 23:34:25.024606 INFO: oop!unknow header: X-Vegeta-Seq: 1126
2024-07-17 23:34:25.024610 INFO: Accept-Encoding: gzip
2024-07-17 23:34:25.024614 INFO: oop!unknow header: Accept-Encoding: gzip
2024-07-17 23:34:25.024618 INFO: 
2024-07-17 23:34:25.024568 INFO: GET / HTTP/1.1
2024-07-17 23:34:25.024672 INFO: Host: 39.98.202.182:9006
2024-07-17 23:34:25.024686 INFO: User-Agent: Go-http-client/1.1
2024-07-17 23:34:25.024695 INFO: oop!unknow header: User-Agent: Go-http-client/1.1
2024-07-17 23:34:25.024698 INFO: request:HTTP/1.1 200 OK

2024-07-17 23:34:25.024722 INFO: request:HTTP/1.1 200 OK
Content-Length:542

2024-07-17 23:34:25.024729 INFO: request:HTTP/1.1 200 OK
Content-Length:542
Connection:close

2024-07-17 23:34:25.024737 INFO: request:HTTP/1.1 200 OK
Content-Length:542
Connection:close


2024-07-17 23:34:25.024752 INFO: Thread 140246148044352 is running task

2024-07-17 23:34:25.024701 INFO: X-Vegeta-Seq: 1130
2024-07-17 23:34:25.024778 INFO: oop!unknow header: X-Vegeta-Seq: 1130
2024-07-17 23:34:25.024533 INFO: eventNum: 2
2024-07-17 23:34:25.024795 INFO: fd: 33, events: 1

2024-07-17 23:34:25.024806 INFO: fd: 35, events: 4

2024-07-17 23:34:25.024812 INFO: HttpConn 33 read success
2024-07-17 23:34:25.024830 INFO: GET / HTTP/1.1
2024-07-17 23:34:25.024840 INFO: Host: 39.98.202.182:9006
2024-07-17 23:34:25.024816 INFO: eventNum: 1
2024-07-17 23:34:25.024859 INFO: fd: 30, events: 4

2024-07-17 23:34:25.024877 INFO: Thread 140246097688128 is running task

2024-07-17 23:34:25.024898 INFO: Thread 140246097688128 is running task

2024-07-17 23:34:25.024845 INFO: User-Agent: Go-http-client/1.1
2024-07-17 23:34:25.024911 INFO: oop!unknow header: User-Agent: Go-http-client/1.1
2024-07-17 23:34:25.024915 INFO: X-Vegeta-Seq: 1131
2024-07-17 23:34:25.024920 INFO: oop!unknow header: X-Vegeta-Seq: 1131
2024-07-17 23:34:25.024924 INFO: Accept-Encoding: gzip
2024-07-17 23:34:25.024928 INFO: oop!unknow header: Accept-Encoding: gzip
2024-07-17 23:34:25.024932 INFO: 
2024-07-17 23:34:25.024947 INFO: request:HTTP/1.1 200 OK

2024-07-17 23:34:25.024951 INFO: request:HTTP/1.1 200 OK
Content-Length:542

2024-07-17 23:34:25.024956 INFO: request:HTTP/1.1 200 OK
Content-Length:542
Connection:close

2024-07-17 23:34:25.024960 INFO: request:HTTP/1.1 200 OK
Content-Length:542
Connection:close


2024-07-17 23:34:25.024970 INFO: Thread 140246122866240 is running task

2024-07-17 23:34:25.024784 INFO: Accept-Encoding: gzip
2024-07-17 23:34:25.024977 INFO: eventNum: 1
2024-07-17 23:34:25.024984 INFO: oop!unknow header: Accept-Encoding: gzip
2024-07-17 23:34:25.025007 INFO: 
2024-07-17 23:34:25.024999 INFO: fd: 33, events: 4

2024-07-17 23:34:25.025060 INFO: Thread 140246114473536 is running task

2024-07-17 23:34:25.025026 INFO: request:HTTP/1.1 200 OK

2024-07-17 23:34:25.025077 INFO: request:HTTP/1.1 200 OK
Content-Length:542

2024-07-17 23:34:25.025084 INFO: request:HTTP/1.1 200 OK
Content-Length:542
Connection:close

2024-07-17 23:34:25.025090 INFO: request:HTTP/1.1 200 OK
Content-Length:542
Connection:close


2024-07-17 23:34:25.025104 INFO: Thread 140246139651648 is running task

2024-07-17 23:34:25.025109 INFO: eventNum: 1
2024-07-17 23:34:25.025119 INFO: fd: 31, events: 4

2024-07-17 23:34:25.025155 INFO: Thread 140246106080832 is running task

2024-07-17 23:34:25.071016 INFO: eventNum: 1
2024-07-17 23:34:25.071094 INFO: fd: 13, events: 1

2024-07-17 23:34:25.071103 INFO: HandleListenEvent 13
2024-07-17 23:34:25.071133 INFO: HttpConn 16 init success
2024-07-17 23:34:25.071141 INFO: addTimer id:16 expireTime:1721230965
2024-07-17 23:34:25.071155 INFO: Client[16] in!
2024-07-17 23:34:25.071160 INFO: HandleListenEvent 13
2024-07-17 23:34:25.071184 ERROR: Accept failure -1
2024-07-17 23:34:25.071296 INFO: eventNum: 1
2024-07-17 23:34:25.071336 INFO: fd: 13, events: 1

2024-07-17 23:34:25.071349 INFO: HandleListenEvent 13
2024-07-17 23:34:25.071369 INFO: HttpConn 17 init success
2024-07-17 23:34:25.071376 INFO: addTimer id:17 expireTime:1721230965
2024-07-17 23:34:25.071388 INFO: Client[17] in!
2024-07-17 23:34:25.071393 INFO: HandleListenEvent 13
2024-07-17 23:34:25.071403 ERROR: Accept failure -1
2024-07-17 23:34:25.073390 INFO: eventNum: 1
2024-07-17 23:34:25.073429 INFO: fd: 13, events: 1

2024-07-17 23:34:25.073436 INFO: HandleListenEvent 13
2024-07-17 23:34:25.073457 INFO: HttpConn 36 init success
2024-07-17 23:34:25.073463 INFO: addTimer id:36 expireTime:1721230965
2024-07-17 23:34:25.073475 INFO: Client[36] in!
2024-07-17 23:34:25.073479 INFO: HandleListenEvent 13
2024-07-17 23:34:25.073489 ERROR: Accept failure -1
2024-07-17 23:34:25.073495 INFO: eventNum: 1
2024-07-17 23:34:25.073499 INFO: fd: 13, events: 1

2024-07-17 23:34:25.073503 INFO: HandleListenEvent 13
2024-07-17 23:34:25.073515 INFO: HttpConn 37 init success
2024-07-17 23:34:25.073523 INFO: addTimer id:37 expireTime:1721230965
2024-07-17 23:34:25.073535 INFO: Client[37] in!
2024-07-17 23:34:25.073542 INFO: HandleListenEvent 13
2024-07-17 23:34:25.073553 ERROR: Accept failure -1
2024-07-17 23:34:25.073689 INFO: eventNum: 1
2024-07-17 23:34:25.073710 INFO: fd: 13, events: 1

2024-07-17 23:34:25.073715 INFO: HandleListenEvent 13
2024-07-17 23:34:25.073729 INFO: HttpConn 38 init success
2024-07-17 23:34:25.073734 INFO: addTimer id:38 expireTime:1721230965
2024-07-17 23:34:25.073750 INFO: Client[38] in!
2024-07-17 23:34:25.073786 INFO: HandleListenEvent 13
2024-07-17 23:34:25.073812 INFO: HttpConn 39 init success
2024-07-17 23:34:25.073818 INFO: addTimer id:39 expireTime:1721230965
2024-07-17 23:34:25.073827 INFO: Client[39] in!
2024-07-17 23:34:25.073831 INFO: HandleListenEvent 13
2024-07-17 23:34:25.073840 ERROR: Accept failure -1
2024-07-17 23:34:25.074472 INFO: eventNum: 1
2024-07-17 23:34:25.074497 INFO: fd: 13, events: 1

2024-07-17 23:34:25.074505 INFO: HandleListenEvent 13
2024-07-17 23:34:25.074519 INFO: HttpConn 40 init success
2024-07-17 23:34:25.074526 INFO: addTimer id:40 expireTime:1721230965
2024-07-17 23:34:25.074535 INFO: Client[40] in!
2024-07-17 23:34:25.074540 INFO: HandleListenEvent 13
2024-07-17 23:34:25.074552 INFO: HttpConn 41 init success
2024-07-17 23:34:25.074557 INFO: addTimer id:41 expireTime:1721230965
2024-07-17 23:34:25.074565 INFO: Client[41] in!
2024-07-17 23:34:25.074569 INFO: HandleListenEvent 13
2024-07-17 23:34:25.074578 ERROR: Accept failure -1
2024-07-17 23:34:25.074660 INFO: eventNum: 1
2024-07-17 23:34:25.074693 INFO: fd: 17, events: 1

2024-07-17 23:34:25.074726 INFO: HttpConn 17 read success
2024-07-17 23:34:25.074749 INFO: GET / HTTP/1.1
2024-07-17 23:34:25.074759 INFO: Host: 39.98.202.182:9006
2024-07-17 23:34:25.074763 INFO: User-Agent: Go-http-client/1.1
2024-07-17 23:34:25.074768 INFO: oop!unknow header: User-Agent: Go-http-client/1.1
2024-07-17 23:34:25.074772 INFO: X-Vegeta-Seq: 1150
2024-07-17 23:34:25.074776 INFO: oop!unknow header: X-Vegeta-Seq: 1150
2024-07-17 23:34:25.074781 INFO: Accept-Encoding: gzip
2024-07-17 23:34:25.074785 INFO: oop!unknow header: Accept-Encoding: gzip
2024-07-17 23:34:25.074789 INFO: 
2024-07-17 23:34:25.074815 INFO: request:HTTP/1.1 200 OK

2024-07-17 23:34:25.074820 INFO: request:HTTP/1.1 200 OK
Content-Length:542

2024-07-17 23:34:25.074825 INFO: request:HTTP/1.1 200 OK
Content-Length:542
Connection:close

2024-07-17 23:34:25.074829 INFO: request:HTTP/1.1 200 OK
Content-Length:542
Connection:close


2024-07-17 23:34:25.074846 INFO: Thread 140246156437056 is running task

2024-07-17 23:34:25.074921 INFO: eventNum: 2
2024-07-17 23:34:25.074941 INFO: fd: 16, events: 1

2024-07-17 23:34:25.074955 INFO: fd: 17, events: 4

2024-07-17 23:34:25.074961 INFO: HttpConn 16 read success
2024-07-17 23:34:25.074973 INFO: GET / HTTP/1.1
2024-07-17 23:34:25.074979 INFO: Host: 39.98.202.182:9006
2024-07-17 23:34:25.074983 INFO: User-Agent: Go-http-client/1.1
2024-07-17 23:34:25.074988 INFO: oop!unknow header: User-Agent: Go-http-client/1.1
2024-07-17 23:34:25.074998 INFO: X-Vegeta-Seq: 1142
2024-07-17 23:34:25.075002 INFO: oop!unknow header: X-Vegeta-Seq: 1142
2024-07-17 23:34:25.075005 INFO: Thread 140246097688128 is running task

2024-07-17 23:34:25.075018 INFO: Accept-Encoding: gzip
2024-07-17 23:34:25.075080 INFO: oop!unknow header: Accept-Encoding: gzip
2024-07-17 23:34:25.075086 INFO: 
2024-07-17 23:34:25.075101 INFO: request:HTTP/1.1 200 OK

2024-07-17 23:34:25.075106 INFO: request:HTTP/1.1 200 OK
Content-Length:542

2024-07-17 23:34:25.075111 INFO: request:HTTP/1.1 200 OK
Content-Length:542
Connection:close

2024-07-17 23:34:25.075115 INFO: request:HTTP/1.1 200 OK
Content-Length:542
Connection:close


2024-07-17 23:34:25.075127 INFO: Thread 140246148044352 is running task

2024-07-17 23:34:25.075177 INFO: eventNum: 1
2024-07-17 23:34:25.075191 INFO: fd: 16, events: 4

2024-07-17 23:34:25.075224 INFO: Thread 140246122866240 is running task

2024-07-17 23:34:25.075338 INFO: eventNum: 1
2024-07-17 23:34:25.075358 INFO: fd: 39, events: 1

2024-07-17 23:34:25.075378 INFO: HttpConn 39 read success
2024-07-17 23:34:25.075401 INFO: GET / HTTP/1.1
2024-07-17 23:34:25.075410 INFO: Host: 39.98.202.182:9006
2024-07-17 23:34:25.075417 INFO: User-Agent: Go-http-client/1.1
2024-07-17 23:34:25.075423 INFO: oop!unknow header: User-Agent: Go-http-client/1.1
2024-07-17 23:34:25.075430 INFO: X-Vegeta-Seq: 1162
2024-07-17 23:34:25.075436 INFO: oop!unknow header: X-Vegeta-Seq: 1162
2024-07-17 23:34:25.075442 INFO: Accept-Encoding: gzip
2024-07-17 23:34:25.075446 INFO: oop!unknow header: Accept-Encoding: gzip
2024-07-17 23:34:25.075470 INFO: 
2024-07-17 23:34:25.075491 INFO: request:HTTP/1.1 200 OK

2024-07-17 23:34:25.075497 INFO: request:HTTP/1.1 200 OK
Content-Length:542

2024-07-17 23:34:25.075501 INFO: request:HTTP/1.1 200 OK
Content-Length:542
Connection:close

2024-07-17 23:34:25.075506 INFO: request:HTTP/1.1 200 OK
Content-Length:542
Connection:close


2024-07-17 23:34:25.075516 INFO: Thread 140246131258944 is running task

2024-07-17 23:34:25.075558 INFO: eventNum: 2
2024-07-17 23:34:25.075569 INFO: fd: 33, events: 8193

2024-07-17 23:34:25.075590 INFO: HttpConn 33 close success
2024-07-17 23:34:25.075599 INFO: Client[33] quit!
2024-07-17 23:34:25.075603 INFO: fd: 39, events: 4

2024-07-17 23:34:25.075617 INFO: eventNum: 1
2024-07-17 23:34:25.075622 INFO: fd: 36, events: 1

2024-07-17 23:34:25.075660 INFO: Thread 140246114473536 is running task

2024-07-17 23:34:25.075685 INFO: HttpConn 36 read success
2024-07-17 23:34:25.075697 INFO: GET / HTTP/1.1
2024-07-17 23:34:25.075728 INFO: Host: 39.98.202.182:9006
2024-07-17 23:34:25.075733 INFO: User-Agent: Go-http-client/1.1
2024-07-17 23:34:25.075737 INFO: oop!unknow header: User-Agent: Go-http-client/1.1
2024-07-17 23:34:25.075741 INFO: X-Vegeta-Seq: 1163
2024-07-17 23:34:25.075745 INFO: oop!unknow header: X-Vegeta-Seq: 1163
2024-07-17 23:34:25.075750 INFO: Accept-Encoding: gzip
2024-07-17 23:34:25.075765 INFO: oop!unknow header: Accept-Encoding: gzip
2024-07-17 23:34:25.075770 INFO: 
2024-07-17 23:34:25.075788 INFO: request:HTTP/1.1 200 OK

2024-07-17 23:34:25.075796 INFO: request:HTTP/1.1 200 OK
Content-Length:542

2024-07-17 23:34:25.075801 INFO: request:HTTP/1.1 200 OK
Content-Length:542
Connection:close

2024-07-17 23:34:25.075805 INFO: request:HTTP/1.1 200 OK
Content-Length:542
Connection:close


2024-07-17 23:34:25.075813 INFO: Thread 140246114473536 is running task

2024-07-17 23:34:25.075862 INFO: eventNum: 4
2024-07-17 23:34:25.075875 INFO: fd: 13, events: 1

2024-07-17 23:34:25.075880 INFO: HandleListenEvent 13
2024-07-17 23:34:25.075896 INFO: HttpConn 33 init success
2024-07-17 23:34:25.075902 INFO: addTimer id:33 expireTime:1721230965
2024-07-17 23:34:25.075913 INFO: Client[33] in!
2024-07-17 23:34:25.075918 INFO: HandleListenEvent 13
2024-07-17 23:34:25.075925 ERROR: Accept failure -1
2024-07-17 23:34:25.075930 INFO: fd: 40, events: 1

2024-07-17 23:34:25.075941 INFO: fd: 30, events: 8193

2024-07-17 23:34:25.075948 INFO: HttpConn 40 read success
2024-07-17 23:34:25.075957 INFO: HttpConn 30 close success
2024-07-17 23:34:25.075969 INFO: Client[30] quit!
2024-07-17 23:34:25.075961 INFO: GET / HTTP/1.1
2024-07-17 23:34:25.075992 INFO: Host: 39.98.202.182:9006
2024-07-17 23:34:25.075998 INFO: User-Agent: Go-http-client/1.1
2024-07-17 23:34:25.076007 INFO: oop!unknow header: User-Agent: Go-http-client/1.1
2024-07-17 23:34:25.075977 INFO: fd: 36, events: 4

2024-07-17 23:34:25.076012 INFO: X-Vegeta-Seq: 1166
2024-07-17 23:34:25.076028 INFO: oop!unknow header: X-Vegeta-Seq: 1166
2024-07-17 23:34:25.076032 INFO: Accept-Encoding: gzip
2024-07-17 23:34:25.076037 INFO: oop!unknow header: Accept-Encoding: gzip
2024-07-17 23:34:25.076041 INFO: 
2024-07-17 23:34:25.076056 INFO: request:HTTP/1.1 200 OK

2024-07-17 23:34:25.076060 INFO: eventNum: 1
2024-07-17 23:34:25.076087 INFO: fd: 33, events: 1

2024-07-17 23:34:25.076056 INFO: Thread 140246156437056 is running task

2024-07-17 23:34:25.076068 INFO: request:HTTP/1.1 200 OK
Content-Length:542

2024-07-17 23:34:25.076108 INFO: request:HTTP/1.1 200 OK
Content-Length:542
Connection:close

2024-07-17 23:34:25.076113 INFO: request:HTTP/1.1 200 OK
Content-Length:542
Connection:close


2024-07-17 23:34:25.076120 INFO: Thread 140246106080832 is running task

2024-07-17 23:34:25.076133 INFO: eventNum: 1
2024-07-17 23:34:25.076137 INFO: HttpConn 33 read success
2024-07-17 23:34:25.076138 INFO: fd: 40, events: 4

2024-07-17 23:34:25.076157 INFO: GET / HTTP/1.1
2024-07-17 23:34:25.076172 INFO: Host: 39.98.202.182:9006
2024-07-17 23:34:25.076177 INFO: User-Agent: Go-http-client/1.1
2024-07-17 23:34:25.076181 INFO: oop!unknow header: User-Agent: Go-http-client/1.1
2024-07-17 23:34:25.076192 INFO: X-Vegeta-Seq: 1167
2024-07-17 23:34:25.076193 INFO: Thread 140246148044352 is running task

2024-07-17 23:34:25.076202 INFO: oop!unknow header: X-Vegeta-Seq: 1167
2024-07-17 23:34:25.076221 INFO: Accept-Encoding: gzip
2024-07-17 23:34:25.076226 INFO: oop!unknow header: Accept-Encoding: gzip
2024-07-17 23:34:25.076231 INFO: 
2024-07-17 23:34:25.076247 INFO: request:HTTP/1.1 200 OK

2024-07-17 23:34:25.076252 INFO: request:HTTP/1.1 200 OK
Content-Length:542

2024-07-17 23:34:25.076256 INFO: request:HTTP/1.1 200 OK
Content-Length:542
Connection:close

2024-07-17 23:34:25.076260 INFO: request:HTTP/1.1 200 OK
Content-Length:542
Connection:close


2024-07-17 23:34:25.076268 INFO: Thread 140246097688128 is running task

2024-07-17 23:34:25.076276 INFO: eventNum: 1
2024-07-17 23:34:25.076280 INFO: fd: 33, events: 4

2024-07-17 23:34:25.076319 INFO: Thread 140246122866240 is running task

2024-07-17 23:34:25.076503 INFO: eventNum: 1
2024-07-17 23:34:25.076527 INFO: fd: 35, events: 8193

2024-07-17 23:34:25.076552 INFO: HttpConn 35 close success
2024-07-17 23:34:25.076577 INFO: Client[35] quit!
2024-07-17 23:34:25.076689 INFO: eventNum: 1
2024-07-17 23:34:25.076700 INFO: fd: 28, events: 8193

2024-07-17 23:34:25.076714 INFO: HttpConn 28 close success
2024-07-17 23:34:25.076721 INFO: Client[28] quit!
2024-07-17 23:34:25.076927 INFO: eventNum: 1
2024-07-17 23:34:25.076939 INFO: fd: 31, events: 8193

2024-07-17 23:34:25.076963 INFO: HttpConn 31 close success
2024-07-17 23:34:25.076973 INFO: Client[31] quit!
2024-07-17 23:34:25.076990 INFO: eventNum: 2
2024-07-17 23:34:25.077004 INFO: fd: 26, events: 8193

2024-07-17 23:34:25.077023 INFO: HttpConn 26 close success
2024-07-17 23:34:25.077033 INFO: Client[26] quit!
2024-07-17 23:34:25.077039 INFO: fd: 41, events: 1

2024-07-17 23:34:25.077062 INFO: HttpConn 41 read success
2024-07-17 23:34:25.077081 INFO: GET / HTTP/1.1
2024-07-17 23:34:25.077087 INFO: Host: 39.98.202.182:9006
2024-07-17 23:34:25.077091 INFO: User-Agent: Go-http-client/1.1
2024-07-17 23:34:25.077095 INFO: oop!unknow header: User-Agent: Go-http-client/1.1
2024-07-17 23:34:25.077100 INFO: X-Vegeta-Seq: 1164
2024-07-17 23:34:25.077104 INFO: oop!unknow header: X-Vegeta-Seq: 1164
2024-07-17 23:34:25.077108 INFO: Accept-Encoding: gzip
2024-07-17 23:34:25.077112 INFO: oop!unknow header: Accept-Encoding: gzip
2024-07-17 23:34:25.077117 INFO: 
2024-07-17 23:34:25.077132 INFO: request:HTTP/1.1 200 OK

2024-07-17 23:34:25.077137 INFO: request:HTTP/1.1 200 OK
Content-Length:542

2024-07-17 23:34:25.077141 INFO: request:HTTP/1.1 200 OK
Content-Length:542
Connection:close

2024-07-17 23:34:25.077145 INFO: request:HTTP/1.1 200 OK
Content-Length:542
Connection:close


2024-07-17 23:34:25.077160 INFO: Thread 140246131258944 is running task

2024-07-17 23:34:25.077164 INFO: eventNum: 1
2024-07-17 23:34:25.077172 INFO: fd: 41, events: 4

2024-07-17 23:34:25.077205 INFO: Thread 140246114473536 is running task

2024-07-17 23:34:25.077274 INFO: eventNum: 1
