2024-07-17 23:34:19.295751 INFO: HttpConn 36 close success
2024-07-17 23:34:19.295839 INFO: Client[36] quit!
2024-07-17 23:34:19.296415 INFO: eventNum: 1
2024-07-17 23:34:19.296443 INFO: fd: 40, events: 8193

2024-07-17 23:34:19.296464 INFO: HttpConn 40 close success
2024-07-17 23:34:19.296470 INFO: Client[40] quit!
2024-07-17 23:34:19.296620 INFO: eventNum: 1
2024-07-17 23:34:19.296633 INFO: fd: 26, events: 1

2024-07-17 23:34:19.296660 INFO: HttpConn 26 read success
2024-07-17 23:34:19.296676 INFO: GET / HTTP/1.1
2024-07-17 23:34:19.296683 INFO: Host: 39.98.202.182:9006
2024-07-17 23:34:19.296690 INFO: User-Agent: Go-http-client/1.1
2024-07-17 23:34:19.296696 INFO: oop!unknow header: User-Agent: Go-http-client/1.1
2024-07-17 23:34:19.296703 INFO: X-Vegeta-Seq: 1394
2024-07-17 23:34:19.296709 INFO: oop!unknow header: X-Vegeta-Seq: 1394
2024-07-17 23:34:19.296713 INFO: Accept-Encoding: gzip
2024-07-17 23:34:19.296717 INFO: oop!unknow header: Accept-Encoding: gzip
2024-07-17 23:34:19.296721 INFO: 
2024-07-17 23:34:19.296739 INFO: request:HTTP/1.1 200 OK

2024-07-17 23:34:19.296744 INFO: request:HTTP/1.1 200 OK
Content-Length:542

2024-07-17 23:34:19.296749 INFO: request:HTTP/1.1 200 OK
Content-Length:542
Connection:close

2024-07-17 23:34:19.296753 INFO: request:HTTP/1.1 200 OK
Content-Length:542
Connection:close


2024-07-17 23:34:19.296765 INFO: Thread 140246122866240 is running task

2024-07-17 23:34:19.296775 INFO: eventNum: 1
2024-07-17 23:34:19.296780 INFO: fd: 26, events: 4

2024-07-17 23:34:19.296840 INFO: Thread 140246131258944 is running task

2024-07-17 23:34:19.297519 INFO: eventNum: 1
2024-07-17 23:34:19.297533 INFO: fd: 13, events: 1

2024-07-17 23:34:19.297539 INFO: HandleListenEvent 13
2024-07-17 23:34:19.297555 INFO: HttpConn 28 init success
2024-07-17 23:34:19.297561 INFO: addTimer id:28 expireTime:1721230959
2024-07-17 23:34:19.297572 INFO: Client[28] in!
2024-07-17 23:34:19.297577 INFO: HandleListenEvent 13
2024-07-17 23:34:19.297586 ERROR: Accept failure -1
2024-07-17 23:34:19.297592 INFO: eventNum: 1
2024-07-17 23:34:19.297596 INFO: fd: 28, events: 1

2024-07-17 23:34:19.297610 INFO: HttpConn 28 read success
2024-07-17 23:34:19.297619 INFO: GET / HTTP/1.1
2024-07-17 23:34:19.297625 INFO: Host: 39.98.202.182:9006
2024-07-17 23:34:19.297629 INFO: User-Agent: Go-http-client/1.1
2024-07-17 23:34:19.297634 INFO: oop!unknow header: User-Agent: Go-http-client/1.1
2024-07-17 23:34:19.297638 INFO: X-Vegeta-Seq: 2394
2024-07-17 23:34:19.297645 INFO: oop!unknow header: X-Vegeta-Seq: 2394
2024-07-17 23:34:19.297650 INFO: Accept-Encoding: gzip
2024-07-17 23:34:19.297654 INFO: oop!unknow header: Accept-Encoding: gzip
2024-07-17 23:34:19.297661 INFO: 
2024-07-17 23:34:19.297676 INFO: request:HTTP/1.1 200 OK

2024-07-17 23:34:19.297681 INFO: request:HTTP/1.1 200 OK
Content-Length:542

2024-07-17 23:34:19.297685 INFO: request:HTTP/1.1 200 OK
Content-Length:542
Connection:close

2024-07-17 23:34:19.297690 INFO: request:HTTP/1.1 200 OK
Content-Length:542
Connection:close


2024-07-17 23:34:19.297700 INFO: Thread 140246139651648 is running task

2024-07-17 23:34:19.297709 INFO: eventNum: 1
2024-07-17 23:34:19.297714 INFO: fd: 28, events: 4

2024-07-17 23:34:19.297763 INFO: Thread 140246106080832 is running task

2024-07-17 23:34:19.298373 INFO: eventNum: 1
2024-07-17 23:34:19.298387 INFO: fd: 13, events: 1

2024-07-17 23:34:19.298392 INFO: HandleListenEvent 13
2024-07-17 23:34:19.298405 INFO: HttpConn 30 init success
2024-07-17 23:34:19.298411 INFO: addTimer id:30 expireTime:1721230959
2024-07-17 23:34:19.298423 INFO: Client[30] in!
2024-07-17 23:34:19.298430 INFO: HandleListenEvent 13
2024-07-17 23:34:19.298441 ERROR: Accept failure -1
2024-07-17 23:34:19.298447 INFO: eventNum: 1
2024-07-17 23:34:19.298451 INFO: fd: 30, events: 1

2024-07-17 23:34:19.298473 INFO: HttpConn 30 read success
2024-07-17 23:34:19.298501 INFO: GET / HTTP/1.1
2024-07-17 23:34:19.298511 INFO: Host: 39.98.202.182:9006
2024-07-17 23:34:19.298519 INFO: User-Agent: Go-http-client/1.1
2024-07-17 23:34:19.298526 INFO: oop!unknow header: User-Agent: Go-http-client/1.1
2024-07-17 23:34:19.298541 INFO: X-Vegeta-Seq: 2399
2024-07-17 23:34:19.298546 INFO: oop!unknow header: X-Vegeta-Seq: 2399
2024-07-17 23:34:19.298550 INFO: Accept-Encoding: gzip
2024-07-17 23:34:19.298554 INFO: oop!unknow header: Accept-Encoding: gzip
2024-07-17 23:34:19.298559 INFO: 
2024-07-17 23:34:19.298581 INFO: request:HTTP/1.1 200 OK

2024-07-17 23:34:19.298589 INFO: request:HTTP/1.1 200 OK
Content-Length:542

2024-07-17 23:34:19.298595 INFO: request:HTTP/1.1 200 OK
Content-Length:542
Connection:close

2024-07-17 23:34:19.298602 INFO: request:HTTP/1.1 200 OK
Content-Length:542
Connection:close


2024-07-17 23:34:19.298623 INFO: Thread 140246156437056 is running task

2024-07-17 23:34:19.298628 INFO: eventNum: 1
2024-07-17 23:34:19.298642 INFO: fd: 30, events: 4

2024-07-17 23:34:19.298686 INFO: Thread 140246114473536 is running task

2024-07-17 23:34:19.307667 INFO: eventNum: 1
2024-07-17 23:34:19.307712 INFO: fd: 13, events: 1

2024-07-17 23:34:19.307718 INFO: HandleListenEvent 13
2024-07-17 23:34:19.307741 INFO: HttpConn 31 init success
2024-07-17 23:34:19.307751 INFO: addTimer id:31 expireTime:1721230959
2024-07-17 23:34:19.307772 INFO: Client[31] in!
2024-07-17 23:34:19.307779 INFO: HandleListenEvent 13
2024-07-17 23:34:19.307793 ERROR: Accept failure -1
2024-07-17 23:34:19.308776 INFO: eventNum: 1
2024-07-17 23:34:19.308812 INFO: fd: 31, events: 1

2024-07-17 23:34:19.308858 INFO: HttpConn 31 read success
2024-07-17 23:34:19.308903 INFO: GET / HTTP/1.1
2024-07-17 23:34:19.308914 INFO: Host: 39.98.202.182:9006
2024-07-17 23:34:19.308920 INFO: User-Agent: Go-http-client/1.1
2024-07-17 23:34:19.308924 INFO: oop!unknow header: User-Agent: Go-http-client/1.1
2024-07-17 23:34:19.308929 INFO: X-Vegeta-Seq: 2402
2024-07-17 23:34:19.308934 INFO: oop!unknow header: X-Vegeta-Seq: 2402
2024-07-17 23:34:19.308939 INFO: Accept-Encoding: gzip
2024-07-17 23:34:19.308946 INFO: oop!unknow header: Accept-Encoding: gzip
2024-07-17 23:34:19.308953 INFO: 
2024-07-17 23:34:19.308985 INFO: request:HTTP/1.1 200 OK

2024-07-17 23:34:19.308991 INFO: request:HTTP/1.1 200 OK
Content-Length:542

2024-07-17 23:34:19.308996 INFO: request:HTTP/1.1 200 OK
Content-Length:542
Connection:close

2024-07-17 23:34:19.309001 INFO: request:HTTP/1.1 200 OK
Content-Length:542
Connection:close


2024-07-17 23:34:19.309021 INFO: Thread 140246148044352 is running task

2024-07-17 23:34:19.309041 INFO: eventNum: 1
2024-07-17 23:34:19.309048 INFO: fd: 31, events: 4

2024-07-17 23:34:19.309097 INFO: Thread 140246097688128 is running task

2024-07-17 23:34:19.309309 INFO: eventNum: 1
2024-07-17 23:34:19.309329 INFO: fd: 13, events: 1

2024-07-17 23:34:19.309339 INFO: HandleListenEvent 13
2024-07-17 23:34:19.309366 INFO: HttpConn 32 init success
2024-07-17 23:34:19.309373 INFO: addTimer id:32 expireTime:1721230959
2024-07-17 23:34:19.309386 INFO: Client[32] in!
2024-07-17 23:34:19.309392 INFO: HandleListenEvent 13
2024-07-17 23:34:19.309406 ERROR: Accept failure -1
2024-07-17 23:34:19.309484 INFO: eventNum: 1
2024-07-17 23:34:19.309497 INFO: fd: 13, events: 1

2024-07-17 23:34:19.309502 INFO: HandleListenEvent 13
2024-07-17 23:34:19.309515 INFO: HttpConn 33 init success
2024-07-17 23:34:19.309520 INFO: addTimer id:33 expireTime:1721230959
2024-07-17 23:34:19.309530 INFO: Client[33] in!
2024-07-17 23:34:19.309534 INFO: HandleListenEvent 13
2024-07-17 23:34:19.309542 ERROR: Accept failure -1
2024-07-17 23:34:19.309628 INFO: eventNum: 1
2024-07-17 23:34:19.309647 INFO: fd: 32, events: 1

2024-07-17 23:34:19.309679 INFO: HttpConn 32 read success
2024-07-17 23:34:19.309710 INFO: GET / HTTP/1.1
2024-07-17 23:34:19.309717 INFO: Host: 39.98.202.182:9006
2024-07-17 23:34:19.309722 INFO: User-Agent: Go-http-client/1.1
2024-07-17 23:34:19.309727 INFO: oop!unknow header: User-Agent: Go-http-client/1.1
2024-07-17 23:34:19.309731 INFO: X-Vegeta-Seq: 2405
2024-07-17 23:34:19.309735 INFO: oop!unknow header: X-Vegeta-Seq: 2405
2024-07-17 23:34:19.309740 INFO: Accept-Encoding: gzip
2024-07-17 23:34:19.309744 INFO: oop!unknow header: Accept-Encoding: gzip
2024-07-17 23:34:19.309759 INFO: 
2024-07-17 23:34:19.309779 INFO: request:HTTP/1.1 200 OK

2024-07-17 23:34:19.309787 INFO: request:HTTP/1.1 200 OK
Content-Length:542

2024-07-17 23:34:19.309791 INFO: request:HTTP/1.1 200 OK
Content-Length:542
Connection:close

2024-07-17 23:34:19.309796 INFO: request:HTTP/1.1 200 OK
Content-Length:542
Connection:close


2024-07-17 23:34:19.309814 INFO: Thread 140246122866240 is running task

2024-07-17 23:34:19.309818 INFO: eventNum: 1
2024-07-17 23:34:19.309829 INFO: fd: 32, events: 4

2024-07-17 23:34:19.309891 INFO: Thread 140246131258944 is running task

2024-07-17 23:34:19.309905 INFO: eventNum: 1
2024-07-17 23:34:19.309911 INFO: fd: 33, events: 1

2024-07-17 23:34:19.309931 INFO: HttpConn 33 read success
2024-07-17 23:34:19.309953 INFO: GET / HTTP/1.1
2024-07-17 23:34:19.309962 INFO: Host: 39.98.202.182:9006
2024-07-17 23:34:19.309972 INFO: User-Agent: Go-http-client/1.1
2024-07-17 23:34:19.309978 INFO: oop!unknow header: User-Agent: Go-http-client/1.1
2024-07-17 23:34:19.309984 INFO: X-Vegeta-Seq: 2403
2024-07-17 23:34:19.309989 INFO: oop!unknow header: X-Vegeta-Seq: 2403
2024-07-17 23:34:19.309995 INFO: Accept-Encoding: gzip
2024-07-17 23:34:19.310001 INFO: oop!unknow header: Accept-Encoding: gzip
2024-07-17 23:34:19.310007 INFO: 
2024-07-17 23:34:19.310027 INFO: request:HTTP/1.1 200 OK

2024-07-17 23:34:19.310033 INFO: request:HTTP/1.1 200 OK
Content-Length:542

2024-07-17 23:34:19.310037 INFO: request:HTTP/1.1 200 OK
Content-Length:542
Connection:close

2024-07-17 23:34:19.310041 INFO: request:HTTP/1.1 200 OK
Content-Length:542
Connection:close


2024-07-17 23:34:19.310055 INFO: Thread 140246139651648 is running task

2024-07-17 23:34:19.310063 INFO: eventNum: 1
2024-07-17 23:34:19.310074 INFO: fd: 33, events: 4

2024-07-17 23:34:19.310126 INFO: Thread 140246106080832 is running task

2024-07-17 23:34:19.310146 INFO: eventNum: 1
2024-07-17 23:34:19.310154 INFO: fd: 13, events: 1

2024-07-17 23:34:19.310161 INFO: HandleListenEvent 13
2024-07-17 23:34:19.310180 INFO: HttpConn 34 init success
2024-07-17 23:34:19.310189 INFO: addTimer id:34 expireTime:1721230959
2024-07-17 23:34:19.310202 INFO: Client[34] in!
2024-07-17 23:34:19.310207 INFO: HandleListenEvent 13
2024-07-17 23:34:19.310216 ERROR: Accept failure -1
2024-07-17 23:34:19.310221 INFO: eventNum: 1
2024-07-17 23:34:19.310226 INFO: fd: 34, events: 1

2024-07-17 23:34:19.310243 INFO: HttpConn 34 read success
2024-07-17 23:34:19.310258 INFO: GET / HTTP/1.1
2024-07-17 23:34:19.310266 INFO: Host: 39.98.202.182:9006
2024-07-17 23:34:19.310272 INFO: User-Agent: Go-http-client/1.1
2024-07-17 23:34:19.310279 INFO: oop!unknow header: User-Agent: Go-http-client/1.1
2024-07-17 23:34:19.310289 INFO: X-Vegeta-Seq: 2406
2024-07-17 23:34:19.310295 INFO: oop!unknow header: X-Vegeta-Seq: 2406
2024-07-17 23:34:19.310302 INFO: Accept-Encoding: gzip
2024-07-17 23:34:19.310307 INFO: oop!unknow header: Accept-Encoding: gzip
2024-07-17 23:34:19.310311 INFO: 
2024-07-17 23:34:19.310328 INFO: request:HTTP/1.1 200 OK

2024-07-17 23:34:19.310333 INFO: request:HTTP/1.1 200 OK
Content-Length:542

2024-07-17 23:34:19.310338 INFO: request:HTTP/1.1 200 OK
Content-Length:542
Connection:close

2024-07-17 23:34:19.310342 INFO: request:HTTP/1.1 200 OK
Content-Length:542
Connection:close


2024-07-17 23:34:19.310386 INFO: Thread 140246156437056 is running task

2024-07-17 23:34:19.310404 INFO: eventNum: 1
2024-07-17 23:34:19.310410 INFO: fd: 34, events: 4

2024-07-17 23:34:19.310449 INFO: Thread 140246114473536 is running task

2024-07-17 23:34:19.310460 INFO: eventNum: 1
2024-07-17 23:34:19.310465 INFO: fd: 13, events: 1

2024-07-17 23:34:19.310469 INFO: HandleListenEvent 13
2024-07-17 23:34:19.310482 INFO: HttpConn 35 init success
2024-07-17 23:34:19.310487 INFO: addTimer id:35 expireTime:1721230959
2024-07-17 23:34:19.310496 INFO: Client[35] in!
2024-07-17 23:34:19.310501 INFO: HandleListenEvent 13
2024-07-17 23:34:19.310509 ERROR: Accept failure -1
2024-07-17 23:34:19.310637 INFO: eventNum: 1
2024-07-17 23:34:19.310663 INFO: fd: 13, events: 1

2024-07-17 23:34:19.310671 INFO: HandleListenEvent 13
2024-07-17 23:34:19.310692 INFO: HttpConn 36 init success
2024-07-17 23:34:19.310701 INFO: addTimer id:36 expireTime:1721230959
2024-07-17 23:34:19.310714 INFO: Client[36] in!
2024-07-17 23:34:19.310721 INFO: HandleListenEvent 13
2024-07-17 23:34:19.310733 ERROR: Accept failure -1
2024-07-17 23:34:19.310741 INFO: eventNum: 1
2024-07-17 23:34:19.310747 INFO: fd: 36, events: 1

2024-07-17 23:34:19.310765 INFO: HttpConn 36 read success
2024-07-17 23:34:19.310779 INFO: GET / HTTP/1.1
2024-07-17 23:34:19.310787 INFO: Host: 39.98.202.182:9006
2024-07-17 23:34:19.310794 INFO: User-Agent: Go-http-client/1.1
2024-07-17 23:34:19.310800 INFO: oop!unknow header: User-Agent: Go-http-client/1.1
2024-07-17 23:34:19.310804 INFO: X-Vegeta-Seq: 2408
2024-07-17 23:34:19.310808 INFO: oop!unknow header: X-Vegeta-Seq: 2408
2024-07-17 23:34:19.310816 INFO: Accept-Encoding: gzip
2024-07-17 23:34:19.310820 INFO: oop!unknow header: Accept-Encoding: gzip
2024-07-17 23:34:19.310825 INFO: 
2024-07-17 23:34:19.310841 INFO: request:HTTP/1.1 200 OK

2024-07-17 23:34:19.310849 INFO: request:HTTP/1.1 200 OK
Content-Length:542

2024-07-17 23:34:19.310856 INFO: request:HTTP/1.1 200 OK
Content-Length:542
Connection:close

2024-07-17 23:34:19.310863 INFO: request:HTTP/1.1 200 OK
Content-Length:542
Connection:close


2024-07-17 23:34:19.310878 INFO: Thread 140246148044352 is running task

2024-07-17 23:34:19.310892 INFO: eventNum: 2
2024-07-17 23:34:19.310899 INFO: fd: 35, events: 1

2024-07-17 23:34:19.310915 INFO: HttpConn 35 read success
2024-07-17 23:34:19.310927 INFO: GET / HTTP/1.1
2024-07-17 23:34:19.310933 INFO: Host: 39.98.202.182:9006
2024-07-17 23:34:19.310938 INFO: User-Agent: Go-http-client/1.1
2024-07-17 23:34:19.310942 INFO: oop!unknow header: User-Agent: Go-http-client/1.1
2024-07-17 23:34:19.310946 INFO: X-Vegeta-Seq: 2404
2024-07-17 23:34:19.310950 INFO: oop!unknow header: X-Vegeta-Seq: 2404
2024-07-17 23:34:19.310955 INFO: Accept-Encoding: gzip
2024-07-17 23:34:19.310959 INFO: oop!unknow header: Accept-Encoding: gzip
2024-07-17 23:34:19.310963 INFO: 
2024-07-17 23:34:19.310978 INFO: request:HTTP/1.1 200 OK

2024-07-17 23:34:19.310982 INFO: request:HTTP/1.1 200 OK
Content-Length:542

2024-07-17 23:34:19.310987 INFO: request:HTTP/1.1 200 OK
Content-Length:542
Connection:close

2024-07-17 23:34:19.310991 INFO: request:HTTP/1.1 200 OK
Content-Length:542
Connection:close


2024-07-17 23:34:19.310999 INFO: Thread 140246097688128 is running task

2024-07-17 23:34:19.311010 INFO: fd: 36, events: 4

2024-07-17 23:34:19.311026 INFO: eventNum: 1
2024-07-17 23:34:19.311031 INFO: fd: 35, events: 4

2024-07-17 23:34:19.311071 INFO: Thread 140246122866240 is running task

2024-07-17 23:34:19.311081 INFO: Thread 140246131258944 is running task

2024-07-17 23:34:19.311658 INFO: eventNum: 1
2024-07-17 23:34:19.311680 INFO: fd: 13, events: 1

2024-07-17 23:34:19.311685 INFO: HandleListenEvent 13
2024-07-17 23:34:19.311702 INFO: HttpConn 37 init success
2024-07-17 23:34:19.311708 INFO: addTimer id:37 expireTime:1721230959
2024-07-17 23:34:19.311718 INFO: Client[37] in!
2024-07-17 23:34:19.311723 INFO: HandleListenEvent 13
2024-07-17 23:34:19.311732 ERROR: Accept failure -1
2024-07-17 23:34:19.311737 INFO: eventNum: 1
2024-07-17 23:34:19.311742 INFO: fd: 37, events: 1

2024-07-17 23:34:19.311773 INFO: HttpConn 37 read success
2024-07-17 23:34:19.311790 INFO: GET / HTTP/1.1
2024-07-17 23:34:19.311797 INFO: Host: 39.98.202.182:9006
2024-07-17 23:34:19.311802 INFO: User-Agent: Go-http-client/1.1
2024-07-17 23:34:19.311806 INFO: oop!unknow header: User-Agent: Go-http-client/1.1
2024-07-17 23:34:19.311811 INFO: X-Vegeta-Seq: 2414
2024-07-17 23:34:19.311815 INFO: oop!unknow header: X-Vegeta-Seq: 2414
2024-07-17 23:34:19.311819 INFO: Accept-Encoding: gzip
2024-07-17 23:34:19.311823 INFO: oop!unknow header: Accept-Encoding: gzip
2024-07-17 23:34:19.311827 INFO: 
2024-07-17 23:34:19.311843 INFO: request:HTTP/1.1 200 OK

2024-07-17 23:34:19.311848 INFO: request:HTTP/1.1 200 OK
Content-Length:542

2024-07-17 23:34:19.311906 INFO: request:HTTP/1.1 200 OK
Content-Length:542
Connection:close

2024-07-17 23:34:19.311913 INFO: request:HTTP/1.1 200 OK
Content-Length:542
Connection:close


2024-07-17 23:34:19.311933 INFO: Thread 140246139651648 is running task

2024-07-17 23:34:19.311933 INFO: eventNum: 1
2024-07-17 23:34:19.311956 INFO: fd: 37, events: 4

2024-07-17 23:34:19.311993 INFO: Thread 140246106080832 is running task

2024-07-17 23:34:19.312900 INFO: eventNum: 1
2024-07-17 23:34:19.312922 INFO: fd: 17, events: 8193

2024-07-17 23:34:19.312943 INFO: HttpConn 17 close success
2024-07-17 23:34:19.312951 INFO: Client[17] quit!
2024-07-17 23:34:19.313246 INFO: eventNum: 1
2024-07-17 23:34:19.313262 INFO: fd: 13, events: 1

2024-07-17 23:34:19.313269 INFO: HandleListenEvent 13
2024-07-17 23:34:19.313301 INFO: HttpConn 17 init success
2024-07-17 23:34:19.313310 INFO: addTimer id:17 expireTime:1721230959
2024-07-17 23:34:19.313320 INFO: Client[17] in!
2024-07-17 23:34:19.313325 INFO: HandleListenEvent 13
2024-07-17 23:34:19.313333 ERROR: Accept failure -1
2024-07-17 23:34:19.313622 INFO: eventNum: 1
2024-07-17 23:34:19.313662 INFO: fd: 17, events: 1

2024-07-17 23:34:19.313687 INFO: HttpConn 17 read success
2024-07-17 23:34:19.313704 INFO: GET / HTTP/1.1
2024-07-17 23:34:19.313714 INFO: Host: 39.98.202.182:9006
2024-07-17 23:34:19.313721 INFO: User-Agent: Go-http-client/1.1
2024-07-17 23:34:19.313728 INFO: oop!unknow header: User-Agent: Go-http-client/1.1
2024-07-17 23:34:19.313735 INFO: X-Vegeta-Seq: 2412
2024-07-17 23:34:19.313741 INFO: oop!unknow header: X-Vegeta-Seq: 2412
2024-07-17 23:34:19.313748 INFO: Accept-Encoding: gzip
2024-07-17 23:34:19.313754 INFO: oop!unknow header: Accept-Encoding: gzip
2024-07-17 23:34:19.313760 INFO: 
2024-07-17 23:34:19.313782 INFO: request:HTTP/1.1 200 OK

2024-07-17 23:34:19.313788 INFO: request:HTTP/1.1 200 OK
Content-Length:542

2024-07-17 23:34:19.313792 INFO: request:HTTP/1.1 200 OK
Content-Length:542
Connection:close

2024-07-17 23:34:19.313797 INFO: request:HTTP/1.1 200 OK
Content-Length:542
Connection:close


2024-07-17 23:34:19.313807 INFO: Thread 140246156437056 is running task

2024-07-17 23:34:19.313819 INFO: eventNum: 1
2024-07-17 23:34:19.313826 INFO: fd: 17, events: 4

2024-07-17 23:34:19.313890 INFO: Thread 140246114473536 is running task

2024-07-17 23:34:19.314247 INFO: eventNum: 1
2024-07-17 23:34:19.314271 INFO: fd: 18, events: 8193

2024-07-17 23:34:19.314289 INFO: HttpConn 18 close success
2024-07-17 23:34:19.314297 INFO: Client[18] quit!
2024-07-17 23:34:19.314528 INFO: eventNum: 1
2024-07-17 23:34:19.314551 INFO: fd: 13, events: 1

2024-07-17 23:34:19.314559 INFO: HandleListenEvent 13
2024-07-17 23:34:19.314571 INFO: HttpConn 18 init success
2024-07-17 23:34:19.314577 INFO: addTimer id:18 expireTime:1721230959
2024-07-17 23:34:19.314587 INFO: Client[18] in!
2024-07-17 23:34:19.314594 INFO: HandleListenEvent 13
2024-07-17 23:34:19.314605 ERROR: Accept failure -1
2024-07-17 23:34:19.315377 INFO: eventNum: 1
2024-07-17 23:34:19.315403 INFO: fd: 26, events: 8193

2024-07-17 23:34:19.315430 INFO: HttpConn 26 close success
2024-07-17 23:34:19.315441 INFO: Client[26] quit!
2024-07-17 23:34:19.315738 INFO: eventNum: 1
2024-07-17 23:34:19.315759 INFO: fd: 13, events: 1

2024-07-17 23:34:19.315765 INFO: HandleListenEvent 13
2024-07-17 23:34:19.315782 INFO: HttpConn 26 init success
2024-07-17 23:34:19.315788 INFO: addTimer id:26 expireTime:1721230959
2024-07-17 23:34:19.315798 INFO: Client[26] in!
2024-07-17 23:34:19.315803 INFO: HandleListenEvent 13
2024-07-17 23:34:19.315811 ERROR: Accept failure -1
2024-07-17 23:34:19.316015 INFO: eventNum: 1
2024-07-17 23:34:19.316033 INFO: fd: 18, events: 1

2024-07-17 23:34:19.316054 INFO: HttpConn 18 read success
2024-07-17 23:34:19.316070 INFO: GET / HTTP/1.1
2024-07-17 23:34:19.316079 INFO: Host: 39.98.202.182:9006
2024-07-17 23:34:19.316086 INFO: User-Agent: Go-http-client/1.1
2024-07-17 23:34:19.316093 INFO: oop!unknow header: User-Agent: Go-http-client/1.1
2024-07-17 23:34:19.316105 INFO: X-Vegeta-Seq: 2420
2024-07-17 23:34:19.316110 INFO: oop!unknow header: X-Vegeta-Seq: 2420
2024-07-17 23:34:19.316114 INFO: Accept-Encoding: gzip
2024-07-17 23:34:19.316118 INFO: oop!unknow header: Accept-Encoding: gzip
2024-07-17 23:34:19.316123 INFO: 
2024-07-17 23:34:19.316140 INFO: request:HTTP/1.1 200 OK

2024-07-17 23:34:19.316145 INFO: request:HTTP/1.1 200 OK
Content-Length:542

2024-07-17 23:34:19.316154 INFO: request:HTTP/1.1 200 OK
Content-Length:542
Connection:close

2024-07-17 23:34:19.316164 INFO: request:HTTP/1.1 200 OK
Content-Length:542
Connection:close


2024-07-17 23:34:19.316178 INFO: Thread 140246148044352 is running task

2024-07-17 23:34:19.316193 INFO: eventNum: 1
2024-07-17 23:34:19.316200 INFO: fd: 18, events: 4

2024-07-17 23:34:19.316266 INFO: Thread 140246097688128 is running task

2024-07-17 23:34:19.317272 INFO: eventNum: 1
2024-07-17 23:34:19.317300 INFO: fd: 26, events: 1

2024-07-17 23:34:19.317325 INFO: HttpConn 26 read success
2024-07-17 23:34:19.317386 INFO: GET / HTTP/1.1
2024-07-17 23:34:19.317402 INFO: Host: 39.98.202.182:9006
2024-07-17 23:34:19.317389 INFO: eventNum: 1
2024-07-17 23:34:19.317409 INFO: User-Agent: Go-http-client/1.1
2024-07-17 23:34:19.317436 INFO: oop!unknow header: User-Agent: Go-http-client/1.1
2024-07-17 23:34:19.317441 INFO: X-Vegeta-Seq: 2421
2024-07-17 23:34:19.317451 INFO: oop!unknow header: X-Vegeta-Seq: 2421
2024-07-17 23:34:19.317419 INFO: fd: 28, events: 8193

2024-07-17 23:34:19.317456 INFO: Accept-Encoding: gzip
2024-07-17 23:34:19.317473 INFO: oop!unknow header: Accept-Encoding: gzip
2024-07-17 23:34:19.317478 INFO: 
2024-07-17 23:34:19.317482 INFO: HttpConn 28 close success
2024-07-17 23:34:19.317494 INFO: Client[28] quit!
2024-07-17 23:34:19.317496 INFO: request:HTTP/1.1 200 OK

2024-07-17 23:34:19.317509 INFO: request:HTTP/1.1 200 OK
Content-Length:542

2024-07-17 23:34:19.317513 INFO: request:HTTP/1.1 200 OK
Content-Length:542
Connection:close

2024-07-17 23:34:19.317518 INFO: request:HTTP/1.1 200 OK
Content-Length:542
Connection:close


2024-07-17 23:34:19.317533 INFO: Thread 140246122866240 is running task

2024-07-17 23:34:19.317535 INFO: eventNum: 1
2024-07-17 23:34:19.317544 INFO: fd: 26, events: 4

2024-07-17 23:34:19.317586 INFO: Thread 140246131258944 is running task

2024-07-17 23:34:19.318243 INFO: eventNum: 1
2024-07-17 23:34:19.318271 INFO: fd: 30, events: 8193

2024-07-17 23:34:19.318297 INFO: HttpConn 30 close success
2024-07-17 23:34:19.318310 INFO: Client[30] quit!
2024-07-17 23:34:19.342475 INFO: eventNum: 1
2024-07-17 23:34:19.342538 INFO: fd: 13, events: 1

2024-07-17 23:34:19.342545 INFO: HandleListenEvent 13
2024-07-17 23:34:19.342577 INFO: HttpConn 28 init success
2024-07-17 23:34:19.342584 INFO: addTimer id:28 expireTime:1721230959
2024-07-17 23:34:19.342599 INFO: Client[28] in!
2024-07-17 23:34:19.342604 INFO: HandleListenEvent 13
2024-07-17 23:34:19.342614 INFO: HttpConn 30 init success
2024-07-17 23:34:19.342619 INFO: addTimer id:30 expireTime:1721230959
2024-07-17 23:34:19.342628 INFO: Client[30] in!
2024-07-17 23:34:19.342632 INFO: HandleListenEvent 13
2024-07-17 23:34:19.342644 ERROR: Accept failure -1
2024-07-17 23:34:19.342650 INFO: eventNum: 2
2024-07-17 23:34:19.342655 INFO: fd: 28, events: 1

2024-07-17 23:34:19.342668 INFO: fd: 30, events: 1

2024-07-17 23:34:19.342692 INFO: HttpConn 28 read success
2024-07-17 23:34:19.342700 INFO: HttpConn 30 read success
2024-07-17 23:34:19.342742 INFO: GET / HTTP/1.1
2024-07-17 23:34:19.342747 INFO: GET / HTTP/1.1
2024-07-17 23:34:19.342765 INFO: Host: 39.98.202.182:9006
2024-07-17 23:34:19.342771 INFO: User-Agent: Go-http-client/1.1
2024-07-17 23:34:19.342779 INFO: oop!unknow header: User-Agent: Go-http-client/1.1
2024-07-17 23:34:19.342756 INFO: Host: 39.98.202.182:9006
2024-07-17 23:34:19.342788 INFO: X-Vegeta-Seq: 1409
2024-07-17 23:34:19.342808 INFO: oop!unknow header: X-Vegeta-Seq: 1409
2024-07-17 23:34:19.342817 INFO: Accept-Encoding: gzip
2024-07-17 23:34:19.342799 INFO: User-Agent: Go-http-client/1.1
2024-07-17 23:34:19.342824 INFO: oop!unknow header: Accept-Encoding: gzip
2024-07-17 23:34:19.342834 INFO: oop!unknow header: User-Agent: Go-http-client/1.1
2024-07-17 23:34:19.342853 INFO: 
2024-07-17 23:34:19.342864 INFO: X-Vegeta-Seq: 1408
2024-07-17 23:34:19.342882 INFO: oop!unknow header: X-Vegeta-Seq: 1408
2024-07-17 23:34:19.342889 INFO: Accept-Encoding: gzip
2024-07-17 23:34:19.342898 INFO: request:HTTP/1.1 200 OK

2024-07-17 23:34:19.342898 INFO: oop!unknow header: Accept-Encoding: gzip
2024-07-17 23:34:19.342909 INFO: request:HTTP/1.1 200 OK
Content-Length:542

2024-07-17 23:34:19.342938 INFO: request:HTTP/1.1 200 OK
Content-Length:542
Connection:close

2024-07-17 23:34:19.342947 INFO: request:HTTP/1.1 200 OK
Content-Length:542
Connection:close


2024-07-17 23:34:19.342928 INFO: 
2024-07-17 23:34:19.342970 INFO: Thread 140246106080832 is running task

2024-07-17 23:34:19.342981 INFO: eventNum: 1
2024-07-17 23:34:19.342985 INFO: request:HTTP/1.1 200 OK

2024-07-17 23:34:19.342998 INFO: request:HTTP/1.1 200 OK
Content-Length:542

2024-07-17 23:34:19.343005 INFO: request:HTTP/1.1 200 OK
Content-Length:542
Connection:close

2024-07-17 23:34:19.343012 INFO: request:HTTP/1.1 200 OK
Content-Length:542
Connection:close


2024-07-17 23:34:19.343030 INFO: Thread 140246139651648 is running task

2024-07-17 23:34:19.342986 INFO: fd: 30, events: 4

2024-07-17 23:34:19.343060 INFO: eventNum: 1
2024-07-17 23:34:19.343066 INFO: fd: 28, events: 4

2024-07-17 23:34:19.343104 INFO: Thread 140246156437056 is running task

2024-07-17 23:34:19.343130 INFO: Thread 140246156437056 is running task

2024-07-17 23:34:19.372482 INFO: eventNum: 1
2024-07-17 23:34:19.372547 INFO: fd: 13, events: 1

2024-07-17 23:34:19.372558 INFO: HandleListenEvent 13
2024-07-17 23:34:19.372603 INFO: HttpConn 38 init success
2024-07-17 23:34:19.372614 INFO: addTimer id:38 expireTime:1721230959
2024-07-17 23:34:19.372635 INFO: Client[38] in!
2024-07-17 23:34:19.372643 INFO: HandleListenEvent 13
2024-07-17 23:34:19.372659 ERROR: Accept failure -1
2024-07-17 23:34:19.372848 INFO: eventNum: 1
2024-07-17 23:34:19.372900 INFO: fd: 38, events: 1

2024-07-17 23:34:19.372931 INFO: HttpConn 38 read success
2024-07-17 23:34:19.372958 INFO: GET / HTTP/1.1
2024-07-17 23:34:19.372966 INFO: Host: 39.98.202.182:9006
2024-07-17 23:34:19.372972 INFO: User-Agent: Go-http-client/1.1
2024-07-17 23:34:19.372977 INFO: oop!unknow header: User-Agent: Go-http-client/1.1
2024-07-17 23:34:19.372986 INFO: X-Vegeta-Seq: 1419
2024-07-17 23:34:19.372993 INFO: oop!unknow header: X-Vegeta-Seq: 1419
2024-07-17 23:34:19.372999 INFO: Accept-Encoding: gzip
2024-07-17 23:34:19.373006 INFO: oop!unknow header: Accept-Encoding: gzip
2024-07-17 23:34:19.373012 INFO: 
2024-07-17 23:34:19.373046 INFO: request:HTTP/1.1 200 OK

2024-07-17 23:34:19.373053 INFO: request:HTTP/1.1 200 OK
Content-Length:542

2024-07-17 23:34:19.373060 INFO: request:HTTP/1.1 200 OK
Content-Length:542
Connection:close

2024-07-17 23:34:19.373066 INFO: request:HTTP/1.1 200 OK
Content-Length:542
Connection:close


2024-07-17 23:34:19.373092 INFO: Thread 140246148044352 is running task

2024-07-17 23:34:19.373113 INFO: eventNum: 1
2024-07-17 23:34:19.373119 INFO: fd: 38, events: 4

2024-07-17 23:34:19.373167 INFO: Thread 140246097688128 is running task

2024-07-17 23:34:19.374008 INFO: eventNum: 1
2024-07-17 23:34:19.374041 INFO: fd: 31, events: 8193

2024-07-17 23:34:19.374079 INFO: HttpConn 31 close success
2024-07-17 23:34:19.374087 INFO: Client[31] quit!
2024-07-17 23:34:19.374127 INFO: eventNum: 1
2024-07-17 23:34:19.374136 INFO: fd: 32, events: 8193

2024-07-17 23:34:19.374156 INFO: HttpConn 32 close success
2024-07-17 23:34:19.374170 INFO: Client[32] quit!
2024-07-17 23:34:19.374249 INFO: eventNum: 1
2024-07-17 23:34:19.374273 INFO: fd: 34, events: 8193

2024-07-17 23:34:19.374301 INFO: HttpConn 34 close success
2024-07-17 23:34:19.374309 INFO: Client[34] quit!
2024-07-17 23:34:19.374401 INFO: eventNum: 2
2024-07-17 23:34:19.374416 INFO: fd: 13, events: 1

2024-07-17 23:34:19.374421 INFO: HandleListenEvent 13
2024-07-17 23:34:19.374446 INFO: HttpConn 31 init success
2024-07-17 23:34:19.374452 INFO: addTimer id:31 expireTime:1721230959
2024-07-17 23:34:19.374463 INFO: Client[31] in!
2024-07-17 23:34:19.374468 INFO: HandleListenEvent 13
2024-07-17 23:34:19.374476 ERROR: Accept failure -1
2024-07-17 23:34:19.374481 INFO: fd: 33, events: 8193

2024-07-17 23:34:19.374495 INFO: HttpConn 33 close success
2024-07-17 23:34:19.374500 INFO: Client[33] quit!
2024-07-17 23:34:19.374988 INFO: eventNum: 1
2024-07-17 23:34:19.375004 INFO: fd: 13, events: 1

2024-07-17 23:34:19.375009 INFO: HandleListenEvent 13
2024-07-17 23:34:19.375023 INFO: HttpConn 32 init success
2024-07-17 23:34:19.375031 INFO: addTimer id:32 expireTime:1721230959
2024-07-17 23:34:19.375045 INFO: Client[32] in!
2024-07-17 23:34:19.375052 INFO: HandleListenEvent 13
2024-07-17 23:34:19.375063 ERROR: Accept failure -1
2024-07-17 23:34:19.375203 INFO: eventNum: 1
2024-07-17 23:34:19.375224 INFO: fd: 13, events: 1

2024-07-17 23:34:19.375231 INFO: HandleListenEvent 13
2024-07-17 23:34:19.375248 INFO: HttpConn 33 init success
2024-07-17 23:34:19.375270 INFO: addTimer id:33 expireTime:1721230959
2024-07-17 23:34:19.375285 INFO: Client[33] in!
2024-07-17 23:34:19.375292 INFO: HandleListenEvent 13
2024-07-17 23:34:19.375305 INFO: HttpConn 34 init success
2024-07-17 23:34:19.375311 INFO: addTimer id:34 expireTime:1721230959
2024-07-17 23:34:19.375319 INFO: Client[34] in!
2024-07-17 23:34:19.375324 INFO: HandleListenEvent 13
2024-07-17 23:34:19.375332 ERROR: Accept failure -1
2024-07-17 23:34:19.376656 INFO: eventNum: 1
2024-07-17 23:34:19.376676 INFO: fd: 31, events: 1

2024-07-17 23:34:19.376701 INFO: HttpConn 31 read success
2024-07-17 23:34:19.376717 INFO: GET / HTTP/1.1
2024-07-17 23:34:19.376727 INFO: Host: 39.98.202.182:9006
2024-07-17 23:34:19.376732 INFO: User-Agent: Go-http-client/1.1
2024-07-17 23:34:19.376736 INFO: oop!unknow header: User-Agent: Go-http-client/1.1
2024-07-17 23:34:19.376741 INFO: X-Vegeta-Seq: 2436
2024-07-17 23:34:19.376745 INFO: oop!unknow header: X-Vegeta-Seq: 2436
2024-07-17 23:34:19.376750 INFO: Accept-Encoding: gzip
2024-07-17 23:34:19.376754 INFO: oop!unknow header: Accept-Encoding: gzip
2024-07-17 23:34:19.376758 INFO: 
2024-07-17 23:34:19.376782 INFO: request:HTTP/1.1 200 OK

2024-07-17 23:34:19.376787 INFO: request:HTTP/1.1 200 OK
Content-Length:542

2024-07-17 23:34:19.376792 INFO: request:HTTP/1.1 200 OK
Content-Length:542
Connection:close

2024-07-17 23:34:19.376796 INFO: request:HTTP/1.1 200 OK
Content-Length:542
Connection:close


2024-07-17 23:34:19.376809 INFO: Thread 140246122866240 is running task

2024-07-17 23:34:19.376847 INFO: eventNum: 2
2024-07-17 23:34:19.376853 INFO: fd: 31, events: 4

2024-07-17 23:34:19.376865 INFO: fd: 13, events: 1

2024-07-17 23:34:19.376871 INFO: HandleListenEvent 13
2024-07-17 23:34:19.376880 INFO: HttpConn 39 init success
2024-07-17 23:34:19.376886 INFO: addTimer id:39 expireTime:1721230959
2024-07-17 23:34:19.376895 INFO: Client[39] in!
2024-07-17 23:34:19.376900 INFO: HandleListenEvent 13
2024-07-17 23:34:19.376908 ERROR: Accept failure -1
2024-07-17 23:34:19.376927 INFO: Thread 140246131258944 is running task

2024-07-17 23:34:19.377220 INFO: eventNum: 1
2024-07-17 23:34:19.377240 INFO: fd: 13, events: 1

2024-07-17 23:34:19.377254 INFO: HandleListenEvent 13
2024-07-17 23:34:19.377269 INFO: HttpConn 40 init success
2024-07-17 23:34:19.377276 INFO: addTimer id:40 expireTime:1721230959
2024-07-17 23:34:19.377286 INFO: Client[40] in!
2024-07-17 23:34:19.377290 INFO: HandleListenEvent 13
2024-07-17 23:34:19.377313 INFO: HttpConn 41 init success
2024-07-17 23:34:19.377319 INFO: addTimer id:41 expireTime:1721230959
2024-07-17 23:34:19.377327 INFO: Client[41] in!
2024-07-17 23:34:19.377332 INFO: HandleListenEvent 13
2024-07-17 23:34:19.377341 ERROR: Accept failure -1
2024-07-17 23:34:19.377433 INFO: eventNum: 1
2024-07-17 23:34:19.377457 INFO: fd: 13, events: 1

2024-07-17 23:34:19.377465 INFO: HandleListenEvent 13
2024-07-17 23:34:19.377482 INFO: HttpConn 42 init success
2024-07-17 23:34:19.377488 INFO: addTimer id:42 expireTime:1721230959
2024-07-17 23:34:19.377506 INFO: Client[42] in!
2024-07-17 23:34:19.377511 INFO: HandleListenEvent 13
2024-07-17 23:34:19.377521 INFO: HttpConn 43 init success
2024-07-17 23:34:19.377526 INFO: addTimer id:43 expireTime:1721230959
2024-07-17 23:34:19.377534 INFO: Client[43] in!
2024-07-17 23:34:19.377539 INFO: HandleListenEvent 13
2024-07-17 23:34:19.377548 ERROR: Accept failure -1
2024-07-17 23:34:19.377776 INFO: eventNum: 1
2024-07-17 23:34:19.377798 INFO: fd: 36, events: 8193

2024-07-17 23:34:19.377828 INFO: HttpConn 36 close success
2024-07-17 23:34:19.377840 INFO: Client[36] quit!
2024-07-17 23:34:19.378774 INFO: eventNum: 1
2024-07-17 23:34:19.378798 INFO: fd: 32, events: 1

2024-07-17 23:34:19.378815 INFO: HttpConn 32 read success
2024-07-17 23:34:19.378827 INFO: GET / HTTP/1.1
2024-07-17 23:34:19.378834 INFO: Host: 39.98.202.182:9006
2024-07-17 23:34:19.378839 INFO: User-Agent: Go-http-client/1.1
2024-07-17 23:34:19.378843 INFO: oop!unknow header: User-Agent: Go-http-client/1.1
2024-07-17 23:34:19.378848 INFO: X-Vegeta-Seq: 2427
2024-07-17 23:34:19.378852 INFO: oop!unknow header: X-Vegeta-Seq: 2427
2024-07-17 23:34:19.378856 INFO: Accept-Encoding: gzip
2024-07-17 23:34:19.378861 INFO: oop!unknow header: Accept-Encoding: gzip
2024-07-17 23:34:19.378865 INFO: 
2024-07-17 23:34:19.378886 INFO: request:HTTP/1.1 200 OK

2024-07-17 23:34:19.378891 INFO: request:HTTP/1.1 200 OK
Content-Length:542

2024-07-17 23:34:19.378896 INFO: request:HTTP/1.1 200 OK
Content-Length:542
Connection:close

2024-07-17 23:34:19.378907 INFO: request:HTTP/1.1 200 OK
Content-Length:542
Connection:close


2024-07-17 23:34:19.378924 INFO: Thread 140246106080832 is running task

2024-07-17 23:34:19.378940 INFO: eventNum: 1
2024-07-17 23:34:19.378946 INFO: fd: 32, events: 4

2024-07-17 23:34:19.379012 INFO: eventNum: 1
2024-07-17 23:34:19.379031 INFO: Thread 140246139651648 is running task

2024-07-17 23:34:19.379049 INFO: fd: 43, events: 1

2024-07-17 23:34:19.379112 INFO: HttpConn 43 read success
2024-07-17 23:34:19.379125 INFO: GET / HTTP/1.1
2024-07-17 23:34:19.379132 INFO: Host: 39.98.202.182:9006
2024-07-17 23:34:19.379137 INFO: User-Agent: Go-http-client/1.1
2024-07-17 23:34:19.379141 INFO: oop!unknow header: User-Agent: Go-http-client/1.1
2024-07-17 23:34:19.379146 INFO: X-Vegeta-Seq: 2433
2024-07-17 23:34:19.379151 INFO: oop!unknow header: X-Vegeta-Seq: 2433
2024-07-17 23:34:19.379155 INFO: Accept-Encoding: gzip
2024-07-17 23:34:19.379159 INFO: oop!unknow header: Accept-Encoding: gzip
2024-07-17 23:34:19.379164 INFO: 
2024-07-17 23:34:19.379183 INFO: request:HTTP/1.1 200 OK

2024-07-17 23:34:19.379188 INFO: request:HTTP/1.1 200 OK
Content-Length:542

2024-07-17 23:34:19.379193 INFO: request:HTTP/1.1 200 OK
Content-Length:542
Connection:close

2024-07-17 23:34:19.379197 INFO: request:HTTP/1.1 200 OK
Content-Length:542
Connection:close


2024-07-17 23:34:19.379210 INFO: Thread 140246156437056 is running task

2024-07-17 23:34:19.379225 INFO: eventNum: 1
2024-07-17 23:34:19.379232 INFO: fd: 43, events: 4

2024-07-17 23:34:19.379279 INFO: Thread 140246114473536 is running task

2024-07-17 23:34:19.379424 INFO: eventNum: 1
2024-07-17 23:34:19.379442 INFO: fd: 34, events: 1

2024-07-17 23:34:19.379458 INFO: HttpConn 34 read success
2024-07-17 23:34:19.379469 INFO: GET / HTTP/1.1
2024-07-17 23:34:19.379475 INFO: Host: 39.98.202.182:9006
2024-07-17 23:34:19.379480 INFO: User-Agent: Go-http-client/1.1
2024-07-17 23:34:19.379484 INFO: oop!unknow header: User-Agent: Go-http-client/1.1
2024-07-17 23:34:19.379489 INFO: X-Vegeta-Seq: 2437
2024-07-17 23:34:19.379493 INFO: oop!unknow header: X-Vegeta-Seq: 2437
2024-07-17 23:34:19.379497 INFO: Accept-Encoding: gzip
2024-07-17 23:34:19.379501 INFO: oop!unknow header: Accept-Encoding: gzip
2024-07-17 23:34:19.379506 INFO: 
2024-07-17 23:34:19.379523 INFO: request:HTTP/1.1 200 OK

2024-07-17 23:34:19.379527 INFO: request:HTTP/1.1 200 OK
Content-Length:542

2024-07-17 23:34:19.379532 INFO: request:HTTP/1.1 200 OK
Content-Length:542
Connection:close

2024-07-17 23:34:19.379544 INFO: request:HTTP/1.1 200 OK
Content-Length:542
Connection:close


2024-07-17 23:34:19.379553 INFO: Thread 140246148044352 is running task

2024-07-17 23:34:19.379563 INFO: eventNum: 1
2024-07-17 23:34:19.379567 INFO: fd: 34, events: 4

2024-07-17 23:34:19.379604 INFO: Thread 140246097688128 is running task

2024-07-17 23:34:19.379755 INFO: eventNum: 1
2024-07-17 23:34:19.379772 INFO: fd: 33, events: 1

2024-07-17 23:34:19.379792 INFO: HttpConn 33 read success
2024-07-17 23:34:19.379812 INFO: GET / HTTP/1.1
2024-07-17 23:34:19.379819 INFO: Host: 39.98.202.182:9006
2024-07-17 23:34:19.379823 INFO: User-Agent: Go-http-client/1.1
2024-07-17 23:34:19.379828 INFO: oop!unknow header: User-Agent: Go-http-client/1.1
2024-07-17 23:34:19.379832 INFO: X-Vegeta-Seq: 2423
2024-07-17 23:34:19.379836 INFO: oop!unknow header: X-Vegeta-Seq: 2423
2024-07-17 23:34:19.379841 INFO: Accept-Encoding: gzip
2024-07-17 23:34:19.379845 INFO: oop!unknow header: Accept-Encoding: gzip
2024-07-17 23:34:19.379849 INFO: 
2024-07-17 23:34:19.379866 INFO: request:HTTP/1.1 200 OK

2024-07-17 23:34:19.379871 INFO: request:HTTP/1.1 200 OK
Content-Length:542

2024-07-17 23:34:19.379876 INFO: request:HTTP/1.1 200 OK
Content-Length:542
Connection:close

2024-07-17 23:34:19.379880 INFO: request:HTTP/1.1 200 OK
Content-Length:542
Connection:close


2024-07-17 23:34:19.379896 INFO: Thread 140246122866240 is running task

2024-07-17 23:34:19.379899 INFO: eventNum: 1
2024-07-17 23:34:19.379908 INFO: fd: 33, events: 4

2024-07-17 23:34:19.379944 INFO: Thread 140246131258944 is running task

2024-07-17 23:34:19.380266 INFO: eventNum: 2
2024-07-17 23:34:19.380284 INFO: fd: 39, events: 1

2024-07-17 23:34:19.380297 INFO: HttpConn 39 read success
2024-07-17 23:34:19.380307 INFO: GET / HTTP/1.1
2024-07-17 23:34:19.380313 INFO: Host: 39.98.202.182:9006
2024-07-17 23:34:19.380318 INFO: User-Agent: Go-http-client/1.1
2024-07-17 23:34:19.380322 INFO: oop!unknow header: User-Agent: Go-http-client/1.1
2024-07-17 23:34:19.380327 INFO: X-Vegeta-Seq: 2434
2024-07-17 23:34:19.380331 INFO: oop!unknow header: X-Vegeta-Seq: 2434
2024-07-17 23:34:19.380335 INFO: Accept-Encoding: gzip
2024-07-17 23:34:19.380340 INFO: oop!unknow header: Accept-Encoding: gzip
2024-07-17 23:34:19.380360 INFO: 
2024-07-17 23:34:19.380376 INFO: request:HTTP/1.1 200 OK

2024-07-17 23:34:19.380381 INFO: request:HTTP/1.1 200 OK
Content-Length:542

2024-07-17 23:34:19.380385 INFO: request:HTTP/1.1 200 OK
Content-Length:542
Connection:close

2024-07-17 23:34:19.380390 INFO: request:HTTP/1.1 200 OK
Content-Length:542
Connection:close


2024-07-17 23:34:19.380398 INFO: Thread 140246106080832 is running task

2024-07-17 23:34:19.380407 INFO: fd: 41, events: 1

2024-07-17 23:34:19.380419 INFO: eventNum: 1
2024-07-17 23:34:19.380424 INFO: fd: 39, events: 4

2024-07-17 23:34:19.380424 INFO: HttpConn 41 read success
2024-07-17 23:34:19.380450 INFO: GET / HTTP/1.1
2024-07-17 23:34:19.380456 INFO: Host: 39.98.202.182:9006
2024-07-17 23:34:19.380462 INFO: User-Agent: Go-http-client/1.1
