2024-07-17 23:34:20.855322 INFO: addTimer id:39 expireTime:1721230960
2024-07-17 23:34:20.855446 INFO: Client[39] in!
2024-07-17 23:34:20.855454 INFO: HandleListenEvent 13
2024-07-17 23:34:20.855464 ERROR: Accept failure -1
2024-07-17 23:34:20.855706 INFO: eventNum: 1
2024-07-17 23:34:20.855729 INFO: fd: 39, events: 1

2024-07-17 23:34:20.855749 INFO: HttpConn 39 read success
2024-07-17 23:34:20.855764 INFO: GET / HTTP/1.1
2024-07-17 23:34:20.855770 INFO: Host: 39.98.202.182:9006
2024-07-17 23:34:20.855775 INFO: User-Agent: Go-http-client/1.1
2024-07-17 23:34:20.855779 INFO: oop!unknow header: User-Agent: Go-http-client/1.1
2024-07-17 23:34:20.855783 INFO: X-Vegeta-Seq: 1782
2024-07-17 23:34:20.855787 INFO: oop!unknow header: X-Vegeta-Seq: 1782
2024-07-17 23:34:20.855791 INFO: Accept-Encoding: gzip
2024-07-17 23:34:20.855796 INFO: oop!unknow header: Accept-Encoding: gzip
2024-07-17 23:34:20.855800 INFO: 
2024-07-17 23:34:20.855816 INFO: request:HTTP/1.1 200 OK

2024-07-17 23:34:20.855821 INFO: request:HTTP/1.1 200 OK
Content-Length:542

2024-07-17 23:34:20.855825 INFO: request:HTTP/1.1 200 OK
Content-Length:542
Connection:close

2024-07-17 23:34:20.855829 INFO: request:HTTP/1.1 200 OK
Content-Length:542
Connection:close


2024-07-17 23:34:20.855839 INFO: Thread 140246148044352 is running task

2024-07-17 23:34:20.855849 INFO: eventNum: 2
2024-07-17 23:34:20.855854 INFO: fd: 13, events: 1

2024-07-17 23:34:20.855858 INFO: HandleListenEvent 13
2024-07-17 23:34:20.855871 INFO: HttpConn 40 init success
2024-07-17 23:34:20.855877 INFO: addTimer id:40 expireTime:1721230960
2024-07-17 23:34:20.855886 INFO: Client[40] in!
2024-07-17 23:34:20.855891 INFO: HandleListenEvent 13
2024-07-17 23:34:20.855900 ERROR: Accept failure -1
2024-07-17 23:34:20.855904 INFO: fd: 39, events: 4

2024-07-17 23:34:20.855938 INFO: Thread 140246097688128 is running task

2024-07-17 23:34:20.855949 INFO: eventNum: 1
2024-07-17 23:34:20.855954 INFO: fd: 40, events: 1

2024-07-17 23:34:20.855965 INFO: HttpConn 40 read success
2024-07-17 23:34:20.855973 INFO: GET / HTTP/1.1
2024-07-17 23:34:20.855978 INFO: Host: 39.98.202.182:9006
2024-07-17 23:34:20.855983 INFO: User-Agent: Go-http-client/1.1
2024-07-17 23:34:20.855987 INFO: oop!unknow header: User-Agent: Go-http-client/1.1
2024-07-17 23:34:20.855992 INFO: X-Vegeta-Seq: 2792
2024-07-17 23:34:20.855996 INFO: oop!unknow header: X-Vegeta-Seq: 2792
2024-07-17 23:34:20.856000 INFO: Accept-Encoding: gzip
2024-07-17 23:34:20.856004 INFO: oop!unknow header: Accept-Encoding: gzip
2024-07-17 23:34:20.856008 INFO: 
2024-07-17 23:34:20.856021 INFO: request:HTTP/1.1 200 OK

2024-07-17 23:34:20.856026 INFO: request:HTTP/1.1 200 OK
Content-Length:542

2024-07-17 23:34:20.856030 INFO: request:HTTP/1.1 200 OK
Content-Length:542
Connection:close

2024-07-17 23:34:20.856034 INFO: request:HTTP/1.1 200 OK
Content-Length:542
Connection:close


2024-07-17 23:34:20.856041 INFO: Thread 140246156437056 is running task

2024-07-17 23:34:20.856049 INFO: eventNum: 1
2024-07-17 23:34:20.856053 INFO: fd: 40, events: 4

2024-07-17 23:34:20.856078 INFO: Thread 140246106080832 is running task

2024-07-17 23:34:20.856126 INFO: eventNum: 1
2024-07-17 23:34:20.856135 INFO: fd: 13, events: 1

2024-07-17 23:34:20.856140 INFO: HandleListenEvent 13
2024-07-17 23:34:20.856153 INFO: HttpConn 41 init success
2024-07-17 23:34:20.856158 INFO: addTimer id:41 expireTime:1721230960
2024-07-17 23:34:20.856170 INFO: Client[41] in!
2024-07-17 23:34:20.856175 INFO: HandleListenEvent 13
2024-07-17 23:34:20.856183 ERROR: Accept failure -1
2024-07-17 23:34:20.856188 INFO: eventNum: 1
2024-07-17 23:34:20.856195 INFO: fd: 41, events: 1

2024-07-17 23:34:20.856210 INFO: HttpConn 41 read success
2024-07-17 23:34:20.856223 INFO: GET / HTTP/1.1
2024-07-17 23:34:20.856230 INFO: Host: 39.98.202.182:9006
2024-07-17 23:34:20.856243 INFO: User-Agent: Go-http-client/1.1
2024-07-17 23:34:20.856252 INFO: oop!unknow header: User-Agent: Go-http-client/1.1
2024-07-17 23:34:20.856258 INFO: X-Vegeta-Seq: 2798
2024-07-17 23:34:20.856265 INFO: oop!unknow header: X-Vegeta-Seq: 2798
2024-07-17 23:34:20.856279 INFO: Accept-Encoding: gzip
2024-07-17 23:34:20.856285 INFO: oop!unknow header: Accept-Encoding: gzip
2024-07-17 23:34:20.856289 INFO: 
2024-07-17 23:34:20.856306 INFO: request:HTTP/1.1 200 OK

2024-07-17 23:34:20.856314 INFO: request:HTTP/1.1 200 OK
Content-Length:542

2024-07-17 23:34:20.856318 INFO: request:HTTP/1.1 200 OK
Content-Length:542
Connection:close

2024-07-17 23:34:20.856322 INFO: request:HTTP/1.1 200 OK
Content-Length:542
Connection:close


2024-07-17 23:34:20.856331 INFO: Thread 140246131258944 is running task

2024-07-17 23:34:20.856341 INFO: eventNum: 2
2024-07-17 23:34:20.856369 INFO: fd: 41, events: 4

2024-07-17 23:34:20.856380 INFO: fd: 125, events: 8193

2024-07-17 23:34:20.856401 INFO: HttpConn 125 close success
2024-07-17 23:34:20.856414 INFO: Client[125] quit!
2024-07-17 23:34:20.856418 INFO: Thread 140246122866240 is running task

2024-07-17 23:34:20.857092 INFO: eventNum: 1
2024-07-17 23:34:20.857114 INFO: fd: 13, events: 1

2024-07-17 23:34:20.857119 INFO: HandleListenEvent 13
2024-07-17 23:34:20.857141 INFO: HttpConn 42 init success
2024-07-17 23:34:20.857147 INFO: addTimer id:42 expireTime:1721230960
2024-07-17 23:34:20.857157 INFO: Client[42] in!
2024-07-17 23:34:20.857161 INFO: HandleListenEvent 13
2024-07-17 23:34:20.857171 ERROR: Accept failure -1
2024-07-17 23:34:20.857471 INFO: eventNum: 1
2024-07-17 23:34:20.857497 INFO: fd: 42, events: 1

2024-07-17 23:34:20.857520 INFO: HttpConn 42 read success
2024-07-17 23:34:20.857540 INFO: GET / HTTP/1.1
2024-07-17 23:34:20.857546 INFO: Host: 39.98.202.182:9006
2024-07-17 23:34:20.857551 INFO: User-Agent: Go-http-client/1.1
2024-07-17 23:34:20.857556 INFO: oop!unknow header: User-Agent: Go-http-client/1.1
2024-07-17 23:34:20.857560 INFO: X-Vegeta-Seq: 2791
2024-07-17 23:34:20.857564 INFO: oop!unknow header: X-Vegeta-Seq: 2791
2024-07-17 23:34:20.857569 INFO: Accept-Encoding: gzip
2024-07-17 23:34:20.857573 INFO: oop!unknow header: Accept-Encoding: gzip
2024-07-17 23:34:20.857577 INFO: 
2024-07-17 23:34:20.857593 INFO: request:HTTP/1.1 200 OK

2024-07-17 23:34:20.857598 INFO: request:HTTP/1.1 200 OK
Content-Length:542

2024-07-17 23:34:20.857603 INFO: request:HTTP/1.1 200 OK
Content-Length:542
Connection:close

2024-07-17 23:34:20.857607 INFO: request:HTTP/1.1 200 OK
Content-Length:542
Connection:close


2024-07-17 23:34:20.857622 INFO: Thread 140246114473536 is running task

2024-07-17 23:34:20.857626 INFO: eventNum: 1
2024-07-17 23:34:20.857637 INFO: fd: 42, events: 4

2024-07-17 23:34:20.857688 INFO: Thread 140246139651648 is running task

2024-07-17 23:34:20.872729 INFO: eventNum: 1
2024-07-17 23:34:20.872803 INFO: fd: 13, events: 1

2024-07-17 23:34:20.872810 INFO: HandleListenEvent 13
2024-07-17 23:34:20.872829 INFO: HttpConn 43 init success
2024-07-17 23:34:20.872836 INFO: addTimer id:43 expireTime:1721230960
2024-07-17 23:34:20.872851 INFO: Client[43] in!
2024-07-17 23:34:20.872855 INFO: HandleListenEvent 13
2024-07-17 23:34:20.872867 ERROR: Accept failure -1
2024-07-17 23:34:20.874192 INFO: eventNum: 1
2024-07-17 23:34:20.874239 INFO: fd: 43, events: 1

2024-07-17 23:34:20.874266 INFO: HttpConn 43 read success
2024-07-17 23:34:20.874285 INFO: GET / HTTP/1.1
2024-07-17 23:34:20.874294 INFO: Host: 39.98.202.182:9006
2024-07-17 23:34:20.874300 INFO: User-Agent: Go-http-client/1.1
2024-07-17 23:34:20.874305 INFO: oop!unknow header: User-Agent: Go-http-client/1.1
2024-07-17 23:34:20.874309 INFO: X-Vegeta-Seq: 1804
2024-07-17 23:34:20.874314 INFO: oop!unknow header: X-Vegeta-Seq: 1804
2024-07-17 23:34:20.874318 INFO: Accept-Encoding: gzip
2024-07-17 23:34:20.874323 INFO: oop!unknow header: Accept-Encoding: gzip
2024-07-17 23:34:20.874327 INFO: 
2024-07-17 23:34:20.874360 INFO: request:HTTP/1.1 200 OK

2024-07-17 23:34:20.874366 INFO: request:HTTP/1.1 200 OK
Content-Length:542

2024-07-17 23:34:20.874370 INFO: request:HTTP/1.1 200 OK
Content-Length:542
Connection:close

2024-07-17 23:34:20.874375 INFO: request:HTTP/1.1 200 OK
Content-Length:542
Connection:close


2024-07-17 23:34:20.874393 INFO: Thread 140246148044352 is running task

2024-07-17 23:34:20.874416 INFO: eventNum: 1
2024-07-17 23:34:20.874422 INFO: fd: 43, events: 4

2024-07-17 23:34:20.874475 INFO: Thread 140246097688128 is running task

2024-07-17 23:34:20.874488 INFO: eventNum: 1
2024-07-17 23:34:20.874492 INFO: fd: 13, events: 1

2024-07-17 23:34:20.874497 INFO: HandleListenEvent 13
2024-07-17 23:34:20.874514 INFO: HttpConn 44 init success
2024-07-17 23:34:20.874520 INFO: addTimer id:44 expireTime:1721230960
2024-07-17 23:34:20.874530 INFO: Client[44] in!
2024-07-17 23:34:20.874535 INFO: HandleListenEvent 13
2024-07-17 23:34:20.874545 ERROR: Accept failure -1
2024-07-17 23:34:20.874886 INFO: eventNum: 1
2024-07-17 23:34:20.874915 INFO: fd: 44, events: 1

2024-07-17 23:34:20.874934 INFO: HttpConn 44 read success
2024-07-17 23:34:20.874945 INFO: GET / HTTP/1.1
2024-07-17 23:34:20.874951 INFO: Host: 39.98.202.182:9006
2024-07-17 23:34:20.874956 INFO: User-Agent: Go-http-client/1.1
2024-07-17 23:34:20.874960 INFO: oop!unknow header: User-Agent: Go-http-client/1.1
2024-07-17 23:34:20.874965 INFO: X-Vegeta-Seq: 2801
2024-07-17 23:34:20.874969 INFO: oop!unknow header: X-Vegeta-Seq: 2801
2024-07-17 23:34:20.874973 INFO: Accept-Encoding: gzip
2024-07-17 23:34:20.874978 INFO: oop!unknow header: Accept-Encoding: gzip
2024-07-17 23:34:20.874982 INFO: 
2024-07-17 23:34:20.875001 INFO: request:HTTP/1.1 200 OK

2024-07-17 23:34:20.875006 INFO: request:HTTP/1.1 200 OK
Content-Length:542

2024-07-17 23:34:20.875010 INFO: request:HTTP/1.1 200 OK
Content-Length:542
Connection:close

2024-07-17 23:34:20.875015 INFO: request:HTTP/1.1 200 OK
Content-Length:542
Connection:close


2024-07-17 23:34:20.875026 INFO: Thread 140246156437056 is running task

2024-07-17 23:34:20.875040 INFO: eventNum: 2
2024-07-17 23:34:20.875045 INFO: fd: 44, events: 4

2024-07-17 23:34:20.875086 INFO: Thread 140246106080832 is running task

2024-07-17 23:34:20.875106 INFO: fd: 13, events: 1

2024-07-17 23:34:20.875129 INFO: HandleListenEvent 13
2024-07-17 23:34:20.875148 INFO: HttpConn 45 init success
2024-07-17 23:34:20.875154 INFO: addTimer id:45 expireTime:1721230960
2024-07-17 23:34:20.875166 INFO: Client[45] in!
2024-07-17 23:34:20.875171 INFO: HandleListenEvent 13
2024-07-17 23:34:20.875180 ERROR: Accept failure -1
2024-07-17 23:34:20.875186 INFO: eventNum: 1
2024-07-17 23:34:20.875191 INFO: fd: 45, events: 1

2024-07-17 23:34:20.875214 INFO: HttpConn 45 read success
2024-07-17 23:34:20.875231 INFO: GET / HTTP/1.1
2024-07-17 23:34:20.875240 INFO: Host: 39.98.202.182:9006
2024-07-17 23:34:20.875246 INFO: User-Agent: Go-http-client/1.1
2024-07-17 23:34:20.875253 INFO: oop!unknow header: User-Agent: Go-http-client/1.1
2024-07-17 23:34:20.875260 INFO: X-Vegeta-Seq: 2799
2024-07-17 23:34:20.875266 INFO: oop!unknow header: X-Vegeta-Seq: 2799
2024-07-17 23:34:20.875273 INFO: Accept-Encoding: gzip
2024-07-17 23:34:20.875277 INFO: oop!unknow header: Accept-Encoding: gzip
2024-07-17 23:34:20.875281 INFO: 
2024-07-17 23:34:20.875297 INFO: request:HTTP/1.1 200 OK

2024-07-17 23:34:20.875302 INFO: request:HTTP/1.1 200 OK
Content-Length:542

2024-07-17 23:34:20.875306 INFO: request:HTTP/1.1 200 OK
Content-Length:542
Connection:close

2024-07-17 23:34:20.875310 INFO: request:HTTP/1.1 200 OK
Content-Length:542
Connection:close


2024-07-17 23:34:20.875324 INFO: eventNum: 1
2024-07-17 23:34:20.875334 INFO: fd: 45, events: 4

2024-07-17 23:34:20.875325 INFO: Thread 140246131258944 is running task

2024-07-17 23:34:20.875426 INFO: Thread 140246122866240 is running task

2024-07-17 23:34:20.875441 INFO: eventNum: 1
2024-07-17 23:34:20.875446 INFO: fd: 13, events: 1

2024-07-17 23:34:20.875450 INFO: HandleListenEvent 13
2024-07-17 23:34:20.875461 INFO: HttpConn 46 init success
2024-07-17 23:34:20.875467 INFO: addTimer id:46 expireTime:1721230960
2024-07-17 23:34:20.875476 INFO: Client[46] in!
2024-07-17 23:34:20.875480 INFO: HandleListenEvent 13
2024-07-17 23:34:20.875488 ERROR: Accept failure -1
2024-07-17 23:34:20.875493 INFO: eventNum: 1
2024-07-17 23:34:20.875498 INFO: fd: 46, events: 1

2024-07-17 23:34:20.875517 INFO: HttpConn 46 read success
2024-07-17 23:34:20.875527 INFO: GET / HTTP/1.1
2024-07-17 23:34:20.875533 INFO: Host: 39.98.202.182:9006
2024-07-17 23:34:20.875538 INFO: User-Agent: Go-http-client/1.1
2024-07-17 23:34:20.875542 INFO: oop!unknow header: User-Agent: Go-http-client/1.1
2024-07-17 23:34:20.875547 INFO: X-Vegeta-Seq: 2804
2024-07-17 23:34:20.875551 INFO: oop!unknow header: X-Vegeta-Seq: 2804
2024-07-17 23:34:20.875555 INFO: Accept-Encoding: gzip
2024-07-17 23:34:20.875560 INFO: oop!unknow header: Accept-Encoding: gzip
2024-07-17 23:34:20.875564 INFO: 
2024-07-17 23:34:20.875580 INFO: request:HTTP/1.1 200 OK

2024-07-17 23:34:20.875585 INFO: request:HTTP/1.1 200 OK
Content-Length:542

2024-07-17 23:34:20.875589 INFO: request:HTTP/1.1 200 OK
Content-Length:542
Connection:close

2024-07-17 23:34:20.875594 INFO: request:HTTP/1.1 200 OK
Content-Length:542
Connection:close


2024-07-17 23:34:20.875601 INFO: Thread 140246114473536 is running task

2024-07-17 23:34:20.875618 INFO: eventNum: 1
2024-07-17 23:34:20.875627 INFO: fd: 46, events: 4

2024-07-17 23:34:20.875688 INFO: Thread 140246139651648 is running task

2024-07-17 23:34:20.875776 INFO: eventNum: 1
2024-07-17 23:34:20.875792 INFO: fd: 13, events: 1

2024-07-17 23:34:20.875797 INFO: HandleListenEvent 13
2024-07-17 23:34:20.875812 INFO: HttpConn 47 init success
2024-07-17 23:34:20.875837 INFO: addTimer id:47 expireTime:1721230960
2024-07-17 23:34:20.875848 INFO: Client[47] in!
2024-07-17 23:34:20.875855 INFO: HandleListenEvent 13
2024-07-17 23:34:20.875865 INFO: HttpConn 48 init success
2024-07-17 23:34:20.875873 INFO: addTimer id:48 expireTime:1721230960
2024-07-17 23:34:20.875881 INFO: Client[48] in!
2024-07-17 23:34:20.875885 INFO: HandleListenEvent 13
2024-07-17 23:34:20.875897 INFO: HttpConn 50 init success
2024-07-17 23:34:20.875906 INFO: addTimer id:50 expireTime:1721230960
2024-07-17 23:34:20.875913 INFO: Client[50] in!
2024-07-17 23:34:20.875918 INFO: HandleListenEvent 13
2024-07-17 23:34:20.875927 INFO: HttpConn 51 init success
2024-07-17 23:34:20.875932 INFO: addTimer id:51 expireTime:1721230960
2024-07-17 23:34:20.875940 INFO: Client[51] in!
2024-07-17 23:34:20.875944 INFO: HandleListenEvent 13
2024-07-17 23:34:20.875952 ERROR: Accept failure -1
2024-07-17 23:34:20.875958 INFO: eventNum: 2
2024-07-17 23:34:20.875962 INFO: fd: 50, events: 1

2024-07-17 23:34:20.875997 INFO: fd: 51, events: 1

2024-07-17 23:34:20.876003 INFO: HttpConn 50 read success
2024-07-17 23:34:20.876022 INFO: GET / HTTP/1.1
2024-07-17 23:34:20.876028 INFO: Host: 39.98.202.182:9006
2024-07-17 23:34:20.876033 INFO: User-Agent: Go-http-client/1.1
2024-07-17 23:34:20.876037 INFO: oop!unknow header: User-Agent: Go-http-client/1.1
2024-07-17 23:34:20.876042 INFO: X-Vegeta-Seq: 2808
2024-07-17 23:34:20.876046 INFO: oop!unknow header: X-Vegeta-Seq: 2808
2024-07-17 23:34:20.876051 INFO: Accept-Encoding: gzip
2024-07-17 23:34:20.876055 INFO: oop!unknow header: Accept-Encoding: gzip
2024-07-17 23:34:20.876059 INFO: 
2024-07-17 23:34:20.876076 INFO: request:HTTP/1.1 200 OK

2024-07-17 23:34:20.876081 INFO: request:HTTP/1.1 200 OK
Content-Length:542

2024-07-17 23:34:20.876085 INFO: request:HTTP/1.1 200 OK
Content-Length:542
Connection:close

2024-07-17 23:34:20.876090 INFO: request:HTTP/1.1 200 OK
Content-Length:542
Connection:close


2024-07-17 23:34:20.876106 INFO: Thread 140246148044352 is running task

2024-07-17 23:34:20.876109 INFO: eventNum: 2
2024-07-17 23:34:20.876116 INFO: HttpConn 51 read success
2024-07-17 23:34:20.876116 INFO: fd: 50, events: 4

2024-07-17 23:34:20.876149 INFO: fd: 47, events: 1

2024-07-17 23:34:20.876158 INFO: eventNum: 1
2024-07-17 23:34:20.876164 INFO: fd: 48, events: 1

2024-07-17 23:34:20.876178 INFO: Thread 140246097688128 is running task

2024-07-17 23:34:20.876190 INFO: HttpConn 47 read success
2024-07-17 23:34:20.876200 INFO: GET / HTTP/1.1
2024-07-17 23:34:20.876206 INFO: Host: 39.98.202.182:9006
2024-07-17 23:34:20.876210 INFO: User-Agent: Go-http-client/1.1
2024-07-17 23:34:20.876214 INFO: oop!unknow header: User-Agent: Go-http-client/1.1
2024-07-17 23:34:20.876224 INFO: X-Vegeta-Seq: 2814
2024-07-17 23:34:20.876229 INFO: oop!unknow header: X-Vegeta-Seq: 2814
2024-07-17 23:34:20.876233 INFO: Accept-Encoding: gzip
2024-07-17 23:34:20.876238 INFO: oop!unknow header: Accept-Encoding: gzip
2024-07-17 23:34:20.876244 INFO: 
2024-07-17 23:34:20.876262 INFO: request:HTTP/1.1 200 OK

2024-07-17 23:34:20.876270 INFO: request:HTTP/1.1 200 OK
Content-Length:542

2024-07-17 23:34:20.876276 INFO: request:HTTP/1.1 200 OK
Content-Length:542
Connection:close

2024-07-17 23:34:20.876283 INFO: request:HTTP/1.1 200 OK
Content-Length:542
Connection:close


2024-07-17 23:34:20.876294 INFO: Thread 140246097688128 is running task

2024-07-17 23:34:20.876301 INFO: HttpConn 48 read success
2024-07-17 23:34:20.876309 INFO: GET / HTTP/1.1
2024-07-17 23:34:20.876314 INFO: Host: 39.98.202.182:9006
2024-07-17 23:34:20.876318 INFO: User-Agent: Go-http-client/1.1
2024-07-17 23:34:20.876322 INFO: oop!unknow header: User-Agent: Go-http-client/1.1
2024-07-17 23:34:20.876327 INFO: X-Vegeta-Seq: 2806
2024-07-17 23:34:20.876331 INFO: oop!unknow header: X-Vegeta-Seq: 2806
2024-07-17 23:34:20.876343 INFO: Accept-Encoding: gzip
2024-07-17 23:34:20.876382 INFO: oop!unknow header: Accept-Encoding: gzip
2024-07-17 23:34:20.876389 INFO: 
2024-07-17 23:34:20.876406 INFO: request:HTTP/1.1 200 OK

2024-07-17 23:34:20.876411 INFO: request:HTTP/1.1 200 OK
Content-Length:542

2024-07-17 23:34:20.876416 INFO: request:HTTP/1.1 200 OK
Content-Length:542
Connection:close

2024-07-17 23:34:20.876420 INFO: request:HTTP/1.1 200 OK
Content-Length:542
Connection:close


2024-07-17 23:34:20.876428 INFO: Thread 140246097688128 is running task

2024-07-17 23:34:20.876137 INFO: GET / HTTP/1.1
2024-07-17 23:34:20.876455 INFO: eventNum: 2
2024-07-17 23:34:20.876472 INFO: fd: 47, events: 4

2024-07-17 23:34:20.876456 INFO: Host: 39.98.202.182:9006
2024-07-17 23:34:20.876482 INFO: User-Agent: Go-http-client/1.1
2024-07-17 23:34:20.876487 INFO: oop!unknow header: User-Agent: Go-http-client/1.1
2024-07-17 23:34:20.876491 INFO: X-Vegeta-Seq: 2789
2024-07-17 23:34:20.876495 INFO: oop!unknow header: X-Vegeta-Seq: 2789
2024-07-17 23:34:20.876500 INFO: Accept-Encoding: gzip
2024-07-17 23:34:20.876509 INFO: oop!unknow header: Accept-Encoding: gzip
2024-07-17 23:34:20.876511 INFO: Thread 140246122866240 is running task

2024-07-17 23:34:20.876513 INFO: 
2024-07-17 23:34:20.876526 INFO: fd: 48, events: 4

2024-07-17 23:34:20.876536 INFO: request:HTTP/1.1 200 OK

2024-07-17 23:34:20.876562 INFO: request:HTTP/1.1 200 OK
Content-Length:542

2024-07-17 23:34:20.876567 INFO: request:HTTP/1.1 200 OK
Content-Length:542
Connection:close

2024-07-17 23:34:20.876573 INFO: request:HTTP/1.1 200 OK
Content-Length:542
Connection:close


2024-07-17 23:34:20.876582 INFO: Thread 140246148044352 is running task

2024-07-17 23:34:20.876584 INFO: Thread 140246114473536 is running task

2024-07-17 23:34:20.876588 INFO: eventNum: 2
2024-07-17 23:34:20.876611 INFO: fd: 13, events: 1

2024-07-17 23:34:20.876616 INFO: HandleListenEvent 13
2024-07-17 23:34:20.876629 INFO: HttpConn 52 init success
2024-07-17 23:34:20.876635 INFO: addTimer id:52 expireTime:1721230960
2024-07-17 23:34:20.876660 INFO: Client[52] in!
2024-07-17 23:34:20.876669 INFO: HandleListenEvent 13
2024-07-17 23:34:20.876683 INFO: HttpConn 53 init success
2024-07-17 23:34:20.876690 INFO: addTimer id:53 expireTime:1721230960
2024-07-17 23:34:20.876700 INFO: Client[53] in!
2024-07-17 23:34:20.876706 INFO: HandleListenEvent 13
2024-07-17 23:34:20.876719 INFO: HttpConn 55 init success
2024-07-17 23:34:20.876727 INFO: addTimer id:55 expireTime:1721230960
2024-07-17 23:34:20.876737 INFO: Client[55] in!
2024-07-17 23:34:20.876744 INFO: HandleListenEvent 13
2024-07-17 23:34:20.876755 ERROR: Accept failure -1
2024-07-17 23:34:20.876762 INFO: fd: 51, events: 4

2024-07-17 23:34:20.876778 INFO: eventNum: 3
2024-07-17 23:34:20.876783 INFO: fd: 52, events: 1

2024-07-17 23:34:20.876791 INFO: fd: 53, events: 1

2024-07-17 23:34:20.876805 INFO: fd: 55, events: 1

2024-07-17 23:34:20.876812 INFO: Thread 140246139651648 is running task

2024-07-17 23:34:20.876824 INFO: HttpConn 52 read success
2024-07-17 23:34:20.876832 INFO: HttpConn 55 read success
2024-07-17 23:34:20.876853 INFO: GET / HTTP/1.1
2024-07-17 23:34:20.876859 INFO: Host: 39.98.202.182:9006
2024-07-17 23:34:20.876864 INFO: User-Agent: Go-http-client/1.1
2024-07-17 23:34:20.876868 INFO: oop!unknow header: User-Agent: Go-http-client/1.1
2024-07-17 23:34:20.876873 INFO: X-Vegeta-Seq: 2813
2024-07-17 23:34:20.876877 INFO: oop!unknow header: X-Vegeta-Seq: 2813
2024-07-17 23:34:20.876881 INFO: Accept-Encoding: gzip
2024-07-17 23:34:20.876886 INFO: oop!unknow header: Accept-Encoding: gzip
2024-07-17 23:34:20.876890 INFO: 
2024-07-17 23:34:20.876904 INFO: request:HTTP/1.1 200 OK

2024-07-17 23:34:20.876909 INFO: request:HTTP/1.1 200 OK
Content-Length:542

2024-07-17 23:34:20.876913 INFO: request:HTTP/1.1 200 OK
Content-Length:542
Connection:close

2024-07-17 23:34:20.876918 INFO: request:HTTP/1.1 200 OK
Content-Length:542
Connection:close


2024-07-17 23:34:20.876928 INFO: Thread 140246156437056 is running task

2024-07-17 23:34:20.876929 INFO: eventNum: 1
2024-07-17 23:34:20.876842 INFO: GET / HTTP/1.1
2024-07-17 23:34:20.876948 INFO: fd: 55, events: 4

2024-07-17 23:34:20.876826 INFO: HttpConn 53 read success
2024-07-17 23:34:20.876980 INFO: GET / HTTP/1.1
2024-07-17 23:34:20.876988 INFO: Host: 39.98.202.182:9006
2024-07-17 23:34:20.876995 INFO: User-Agent: Go-http-client/1.1
2024-07-17 23:34:20.877002 INFO: oop!unknow header: User-Agent: Go-http-client/1.1
2024-07-17 23:34:20.877007 INFO: X-Vegeta-Seq: 2803
2024-07-17 23:34:20.877012 INFO: oop!unknow header: X-Vegeta-Seq: 2803
2024-07-17 23:34:20.877016 INFO: Accept-Encoding: gzip
2024-07-17 23:34:20.877020 INFO: oop!unknow header: Accept-Encoding: gzip
2024-07-17 23:34:20.877024 INFO: 
2024-07-17 23:34:20.877037 INFO: request:HTTP/1.1 200 OK

2024-07-17 23:34:20.877041 INFO: request:HTTP/1.1 200 OK
Content-Length:542

2024-07-17 23:34:20.877046 INFO: request:HTTP/1.1 200 OK
Content-Length:542
Connection:close

2024-07-17 23:34:20.877050 INFO: request:HTTP/1.1 200 OK
Content-Length:542
Connection:close


2024-07-17 23:34:20.877061 INFO: eventNum: 1
2024-07-17 23:34:20.877069 INFO: fd: 53, events: 4

2024-07-17 23:34:20.877088 INFO: Thread 140246131258944 is running task

2024-07-17 23:34:20.876963 INFO: Host: 39.98.202.182:9006
2024-07-17 23:34:20.877113 INFO: User-Agent: Go-http-client/1.1
2024-07-17 23:34:20.877104 INFO: Thread 140246122866240 is running task

2024-07-17 23:34:20.877121 INFO: oop!unknow header: User-Agent: Go-http-client/1.1
2024-07-17 23:34:20.877154 INFO: X-Vegeta-Seq: 1803
2024-07-17 23:34:20.877061 INFO: Thread 140246139651648 is running task

2024-07-17 23:34:20.877158 INFO: oop!unknow header: X-Vegeta-Seq: 1803
2024-07-17 23:34:20.877178 INFO: Accept-Encoding: gzip
2024-07-17 23:34:20.877185 INFO: oop!unknow header: Accept-Encoding: gzip
2024-07-17 23:34:20.877191 INFO: 
2024-07-17 23:34:20.877204 INFO: request:HTTP/1.1 200 OK

2024-07-17 23:34:20.877208 INFO: request:HTTP/1.1 200 OK
Content-Length:542

2024-07-17 23:34:20.877213 INFO: request:HTTP/1.1 200 OK
Content-Length:542
Connection:close

2024-07-17 23:34:20.877217 INFO: request:HTTP/1.1 200 OK
Content-Length:542
Connection:close


2024-07-17 23:34:20.877228 INFO: eventNum: 1
2024-07-17 23:34:20.877228 INFO: Thread 140246097688128 is running task

2024-07-17 23:34:20.877239 INFO: fd: 52, events: 4

2024-07-17 23:34:20.877285 INFO: Thread 140246148044352 is running task

2024-07-17 23:34:20.877829 INFO: eventNum: 1
2024-07-17 23:34:20.877846 INFO: fd: 13, events: 1

2024-07-17 23:34:20.877851 INFO: HandleListenEvent 13
2024-07-17 23:34:20.877862 INFO: HttpConn 56 init success
2024-07-17 23:34:20.877867 INFO: addTimer id:56 expireTime:1721230960
2024-07-17 23:34:20.877878 INFO: Client[56] in!
2024-07-17 23:34:20.877882 INFO: HandleListenEvent 13
2024-07-17 23:34:20.877890 ERROR: Accept failure -1
2024-07-17 23:34:20.877896 INFO: eventNum: 1
2024-07-17 23:34:20.877905 INFO: fd: 56, events: 1

2024-07-17 23:34:20.877918 INFO: HttpConn 56 read success
2024-07-17 23:34:20.877927 INFO: GET / HTTP/1.1
2024-07-17 23:34:20.877932 INFO: Host: 39.98.202.182:9006
2024-07-17 23:34:20.877938 INFO: User-Agent: Go-http-client/1.1
2024-07-17 23:34:20.877942 INFO: oop!unknow header: User-Agent: Go-http-client/1.1
2024-07-17 23:34:20.877946 INFO: X-Vegeta-Seq: 1813
2024-07-17 23:34:20.877951 INFO: oop!unknow header: X-Vegeta-Seq: 1813
2024-07-17 23:34:20.877955 INFO: Accept-Encoding: gzip
2024-07-17 23:34:20.877959 INFO: oop!unknow header: Accept-Encoding: gzip
2024-07-17 23:34:20.877963 INFO: 
2024-07-17 23:34:20.877979 INFO: request:HTTP/1.1 200 OK

2024-07-17 23:34:20.877984 INFO: request:HTTP/1.1 200 OK
Content-Length:542

2024-07-17 23:34:20.877991 INFO: request:HTTP/1.1 200 OK
Content-Length:542
Connection:close

2024-07-17 23:34:20.877996 INFO: request:HTTP/1.1 200 OK
Content-Length:542
Connection:close


2024-07-17 23:34:20.878008 INFO: Thread 140246114473536 is running task

2024-07-17 23:34:20.878016 INFO: eventNum: 1
2024-07-17 23:34:20.878021 INFO: fd: 56, events: 4

2024-07-17 23:34:20.878077 INFO: Thread 140246106080832 is running task

2024-07-17 23:34:20.882312 INFO: eventNum: 1
2024-07-17 23:34:20.882371 INFO: fd: 13, events: 1

2024-07-17 23:34:20.882377 INFO: HandleListenEvent 13
2024-07-17 23:34:20.882398 INFO: HttpConn 57 init success
2024-07-17 23:34:20.882404 INFO: addTimer id:57 expireTime:1721230960
2024-07-17 23:34:20.882416 INFO: Client[57] in!
2024-07-17 23:34:20.882421 INFO: HandleListenEvent 13
2024-07-17 23:34:20.882431 ERROR: Accept failure -1
2024-07-17 23:34:20.882658 INFO: eventNum: 1
2024-07-17 23:34:20.882670 INFO: fd: 57, events: 1

2024-07-17 23:34:20.882696 INFO: HttpConn 57 read success
2024-07-17 23:34:20.882733 INFO: GET / HTTP/1.1
2024-07-17 23:34:20.882743 INFO: Host: 39.98.202.182:9006
2024-07-17 23:34:20.882751 INFO: User-Agent: Go-http-client/1.1
2024-07-17 23:34:20.882758 INFO: oop!unknow header: User-Agent: Go-http-client/1.1
2024-07-17 23:34:20.882765 INFO: X-Vegeta-Seq: 2817
2024-07-17 23:34:20.882771 INFO: oop!unknow header: X-Vegeta-Seq: 2817
2024-07-17 23:34:20.882776 INFO: Accept-Encoding: gzip
2024-07-17 23:34:20.882780 INFO: oop!unknow header: Accept-Encoding: gzip
2024-07-17 23:34:20.882784 INFO: 
2024-07-17 23:34:20.882805 INFO: request:HTTP/1.1 200 OK

2024-07-17 23:34:20.882810 INFO: request:HTTP/1.1 200 OK
Content-Length:542

2024-07-17 23:34:20.882814 INFO: request:HTTP/1.1 200 OK
Content-Length:542
Connection:close

2024-07-17 23:34:20.882819 INFO: request:HTTP/1.1 200 OK
Content-Length:542
Connection:close


2024-07-17 23:34:20.882834 INFO: eventNum: 1
2024-07-17 23:34:20.882839 INFO: Thread 140246156437056 is running task

2024-07-17 23:34:20.882841 INFO: fd: 57, events: 4

2024-07-17 23:34:20.882897 INFO: Thread 140246131258944 is running task

2024-07-17 23:34:20.886322 INFO: eventNum: 1
2024-07-17 23:34:20.886406 INFO: fd: 13, events: 1

2024-07-17 23:34:20.886417 INFO: HandleListenEvent 13
2024-07-17 23:34:20.886437 INFO: HttpConn 58 init success
2024-07-17 23:34:20.886443 INFO: addTimer id:58 expireTime:1721230960
2024-07-17 23:34:20.886454 INFO: Client[58] in!
2024-07-17 23:34:20.886459 INFO: HandleListenEvent 13
2024-07-17 23:34:20.886469 ERROR: Accept failure -1
2024-07-17 23:34:20.886700 INFO: eventNum: 1
2024-07-17 23:34:20.886713 INFO: fd: 58, events: 1

2024-07-17 23:34:20.886728 INFO: HttpConn 58 read success
2024-07-17 23:34:20.886740 INFO: GET / HTTP/1.1
2024-07-17 23:34:20.886747 INFO: Host: 39.98.202.182:9006
2024-07-17 23:34:20.886752 INFO: User-Agent: Go-http-client/1.1
2024-07-17 23:34:20.886756 INFO: oop!unknow header: User-Agent: Go-http-client/1.1
2024-07-17 23:34:20.886760 INFO: X-Vegeta-Seq: 2811
2024-07-17 23:34:20.886765 INFO: oop!unknow header: X-Vegeta-Seq: 2811
2024-07-17 23:34:20.886769 INFO: Accept-Encoding: gzip
2024-07-17 23:34:20.886774 INFO: oop!unknow header: Accept-Encoding: gzip
2024-07-17 23:34:20.886778 INFO: 
2024-07-17 23:34:20.886807 INFO: request:HTTP/1.1 200 OK

2024-07-17 23:34:20.886813 INFO: request:HTTP/1.1 200 OK
Content-Length:542

2024-07-17 23:34:20.886820 INFO: request:HTTP/1.1 200 OK
Content-Length:542
Connection:close

2024-07-17 23:34:20.886827 INFO: request:HTTP/1.1 200 OK
Content-Length:542
Connection:close


2024-07-17 23:34:20.886842 INFO: Thread 140246122866240 is running task

2024-07-17 23:34:20.886853 INFO: eventNum: 1
2024-07-17 23:34:20.886858 INFO: fd: 58, events: 4

2024-07-17 23:34:20.886895 INFO: Thread 140246139651648 is running task

2024-07-17 23:34:20.902858 INFO: eventNum: 1
2024-07-17 23:34:20.902946 INFO: fd: 13, events: 1

2024-07-17 23:34:20.902962 INFO: HandleListenEvent 13
2024-07-17 23:34:20.902987 INFO: HttpConn 59 init success
2024-07-17 23:34:20.902996 INFO: addTimer id:59 expireTime:1721230960
2024-07-17 23:34:20.903010 INFO: Client[59] in!
2024-07-17 23:34:20.903014 INFO: HandleListenEvent 13
2024-07-17 23:34:20.903025 ERROR: Accept failure -1
2024-07-17 23:34:20.903031 INFO: eventNum: 1
2024-07-17 23:34:20.903036 INFO: fd: 59, events: 1

2024-07-17 23:34:20.903149 INFO: HttpConn 59 read success
2024-07-17 23:34:20.903165 INFO: GET / HTTP/1.1
2024-07-17 23:34:20.903172 INFO: Host: 39.98.202.182:9006
2024-07-17 23:34:20.903177 INFO: User-Agent: Go-http-client/1.1
2024-07-17 23:34:20.903182 INFO: oop!unknow header: User-Agent: Go-http-client/1.1
2024-07-17 23:34:20.903186 INFO: X-Vegeta-Seq: 1818
2024-07-17 23:34:20.903191 INFO: oop!unknow header: X-Vegeta-Seq: 1818
2024-07-17 23:34:20.903195 INFO: Accept-Encoding: gzip
2024-07-17 23:34:20.903199 INFO: oop!unknow header: Accept-Encoding: gzip
2024-07-17 23:34:20.903204 INFO: 
2024-07-17 23:34:20.903229 INFO: request:HTTP/1.1 200 OK

2024-07-17 23:34:20.903234 INFO: request:HTTP/1.1 200 OK
Content-Length:542

2024-07-17 23:34:20.903239 INFO: request:HTTP/1.1 200 OK
Content-Length:542
Connection:close

2024-07-17 23:34:20.903243 INFO: request:HTTP/1.1 200 OK
Content-Length:542
Connection:close


2024-07-17 23:34:20.903261 INFO: Thread 140246097688128 is running task

2024-07-17 23:34:20.903271 INFO: eventNum: 1
2024-07-17 23:34:20.903276 INFO: fd: 59, events: 4

2024-07-17 23:34:20.903407 INFO: Thread 140246148044352 is running task

2024-07-17 23:34:20.942833 INFO: eventNum: 1
2024-07-17 23:34:20.942903 INFO: fd: 13, events: 1

2024-07-17 23:34:20.942915 INFO: HandleListenEvent 13
2024-07-17 23:34:20.942981 INFO: HttpConn 60 init success
2024-07-17 23:34:20.943165 INFO: addTimer id:60 expireTime:1721230960
2024-07-17 23:34:20.943189 INFO: Client[60] in!
2024-07-17 23:34:20.943223 INFO: HandleListenEvent 13
2024-07-17 23:34:20.943251 INFO: HttpConn 61 init success
2024-07-17 23:34:20.943263 INFO: addTimer id:61 expireTime:1721230960
2024-07-17 23:34:20.943275 INFO: Client[61] in!
2024-07-17 23:34:20.943282 INFO: HandleListenEvent 13
2024-07-17 23:34:20.943295 ERROR: Accept failure -1
2024-07-17 23:34:20.943302 INFO: eventNum: 1
2024-07-17 23:34:20.943306 INFO: fd: 60, events: 1

2024-07-17 23:34:20.943323 INFO: HttpConn 60 read success
2024-07-17 23:34:20.943335 INFO: GET / HTTP/1.1
2024-07-17 23:34:20.943342 INFO: Host: 39.98.202.182:9006
2024-07-17 23:34:20.943356 INFO: User-Agent: Go-http-client/1.1
2024-07-17 23:34:20.943361 INFO: oop!unknow header: User-Agent: Go-http-client/1.1
2024-07-17 23:34:20.943365 INFO: X-Vegeta-Seq: 2825
2024-07-17 23:34:20.943370 INFO: oop!unknow header: X-Vegeta-Seq: 2825
2024-07-17 23:34:20.943374 INFO: Accept-Encoding: gzip
2024-07-17 23:34:20.943378 INFO: oop!unknow header: Accept-Encoding: gzip
2024-07-17 23:34:20.943383 INFO: 
2024-07-17 23:34:20.943423 INFO: request:HTTP/1.1 200 OK

2024-07-17 23:34:20.943429 INFO: request:HTTP/1.1 200 OK
Content-Length:542

2024-07-17 23:34:20.943434 INFO: request:HTTP/1.1 200 OK
Content-Length:542
Connection:close

2024-07-17 23:34:20.943439 INFO: request:HTTP/1.1 200 OK
Content-Length:542
Connection:close


2024-07-17 23:34:20.943456 INFO: Thread 140246114473536 is running task

2024-07-17 23:34:20.943468 INFO: eventNum: 1
2024-07-17 23:34:20.943473 INFO: fd: 60, events: 4

2024-07-17 23:34:20.943613 INFO: Thread 140246106080832 is running task

2024-07-17 23:34:20.943628 INFO: eventNum: 1
2024-07-17 23:34:20.943633 INFO: fd: 61, events: 1

2024-07-17 23:34:20.943656 INFO: HttpConn 61 read success
2024-07-17 23:34:20.943695 INFO: GET / HTTP/1.1
2024-07-17 23:34:20.943707 INFO: Host: 39.98.202.182:9006
2024-07-17 23:34:20.943714 INFO: User-Agent: Go-http-client/1.1
2024-07-17 23:34:20.943721 INFO: oop!unknow header: User-Agent: Go-http-client/1.1
2024-07-17 23:34:20.943727 INFO: X-Vegeta-Seq: 1814
2024-07-17 23:34:20.943734 INFO: oop!unknow header: X-Vegeta-Seq: 1814
2024-07-17 23:34:20.943744 INFO: Accept-Encoding: gzip
2024-07-17 23:34:20.943750 INFO: oop!unknow header: Accept-Encoding: gzip
2024-07-17 23:34:20.943757 INFO: 
2024-07-17 23:34:20.943778 INFO: request:HTTP/1.1 200 OK

2024-07-17 23:34:20.943786 INFO: request:HTTP/1.1 200 OK
Content-Length:542

2024-07-17 23:34:20.943793 INFO: request:HTTP/1.1 200 OK
Content-Length:542
Connection:close

2024-07-17 23:34:20.943799 INFO: request:HTTP/1.1 200 OK
Content-Length:542
Connection:close


2024-07-17 23:34:20.943826 INFO: Thread 140246156437056 is running task

2024-07-17 23:34:20.943837 INFO: eventNum: 1
2024-07-17 23:34:20.943845 INFO: fd: 61, events: 4

2024-07-17 23:34:20.943892 INFO: Thread 140246131258944 is running task

2024-07-17 23:34:20.943949 INFO: eventNum: 1
2024-07-17 23:34:20.943957 INFO: fd: 13, events: 1

2024-07-17 23:34:20.943967 INFO: HandleListenEvent 13
2024-07-17 23:34:20.943983 INFO: HttpConn 62 init success
2024-07-17 23:34:20.943990 INFO: addTimer id:62 expireTime:1721230960
2024-07-17 23:34:20.944001 INFO: Client[62] in!
2024-07-17 23:34:20.944006 INFO: HandleListenEvent 13
2024-07-17 23:34:20.944015 ERROR: Accept failure -1
2024-07-17 23:34:20.944022 INFO: eventNum: 1
2024-07-17 23:34:20.944027 INFO: fd: 62, events: 1

2024-07-17 23:34:20.944044 INFO: HttpConn 62 read success
2024-07-17 23:34:20.944086 INFO: GET / HTTP/1.1
2024-07-17 23:34:20.944092 INFO: Host: 39.98.202.182:9006
2024-07-17 23:34:20.944097 INFO: User-Agent: Go-http-client/1.1
2024-07-17 23:34:20.944101 INFO: oop!unknow header: User-Agent: Go-http-client/1.1
2024-07-17 23:34:20.944105 INFO: X-Vegeta-Seq: 2827
2024-07-17 23:34:20.944109 INFO: oop!unknow header: X-Vegeta-Seq: 2827
2024-07-17 23:34:20.944114 INFO: Accept-Encoding: gzip
2024-07-17 23:34:20.944118 INFO: oop!unknow header: Accept-Encoding: gzip
2024-07-17 23:34:20.944123 INFO: 
2024-07-17 23:34:20.944139 INFO: request:HTTP/1.1 200 OK

2024-07-17 23:34:20.944144 INFO: request:HTTP/1.1 200 OK
Content-Length:542

2024-07-17 23:34:20.944148 INFO: request:HTTP/1.1 200 OK
Content-Length:542
Connection:close

2024-07-17 23:34:20.944160 INFO: request:HTTP/1.1 200 OK
Content-Length:542
Connection:close


2024-07-17 23:34:20.944170 INFO: Thread 140246122866240 is running task

2024-07-17 23:34:20.944184 INFO: eventNum: 2
2024-07-17 23:34:20.944190 INFO: fd: 13, events: 1

2024-07-17 23:34:20.944195 INFO: HandleListenEvent 13
2024-07-17 23:34:20.944208 INFO: HttpConn 63 init success
2024-07-17 23:34:20.944214 INFO: addTimer id:63 expireTime:1721230960
2024-07-17 23:34:20.944225 INFO: Client[63] in!
2024-07-17 23:34:20.944244 INFO: HandleListenEvent 13
2024-07-17 23:34:20.944256 INFO: HttpConn 66 init success
2024-07-17 23:34:20.944261 INFO: addTimer id:66 expireTime:1721230960
2024-07-17 23:34:20.944269 INFO: Client[66] in!
2024-07-17 23:34:20.944274 INFO: HandleListenEvent 13
2024-07-17 23:34:20.944282 ERROR: Accept failure -1
2024-07-17 23:34:20.944287 INFO: fd: 62, events: 4

2024-07-17 23:34:20.944323 INFO: Thread 140246139651648 is running task

2024-07-17 23:34:20.944357 INFO: eventNum: 1
2024-07-17 23:34:20.944365 INFO: fd: 63, events: 1

2024-07-17 23:34:20.944378 INFO: HttpConn 63 read success
2024-07-17 23:34:20.944388 INFO: GET / HTTP/1.1
2024-07-17 23:34:20.944393 INFO: Host: 39.98.202.182:9006
2024-07-17 23:34:20.944398 INFO: User-Agent: Go-http-client/1.1
2024-07-17 23:34:20.944402 INFO: oop!unknow header: User-Agent: Go-http-client/1.1
2024-07-17 23:34:20.944412 INFO: X-Vegeta-Seq: 2816
2024-07-17 23:34:20.944417 INFO: oop!unknow header: X-Vegeta-Seq: 2816
2024-07-17 23:34:20.944421 INFO: Accept-Encoding: gzip
2024-07-17 23:34:20.944426 INFO: oop!unknow header: Accept-Encoding: gzip
2024-07-17 23:34:20.944430 INFO: 
2024-07-17 23:34:20.944444 INFO: request:HTTP/1.1 200 OK

2024-07-17 23:34:20.944449 INFO: request:HTTP/1.1 200 OK
Content-Length:542

2024-07-17 23:34:20.944453 INFO: request:HTTP/1.1 200 OK
Content-Length:542
Connection:close

2024-07-17 23:34:20.944458 INFO: request:HTTP/1.1 200 OK
Content-Length:542
Connection:close


2024-07-17 23:34:20.944465 INFO: Thread 140246097688128 is running task

2024-07-17 23:34:20.944474 INFO: eventNum: 1
2024-07-17 23:34:20.944479 INFO: fd: 63, events: 4

2024-07-17 23:34:20.944505 INFO: Thread 140246148044352 is running task

2024-07-17 23:34:20.945393 INFO: eventNum: 1
2024-07-17 23:34:20.945423 INFO: fd: 66, events: 1

2024-07-17 23:34:20.945482 INFO: HttpConn 66 read success
2024-07-17 23:34:20.945496 INFO: GET / HTTP/1.1
2024-07-17 23:34:20.945503 INFO: Host: 39.98.202.182:9006
2024-07-17 23:34:20.945508 INFO: User-Agent: Go-http-client/1.1
2024-07-17 23:34:20.945513 INFO: oop!unknow header: User-Agent: Go-http-client/1.1
2024-07-17 23:34:20.945518 INFO: X-Vegeta-Seq: 2823
2024-07-17 23:34:20.945522 INFO: oop!unknow header: X-Vegeta-Seq: 2823
2024-07-17 23:34:20.945535 INFO: Accept-Encoding: gzip
2024-07-17 23:34:20.945540 INFO: oop!unknow header: Accept-Encoding: gzip
2024-07-17 23:34:20.945545 INFO: 
2024-07-17 23:34:20.945563 INFO: request:HTTP/1.1 200 OK

2024-07-17 23:34:20.945568 INFO: request:HTTP/1.1 200 OK
Content-Length:542

2024-07-17 23:34:20.945573 INFO: request:HTTP/1.1 200 OK
Content-Length:542
Connection:close

2024-07-17 23:34:20.945578 INFO: request:HTTP/1.1 200 OK
Content-Length:542
Connection:close


2024-07-17 23:34:20.945591 INFO: Thread 140246114473536 is running task

2024-07-17 23:34:20.945623 INFO: eventNum: 1
2024-07-17 23:34:20.945629 INFO: fd: 66, events: 4

2024-07-17 23:34:20.945658 INFO: Thread 140246106080832 is running task

2024-07-17 23:34:20.946432 INFO: eventNum: 1
2024-07-17 23:34:20.946451 INFO: fd: 13, events: 1

2024-07-17 23:34:20.946459 INFO: HandleListenEvent 13
2024-07-17 23:34:20.946479 INFO: HttpConn 67 init success
2024-07-17 23:34:20.946486 INFO: addTimer id:67 expireTime:1721230960
2024-07-17 23:34:20.946499 INFO: Client[67] in!
2024-07-17 23:34:20.946507 INFO: HandleListenEvent 13
2024-07-17 23:34:20.946516 ERROR: Accept failure -1
2024-07-17 23:34:20.946521 INFO: eventNum: 1
2024-07-17 23:34:20.946526 INFO: fd: 67, events: 1

2024-07-17 23:34:20.946545 INFO: HttpConn 67 read success
2024-07-17 23:34:20.946570 INFO: GET / HTTP/1.1
2024-07-17 23:34:20.946576 INFO: Host: 39.98.202.182:9006
2024-07-17 23:34:20.946581 INFO: User-Agent: Go-http-client/1.1
2024-07-17 23:34:20.946586 INFO: oop!unknow header: User-Agent: Go-http-client/1.1
2024-07-17 23:34:20.946590 INFO: X-Vegeta-Seq: 2821
2024-07-17 23:34:20.946595 INFO: oop!unknow header: X-Vegeta-Seq: 2821
