2024-07-17 23:31:29.257055 INFO: Thread 140246148044352 is running task

2024-07-17 23:31:29.257059 INFO: fd: 316, events: 4

2024-07-17 23:31:29.257185 INFO: Thread 140246139651648 is running task

2024-07-17 23:31:29.257205 INFO: eventNum: 7
2024-07-17 23:31:29.257211 INFO: fd: 318, events: 4

2024-07-17 23:31:29.257242 INFO: Thread 140246131258944 is running task

2024-07-17 23:31:29.257290 INFO: fd: 324, events: 4

2024-07-17 23:31:29.257334 INFO: Thread 140246106080832 is running task

2024-07-17 23:31:29.257364 INFO: fd: 320, events: 4

2024-07-17 23:31:29.257393 INFO: Thread 140246122866240 is running task

2024-07-17 23:31:29.257405 INFO: fd: 319, events: 4

2024-07-17 23:31:29.257451 INFO: Thread 140246114473536 is running task

2024-07-17 23:31:29.257467 INFO: fd: 321, events: 4

2024-07-17 23:31:29.257492 INFO: Thread 140246097688128 is running task

2024-07-17 23:31:29.257505 INFO: fd: 322, events: 4

2024-07-17 23:31:29.257529 INFO: Thread 140246156437056 is running task

2024-07-17 23:31:29.257542 INFO: fd: 330, events: 4

2024-07-17 23:31:29.257584 INFO: Thread 140246148044352 is running task

2024-07-17 23:31:29.275832 INFO: eventNum: 1
2024-07-17 23:31:29.275887 INFO: fd: 153, events: 8193

2024-07-17 23:31:29.275924 INFO: HttpConn 153 close success
2024-07-17 23:31:29.275931 INFO: Client[153] quit!
2024-07-17 23:31:29.276094 INFO: eventNum: 1
2024-07-17 23:31:29.276107 INFO: fd: 150, events: 8193

2024-07-17 23:31:29.276123 INFO: HttpConn 150 close success
2024-07-17 23:31:29.276132 INFO: Client[150] quit!
2024-07-17 23:31:29.276567 INFO: eventNum: 1
2024-07-17 23:31:29.276583 INFO: fd: 157, events: 8193

2024-07-17 23:31:29.276602 INFO: HttpConn 157 close success
2024-07-17 23:31:29.276611 INFO: Client[157] quit!
2024-07-17 23:31:29.277859 INFO: eventNum: 1
2024-07-17 23:31:29.277876 INFO: fd: 151, events: 8193

2024-07-17 23:31:29.277896 INFO: HttpConn 151 close success
2024-07-17 23:31:29.277905 INFO: Client[151] quit!
2024-07-17 23:31:29.278120 INFO: eventNum: 1
2024-07-17 23:31:29.278135 INFO: fd: 159, events: 8193

2024-07-17 23:31:29.278179 INFO: HttpConn 159 close success
2024-07-17 23:31:29.278188 INFO: Client[159] quit!
2024-07-17 23:31:29.278681 INFO: eventNum: 1
2024-07-17 23:31:29.278693 INFO: fd: 152, events: 8193

2024-07-17 23:31:29.278709 INFO: HttpConn 152 close success
2024-07-17 23:31:29.278717 INFO: Client[152] quit!
2024-07-17 23:31:29.278726 INFO: eventNum: 1
2024-07-17 23:31:29.278734 INFO: fd: 156, events: 8193

2024-07-17 23:31:29.278752 INFO: HttpConn 156 close success
2024-07-17 23:31:29.278763 INFO: Client[156] quit!
2024-07-17 23:31:29.279369 INFO: eventNum: 1
2024-07-17 23:31:29.279384 INFO: fd: 155, events: 8193

2024-07-17 23:31:29.279399 INFO: HttpConn 155 close success
2024-07-17 23:31:29.279407 INFO: Client[155] quit!
2024-07-17 23:31:29.280013 INFO: eventNum: 1
2024-07-17 23:31:29.280027 INFO: fd: 158, events: 8193

2024-07-17 23:31:29.280044 INFO: HttpConn 158 close success
2024-07-17 23:31:29.280053 INFO: Client[158] quit!
2024-07-17 23:31:29.280761 INFO: eventNum: 1
2024-07-17 23:31:29.280777 INFO: fd: 13, events: 1

2024-07-17 23:31:29.280783 INFO: HandleListenEvent 13
2024-07-17 23:31:29.280809 INFO: HttpConn 147 init success
2024-07-17 23:31:29.280817 INFO: addTimer id:147 expireTime:1721230789
2024-07-17 23:31:29.280832 INFO: Client[147] in!
2024-07-17 23:31:29.280837 INFO: HandleListenEvent 13
2024-07-17 23:31:29.280846 ERROR: Accept failure -1
2024-07-17 23:31:29.281460 INFO: eventNum: 1
2024-07-17 23:31:29.281480 INFO: fd: 154, events: 8193

2024-07-17 23:31:29.281511 INFO: HttpConn 154 close success
2024-07-17 23:31:29.281520 INFO: Client[154] quit!
2024-07-17 23:31:29.282242 INFO: eventNum: 1
2024-07-17 23:31:29.282268 INFO: fd: 147, events: 1

2024-07-17 23:31:29.282289 INFO: HttpConn 147 read success
2024-07-17 23:31:29.282303 INFO: GET / HTTP/1.1
2024-07-17 23:31:29.282311 INFO: Host: 39.98.202.182:9006
2024-07-17 23:31:29.282316 INFO: User-Agent: Go-http-client/1.1
2024-07-17 23:31:29.282321 INFO: oop!unknow header: User-Agent: Go-http-client/1.1
2024-07-17 23:31:29.282326 INFO: X-Vegeta-Seq: 507
2024-07-17 23:31:29.282341 INFO: oop!unknow header: X-Vegeta-Seq: 507
2024-07-17 23:31:29.282346 INFO: Accept-Encoding: gzip
2024-07-17 23:31:29.282351 INFO: oop!unknow header: Accept-Encoding: gzip
2024-07-17 23:31:29.282356 INFO: 
2024-07-17 23:31:29.282383 INFO: request:HTTP/1.1 200 OK

2024-07-17 23:31:29.282389 INFO: request:HTTP/1.1 200 OK
Content-Length:542

2024-07-17 23:31:29.282394 INFO: request:HTTP/1.1 200 OK
Content-Length:542
Connection:close

2024-07-17 23:31:29.282399 INFO: request:HTTP/1.1 200 OK
Content-Length:542
Connection:close


2024-07-17 23:31:29.282418 INFO: Thread 140246139651648 is running task

2024-07-17 23:31:29.282458 INFO: eventNum: 2
2024-07-17 23:31:29.282464 INFO: fd: 147, events: 4

2024-07-17 23:31:29.282509 INFO: Thread 140246131258944 is running task

2024-07-17 23:31:29.282513 INFO: fd: 162, events: 8193

2024-07-17 23:31:29.282568 INFO: HttpConn 162 close success
2024-07-17 23:31:29.282575 INFO: Client[162] quit!
2024-07-17 23:31:29.282958 INFO: eventNum: 1
2024-07-17 23:31:29.282978 INFO: fd: 165, events: 8193

2024-07-17 23:31:29.282994 INFO: HttpConn 165 close success
2024-07-17 23:31:29.283000 INFO: Client[165] quit!
2024-07-17 23:31:29.283125 INFO: eventNum: 1
2024-07-17 23:31:29.283146 INFO: fd: 163, events: 8193

2024-07-17 23:31:29.283160 INFO: HttpConn 163 close success
2024-07-17 23:31:29.283166 INFO: Client[163] quit!
2024-07-17 23:31:29.283767 INFO: eventNum: 1
2024-07-17 23:31:29.283783 INFO: fd: 160, events: 8193

2024-07-17 23:31:29.283799 INFO: HttpConn 160 close success
2024-07-17 23:31:29.283804 INFO: Client[160] quit!
2024-07-17 23:31:29.284261 INFO: eventNum: 1
2024-07-17 23:31:29.284274 INFO: fd: 161, events: 8193

2024-07-17 23:31:29.284288 INFO: HttpConn 161 close success
2024-07-17 23:31:29.284293 INFO: Client[161] quit!
2024-07-17 23:31:29.306175 INFO: eventNum: 1
2024-07-17 23:31:29.306228 INFO: fd: 168, events: 8193

2024-07-17 23:31:29.306265 INFO: HttpConn 168 close success
2024-07-17 23:31:29.306272 INFO: Client[168] quit!
2024-07-17 23:31:29.306864 INFO: eventNum: 1
2024-07-17 23:31:29.306879 INFO: fd: 171, events: 8193

2024-07-17 23:31:29.306898 INFO: HttpConn 171 close success
2024-07-17 23:31:29.306906 INFO: Client[171] quit!
2024-07-17 23:31:29.307815 INFO: eventNum: 1
2024-07-17 23:31:29.307829 INFO: fd: 167, events: 8193

2024-07-17 23:31:29.307845 INFO: HttpConn 167 close success
2024-07-17 23:31:29.307853 INFO: Client[167] quit!
2024-07-17 23:31:29.308261 INFO: eventNum: 1
2024-07-17 23:31:29.308274 INFO: fd: 179, events: 8193

2024-07-17 23:31:29.308290 INFO: HttpConn 179 close success
2024-07-17 23:31:29.308298 INFO: Client[179] quit!
2024-07-17 23:31:29.308304 INFO: eventNum: 1
2024-07-17 23:31:29.308309 INFO: fd: 166, events: 8193

2024-07-17 23:31:29.308321 INFO: HttpConn 166 close success
2024-07-17 23:31:29.308328 INFO: Client[166] quit!
2024-07-17 23:31:29.308901 INFO: eventNum: 1
2024-07-17 23:31:29.308914 INFO: fd: 13, events: 1

2024-07-17 23:31:29.308919 INFO: HandleListenEvent 13
2024-07-17 23:31:29.308947 INFO: HttpConn 149 init success
2024-07-17 23:31:29.308954 INFO: addTimer id:149 expireTime:1721230789
2024-07-17 23:31:29.308968 INFO: Client[149] in!
2024-07-17 23:31:29.308973 INFO: HandleListenEvent 13
2024-07-17 23:31:29.308981 ERROR: Accept failure -1
2024-07-17 23:31:29.309039 INFO: eventNum: 1
2024-07-17 23:31:29.309072 INFO: fd: 175, events: 8193

2024-07-17 23:31:29.309125 INFO: HttpConn 175 close success
2024-07-17 23:31:29.309132 INFO: Client[175] quit!
2024-07-17 23:31:29.309141 INFO: eventNum: 1
2024-07-17 23:31:29.309145 INFO: fd: 164, events: 8193

2024-07-17 23:31:29.309164 INFO: HttpConn 164 close success
2024-07-17 23:31:29.309172 INFO: Client[164] quit!
2024-07-17 23:31:29.309285 INFO: eventNum: 1
2024-07-17 23:31:29.309297 INFO: fd: 180, events: 8193

2024-07-17 23:31:29.309314 INFO: HttpConn 180 close success
2024-07-17 23:31:29.309320 INFO: Client[180] quit!
2024-07-17 23:31:29.309624 INFO: eventNum: 1
2024-07-17 23:31:29.309638 INFO: fd: 176, events: 8193

2024-07-17 23:31:29.309663 INFO: HttpConn 176 close success
2024-07-17 23:31:29.309668 INFO: Client[176] quit!
2024-07-17 23:31:29.310465 INFO: eventNum: 1
2024-07-17 23:31:29.310492 INFO: fd: 177, events: 8193

2024-07-17 23:31:29.310513 INFO: HttpConn 177 close success
2024-07-17 23:31:29.310519 INFO: Client[177] quit!
2024-07-17 23:31:29.311743 INFO: eventNum: 1
2024-07-17 23:31:29.311763 INFO: fd: 174, events: 8193

2024-07-17 23:31:29.311781 INFO: HttpConn 174 close success
2024-07-17 23:31:29.311786 INFO: Client[174] quit!
2024-07-17 23:31:29.311829 INFO: eventNum: 1
2024-07-17 23:31:29.311836 INFO: fd: 173, events: 8193

2024-07-17 23:31:29.311849 INFO: HttpConn 173 close success
2024-07-17 23:31:29.311854 INFO: Client[173] quit!
2024-07-17 23:31:29.312128 INFO: eventNum: 1
2024-07-17 23:31:29.312144 INFO: fd: 169, events: 8193

2024-07-17 23:31:29.312157 INFO: HttpConn 169 close success
2024-07-17 23:31:29.312162 INFO: Client[169] quit!
2024-07-17 23:31:29.312261 INFO: eventNum: 1
2024-07-17 23:31:29.312273 INFO: fd: 170, events: 8193

2024-07-17 23:31:29.312289 INFO: HttpConn 170 close success
2024-07-17 23:31:29.312294 INFO: Client[170] quit!
2024-07-17 23:31:29.312632 INFO: eventNum: 1
2024-07-17 23:31:29.312644 INFO: fd: 149, events: 1

2024-07-17 23:31:29.312670 INFO: HttpConn 149 read success
2024-07-17 23:31:29.312700 INFO: GET / HTTP/1.1
2024-07-17 23:31:29.312708 INFO: Host: 39.98.202.182:9006
2024-07-17 23:31:29.312713 INFO: User-Agent: Go-http-client/1.1
2024-07-17 23:31:29.312718 INFO: oop!unknow header: User-Agent: Go-http-client/1.1
2024-07-17 23:31:29.312723 INFO: X-Vegeta-Seq: 508
2024-07-17 23:31:29.312727 INFO: oop!unknow header: X-Vegeta-Seq: 508
2024-07-17 23:31:29.312731 INFO: Accept-Encoding: gzip
2024-07-17 23:31:29.312735 INFO: oop!unknow header: Accept-Encoding: gzip
2024-07-17 23:31:29.312740 INFO: 
2024-07-17 23:31:29.312764 INFO: request:HTTP/1.1 200 OK

2024-07-17 23:31:29.312769 INFO: request:HTTP/1.1 200 OK
Content-Length:542

2024-07-17 23:31:29.312774 INFO: request:HTTP/1.1 200 OK
Content-Length:542
Connection:close

2024-07-17 23:31:29.312778 INFO: request:HTTP/1.1 200 OK
Content-Length:542
Connection:close


2024-07-17 23:31:29.312798 INFO: eventNum: 1
2024-07-17 23:31:29.312802 INFO: Thread 140246106080832 is running task

2024-07-17 23:31:29.312812 INFO: fd: 149, events: 4

2024-07-17 23:31:29.312865 INFO: eventNum: 1
2024-07-17 23:31:29.312874 INFO: fd: 172, events: 8193

2024-07-17 23:31:29.312889 INFO: Thread 140246122866240 is running task

2024-07-17 23:31:29.312890 INFO: HttpConn 172 close success
2024-07-17 23:31:29.312914 INFO: Client[172] quit!
2024-07-17 23:31:29.316742 INFO: eventNum: 1
2024-07-17 23:31:29.316773 INFO: fd: 181, events: 8193

2024-07-17 23:31:29.316794 INFO: HttpConn 181 close success
2024-07-17 23:31:29.316800 INFO: Client[181] quit!
2024-07-17 23:31:29.318330 INFO: eventNum: 1
2024-07-17 23:31:29.318351 INFO: fd: 178, events: 8193

2024-07-17 23:31:29.318366 INFO: HttpConn 178 close success
2024-07-17 23:31:29.318371 INFO: Client[178] quit!
2024-07-17 23:31:29.318377 INFO: eventNum: 1
2024-07-17 23:31:29.318381 INFO: fd: 184, events: 8193

2024-07-17 23:31:29.318393 INFO: HttpConn 184 close success
2024-07-17 23:31:29.318398 INFO: Client[184] quit!
2024-07-17 23:31:29.318620 INFO: eventNum: 1
2024-07-17 23:31:29.318635 INFO: fd: 187, events: 8193

2024-07-17 23:31:29.318648 INFO: HttpConn 187 close success
2024-07-17 23:31:29.318653 INFO: Client[187] quit!
2024-07-17 23:31:29.319078 INFO: eventNum: 1
2024-07-17 23:31:29.319090 INFO: fd: 183, events: 8193

2024-07-17 23:31:29.319106 INFO: HttpConn 183 close success
2024-07-17 23:31:29.319111 INFO: Client[183] quit!
2024-07-17 23:31:29.319291 INFO: eventNum: 1
2024-07-17 23:31:29.319302 INFO: fd: 188, events: 8193

2024-07-17 23:31:29.319316 INFO: HttpConn 188 close success
2024-07-17 23:31:29.319321 INFO: Client[188] quit!
2024-07-17 23:31:29.331754 INFO: eventNum: 1
2024-07-17 23:31:29.331816 INFO: fd: 13, events: 1

2024-07-17 23:31:29.331825 INFO: HandleListenEvent 13
2024-07-17 23:31:29.331857 INFO: HttpConn 150 init success
2024-07-17 23:31:29.331876 INFO: addTimer id:150 expireTime:1721230789
2024-07-17 23:31:29.331898 INFO: Client[150] in!
2024-07-17 23:31:29.331905 INFO: HandleListenEvent 13
2024-07-17 23:31:29.331919 ERROR: Accept failure -1
2024-07-17 23:31:29.332275 INFO: eventNum: 1
2024-07-17 23:31:29.332291 INFO: fd: 186, events: 8193

2024-07-17 23:31:29.332314 INFO: HttpConn 186 close success
2024-07-17 23:31:29.332320 INFO: Client[186] quit!
2024-07-17 23:31:29.332839 INFO: eventNum: 1
2024-07-17 23:31:29.332851 INFO: fd: 185, events: 8193

2024-07-17 23:31:29.332865 INFO: HttpConn 185 close success
2024-07-17 23:31:29.332870 INFO: Client[185] quit!
2024-07-17 23:31:29.332981 INFO: eventNum: 1
2024-07-17 23:31:29.332992 INFO: fd: 182, events: 8193

2024-07-17 23:31:29.333006 INFO: HttpConn 182 close success
2024-07-17 23:31:29.333014 INFO: Client[182] quit!
2024-07-17 23:31:29.333158 INFO: eventNum: 1
2024-07-17 23:31:29.333169 INFO: fd: 195, events: 8193

2024-07-17 23:31:29.333183 INFO: HttpConn 195 close success
2024-07-17 23:31:29.333188 INFO: Client[195] quit!
2024-07-17 23:31:29.333262 INFO: eventNum: 1
2024-07-17 23:31:29.333273 INFO: fd: 196, events: 8193

2024-07-17 23:31:29.333287 INFO: HttpConn 196 close success
2024-07-17 23:31:29.333296 INFO: Client[196] quit!
2024-07-17 23:31:29.334669 INFO: eventNum: 1
2024-07-17 23:31:29.334689 INFO: fd: 191, events: 8193

2024-07-17 23:31:29.334706 INFO: HttpConn 191 close success
2024-07-17 23:31:29.334711 INFO: Client[191] quit!
2024-07-17 23:31:29.334815 INFO: eventNum: 1
2024-07-17 23:31:29.334852 INFO: fd: 150, events: 1

2024-07-17 23:31:29.334872 INFO: HttpConn 150 read success
2024-07-17 23:31:29.334885 INFO: GET / HTTP/1.1
2024-07-17 23:31:29.334895 INFO: Host: 39.98.202.182:9006
2024-07-17 23:31:29.334900 INFO: User-Agent: Go-http-client/1.1
2024-07-17 23:31:29.334905 INFO: oop!unknow header: User-Agent: Go-http-client/1.1
2024-07-17 23:31:29.334909 INFO: X-Vegeta-Seq: 509
2024-07-17 23:31:29.334913 INFO: oop!unknow header: X-Vegeta-Seq: 509
2024-07-17 23:31:29.334917 INFO: Accept-Encoding: gzip
2024-07-17 23:31:29.334922 INFO: oop!unknow header: Accept-Encoding: gzip
2024-07-17 23:31:29.334926 INFO: 
2024-07-17 23:31:29.334950 INFO: request:HTTP/1.1 200 OK

2024-07-17 23:31:29.334955 INFO: request:HTTP/1.1 200 OK
Content-Length:542

2024-07-17 23:31:29.334960 INFO: request:HTTP/1.1 200 OK
Content-Length:542
Connection:close

2024-07-17 23:31:29.334964 INFO: request:HTTP/1.1 200 OK
Content-Length:542
Connection:close


2024-07-17 23:31:29.334980 INFO: Thread 140246114473536 is running task

2024-07-17 23:31:29.334990 INFO: eventNum: 1
2024-07-17 23:31:29.334995 INFO: fd: 150, events: 4

2024-07-17 23:31:29.335039 INFO: Thread 140246097688128 is running task

2024-07-17 23:31:29.335386 INFO: eventNum: 1
2024-07-17 23:31:29.335402 INFO: fd: 190, events: 8193

2024-07-17 23:31:29.335434 INFO: HttpConn 190 close success
2024-07-17 23:31:29.335442 INFO: Client[190] quit!
2024-07-17 23:31:29.335782 INFO: eventNum: 1
2024-07-17 23:31:29.335797 INFO: fd: 192, events: 8193

2024-07-17 23:31:29.335813 INFO: HttpConn 192 close success
2024-07-17 23:31:29.335821 INFO: Client[192] quit!
2024-07-17 23:31:29.336375 INFO: eventNum: 1
2024-07-17 23:31:29.336388 INFO: fd: 198, events: 8193

2024-07-17 23:31:29.336406 INFO: HttpConn 198 close success
2024-07-17 23:31:29.336414 INFO: Client[198] quit!
2024-07-17 23:31:29.337152 INFO: eventNum: 1
2024-07-17 23:31:29.337172 INFO: fd: 189, events: 8193

2024-07-17 23:31:29.337188 INFO: HttpConn 189 close success
2024-07-17 23:31:29.337196 INFO: Client[189] quit!
2024-07-17 23:31:29.356478 INFO: eventNum: 1
2024-07-17 23:31:29.356520 INFO: fd: 194, events: 8193

2024-07-17 23:31:29.356546 INFO: HttpConn 194 close success
2024-07-17 23:31:29.356552 INFO: Client[194] quit!
2024-07-17 23:31:29.358149 INFO: eventNum: 1
2024-07-17 23:31:29.358184 INFO: fd: 200, events: 8193

2024-07-17 23:31:29.358206 INFO: HttpConn 200 close success
2024-07-17 23:31:29.358212 INFO: Client[200] quit!
2024-07-17 23:31:29.358709 INFO: eventNum: 1
2024-07-17 23:31:29.358728 INFO: fd: 197, events: 8193

2024-07-17 23:31:29.358746 INFO: HttpConn 197 close success
2024-07-17 23:31:29.358752 INFO: Client[197] quit!
2024-07-17 23:31:29.365655 INFO: eventNum: 1
2024-07-17 23:31:29.365694 INFO: fd: 201, events: 8193

2024-07-17 23:31:29.365721 INFO: HttpConn 201 close success
2024-07-17 23:31:29.365727 INFO: Client[201] quit!
2024-07-17 23:31:29.365786 INFO: eventNum: 1
2024-07-17 23:31:29.365829 INFO: fd: 193, events: 8193

2024-07-17 23:31:29.365863 INFO: HttpConn 193 close success
2024-07-17 23:31:29.365875 INFO: Client[193] quit!
2024-07-17 23:31:29.366505 INFO: eventNum: 1
2024-07-17 23:31:29.366522 INFO: fd: 202, events: 8193

2024-07-17 23:31:29.366541 INFO: HttpConn 202 close success
2024-07-17 23:31:29.366549 INFO: Client[202] quit!
2024-07-17 23:31:29.366750 INFO: eventNum: 1
2024-07-17 23:31:29.366770 INFO: fd: 199, events: 8193

2024-07-17 23:31:29.366791 INFO: HttpConn 199 close success
2024-07-17 23:31:29.366800 INFO: Client[199] quit!
2024-07-17 23:31:29.367157 INFO: eventNum: 1
2024-07-17 23:31:29.367171 INFO: fd: 13, events: 1

2024-07-17 23:31:29.367176 INFO: HandleListenEvent 13
2024-07-17 23:31:29.367198 INFO: HttpConn 151 init success
2024-07-17 23:31:29.367205 INFO: addTimer id:151 expireTime:1721230789
2024-07-17 23:31:29.367219 INFO: Client[151] in!
2024-07-17 23:31:29.367224 INFO: HandleListenEvent 13
2024-07-17 23:31:29.367233 ERROR: Accept failure -1
2024-07-17 23:31:29.367638 INFO: eventNum: 1
2024-07-17 23:31:29.367653 INFO: fd: 56, events: 8193

2024-07-17 23:31:29.367678 INFO: HttpConn 56 close success
2024-07-17 23:31:29.367687 INFO: Client[56] quit!
2024-07-17 23:31:29.367771 INFO: eventNum: 1
2024-07-17 23:31:29.367783 INFO: fd: 203, events: 8193

2024-07-17 23:31:29.367801 INFO: HttpConn 203 close success
2024-07-17 23:31:29.367812 INFO: Client[203] quit!
2024-07-17 23:31:29.367821 INFO: eventNum: 1
2024-07-17 23:31:29.367826 INFO: fd: 13, events: 1

2024-07-17 23:31:29.367830 INFO: HandleListenEvent 13
2024-07-17 23:31:29.367841 INFO: HttpConn 56 init success
2024-07-17 23:31:29.367846 INFO: addTimer id:56 expireTime:1721230789
2024-07-17 23:31:29.367857 INFO: Client[56] in!
2024-07-17 23:31:29.367861 INFO: HandleListenEvent 13
2024-07-17 23:31:29.367869 ERROR: Accept failure -1
2024-07-17 23:31:29.368581 INFO: eventNum: 1
2024-07-17 23:31:29.368598 INFO: fd: 13, events: 1

2024-07-17 23:31:29.368603 INFO: HandleListenEvent 13
2024-07-17 23:31:29.368616 INFO: HttpConn 152 init success
2024-07-17 23:31:29.368621 INFO: addTimer id:152 expireTime:1721230789
2024-07-17 23:31:29.368632 INFO: Client[152] in!
2024-07-17 23:31:29.368637 INFO: HandleListenEvent 13
2024-07-17 23:31:29.368644 ERROR: Accept failure -1
2024-07-17 23:31:29.368793 INFO: eventNum: 1
2024-07-17 23:31:29.368804 INFO: fd: 13, events: 1

2024-07-17 23:31:29.368808 INFO: HandleListenEvent 13
2024-07-17 23:31:29.368819 INFO: HttpConn 153 init success
2024-07-17 23:31:29.368824 INFO: addTimer id:153 expireTime:1721230789
2024-07-17 23:31:29.368834 INFO: Client[153] in!
2024-07-17 23:31:29.368838 INFO: HandleListenEvent 13
2024-07-17 23:31:29.368845 ERROR: Accept failure -1
2024-07-17 23:31:29.368950 INFO: eventNum: 1
2024-07-17 23:31:29.368961 INFO: fd: 13, events: 1

2024-07-17 23:31:29.368965 INFO: HandleListenEvent 13
2024-07-17 23:31:29.368976 INFO: HttpConn 154 init success
2024-07-17 23:31:29.368981 INFO: addTimer id:154 expireTime:1721230789
2024-07-17 23:31:29.368990 INFO: Client[154] in!
2024-07-17 23:31:29.368994 INFO: HandleListenEvent 13
2024-07-17 23:31:29.369002 ERROR: Accept failure -1
2024-07-17 23:31:29.369289 INFO: eventNum: 1
2024-07-17 23:31:29.369306 INFO: fd: 56, events: 1

2024-07-17 23:31:29.369326 INFO: HttpConn 56 read success
2024-07-17 23:31:29.369338 INFO: GET / HTTP/1.1
2024-07-17 23:31:29.369345 INFO: Host: 39.98.202.182:9006
2024-07-17 23:31:29.369350 INFO: User-Agent: Go-http-client/1.1
2024-07-17 23:31:29.369354 INFO: oop!unknow header: User-Agent: Go-http-client/1.1
2024-07-17 23:31:29.369359 INFO: X-Vegeta-Seq: 512
2024-07-17 23:31:29.369371 INFO: oop!unknow header: X-Vegeta-Seq: 512
2024-07-17 23:31:29.369375 INFO: Accept-Encoding: gzip
2024-07-17 23:31:29.369380 INFO: oop!unknow header: Accept-Encoding: gzip
2024-07-17 23:31:29.369384 INFO: 
2024-07-17 23:31:29.369409 INFO: request:HTTP/1.1 200 OK

2024-07-17 23:31:29.369415 INFO: request:HTTP/1.1 200 OK
Content-Length:542

2024-07-17 23:31:29.369420 INFO: request:HTTP/1.1 200 OK
Content-Length:542
Connection:close

2024-07-17 23:31:29.369441 INFO: request:HTTP/1.1 200 OK
Content-Length:542
Connection:close


2024-07-17 23:31:29.369459 INFO: Thread 140246156437056 is running task

2024-07-17 23:31:29.369470 INFO: eventNum: 1
2024-07-17 23:31:29.369475 INFO: fd: 56, events: 4

2024-07-17 23:31:29.369531 INFO: Thread 140246148044352 is running task

2024-07-17 23:31:29.369708 INFO: eventNum: 1
2024-07-17 23:31:29.369725 INFO: fd: 152, events: 1

2024-07-17 23:31:29.369739 INFO: HttpConn 152 read success
2024-07-17 23:31:29.369749 INFO: GET / HTTP/1.1
2024-07-17 23:31:29.369754 INFO: Host: 39.98.202.182:9006
2024-07-17 23:31:29.369759 INFO: User-Agent: Go-http-client/1.1
2024-07-17 23:31:29.369763 INFO: oop!unknow header: User-Agent: Go-http-client/1.1
2024-07-17 23:31:29.369768 INFO: X-Vegeta-Seq: 513
2024-07-17 23:31:29.369775 INFO: oop!unknow header: X-Vegeta-Seq: 513
2024-07-17 23:31:29.369779 INFO: Accept-Encoding: gzip
2024-07-17 23:31:29.369783 INFO: oop!unknow header: Accept-Encoding: gzip
2024-07-17 23:31:29.369788 INFO: 
2024-07-17 23:31:29.369802 INFO: request:HTTP/1.1 200 OK

2024-07-17 23:31:29.369807 INFO: request:HTTP/1.1 200 OK
Content-Length:542

2024-07-17 23:31:29.369811 INFO: request:HTTP/1.1 200 OK
Content-Length:542
Connection:close

2024-07-17 23:31:29.369815 INFO: request:HTTP/1.1 200 OK
Content-Length:542
Connection:close


2024-07-17 23:31:29.369824 INFO: Thread 140246139651648 is running task

2024-07-17 23:31:29.369833 INFO: eventNum: 2
2024-07-17 23:31:29.369838 INFO: fd: 151, events: 1

2024-07-17 23:31:29.369850 INFO: HttpConn 151 read success
2024-07-17 23:31:29.369860 INFO: GET / HTTP/1.1
2024-07-17 23:31:29.369868 INFO: Host: 39.98.202.182:9006
2024-07-17 23:31:29.369874 INFO: User-Agent: Go-http-client/1.1
2024-07-17 23:31:29.369881 INFO: oop!unknow header: User-Agent: Go-http-client/1.1
2024-07-17 23:31:29.369887 INFO: X-Vegeta-Seq: 510
2024-07-17 23:31:29.369894 INFO: oop!unknow header: X-Vegeta-Seq: 510
2024-07-17 23:31:29.369900 INFO: Accept-Encoding: gzip
2024-07-17 23:31:29.369907 INFO: oop!unknow header: Accept-Encoding: gzip
2024-07-17 23:31:29.369913 INFO: 
2024-07-17 23:31:29.369928 INFO: request:HTTP/1.1 200 OK

2024-07-17 23:31:29.369932 INFO: request:HTTP/1.1 200 OK
Content-Length:542

2024-07-17 23:31:29.369937 INFO: request:HTTP/1.1 200 OK
Content-Length:542
Connection:close

2024-07-17 23:31:29.369941 INFO: request:HTTP/1.1 200 OK
Content-Length:542
Connection:close


2024-07-17 23:31:29.369949 INFO: Thread 140246131258944 is running task

2024-07-17 23:31:29.369958 INFO: fd: 152, events: 4

2024-07-17 23:31:29.369996 INFO: Thread 140246106080832 is running task

2024-07-17 23:31:29.370008 INFO: eventNum: 1
2024-07-17 23:31:29.370013 INFO: fd: 151, events: 4

2024-07-17 23:31:29.370043 INFO: Thread 140246122866240 is running task

2024-07-17 23:31:29.370054 INFO: eventNum: 1
2024-07-17 23:31:29.370059 INFO: fd: 13, events: 1

2024-07-17 23:31:29.370063 INFO: HandleListenEvent 13
2024-07-17 23:31:29.370077 INFO: HttpConn 155 init success
2024-07-17 23:31:29.370082 INFO: addTimer id:155 expireTime:1721230789
2024-07-17 23:31:29.370092 INFO: Client[155] in!
2024-07-17 23:31:29.370097 INFO: HandleListenEvent 13
2024-07-17 23:31:29.370105 ERROR: Accept failure -1
2024-07-17 23:31:29.370110 INFO: eventNum: 1
2024-07-17 23:31:29.370130 INFO: fd: 155, events: 1

2024-07-17 23:31:29.370142 INFO: HttpConn 155 read success
2024-07-17 23:31:29.370151 INFO: GET / HTTP/1.1
2024-07-17 23:31:29.370156 INFO: Host: 39.98.202.182:9006
2024-07-17 23:31:29.370161 INFO: User-Agent: Go-http-client/1.1
2024-07-17 23:31:29.370167 INFO: oop!unknow header: User-Agent: Go-http-client/1.1
2024-07-17 23:31:29.370177 INFO: X-Vegeta-Seq: 519
2024-07-17 23:31:29.370182 INFO: oop!unknow header: X-Vegeta-Seq: 519
2024-07-17 23:31:29.370186 INFO: Accept-Encoding: gzip
2024-07-17 23:31:29.370190 INFO: oop!unknow header: Accept-Encoding: gzip
2024-07-17 23:31:29.370195 INFO: 
2024-07-17 23:31:29.370208 INFO: request:HTTP/1.1 200 OK

2024-07-17 23:31:29.370213 INFO: request:HTTP/1.1 200 OK
Content-Length:542

2024-07-17 23:31:29.370217 INFO: request:HTTP/1.1 200 OK
Content-Length:542
Connection:close

2024-07-17 23:31:29.370222 INFO: request:HTTP/1.1 200 OK
Content-Length:542
Connection:close


2024-07-17 23:31:29.370229 INFO: Thread 140246114473536 is running task

2024-07-17 23:31:29.370238 INFO: eventNum: 2
2024-07-17 23:31:29.370242 INFO: fd: 13, events: 1

2024-07-17 23:31:29.370247 INFO: HandleListenEvent 13
2024-07-17 23:31:29.370258 INFO: HttpConn 156 init success
2024-07-17 23:31:29.370263 INFO: addTimer id:156 expireTime:1721230789
2024-07-17 23:31:29.370273 INFO: Client[156] in!
2024-07-17 23:31:29.370277 INFO: HandleListenEvent 13
2024-07-17 23:31:29.370285 ERROR: Accept failure -1
2024-07-17 23:31:29.370290 INFO: fd: 155, events: 4

2024-07-17 23:31:29.370318 INFO: Thread 140246097688128 is running task

2024-07-17 23:31:29.370332 INFO: eventNum: 1
2024-07-17 23:31:29.370336 INFO: fd: 153, events: 1

2024-07-17 23:31:29.370348 INFO: HttpConn 153 read success
2024-07-17 23:31:29.370360 INFO: GET / HTTP/1.1
2024-07-17 23:31:29.370365 INFO: Host: 39.98.202.182:9006
2024-07-17 23:31:29.370370 INFO: User-Agent: Go-http-client/1.1
2024-07-17 23:31:29.370374 INFO: oop!unknow header: User-Agent: Go-http-client/1.1
2024-07-17 23:31:29.370378 INFO: X-Vegeta-Seq: 515
2024-07-17 23:31:29.370383 INFO: oop!unknow header: X-Vegeta-Seq: 515
2024-07-17 23:31:29.370387 INFO: Accept-Encoding: gzip
2024-07-17 23:31:29.370391 INFO: oop!unknow header: Accept-Encoding: gzip
2024-07-17 23:31:29.370396 INFO: 
2024-07-17 23:31:29.370408 INFO: request:HTTP/1.1 200 OK

2024-07-17 23:31:29.370413 INFO: request:HTTP/1.1 200 OK
Content-Length:542

2024-07-17 23:31:29.370420 INFO: request:HTTP/1.1 200 OK
Content-Length:542
Connection:close

2024-07-17 23:31:29.370443 INFO: request:HTTP/1.1 200 OK
Content-Length:542
Connection:close


2024-07-17 23:31:29.370450 INFO: Thread 140246156437056 is running task

2024-07-17 23:31:29.370458 INFO: eventNum: 1
2024-07-17 23:31:29.370463 INFO: fd: 153, events: 4

2024-07-17 23:31:29.370479 INFO: eventNum: 2
2024-07-17 23:31:29.370485 INFO: fd: 154, events: 1

2024-07-17 23:31:29.370499 INFO: HttpConn 154 read success
2024-07-17 23:31:29.370508 INFO: GET / HTTP/1.1
2024-07-17 23:31:29.370511 INFO: Thread 140246148044352 is running task

2024-07-17 23:31:29.370515 INFO: fd: 156, events: 1

2024-07-17 23:31:29.370513 INFO: Host: 39.98.202.182:9006
2024-07-17 23:31:29.370545 INFO: User-Agent: Go-http-client/1.1
2024-07-17 23:31:29.370549 INFO: oop!unknow header: User-Agent: Go-http-client/1.1
2024-07-17 23:31:29.370554 INFO: X-Vegeta-Seq: 516
2024-07-17 23:31:29.370558 INFO: oop!unknow header: X-Vegeta-Seq: 516
2024-07-17 23:31:29.370562 INFO: Accept-Encoding: gzip
2024-07-17 23:31:29.370566 INFO: oop!unknow header: Accept-Encoding: gzip
2024-07-17 23:31:29.370570 INFO: 
2024-07-17 23:31:29.370582 INFO: request:HTTP/1.1 200 OK

2024-07-17 23:31:29.370587 INFO: request:HTTP/1.1 200 OK
Content-Length:542

2024-07-17 23:31:29.370591 INFO: request:HTTP/1.1 200 OK
Content-Length:542
Connection:close

2024-07-17 23:31:29.370595 INFO: request:HTTP/1.1 200 OK
Content-Length:542
Connection:close


2024-07-17 23:31:29.370603 INFO: Thread 140246139651648 is running task

2024-07-17 23:31:29.370615 INFO: HttpConn 156 read success
2024-07-17 23:31:29.370623 INFO: GET / HTTP/1.1
2024-07-17 23:31:29.370628 INFO: Host: 39.98.202.182:9006
2024-07-17 23:31:29.370632 INFO: User-Agent: Go-http-client/1.1
2024-07-17 23:31:29.370637 INFO: oop!unknow header: User-Agent: Go-http-client/1.1
2024-07-17 23:31:29.370641 INFO: X-Vegeta-Seq: 511
2024-07-17 23:31:29.370650 INFO: oop!unknow header: X-Vegeta-Seq: 511
2024-07-17 23:31:29.370654 INFO: Accept-Encoding: gzip
2024-07-17 23:31:29.370658 INFO: oop!unknow header: Accept-Encoding: gzip
2024-07-17 23:31:29.370662 INFO: 
2024-07-17 23:31:29.370674 INFO: request:HTTP/1.1 200 OK

2024-07-17 23:31:29.370679 INFO: request:HTTP/1.1 200 OK
Content-Length:542

2024-07-17 23:31:29.370686 INFO: request:HTTP/1.1 200 OK
Content-Length:542
Connection:close

2024-07-17 23:31:29.370690 INFO: request:HTTP/1.1 200 OK
Content-Length:542
Connection:close


2024-07-17 23:31:29.370697 INFO: Thread 140246131258944 is running task

2024-07-17 23:31:29.370708 INFO: eventNum: 3
2024-07-17 23:31:29.370713 INFO: fd: 13, events: 1

2024-07-17 23:31:29.370717 INFO: HandleListenEvent 13
2024-07-17 23:31:29.370732 INFO: HttpConn 157 init success
2024-07-17 23:31:29.370738 INFO: addTimer id:157 expireTime:1721230789
2024-07-17 23:31:29.370750 INFO: Client[157] in!
2024-07-17 23:31:29.370754 INFO: HandleListenEvent 13
2024-07-17 23:31:29.370765 INFO: HttpConn 158 init success
2024-07-17 23:31:29.370770 INFO: addTimer id:158 expireTime:1721230789
2024-07-17 23:31:29.370778 INFO: Client[158] in!
2024-07-17 23:31:29.370782 INFO: HandleListenEvent 13
2024-07-17 23:31:29.370794 ERROR: Accept failure -1
2024-07-17 23:31:29.370799 INFO: fd: 154, events: 4

2024-07-17 23:31:29.370822 INFO: Thread 140246106080832 is running task

2024-07-17 23:31:29.370834 INFO: fd: 156, events: 4

2024-07-17 23:31:29.370857 INFO: Thread 140246122866240 is running task

2024-07-17 23:31:29.370871 INFO: eventNum: 2
2024-07-17 23:31:29.370878 INFO: fd: 13, events: 1

2024-07-17 23:31:29.370882 INFO: HandleListenEvent 13
2024-07-17 23:31:29.370893 INFO: HttpConn 159 init success
2024-07-17 23:31:29.370899 INFO: addTimer id:159 expireTime:1721230789
2024-07-17 23:31:29.370908 INFO: Client[159] in!
2024-07-17 23:31:29.370912 INFO: HandleListenEvent 13
2024-07-17 23:31:29.370920 ERROR: Accept failure -1
2024-07-17 23:31:29.370924 INFO: fd: 157, events: 1

2024-07-17 23:31:29.370934 INFO: HttpConn 157 read success
2024-07-17 23:31:29.370943 INFO: GET / HTTP/1.1
2024-07-17 23:31:29.370947 INFO: Host: 39.98.202.182:9006
2024-07-17 23:31:29.370952 INFO: User-Agent: Go-http-client/1.1
2024-07-17 23:31:29.370956 INFO: oop!unknow header: User-Agent: Go-http-client/1.1
2024-07-17 23:31:29.370961 INFO: X-Vegeta-Seq: 514
2024-07-17 23:31:29.370965 INFO: oop!unknow header: X-Vegeta-Seq: 514
2024-07-17 23:31:29.370969 INFO: Accept-Encoding: gzip
2024-07-17 23:31:29.370973 INFO: oop!unknow header: Accept-Encoding: gzip
2024-07-17 23:31:29.370978 INFO: 
2024-07-17 23:31:29.370989 INFO: request:HTTP/1.1 200 OK

2024-07-17 23:31:29.370994 INFO: request:HTTP/1.1 200 OK
Content-Length:542

2024-07-17 23:31:29.370998 INFO: request:HTTP/1.1 200 OK
Content-Length:542
Connection:close

2024-07-17 23:31:29.371002 INFO: request:HTTP/1.1 200 OK
Content-Length:542
Connection:close


2024-07-17 23:31:29.371009 INFO: Thread 140246114473536 is running task

2024-07-17 23:31:29.371017 INFO: eventNum: 3
2024-07-17 23:31:29.371022 INFO: fd: 159, events: 1

2024-07-17 23:31:29.371036 INFO: HttpConn 159 read success
2024-07-17 23:31:29.371043 INFO: GET / HTTP/1.1
2024-07-17 23:31:29.371048 INFO: Host: 39.98.202.182:9006
2024-07-17 23:31:29.371053 INFO: User-Agent: Go-http-client/1.1
2024-07-17 23:31:29.371057 INFO: oop!unknow header: User-Agent: Go-http-client/1.1
2024-07-17 23:31:29.371062 INFO: X-Vegeta-Seq: 521
2024-07-17 23:31:29.371066 INFO: oop!unknow header: X-Vegeta-Seq: 521
2024-07-17 23:31:29.371070 INFO: Accept-Encoding: gzip
2024-07-17 23:31:29.371074 INFO: oop!unknow header: Accept-Encoding: gzip
2024-07-17 23:31:29.371078 INFO: 
2024-07-17 23:31:29.371090 INFO: request:HTTP/1.1 200 OK

2024-07-17 23:31:29.371095 INFO: request:HTTP/1.1 200 OK
Content-Length:542

2024-07-17 23:31:29.371099 INFO: request:HTTP/1.1 200 OK
Content-Length:542
Connection:close

2024-07-17 23:31:29.371103 INFO: request:HTTP/1.1 200 OK
Content-Length:542
Connection:close


2024-07-17 23:31:29.371114 INFO: Thread 140246097688128 is running task

2024-07-17 23:31:29.371121 INFO: fd: 157, events: 4

2024-07-17 23:31:29.371142 INFO: Thread 140246156437056 is running task

2024-07-17 23:31:29.371154 INFO: fd: 13, events: 1

2024-07-17 23:31:29.371158 INFO: HandleListenEvent 13
2024-07-17 23:31:29.371167 INFO: HttpConn 160 init success
2024-07-17 23:31:29.371172 INFO: addTimer id:160 expireTime:1721230789
2024-07-17 23:31:29.371180 INFO: Client[160] in!
2024-07-17 23:31:29.371185 INFO: HandleListenEvent 13
2024-07-17 23:31:29.371196 INFO: HttpConn 161 init success
2024-07-17 23:31:29.371201 INFO: addTimer id:161 expireTime:1721230789
2024-07-17 23:31:29.371208 INFO: Client[161] in!
2024-07-17 23:31:29.371213 INFO: HandleListenEvent 13
2024-07-17 23:31:29.371221 ERROR: Accept failure -1
2024-07-17 23:31:29.371227 INFO: eventNum: 3
2024-07-17 23:31:29.371231 INFO: fd: 158, events: 1

2024-07-17 23:31:29.371242 INFO: fd: 159, events: 4

2024-07-17 23:31:29.371248 INFO: HttpConn 158 read success
2024-07-17 23:31:29.371267 INFO: Thread 140246139651648 is running task

2024-07-17 23:31:29.371270 INFO: GET / HTTP/1.1
2024-07-17 23:31:29.371286 INFO: Host: 39.98.202.182:9006
2024-07-17 23:31:29.371291 INFO: User-Agent: Go-http-client/1.1
2024-07-17 23:31:29.371296 INFO: oop!unknow header: User-Agent: Go-http-client/1.1
2024-07-17 23:31:29.371300 INFO: X-Vegeta-Seq: 520
2024-07-17 23:31:29.371304 INFO: oop!unknow header: X-Vegeta-Seq: 520
2024-07-17 23:31:29.371308 INFO: Accept-Encoding: gzip
2024-07-17 23:31:29.371313 INFO: oop!unknow header: Accept-Encoding: gzip
2024-07-17 23:31:29.371320 INFO: 
2024-07-17 23:31:29.371332 INFO: request:HTTP/1.1 200 OK

2024-07-17 23:31:29.371337 INFO: request:HTTP/1.1 200 OK
Content-Length:542

2024-07-17 23:31:29.371341 INFO: request:HTTP/1.1 200 OK
Content-Length:542
Connection:close

2024-07-17 23:31:29.371345 INFO: request:HTTP/1.1 200 OK
Content-Length:542
Connection:close


2024-07-17 23:31:29.371352 INFO: Thread 140246148044352 is running task

2024-07-17 23:31:29.371360 INFO: fd: 57, events: 8193

2024-07-17 23:31:29.371374 INFO: HttpConn 57 close success
2024-07-17 23:31:29.371381 INFO: Client[57] quit!
2024-07-17 23:31:29.371389 INFO: eventNum: 2
2024-07-17 23:31:29.371394 INFO: fd: 158, events: 4

2024-07-17 23:31:29.371415 INFO: Thread 140246131258944 is running task

2024-07-17 23:31:29.371432 INFO: fd: 160, events: 1

2024-07-17 23:31:29.371443 INFO: HttpConn 160 read success
2024-07-17 23:31:29.371452 INFO: GET / HTTP/1.1
2024-07-17 23:31:29.371457 INFO: Host: 39.98.202.182:9006
2024-07-17 23:31:29.371461 INFO: User-Agent: Go-http-client/1.1
2024-07-17 23:31:29.371466 INFO: oop!unknow header: User-Agent: Go-http-client/1.1
2024-07-17 23:31:29.371470 INFO: X-Vegeta-Seq: 517
2024-07-17 23:31:29.371477 INFO: oop!unknow header: X-Vegeta-Seq: 517
2024-07-17 23:31:29.371481 INFO: Accept-Encoding: gzip
2024-07-17 23:31:29.371485 INFO: oop!unknow header: Accept-Encoding: gzip
2024-07-17 23:31:29.371489 INFO: 
2024-07-17 23:31:29.371500 INFO: request:HTTP/1.1 200 OK

2024-07-17 23:31:29.371505 INFO: request:HTTP/1.1 200 OK
Content-Length:542

2024-07-17 23:31:29.371509 INFO: request:HTTP/1.1 200 OK
Content-Length:542
Connection:close

2024-07-17 23:31:29.371514 INFO: request:HTTP/1.1 200 OK
Content-Length:542
Connection:close


2024-07-17 23:31:29.371520 INFO: Thread 140246106080832 is running task

2024-07-17 23:31:29.371528 INFO: eventNum: 2
2024-07-17 23:31:29.371536 INFO: fd: 161, events: 1

2024-07-17 23:31:29.371545 INFO: HttpConn 161 read success
2024-07-17 23:31:29.371553 INFO: GET / HTTP/1.1
2024-07-17 23:31:29.371557 INFO: Host: 39.98.202.182:9006
2024-07-17 23:31:29.371562 INFO: User-Agent: Go-http-client/1.1
2024-07-17 23:31:29.371566 INFO: oop!unknow header: User-Agent: Go-http-client/1.1
2024-07-17 23:31:29.371571 INFO: X-Vegeta-Seq: 518
2024-07-17 23:31:29.371575 INFO: oop!unknow header: X-Vegeta-Seq: 518
2024-07-17 23:31:29.371579 INFO: Accept-Encoding: gzip
2024-07-17 23:31:29.371583 INFO: oop!unknow header: Accept-Encoding: gzip
2024-07-17 23:31:29.371593 INFO: 
2024-07-17 23:31:29.371604 INFO: request:HTTP/1.1 200 OK

2024-07-17 23:31:29.371608 INFO: request:HTTP/1.1 200 OK
Content-Length:542

2024-07-17 23:31:29.371612 INFO: request:HTTP/1.1 200 OK
Content-Length:542
Connection:close

2024-07-17 23:31:29.371617 INFO: request:HTTP/1.1 200 OK
Content-Length:542
Connection:close


2024-07-17 23:31:29.371623 INFO: Thread 140246122866240 is running task

2024-07-17 23:31:29.371630 INFO: fd: 160, events: 4

2024-07-17 23:31:29.371655 INFO: Thread 140246114473536 is running task

2024-07-17 23:31:29.371667 INFO: eventNum: 1
2024-07-17 23:31:29.371672 INFO: fd: 161, events: 4

2024-07-17 23:31:29.371691 INFO: Thread 140246097688128 is running task

2024-07-17 23:31:29.372522 INFO: eventNum: 1
2024-07-17 23:31:29.372543 INFO: fd: 13, events: 1

2024-07-17 23:31:29.372548 INFO: HandleListenEvent 13
2024-07-17 23:31:29.372563 INFO: HttpConn 57 init success
2024-07-17 23:31:29.372569 INFO: addTimer id:57 expireTime:1721230789
2024-07-17 23:31:29.372578 INFO: Client[57] in!
2024-07-17 23:31:29.372583 INFO: HandleListenEvent 13
2024-07-17 23:31:29.372591 ERROR: Accept failure -1
2024-07-17 23:31:29.372864 INFO: eventNum: 1
2024-07-17 23:31:29.372886 INFO: fd: 57, events: 1

2024-07-17 23:31:29.372902 INFO: HttpConn 57 read success
2024-07-17 23:31:29.372911 INFO: GET / HTTP/1.1
2024-07-17 23:31:29.372916 INFO: Host: 39.98.202.182:9006
2024-07-17 23:31:29.372921 INFO: User-Agent: Go-http-client/1.1
2024-07-17 23:31:29.372925 INFO: oop!unknow header: User-Agent: Go-http-client/1.1
2024-07-17 23:31:29.372930 INFO: X-Vegeta-Seq: 522
2024-07-17 23:31:29.372934 INFO: oop!unknow header: X-Vegeta-Seq: 522
2024-07-17 23:31:29.372938 INFO: Accept-Encoding: gzip
2024-07-17 23:31:29.372943 INFO: oop!unknow header: Accept-Encoding: gzip
2024-07-17 23:31:29.372947 INFO: 
2024-07-17 23:31:29.372962 INFO: request:HTTP/1.1 200 OK

2024-07-17 23:31:29.372967 INFO: request:HTTP/1.1 200 OK
Content-Length:542

2024-07-17 23:31:29.372972 INFO: request:HTTP/1.1 200 OK
Content-Length:542
Connection:close

2024-07-17 23:31:29.372976 INFO: request:HTTP/1.1 200 OK
Content-Length:542
Connection:close


2024-07-17 23:31:29.372985 INFO: Thread 140246156437056 is running task

2024-07-17 23:31:29.372994 INFO: eventNum: 1
2024-07-17 23:31:29.372999 INFO: fd: 57, events: 4

2024-07-17 23:31:29.373030 INFO: Thread 140246139651648 is running task

2024-07-17 23:31:29.373242 INFO: eventNum: 1
2024-07-17 23:31:29.373253 INFO: fd: 13, events: 1

2024-07-17 23:31:29.373258 INFO: HandleListenEvent 13
2024-07-17 23:31:29.373271 INFO: HttpConn 162 init success
2024-07-17 23:31:29.373277 INFO: addTimer id:162 expireTime:1721230789
2024-07-17 23:31:29.373287 INFO: Client[162] in!
2024-07-17 23:31:29.373291 INFO: HandleListenEvent 13
2024-07-17 23:31:29.373300 ERROR: Accept failure -1
2024-07-17 23:31:29.373516 INFO: eventNum: 1
2024-07-17 23:31:29.373530 INFO: fd: 72, events: 8193

2024-07-17 23:31:29.373548 INFO: HttpConn 72 close success
2024-07-17 23:31:29.373556 INFO: Client[72] quit!
