2024-07-17 23:32:21.352891 INFO: request:HTTP/1.1 200 OK
Content-Length:542

2024-07-17 23:32:21.352957 INFO: request:HTTP/1.1 200 OK
Content-Length:542
Connection:close

2024-07-17 23:32:21.352962 INFO: request:HTTP/1.1 200 OK
Content-Length:542
Connection:close


2024-07-17 23:32:21.352977 INFO: Thread 140246114473536 is running task

2024-07-17 23:32:21.353000 INFO: eventNum: 1
2024-07-17 23:32:21.353007 INFO: fd: 16, events: 4

2024-07-17 23:32:21.353047 INFO: Thread 140246156437056 is running task

2024-07-17 23:32:21.385111 INFO: eventNum: 1
2024-07-17 23:32:21.385180 INFO: fd: 13, events: 1

2024-07-17 23:32:21.385191 INFO: HandleListenEvent 13
2024-07-17 23:32:21.385220 INFO: HttpConn 184 init success
2024-07-17 23:32:21.385229 INFO: addTimer id:184 expireTime:1721230841
2024-07-17 23:32:21.385246 INFO: Client[184] in!
2024-07-17 23:32:21.385251 INFO: HandleListenEvent 13
2024-07-17 23:32:21.385264 ERROR: Accept failure -1
2024-07-17 23:32:21.385962 INFO: eventNum: 1
2024-07-17 23:32:21.386006 INFO: fd: 13, events: 1

2024-07-17 23:32:21.386012 INFO: HandleListenEvent 13
2024-07-17 23:32:21.386031 INFO: HttpConn 185 init success
2024-07-17 23:32:21.386037 INFO: addTimer id:185 expireTime:1721230841
2024-07-17 23:32:21.386051 INFO: Client[185] in!
2024-07-17 23:32:21.386056 INFO: HandleListenEvent 13
2024-07-17 23:32:21.386073 ERROR: Accept failure -1
2024-07-17 23:32:21.386181 INFO: eventNum: 1
2024-07-17 23:32:21.386202 INFO: fd: 13, events: 1

2024-07-17 23:32:21.386209 INFO: HandleListenEvent 13
2024-07-17 23:32:21.386227 INFO: HttpConn 186 init success
2024-07-17 23:32:21.386235 INFO: addTimer id:186 expireTime:1721230841
2024-07-17 23:32:21.386246 INFO: Client[186] in!
2024-07-17 23:32:21.386250 INFO: HandleListenEvent 13
2024-07-17 23:32:21.386259 ERROR: Accept failure -1
2024-07-17 23:32:21.386329 INFO: eventNum: 1
2024-07-17 23:32:21.386372 INFO: fd: 13, events: 1

2024-07-17 23:32:21.386413 INFO: HandleListenEvent 13
2024-07-17 23:32:21.386440 INFO: HttpConn 187 init success
2024-07-17 23:32:21.386447 INFO: addTimer id:187 expireTime:1721230841
2024-07-17 23:32:21.386462 INFO: Client[187] in!
2024-07-17 23:32:21.386467 INFO: HandleListenEvent 13
2024-07-17 23:32:21.386476 ERROR: Accept failure -1
2024-07-17 23:32:21.386931 INFO: eventNum: 1
2024-07-17 23:32:21.386948 INFO: fd: 13, events: 1

2024-07-17 23:32:21.386953 INFO: HandleListenEvent 13
2024-07-17 23:32:21.386968 INFO: HttpConn 188 init success
2024-07-17 23:32:21.386974 INFO: addTimer id:188 expireTime:1721230841
2024-07-17 23:32:21.386985 INFO: Client[188] in!
2024-07-17 23:32:21.386990 INFO: HandleListenEvent 13
2024-07-17 23:32:21.386999 ERROR: Accept failure -1
2024-07-17 23:32:21.387148 INFO: eventNum: 1
2024-07-17 23:32:21.387160 INFO: fd: 13, events: 1

2024-07-17 23:32:21.387165 INFO: HandleListenEvent 13
2024-07-17 23:32:21.387173 INFO: HttpConn 189 init success
2024-07-17 23:32:21.387179 INFO: addTimer id:189 expireTime:1721230841
2024-07-17 23:32:21.387187 INFO: Client[189] in!
2024-07-17 23:32:21.387191 INFO: HandleListenEvent 13
2024-07-17 23:32:21.387199 ERROR: Accept failure -1
2024-07-17 23:32:21.390086 INFO: eventNum: 1
2024-07-17 23:32:21.390130 INFO: fd: 13, events: 1

2024-07-17 23:32:21.390137 INFO: HandleListenEvent 13
2024-07-17 23:32:21.390161 INFO: HttpConn 190 init success
2024-07-17 23:32:21.390167 INFO: addTimer id:190 expireTime:1721230841
2024-07-17 23:32:21.390178 INFO: Client[190] in!
2024-07-17 23:32:21.390183 INFO: HandleListenEvent 13
2024-07-17 23:32:21.390192 ERROR: Accept failure -1
2024-07-17 23:32:21.391273 INFO: eventNum: 1
2024-07-17 23:32:21.391293 INFO: fd: 13, events: 1

2024-07-17 23:32:21.391298 INFO: HandleListenEvent 13
2024-07-17 23:32:21.391312 INFO: HttpConn 191 init success
2024-07-17 23:32:21.391318 INFO: addTimer id:191 expireTime:1721230841
2024-07-17 23:32:21.391331 INFO: Client[191] in!
2024-07-17 23:32:21.391336 INFO: HandleListenEvent 13
2024-07-17 23:32:21.391344 ERROR: Accept failure -1
2024-07-17 23:32:21.391547 INFO: eventNum: 1
2024-07-17 23:32:21.391563 INFO: fd: 13, events: 1

2024-07-17 23:32:21.391578 INFO: HandleListenEvent 13
2024-07-17 23:32:21.391595 INFO: HttpConn 192 init success
2024-07-17 23:32:21.391603 INFO: addTimer id:192 expireTime:1721230841
2024-07-17 23:32:21.391616 INFO: Client[192] in!
2024-07-17 23:32:21.391621 INFO: HandleListenEvent 13
2024-07-17 23:32:21.391629 ERROR: Accept failure -1
2024-07-17 23:32:21.391656 INFO: eventNum: 1
2024-07-17 23:32:21.391662 INFO: fd: 13, events: 1

2024-07-17 23:32:21.391666 INFO: HandleListenEvent 13
2024-07-17 23:32:21.391677 INFO: HttpConn 193 init success
2024-07-17 23:32:21.391683 INFO: addTimer id:193 expireTime:1721230841
2024-07-17 23:32:21.391692 INFO: Client[193] in!
2024-07-17 23:32:21.391696 INFO: HandleListenEvent 13
2024-07-17 23:32:21.391704 ERROR: Accept failure -1
2024-07-17 23:32:21.391855 INFO: eventNum: 1
2024-07-17 23:32:21.391870 INFO: fd: 13, events: 1

2024-07-17 23:32:21.391875 INFO: HandleListenEvent 13
2024-07-17 23:32:21.391887 INFO: HttpConn 194 init success
2024-07-17 23:32:21.391893 INFO: addTimer id:194 expireTime:1721230841
2024-07-17 23:32:21.391902 INFO: Client[194] in!
2024-07-17 23:32:21.391907 INFO: HandleListenEvent 13
2024-07-17 23:32:21.391915 ERROR: Accept failure -1
2024-07-17 23:32:21.392200 INFO: eventNum: 1
2024-07-17 23:32:21.392213 INFO: fd: 13, events: 1

2024-07-17 23:32:21.392218 INFO: HandleListenEvent 13
2024-07-17 23:32:21.392230 INFO: HttpConn 195 init success
2024-07-17 23:32:21.392235 INFO: addTimer id:195 expireTime:1721230841
2024-07-17 23:32:21.392246 INFO: Client[195] in!
2024-07-17 23:32:21.392258 INFO: HandleListenEvent 13
2024-07-17 23:32:21.392272 ERROR: Accept failure -1
2024-07-17 23:32:21.392578 INFO: eventNum: 1
2024-07-17 23:32:21.392591 INFO: fd: 13, events: 1

2024-07-17 23:32:21.392595 INFO: HandleListenEvent 13
2024-07-17 23:32:21.392607 INFO: HttpConn 196 init success
2024-07-17 23:32:21.392613 INFO: addTimer id:196 expireTime:1721230841
2024-07-17 23:32:21.392622 INFO: Client[196] in!
2024-07-17 23:32:21.392626 INFO: HandleListenEvent 13
2024-07-17 23:32:21.392635 ERROR: Accept failure -1
2024-07-17 23:32:21.393139 INFO: eventNum: 1
2024-07-17 23:32:21.393157 INFO: fd: 13, events: 1

2024-07-17 23:32:21.393162 INFO: HandleListenEvent 13
2024-07-17 23:32:21.393174 INFO: HttpConn 197 init success
2024-07-17 23:32:21.393180 INFO: addTimer id:197 expireTime:1721230841
2024-07-17 23:32:21.393189 INFO: Client[197] in!
2024-07-17 23:32:21.393193 INFO: HandleListenEvent 13
2024-07-17 23:32:21.393201 ERROR: Accept failure -1
2024-07-17 23:32:21.393316 INFO: eventNum: 1
2024-07-17 23:32:21.393348 INFO: fd: 13, events: 1

2024-07-17 23:32:21.393355 INFO: HandleListenEvent 13
2024-07-17 23:32:21.393369 INFO: HttpConn 198 init success
2024-07-17 23:32:21.393409 INFO: addTimer id:198 expireTime:1721230841
2024-07-17 23:32:21.393425 INFO: Client[198] in!
2024-07-17 23:32:21.393432 INFO: HandleListenEvent 13
2024-07-17 23:32:21.393444 ERROR: Accept failure -1
2024-07-17 23:32:21.394127 INFO: eventNum: 1
2024-07-17 23:32:21.394152 INFO: fd: 13, events: 1

2024-07-17 23:32:21.394161 INFO: HandleListenEvent 13
2024-07-17 23:32:21.394181 INFO: HttpConn 199 init success
2024-07-17 23:32:21.394190 INFO: addTimer id:199 expireTime:1721230841
2024-07-17 23:32:21.394204 INFO: Client[199] in!
2024-07-17 23:32:21.394209 INFO: HandleListenEvent 13
2024-07-17 23:32:21.394217 ERROR: Accept failure -1
2024-07-17 23:32:21.394250 INFO: eventNum: 1
2024-07-17 23:32:21.394257 INFO: fd: 13, events: 1

2024-07-17 23:32:21.394262 INFO: HandleListenEvent 13
2024-07-17 23:32:21.394273 INFO: HttpConn 200 init success
2024-07-17 23:32:21.394278 INFO: addTimer id:200 expireTime:1721230841
2024-07-17 23:32:21.394288 INFO: Client[200] in!
2024-07-17 23:32:21.394292 INFO: HandleListenEvent 13
2024-07-17 23:32:21.394299 ERROR: Accept failure -1
2024-07-17 23:32:21.394764 INFO: eventNum: 1
2024-07-17 23:32:21.394795 INFO: fd: 13, events: 1

2024-07-17 23:32:21.394804 INFO: HandleListenEvent 13
2024-07-17 23:32:21.394821 INFO: HttpConn 201 init success
2024-07-17 23:32:21.394828 INFO: addTimer id:201 expireTime:1721230841
2024-07-17 23:32:21.394850 INFO: Client[201] in!
2024-07-17 23:32:21.394854 INFO: HandleListenEvent 13
2024-07-17 23:32:21.394864 INFO: HttpConn 202 init success
2024-07-17 23:32:21.394869 INFO: addTimer id:202 expireTime:1721230841
2024-07-17 23:32:21.394877 INFO: Client[202] in!
2024-07-17 23:32:21.394882 INFO: HandleListenEvent 13
2024-07-17 23:32:21.394891 INFO: HttpConn 203 init success
2024-07-17 23:32:21.394896 INFO: addTimer id:203 expireTime:1721230841
2024-07-17 23:32:21.394904 INFO: Client[203] in!
2024-07-17 23:32:21.394909 INFO: HandleListenEvent 13
2024-07-17 23:32:21.394918 ERROR: Accept failure -1
2024-07-17 23:32:21.395035 INFO: eventNum: 1
2024-07-17 23:32:21.395045 INFO: fd: 13, events: 1

2024-07-17 23:32:21.395049 INFO: HandleListenEvent 13
2024-07-17 23:32:21.395060 INFO: HttpConn 204 init success
2024-07-17 23:32:21.395065 INFO: addTimer id:204 expireTime:1721230841
2024-07-17 23:32:21.395074 INFO: Client[204] in!
2024-07-17 23:32:21.395078 INFO: HandleListenEvent 13
2024-07-17 23:32:21.395090 INFO: HttpConn 205 init success
2024-07-17 23:32:21.395098 INFO: addTimer id:205 expireTime:1721230841
2024-07-17 23:32:21.395108 INFO: Client[205] in!
2024-07-17 23:32:21.395114 INFO: HandleListenEvent 13
2024-07-17 23:32:21.395126 ERROR: Accept failure -1
2024-07-17 23:32:21.395350 INFO: eventNum: 1
2024-07-17 23:32:21.395364 INFO: fd: 13, events: 1

2024-07-17 23:32:21.395369 INFO: HandleListenEvent 13
2024-07-17 23:32:21.395411 INFO: HttpConn 206 init success
2024-07-17 23:32:21.395420 INFO: addTimer id:206 expireTime:1721230841
2024-07-17 23:32:21.395433 INFO: Client[206] in!
2024-07-17 23:32:21.395440 INFO: HandleListenEvent 13
2024-07-17 23:32:21.395453 ERROR: Accept failure -1
2024-07-17 23:32:21.395654 INFO: eventNum: 1
2024-07-17 23:32:21.395667 INFO: fd: 13, events: 1

2024-07-17 23:32:21.395672 INFO: HandleListenEvent 13
2024-07-17 23:32:21.395683 INFO: HttpConn 207 init success
2024-07-17 23:32:21.395691 INFO: addTimer id:207 expireTime:1721230841
2024-07-17 23:32:21.395703 INFO: Client[207] in!
2024-07-17 23:32:21.395710 INFO: HandleListenEvent 13
2024-07-17 23:32:21.395721 ERROR: Accept failure -1
2024-07-17 23:32:21.395770 INFO: eventNum: 1
2024-07-17 23:32:21.395777 INFO: fd: 13, events: 1

2024-07-17 23:32:21.395782 INFO: HandleListenEvent 13
2024-07-17 23:32:21.395793 INFO: HttpConn 208 init success
2024-07-17 23:32:21.395799 INFO: addTimer id:208 expireTime:1721230841
2024-07-17 23:32:21.395807 INFO: Client[208] in!
2024-07-17 23:32:21.395812 INFO: HandleListenEvent 13
2024-07-17 23:32:21.395819 ERROR: Accept failure -1
2024-07-17 23:32:21.396474 INFO: eventNum: 1
2024-07-17 23:32:21.396496 INFO: fd: 13, events: 1

2024-07-17 23:32:21.396501 INFO: HandleListenEvent 13
2024-07-17 23:32:21.396515 INFO: HttpConn 209 init success
2024-07-17 23:32:21.396521 INFO: addTimer id:209 expireTime:1721230841
2024-07-17 23:32:21.396530 INFO: Client[209] in!
2024-07-17 23:32:21.396535 INFO: HandleListenEvent 13
2024-07-17 23:32:21.396545 INFO: HttpConn 210 init success
2024-07-17 23:32:21.396550 INFO: addTimer id:210 expireTime:1721230841
2024-07-17 23:32:21.396559 INFO: Client[210] in!
2024-07-17 23:32:21.396563 INFO: HandleListenEvent 13
2024-07-17 23:32:21.396571 ERROR: Accept failure -1
2024-07-17 23:32:21.396833 INFO: eventNum: 1
2024-07-17 23:32:21.396846 INFO: fd: 13, events: 1

2024-07-17 23:32:21.396851 INFO: HandleListenEvent 13
2024-07-17 23:32:21.396863 INFO: HttpConn 211 init success
2024-07-17 23:32:21.396869 INFO: addTimer id:211 expireTime:1721230841
2024-07-17 23:32:21.396881 INFO: Client[211] in!
2024-07-17 23:32:21.396885 INFO: HandleListenEvent 13
2024-07-17 23:32:21.396894 ERROR: Accept failure -1
2024-07-17 23:32:21.397075 INFO: eventNum: 1
2024-07-17 23:32:21.397093 INFO: fd: 13, events: 1

2024-07-17 23:32:21.397100 INFO: HandleListenEvent 13
2024-07-17 23:32:21.397114 INFO: HttpConn 212 init success
2024-07-17 23:32:21.397120 INFO: addTimer id:212 expireTime:1721230841
2024-07-17 23:32:21.397130 INFO: Client[212] in!
2024-07-17 23:32:21.397134 INFO: HandleListenEvent 13
2024-07-17 23:32:21.397149 ERROR: Accept failure -1
2024-07-17 23:32:21.397454 INFO: eventNum: 1
2024-07-17 23:32:21.397482 INFO: fd: 13, events: 1

2024-07-17 23:32:21.397488 INFO: HandleListenEvent 13
2024-07-17 23:32:21.397501 INFO: HttpConn 213 init success
2024-07-17 23:32:21.397507 INFO: addTimer id:213 expireTime:1721230841
2024-07-17 23:32:21.397518 INFO: Client[213] in!
2024-07-17 23:32:21.397522 INFO: HandleListenEvent 13
2024-07-17 23:32:21.397531 ERROR: Accept failure -1
2024-07-17 23:32:21.397632 INFO: eventNum: 1
2024-07-17 23:32:21.397654 INFO: fd: 13, events: 1

2024-07-17 23:32:21.397662 INFO: HandleListenEvent 13
2024-07-17 23:32:21.397678 INFO: HttpConn 214 init success
2024-07-17 23:32:21.397685 INFO: addTimer id:214 expireTime:1721230841
2024-07-17 23:32:21.397698 INFO: Client[214] in!
2024-07-17 23:32:21.397704 INFO: HandleListenEvent 13
2024-07-17 23:32:21.397715 ERROR: Accept failure -1
2024-07-17 23:32:21.397817 INFO: eventNum: 1
2024-07-17 23:32:21.397832 INFO: fd: 13, events: 1

2024-07-17 23:32:21.397839 INFO: HandleListenEvent 13
2024-07-17 23:32:21.397863 INFO: HttpConn 215 init success
2024-07-17 23:32:21.397870 INFO: addTimer id:215 expireTime:1721230841
2024-07-17 23:32:21.397878 INFO: Client[215] in!
2024-07-17 23:32:21.397883 INFO: HandleListenEvent 13
2024-07-17 23:32:21.397891 INFO: HttpConn 216 init success
2024-07-17 23:32:21.397896 INFO: addTimer id:216 expireTime:1721230841
2024-07-17 23:32:21.397903 INFO: Client[216] in!
2024-07-17 23:32:21.397908 INFO: HandleListenEvent 13
2024-07-17 23:32:21.397915 ERROR: Accept failure -1
2024-07-17 23:32:21.398046 INFO: eventNum: 1
2024-07-17 23:32:21.398073 INFO: fd: 13, events: 1

2024-07-17 23:32:21.398082 INFO: HandleListenEvent 13
2024-07-17 23:32:21.398104 INFO: HttpConn 217 init success
2024-07-17 23:32:21.398137 INFO: addTimer id:217 expireTime:1721230841
2024-07-17 23:32:21.398154 INFO: Client[217] in!
2024-07-17 23:32:21.398161 INFO: HandleListenEvent 13
2024-07-17 23:32:21.398177 INFO: HttpConn 218 init success
2024-07-17 23:32:21.398186 INFO: addTimer id:218 expireTime:1721230841
2024-07-17 23:32:21.398196 INFO: Client[218] in!
2024-07-17 23:32:21.398201 INFO: HandleListenEvent 13
2024-07-17 23:32:21.398210 INFO: HttpConn 219 init success
2024-07-17 23:32:21.398215 INFO: addTimer id:219 expireTime:1721230841
2024-07-17 23:32:21.398223 INFO: Client[219] in!
2024-07-17 23:32:21.398228 INFO: HandleListenEvent 13
2024-07-17 23:32:21.398237 ERROR: Accept failure -1
2024-07-17 23:32:21.398306 INFO: eventNum: 1
2024-07-17 23:32:21.398322 INFO: fd: 13, events: 1

2024-07-17 23:32:21.398329 INFO: HandleListenEvent 13
2024-07-17 23:32:21.398344 INFO: HttpConn 220 init success
2024-07-17 23:32:21.398351 INFO: addTimer id:220 expireTime:1721230841
2024-07-17 23:32:21.398362 INFO: Client[220] in!
2024-07-17 23:32:21.398367 INFO: HandleListenEvent 13
2024-07-17 23:32:21.398374 ERROR: Accept failure -1
2024-07-17 23:32:21.398426 INFO: eventNum: 1
2024-07-17 23:32:21.398432 INFO: fd: 13, events: 1

2024-07-17 23:32:21.398436 INFO: HandleListenEvent 13
2024-07-17 23:32:21.398456 INFO: HttpConn 221 init success
2024-07-17 23:32:21.398464 INFO: addTimer id:221 expireTime:1721230841
2024-07-17 23:32:21.398476 INFO: Client[221] in!
2024-07-17 23:32:21.398482 INFO: HandleListenEvent 13
2024-07-17 23:32:21.398492 ERROR: Accept failure -1
2024-07-17 23:32:21.399079 INFO: eventNum: 1
2024-07-17 23:32:21.399105 INFO: fd: 13, events: 1

2024-07-17 23:32:21.399111 INFO: HandleListenEvent 13
2024-07-17 23:32:21.399125 INFO: HttpConn 222 init success
2024-07-17 23:32:21.399131 INFO: addTimer id:222 expireTime:1721230841
2024-07-17 23:32:21.399142 INFO: Client[222] in!
2024-07-17 23:32:21.399146 INFO: HandleListenEvent 13
2024-07-17 23:32:21.399156 INFO: HttpConn 223 init success
2024-07-17 23:32:21.399161 INFO: addTimer id:223 expireTime:1721230841
2024-07-17 23:32:21.399170 INFO: Client[223] in!
2024-07-17 23:32:21.399176 INFO: HandleListenEvent 13
2024-07-17 23:32:21.399190 INFO: HttpConn 224 init success
2024-07-17 23:32:21.399197 INFO: addTimer id:224 expireTime:1721230841
2024-07-17 23:32:21.399216 INFO: Client[224] in!
2024-07-17 23:32:21.399224 INFO: HandleListenEvent 13
2024-07-17 23:32:21.399236 INFO: HttpConn 225 init success
2024-07-17 23:32:21.399242 INFO: addTimer id:225 expireTime:1721230841
2024-07-17 23:32:21.399251 INFO: Client[225] in!
2024-07-17 23:32:21.399255 INFO: HandleListenEvent 13
2024-07-17 23:32:21.399264 ERROR: Accept failure -1
2024-07-17 23:32:21.399426 INFO: eventNum: 1
2024-07-17 23:32:21.399444 INFO: fd: 13, events: 1

2024-07-17 23:32:21.399451 INFO: HandleListenEvent 13
2024-07-17 23:32:21.399494 INFO: HttpConn 226 init success
2024-07-17 23:32:21.399501 INFO: addTimer id:226 expireTime:1721230841
2024-07-17 23:32:21.399513 INFO: Client[226] in!
2024-07-17 23:32:21.399519 INFO: HandleListenEvent 13
2024-07-17 23:32:21.399530 ERROR: Accept failure -1
2024-07-17 23:32:21.400055 INFO: eventNum: 1
2024-07-17 23:32:21.400096 INFO: fd: 13, events: 1

2024-07-17 23:32:21.400109 INFO: HandleListenEvent 13
2024-07-17 23:32:21.400144 INFO: HttpConn 227 init success
2024-07-17 23:32:21.400156 INFO: addTimer id:227 expireTime:1721230841
2024-07-17 23:32:21.400170 INFO: Client[227] in!
2024-07-17 23:32:21.400177 INFO: HandleListenEvent 13
2024-07-17 23:32:21.400190 ERROR: Accept failure -1
2024-07-17 23:32:21.400667 INFO: eventNum: 1
2024-07-17 23:32:21.400698 INFO: fd: 13, events: 1

2024-07-17 23:32:21.400703 INFO: HandleListenEvent 13
2024-07-17 23:32:21.400718 INFO: HttpConn 228 init success
2024-07-17 23:32:21.400724 INFO: addTimer id:228 expireTime:1721230841
2024-07-17 23:32:21.400735 INFO: Client[228] in!
2024-07-17 23:32:21.400739 INFO: HandleListenEvent 13
2024-07-17 23:32:21.400748 ERROR: Accept failure -1
2024-07-17 23:32:21.400774 INFO: eventNum: 1
2024-07-17 23:32:21.400781 INFO: fd: 13, events: 1

2024-07-17 23:32:21.400785 INFO: HandleListenEvent 13
2024-07-17 23:32:21.400796 INFO: HttpConn 229 init success
2024-07-17 23:32:21.400801 INFO: addTimer id:229 expireTime:1721230841
2024-07-17 23:32:21.400811 INFO: Client[229] in!
2024-07-17 23:32:21.400820 INFO: HandleListenEvent 13
2024-07-17 23:32:21.400832 INFO: HttpConn 230 init success
2024-07-17 23:32:21.400840 INFO: addTimer id:230 expireTime:1721230841
2024-07-17 23:32:21.400850 INFO: Client[230] in!
2024-07-17 23:32:21.400856 INFO: HandleListenEvent 13
2024-07-17 23:32:21.400866 ERROR: Accept failure -1
2024-07-17 23:32:21.401128 INFO: eventNum: 1
2024-07-17 23:32:21.401146 INFO: fd: 13, events: 1

2024-07-17 23:32:21.401151 INFO: HandleListenEvent 13
2024-07-17 23:32:21.401164 INFO: HttpConn 231 init success
2024-07-17 23:32:21.401170 INFO: addTimer id:231 expireTime:1721230841
2024-07-17 23:32:21.401179 INFO: Client[231] in!
2024-07-17 23:32:21.401184 INFO: HandleListenEvent 13
2024-07-17 23:32:21.401192 ERROR: Accept failure -1
2024-07-17 23:32:21.401228 INFO: eventNum: 1
2024-07-17 23:32:21.401237 INFO: fd: 13, events: 1

2024-07-17 23:32:21.401244 INFO: HandleListenEvent 13
2024-07-17 23:32:21.401259 INFO: HttpConn 232 init success
2024-07-17 23:32:21.401264 INFO: addTimer id:232 expireTime:1721230841
2024-07-17 23:32:21.401273 INFO: Client[232] in!
2024-07-17 23:32:21.401277 INFO: HandleListenEvent 13
2024-07-17 23:32:21.401288 INFO: HttpConn 233 init success
2024-07-17 23:32:21.401293 INFO: addTimer id:233 expireTime:1721230841
2024-07-17 23:32:21.401301 INFO: Client[233] in!
2024-07-17 23:32:21.401305 INFO: HandleListenEvent 13
2024-07-17 23:32:21.401313 ERROR: Accept failure -1
2024-07-17 23:32:21.401792 INFO: eventNum: 1
2024-07-17 23:32:21.401813 INFO: fd: 13, events: 1

2024-07-17 23:32:21.401818 INFO: HandleListenEvent 13
2024-07-17 23:32:21.401831 INFO: HttpConn 234 init success
2024-07-17 23:32:21.401837 INFO: addTimer id:234 expireTime:1721230841
2024-07-17 23:32:21.401847 INFO: Client[234] in!
2024-07-17 23:32:21.401851 INFO: HandleListenEvent 13
2024-07-17 23:32:21.401860 ERROR: Accept failure -1
2024-07-17 23:32:21.401885 INFO: eventNum: 1
2024-07-17 23:32:21.401894 INFO: fd: 13, events: 1

2024-07-17 23:32:21.401899 INFO: HandleListenEvent 13
2024-07-17 23:32:21.401911 INFO: HttpConn 235 init success
2024-07-17 23:32:21.401928 INFO: addTimer id:235 expireTime:1721230841
2024-07-17 23:32:21.401941 INFO: Client[235] in!
2024-07-17 23:32:21.401947 INFO: HandleListenEvent 13
2024-07-17 23:32:21.401955 ERROR: Accept failure -1
2024-07-17 23:32:21.402292 INFO: eventNum: 1
2024-07-17 23:32:21.402332 INFO: fd: 13, events: 1

2024-07-17 23:32:21.402341 INFO: HandleListenEvent 13
2024-07-17 23:32:21.402357 INFO: HttpConn 236 init success
2024-07-17 23:32:21.402366 INFO: addTimer id:236 expireTime:1721230841
2024-07-17 23:32:21.402406 INFO: Client[236] in!
2024-07-17 23:32:21.402411 INFO: HandleListenEvent 13
2024-07-17 23:32:21.402419 ERROR: Accept failure -1
2024-07-17 23:32:21.402425 INFO: eventNum: 1
2024-07-17 23:32:21.402430 INFO: fd: 13, events: 1

2024-07-17 23:32:21.402434 INFO: HandleListenEvent 13
2024-07-17 23:32:21.402444 INFO: HttpConn 237 init success
2024-07-17 23:32:21.402449 INFO: addTimer id:237 expireTime:1721230841
2024-07-17 23:32:21.402459 INFO: Client[237] in!
2024-07-17 23:32:21.402463 INFO: HandleListenEvent 13
2024-07-17 23:32:21.402470 ERROR: Accept failure -1
2024-07-17 23:32:21.402564 INFO: eventNum: 1
2024-07-17 23:32:21.402575 INFO: fd: 13, events: 1

2024-07-17 23:32:21.402580 INFO: HandleListenEvent 13
2024-07-17 23:32:21.402590 INFO: HttpConn 238 init success
2024-07-17 23:32:21.402595 INFO: addTimer id:238 expireTime:1721230841
2024-07-17 23:32:21.402604 INFO: Client[238] in!
2024-07-17 23:32:21.402609 INFO: HandleListenEvent 13
2024-07-17 23:32:21.402616 ERROR: Accept failure -1
2024-07-17 23:32:21.402648 INFO: eventNum: 1
2024-07-17 23:32:21.402656 INFO: fd: 13, events: 1

2024-07-17 23:32:21.402660 INFO: HandleListenEvent 13
2024-07-17 23:32:21.402671 INFO: HttpConn 239 init success
2024-07-17 23:32:21.402677 INFO: addTimer id:239 expireTime:1721230841
2024-07-17 23:32:21.402685 INFO: Client[239] in!
2024-07-17 23:32:21.402689 INFO: HandleListenEvent 13
2024-07-17 23:32:21.402697 ERROR: Accept failure -1
2024-07-17 23:32:21.402874 INFO: eventNum: 1
2024-07-17 23:32:21.402893 INFO: fd: 13, events: 1

2024-07-17 23:32:21.402901 INFO: HandleListenEvent 13
2024-07-17 23:32:21.402918 INFO: HttpConn 240 init success
2024-07-17 23:32:21.402928 INFO: addTimer id:240 expireTime:1721230841
2024-07-17 23:32:21.402938 INFO: Client[240] in!
2024-07-17 23:32:21.402942 INFO: HandleListenEvent 13
2024-07-17 23:32:21.402950 ERROR: Accept failure -1
2024-07-17 23:32:21.403176 INFO: eventNum: 1
2024-07-17 23:32:21.403193 INFO: fd: 13, events: 1

2024-07-17 23:32:21.403198 INFO: HandleListenEvent 13
2024-07-17 23:32:21.403211 INFO: HttpConn 241 init success
2024-07-17 23:32:21.403216 INFO: addTimer id:241 expireTime:1721230841
2024-07-17 23:32:21.403226 INFO: Client[241] in!
2024-07-17 23:32:21.403231 INFO: HandleListenEvent 13
2024-07-17 23:32:21.403238 ERROR: Accept failure -1
2024-07-17 23:32:21.403272 INFO: eventNum: 1
2024-07-17 23:32:21.403278 INFO: fd: 13, events: 1

2024-07-17 23:32:21.403283 INFO: HandleListenEvent 13
2024-07-17 23:32:21.403293 INFO: HttpConn 242 init success
2024-07-17 23:32:21.403298 INFO: addTimer id:242 expireTime:1721230841
2024-07-17 23:32:21.403307 INFO: Client[242] in!
2024-07-17 23:32:21.403312 INFO: HandleListenEvent 13
2024-07-17 23:32:21.403319 ERROR: Accept failure -1
2024-07-17 23:32:21.403703 INFO: eventNum: 1
2024-07-17 23:32:21.403716 INFO: fd: 13, events: 1

2024-07-17 23:32:21.403721 INFO: HandleListenEvent 13
2024-07-17 23:32:21.403736 INFO: HttpConn 243 init success
2024-07-17 23:32:21.403745 INFO: addTimer id:243 expireTime:1721230841
2024-07-17 23:32:21.403756 INFO: Client[243] in!
2024-07-17 23:32:21.403763 INFO: HandleListenEvent 13
2024-07-17 23:32:21.403774 ERROR: Accept failure -1
2024-07-17 23:32:21.404513 INFO: eventNum: 1
2024-07-17 23:32:21.404533 INFO: fd: 13, events: 1

2024-07-17 23:32:21.404538 INFO: HandleListenEvent 13
2024-07-17 23:32:21.404549 INFO: HttpConn 244 init success
2024-07-17 23:32:21.404554 INFO: addTimer id:244 expireTime:1721230841
2024-07-17 23:32:21.404565 INFO: Client[244] in!
2024-07-17 23:32:21.404570 INFO: HandleListenEvent 13
2024-07-17 23:32:21.404584 ERROR: Accept failure -1
2024-07-17 23:32:21.405055 INFO: eventNum: 1
2024-07-17 23:32:21.405088 INFO: fd: 13, events: 1

2024-07-17 23:32:21.405093 INFO: HandleListenEvent 13
2024-07-17 23:32:21.405107 INFO: HttpConn 245 init success
2024-07-17 23:32:21.405113 INFO: addTimer id:245 expireTime:1721230841
2024-07-17 23:32:21.405123 INFO: Client[245] in!
2024-07-17 23:32:21.405127 INFO: HandleListenEvent 13
2024-07-17 23:32:21.405135 ERROR: Accept failure -1
2024-07-17 23:32:21.409676 INFO: eventNum: 1
2024-07-17 23:32:21.409750 INFO: fd: 13, events: 1

2024-07-17 23:32:21.409760 INFO: HandleListenEvent 13
2024-07-17 23:32:21.409789 INFO: HttpConn 246 init success
2024-07-17 23:32:21.409799 INFO: addTimer id:246 expireTime:1721230841
2024-07-17 23:32:21.409817 INFO: Client[246] in!
2024-07-17 23:32:21.409824 INFO: HandleListenEvent 13
2024-07-17 23:32:21.409841 INFO: HttpConn 247 init success
2024-07-17 23:32:21.409849 INFO: addTimer id:247 expireTime:1721230841
2024-07-17 23:32:21.409862 INFO: Client[247] in!
2024-07-17 23:32:21.409868 INFO: HandleListenEvent 13
2024-07-17 23:32:21.409879 ERROR: Accept failure -1
2024-07-17 23:32:21.409895 INFO: eventNum: 1
2024-07-17 23:32:21.409900 INFO: fd: 13, events: 1

2024-07-17 23:32:21.409905 INFO: HandleListenEvent 13
2024-07-17 23:32:21.409916 INFO: HttpConn 248 init success
2024-07-17 23:32:21.409921 INFO: addTimer id:248 expireTime:1721230841
2024-07-17 23:32:21.409929 INFO: Client[248] in!
2024-07-17 23:32:21.409933 INFO: HandleListenEvent 13
2024-07-17 23:32:21.409941 ERROR: Accept failure -1
2024-07-17 23:32:21.410078 INFO: eventNum: 1
2024-07-17 23:32:21.410089 INFO: fd: 13, events: 1

2024-07-17 23:32:21.410094 INFO: HandleListenEvent 13
2024-07-17 23:32:21.410107 INFO: HttpConn 249 init success
2024-07-17 23:32:21.410195 INFO: addTimer id:249 expireTime:1721230841
2024-07-17 23:32:21.410210 INFO: Client[249] in!
2024-07-17 23:32:21.410215 INFO: HandleListenEvent 13
2024-07-17 23:32:21.410224 ERROR: Accept failure -1
2024-07-17 23:32:21.410445 INFO: eventNum: 1
2024-07-17 23:32:21.410460 INFO: fd: 13, events: 1

2024-07-17 23:32:21.410465 INFO: HandleListenEvent 13
2024-07-17 23:32:21.410478 INFO: HttpConn 250 init success
2024-07-17 23:32:21.410483 INFO: addTimer id:250 expireTime:1721230841
2024-07-17 23:32:21.410493 INFO: Client[250] in!
2024-07-17 23:32:21.410498 INFO: HandleListenEvent 13
2024-07-17 23:32:21.410507 INFO: HttpConn 251 init success
2024-07-17 23:32:21.410512 INFO: addTimer id:251 expireTime:1721230841
2024-07-17 23:32:21.410519 INFO: Client[251] in!
2024-07-17 23:32:21.410524 INFO: HandleListenEvent 13
2024-07-17 23:32:21.410534 INFO: HttpConn 252 init success
2024-07-17 23:32:21.410539 INFO: addTimer id:252 expireTime:1721230841
2024-07-17 23:32:21.410547 INFO: Client[252] in!
2024-07-17 23:32:21.410551 INFO: HandleListenEvent 13
2024-07-17 23:32:21.410560 ERROR: Accept failure -1
2024-07-17 23:32:21.411197 INFO: eventNum: 1
2024-07-17 23:32:21.411220 INFO: fd: 13, events: 1

2024-07-17 23:32:21.411225 INFO: HandleListenEvent 13
2024-07-17 23:32:21.411246 INFO: HttpConn 253 init success
2024-07-17 23:32:21.411254 INFO: addTimer id:253 expireTime:1721230841
2024-07-17 23:32:21.411269 INFO: Client[253] in!
2024-07-17 23:32:21.411275 INFO: HandleListenEvent 13
2024-07-17 23:32:21.411286 INFO: HttpConn 254 init success
2024-07-17 23:32:21.411291 INFO: addTimer id:254 expireTime:1721230841
2024-07-17 23:32:21.411299 INFO: Client[254] in!
2024-07-17 23:32:21.411304 INFO: HandleListenEvent 13
2024-07-17 23:32:21.411312 ERROR: Accept failure -1
2024-07-17 23:32:21.411593 INFO: eventNum: 1
2024-07-17 23:32:21.411615 INFO: fd: 13, events: 1

2024-07-17 23:32:21.411623 INFO: HandleListenEvent 13
2024-07-17 23:32:21.411640 INFO: HttpConn 255 init success
2024-07-17 23:32:21.411649 INFO: addTimer id:255 expireTime:1721230841
2024-07-17 23:32:21.411664 INFO: Client[255] in!
2024-07-17 23:32:21.411671 INFO: HandleListenEvent 13
2024-07-17 23:32:21.411684 ERROR: Accept failure -1
2024-07-17 23:32:21.411899 INFO: eventNum: 1
2024-07-17 23:32:21.411941 INFO: fd: 13, events: 1

2024-07-17 23:32:21.411948 INFO: HandleListenEvent 13
2024-07-17 23:32:21.411973 INFO: HttpConn 256 init success
2024-07-17 23:32:21.411983 INFO: addTimer id:256 expireTime:1721230841
2024-07-17 23:32:21.411999 INFO: Client[256] in!
2024-07-17 23:32:21.412007 INFO: HandleListenEvent 13
2024-07-17 23:32:21.412021 INFO: HttpConn 257 init success
2024-07-17 23:32:21.412029 INFO: addTimer id:257 expireTime:1721230841
2024-07-17 23:32:21.412039 INFO: Client[257] in!
2024-07-17 23:32:21.412043 INFO: HandleListenEvent 13
2024-07-17 23:32:21.412053 INFO: HttpConn 258 init success
2024-07-17 23:32:21.412059 INFO: addTimer id:258 expireTime:1721230841
2024-07-17 23:32:21.412067 INFO: Client[258] in!
2024-07-17 23:32:21.412072 INFO: HandleListenEvent 13
2024-07-17 23:32:21.412084 INFO: HttpConn 259 init success
2024-07-17 23:32:21.412092 INFO: addTimer id:259 expireTime:1721230841
2024-07-17 23:32:21.412103 INFO: Client[259] in!
2024-07-17 23:32:21.412110 INFO: HandleListenEvent 13
2024-07-17 23:32:21.412122 ERROR: Accept failure -1
2024-07-17 23:32:21.412706 INFO: eventNum: 1
2024-07-17 23:32:21.412741 INFO: fd: 13, events: 1

2024-07-17 23:32:21.412750 INFO: HandleListenEvent 13
2024-07-17 23:32:21.412771 INFO: HttpConn 260 init success
2024-07-17 23:32:21.412779 INFO: addTimer id:260 expireTime:1721230841
2024-07-17 23:32:21.412794 INFO: Client[260] in!
2024-07-17 23:32:21.412804 INFO: HandleListenEvent 13
2024-07-17 23:32:21.412826 ERROR: Accept failure -1
2024-07-17 23:32:21.412836 INFO: eventNum: 1
2024-07-17 23:32:21.412843 INFO: fd: 236, events: 1

2024-07-17 23:32:21.412863 INFO: HttpConn 236 read success
2024-07-17 23:32:21.412877 INFO: GET / HTTP/1.1
2024-07-17 23:32:21.412884 INFO: Host: 39.98.202.182:9006
2024-07-17 23:32:21.412889 INFO: User-Agent: Go-http-client/1.1
2024-07-17 23:32:21.412894 INFO: oop!unknow header: User-Agent: Go-http-client/1.1
2024-07-17 23:32:21.412899 INFO: X-Vegeta-Seq: 1236
2024-07-17 23:32:21.412903 INFO: oop!unknow header: X-Vegeta-Seq: 1236
2024-07-17 23:32:21.412907 INFO: Accept-Encoding: gzip
2024-07-17 23:32:21.412911 INFO: oop!unknow header: Accept-Encoding: gzip
2024-07-17 23:32:21.412916 INFO: 
2024-07-17 23:32:21.412942 INFO: request:HTTP/1.1 200 OK

2024-07-17 23:32:21.412947 INFO: request:HTTP/1.1 200 OK
Content-Length:542

2024-07-17 23:32:21.412951 INFO: request:HTTP/1.1 200 OK
Content-Length:542
Connection:close

2024-07-17 23:32:21.412956 INFO: request:HTTP/1.1 200 OK
Content-Length:542
Connection:close


2024-07-17 23:32:21.412972 INFO: Thread 140246139651648 is running task

2024-07-17 23:32:21.412984 INFO: eventNum: 1
2024-07-17 23:32:21.412988 INFO: fd: 236, events: 4

2024-07-17 23:32:21.413044 INFO: Thread 140246131258944 is running task

2024-07-17 23:32:21.413072 INFO: eventNum: 1
2024-07-17 23:32:21.413085 INFO: fd: 234, events: 1

2024-07-17 23:32:21.413098 INFO: HttpConn 234 read success
2024-07-17 23:32:21.413107 INFO: GET / HTTP/1.1
2024-07-17 23:32:21.413113 INFO: Host: 39.98.202.182:9006
2024-07-17 23:32:21.413117 INFO: User-Agent: Go-http-client/1.1
2024-07-17 23:32:21.413122 INFO: oop!unknow header: User-Agent: Go-http-client/1.1
2024-07-17 23:32:21.413126 INFO: X-Vegeta-Seq: 1234
2024-07-17 23:32:21.413130 INFO: oop!unknow header: X-Vegeta-Seq: 1234
2024-07-17 23:32:21.413134 INFO: Accept-Encoding: gzip
2024-07-17 23:32:21.413139 INFO: oop!unknow header: Accept-Encoding: gzip
2024-07-17 23:32:21.413143 INFO: 
2024-07-17 23:32:21.413157 INFO: request:HTTP/1.1 200 OK

2024-07-17 23:32:21.413161 INFO: request:HTTP/1.1 200 OK
Content-Length:542

2024-07-17 23:32:21.413166 INFO: request:HTTP/1.1 200 OK
Content-Length:542
Connection:close

2024-07-17 23:32:21.413170 INFO: request:HTTP/1.1 200 OK
Content-Length:542
Connection:close


2024-07-17 23:32:21.413179 INFO: Thread 140246122866240 is running task

2024-07-17 23:32:21.413240 INFO: eventNum: 2
2024-07-17 23:32:21.413252 INFO: fd: 239, events: 1

2024-07-17 23:32:21.413267 INFO: HttpConn 239 read success
2024-07-17 23:32:21.413276 INFO: GET / HTTP/1.1
2024-07-17 23:32:21.413297 INFO: Host: 39.98.202.182:9006
2024-07-17 23:32:21.413302 INFO: User-Agent: Go-http-client/1.1
2024-07-17 23:32:21.413306 INFO: oop!unknow header: User-Agent: Go-http-client/1.1
2024-07-17 23:32:21.413310 INFO: X-Vegeta-Seq: 1231
2024-07-17 23:32:21.413315 INFO: oop!unknow header: X-Vegeta-Seq: 1231
2024-07-17 23:32:21.413319 INFO: Accept-Encoding: gzip
2024-07-17 23:32:21.413323 INFO: oop!unknow header: Accept-Encoding: gzip
2024-07-17 23:32:21.413327 INFO: 
2024-07-17 23:32:21.413340 INFO: request:HTTP/1.1 200 OK

2024-07-17 23:32:21.413345 INFO: request:HTTP/1.1 200 OK
Content-Length:542

2024-07-17 23:32:21.413349 INFO: request:HTTP/1.1 200 OK
Content-Length:542
Connection:close

2024-07-17 23:32:21.413354 INFO: request:HTTP/1.1 200 OK
Content-Length:542
Connection:close


2024-07-17 23:32:21.413365 INFO: Thread 140246148044352 is running task

2024-07-17 23:32:21.413373 INFO: fd: 234, events: 4

2024-07-17 23:32:21.413431 INFO: Thread 140246097688128 is running task

2024-07-17 23:32:21.413451 INFO: eventNum: 3
2024-07-17 23:32:21.413457 INFO: fd: 233, events: 1

2024-07-17 23:32:21.413468 INFO: fd: 237, events: 1

2024-07-17 23:32:21.413480 INFO: HttpConn 233 read success
2024-07-17 23:32:21.413489 INFO: HttpConn 237 read success
2024-07-17 23:32:21.413529 INFO: GET / HTTP/1.1
2024-07-17 23:32:21.413543 INFO: GET / HTTP/1.1
2024-07-17 23:32:21.413557 INFO: Host: 39.98.202.182:9006
2024-07-17 23:32:21.413562 INFO: User-Agent: Go-http-client/1.1
2024-07-17 23:32:21.413546 INFO: Host: 39.98.202.182:9006
2024-07-17 23:32:21.413491 INFO: fd: 239, events: 4

2024-07-17 23:32:21.413573 INFO: oop!unknow header: User-Agent: Go-http-client/1.1
2024-07-17 23:32:21.413584 INFO: User-Agent: Go-http-client/1.1
2024-07-17 23:32:21.413615 INFO: oop!unknow header: User-Agent: Go-http-client/1.1
2024-07-17 23:32:21.413621 INFO: X-Vegeta-Seq: 1237
2024-07-17 23:32:21.413626 INFO: oop!unknow header: X-Vegeta-Seq: 1237
2024-07-17 23:32:21.413631 INFO: Accept-Encoding: gzip
2024-07-17 23:32:21.413636 INFO: oop!unknow header: Accept-Encoding: gzip
2024-07-17 23:32:21.413640 INFO: Thread 140246156437056 is running task

2024-07-17 23:32:21.413641 INFO: 
2024-07-17 23:32:21.413600 INFO: X-Vegeta-Seq: 1235
2024-07-17 23:32:21.413702 INFO: request:HTTP/1.1 200 OK

2024-07-17 23:32:21.413669 INFO: eventNum: 2
2024-07-17 23:32:21.413712 INFO: oop!unknow header: X-Vegeta-Seq: 1235
2024-07-17 23:32:21.413724 INFO: request:HTTP/1.1 200 OK
Content-Length:542

2024-07-17 23:32:21.413755 INFO: fd: 252, events: 1

2024-07-17 23:32:21.413749 INFO: Accept-Encoding: gzip
2024-07-17 23:32:21.413759 INFO: request:HTTP/1.1 200 OK
Content-Length:542
Connection:close

2024-07-17 23:32:21.413785 INFO: oop!unknow header: Accept-Encoding: gzip
2024-07-17 23:32:21.413806 INFO: 
2024-07-17 23:32:21.413807 INFO: request:HTTP/1.1 200 OK
Content-Length:542
Connection:close


2024-07-17 23:32:21.413839 INFO: request:HTTP/1.1 200 OK

2024-07-17 23:32:21.413852 INFO: request:HTTP/1.1 200 OK
Content-Length:542

2024-07-17 23:32:21.413841 INFO: Thread 140246106080832 is running task

2024-07-17 23:32:21.413868 INFO: HttpConn 252 read success
2024-07-17 23:32:21.413878 INFO: GET / HTTP/1.1
2024-07-17 23:32:21.413883 INFO: Host: 39.98.202.182:9006
2024-07-17 23:32:21.413888 INFO: User-Agent: Go-http-client/1.1
2024-07-17 23:32:21.413892 INFO: oop!unknow header: User-Agent: Go-http-client/1.1
2024-07-17 23:32:21.413897 INFO: X-Vegeta-Seq: 1345
2024-07-17 23:32:21.413901 INFO: oop!unknow header: X-Vegeta-Seq: 1345
2024-07-17 23:32:21.413905 INFO: Accept-Encoding: gzip
2024-07-17 23:32:21.413909 INFO: oop!unknow header: Accept-Encoding: gzip
2024-07-17 23:32:21.413913 INFO: 
2024-07-17 23:32:21.413928 INFO: request:HTTP/1.1 200 OK

2024-07-17 23:32:21.413932 INFO: request:HTTP/1.1 200 OK
Content-Length:542

2024-07-17 23:32:21.413937 INFO: request:HTTP/1.1 200 OK
Content-Length:542
Connection:close

2024-07-17 23:32:21.413941 INFO: request:HTTP/1.1 200 OK
Content-Length:542
Connection:close


2024-07-17 23:32:21.413956 INFO: Thread 140246139651648 is running task

2024-07-17 23:32:21.413860 INFO: request:HTTP/1.1 200 OK
Content-Length:542
Connection:close

2024-07-17 23:32:21.413968 INFO: request:HTTP/1.1 200 OK
Content-Length:542
Connection:close


2024-07-17 23:32:21.413975 INFO: Thread 140246114473536 is running task

2024-07-17 23:32:21.413982 INFO: fd: 188, events: 1

2024-07-17 23:32:21.413995 INFO: eventNum: 5
2024-07-17 23:32:21.413998 INFO: HttpConn 188 read success
2024-07-17 23:32:21.414019 INFO: GET / HTTP/1.1
2024-07-17 23:32:21.414031 INFO: Host: 39.98.202.182:9006
2024-07-17 23:32:21.414000 INFO: fd: 189, events: 1

2024-07-17 23:32:21.414036 INFO: User-Agent: Go-http-client/1.1
2024-07-17 23:32:21.414051 INFO: oop!unknow header: User-Agent: Go-http-client/1.1
2024-07-17 23:32:21.414052 INFO: HttpConn 189 read success
2024-07-17 23:32:21.414061 INFO: X-Vegeta-Seq: 1167
2024-07-17 23:32:21.414076 INFO: GET / HTTP/1.1
2024-07-17 23:32:21.414077 INFO: oop!unknow header: X-Vegeta-Seq: 1167
2024-07-17 23:32:21.414054 INFO: fd: 233, events: 4

2024-07-17 23:32:21.414086 INFO: Host: 39.98.202.182:9006
2024-07-17 23:32:21.414094 INFO: Accept-Encoding: gzip
2024-07-17 23:32:21.414109 INFO: User-Agent: Go-http-client/1.1
2024-07-17 23:32:21.414130 INFO: oop!unknow header: Accept-Encoding: gzip
2024-07-17 23:32:21.414173 INFO: 
2024-07-17 23:32:21.414189 INFO: Thread 140246148044352 is running task

2024-07-17 23:32:21.414190 INFO: request:HTTP/1.1 200 OK

2024-07-17 23:32:21.414152 INFO: oop!unknow header: User-Agent: Go-http-client/1.1
2024-07-17 23:32:21.414211 INFO: request:HTTP/1.1 200 OK
Content-Length:542

2024-07-17 23:32:21.414223 INFO: fd: 235, events: 1

2024-07-17 23:32:21.414219 INFO: X-Vegeta-Seq: 1154
2024-07-17 23:32:21.414229 INFO: request:HTTP/1.1 200 OK
Content-Length:542
Connection:close

2024-07-17 23:32:21.414239 INFO: oop!unknow header: X-Vegeta-Seq: 1154
2024-07-17 23:32:21.414256 INFO: Accept-Encoding: gzip
2024-07-17 23:32:21.414247 INFO: request:HTTP/1.1 200 OK
Content-Length:542
Connection:close


2024-07-17 23:32:21.414275 INFO: HttpConn 235 read success
2024-07-17 23:32:21.414279 INFO: Thread 140246131258944 is running task

2024-07-17 23:32:21.414284 INFO: GET / HTTP/1.1
2024-07-17 23:32:21.414290 INFO: Host: 39.98.202.182:9006
2024-07-17 23:32:21.414295 INFO: User-Agent: Go-http-client/1.1
2024-07-17 23:32:21.414299 INFO: oop!unknow header: User-Agent: Go-http-client/1.1
2024-07-17 23:32:21.414303 INFO: X-Vegeta-Seq: 1238
2024-07-17 23:32:21.414308 INFO: oop!unknow header: X-Vegeta-Seq: 1238
2024-07-17 23:32:21.414312 INFO: Accept-Encoding: gzip
2024-07-17 23:32:21.414316 INFO: oop!unknow header: Accept-Encoding: gzip
2024-07-17 23:32:21.414320 INFO: 
2024-07-17 23:32:21.414334 INFO: request:HTTP/1.1 200 OK

2024-07-17 23:32:21.414339 INFO: request:HTTP/1.1 200 OK
Content-Length:542

2024-07-17 23:32:21.414343 INFO: request:HTTP/1.1 200 OK
Content-Length:542
Connection:close

2024-07-17 23:32:21.414348 INFO: request:HTTP/1.1 200 OK
Content-Length:542
Connection:close


