2024-07-17 23:32:21.320077 INFO: Accept-Encoding: gzip
2024-07-17 23:32:21.320155 INFO: oop!unknow header: Accept-Encoding: gzip
2024-07-17 23:32:21.320161 INFO: 
2024-07-17 23:32:21.320213 INFO: request:HTTP/1.1 200 OK

2024-07-17 23:32:21.320222 INFO: request:HTTP/1.1 200 OK
Content-Length:542

2024-07-17 23:32:21.320229 INFO: request:HTTP/1.1 200 OK
Content-Length:542
Connection:close

2024-07-17 23:32:21.320235 INFO: request:HTTP/1.1 200 OK
Content-Length:542
Connection:close


2024-07-17 23:32:21.320246 INFO: Thread 140246097688128 is running task

2024-07-17 23:32:21.320262 INFO: eventNum: 20
2024-07-17 23:32:21.320268 INFO: fd: 165, events: 1

2024-07-17 23:32:21.320283 INFO: HttpConn 165 read success
2024-07-17 23:32:21.320295 INFO: GET / HTTP/1.1
2024-07-17 23:32:21.320300 INFO: Host: 39.98.202.182:9006
2024-07-17 23:32:21.320305 INFO: User-Agent: Go-http-client/1.1
2024-07-17 23:32:21.320309 INFO: oop!unknow header: User-Agent: Go-http-client/1.1
2024-07-17 23:32:21.320313 INFO: X-Vegeta-Seq: 1089
2024-07-17 23:32:21.320318 INFO: oop!unknow header: X-Vegeta-Seq: 1089
2024-07-17 23:32:21.320325 INFO: Accept-Encoding: gzip
2024-07-17 23:32:21.320331 INFO: oop!unknow header: Accept-Encoding: gzip
2024-07-17 23:32:21.320337 INFO: 
2024-07-17 23:32:21.320355 INFO: request:HTTP/1.1 200 OK

2024-07-17 23:32:21.320363 INFO: request:HTTP/1.1 200 OK
Content-Length:542

2024-07-17 23:32:21.320370 INFO: request:HTTP/1.1 200 OK
Content-Length:542
Connection:close

2024-07-17 23:32:21.320384 INFO: request:HTTP/1.1 200 OK
Content-Length:542
Connection:close


2024-07-17 23:32:21.320394 INFO: Thread 140246114473536 is running task

2024-07-17 23:32:21.320405 INFO: fd: 175, events: 1

2024-07-17 23:32:21.320420 INFO: fd: 157, events: 4

2024-07-17 23:32:21.320427 INFO: HttpConn 175 read success
2024-07-17 23:32:21.320451 INFO: GET / HTTP/1.1
2024-07-17 23:32:21.320458 INFO: Host: 39.98.202.182:9006
2024-07-17 23:32:21.320462 INFO: User-Agent: Go-http-client/1.1
2024-07-17 23:32:21.320467 INFO: oop!unknow header: User-Agent: Go-http-client/1.1
2024-07-17 23:32:21.320472 INFO: X-Vegeta-Seq: 1079
2024-07-17 23:32:21.320492 INFO: oop!unknow header: X-Vegeta-Seq: 1079
2024-07-17 23:32:21.320500 INFO: Accept-Encoding: gzip
2024-07-17 23:32:21.320506 INFO: oop!unknow header: Accept-Encoding: gzip
2024-07-17 23:32:21.320512 INFO: 
2024-07-17 23:32:21.320534 INFO: request:HTTP/1.1 200 OK

2024-07-17 23:32:21.320540 INFO: request:HTTP/1.1 200 OK
Content-Length:542

2024-07-17 23:32:21.320544 INFO: request:HTTP/1.1 200 OK
Content-Length:542
Connection:close

2024-07-17 23:32:21.320549 INFO: request:HTTP/1.1 200 OK
Content-Length:542
Connection:close


2024-07-17 23:32:21.320560 INFO: Thread 140246106080832 is running task

2024-07-17 23:32:21.320584 INFO: Thread 140246106080832 is running task

2024-07-17 23:32:21.320436 INFO: fd: 142, events: 1

2024-07-17 23:32:21.320624 INFO: HttpConn 142 read success
2024-07-17 23:32:21.320637 INFO: GET / HTTP/1.1
2024-07-17 23:32:21.320646 INFO: Host: 39.98.202.182:9006
2024-07-17 23:32:21.320653 INFO: User-Agent: Go-http-client/1.1
2024-07-17 23:32:21.320660 INFO: oop!unknow header: User-Agent: Go-http-client/1.1
2024-07-17 23:32:21.320667 INFO: X-Vegeta-Seq: 1125
2024-07-17 23:32:21.320674 INFO: oop!unknow header: X-Vegeta-Seq: 1125
2024-07-17 23:32:21.320680 INFO: Accept-Encoding: gzip
2024-07-17 23:32:21.320685 INFO: oop!unknow header: Accept-Encoding: gzip
2024-07-17 23:32:21.320690 INFO: 
2024-07-17 23:32:21.320704 INFO: request:HTTP/1.1 200 OK

2024-07-17 23:32:21.320709 INFO: request:HTTP/1.1 200 OK
Content-Length:542

2024-07-17 23:32:21.320713 INFO: request:HTTP/1.1 200 OK
Content-Length:542
Connection:close

2024-07-17 23:32:21.320718 INFO: request:HTTP/1.1 200 OK
Content-Length:542
Connection:close


2024-07-17 23:32:21.320727 INFO: Thread 140246131258944 is running task

2024-07-17 23:32:21.320747 INFO: fd: 147, events: 4

2024-07-17 23:32:21.320760 INFO: fd: 170, events: 1

2024-07-17 23:32:21.320768 INFO: fd: 162, events: 4

2024-07-17 23:32:21.320776 INFO: fd: 168, events: 4

2024-07-17 23:32:21.320792 INFO: fd: 164, events: 1

2024-07-17 23:32:21.320794 INFO: Thread 140246156437056 is running task

2024-07-17 23:32:21.320811 INFO: HttpConn 170 read success
2024-07-17 23:32:21.320820 INFO: GET / HTTP/1.1
2024-07-17 23:32:21.320825 INFO: Host: 39.98.202.182:9006
2024-07-17 23:32:21.320834 INFO: User-Agent: Go-http-client/1.1
2024-07-17 23:32:21.320843 INFO: oop!unknow header: User-Agent: Go-http-client/1.1
2024-07-17 23:32:21.320848 INFO: X-Vegeta-Seq: 1083
2024-07-17 23:32:21.320801 INFO: fd: 137, events: 1

2024-07-17 23:32:21.320864 INFO: HttpConn 164 read success
2024-07-17 23:32:21.320873 INFO: GET / HTTP/1.1
2024-07-17 23:32:21.320878 INFO: Host: 39.98.202.182:9006
2024-07-17 23:32:21.320884 INFO: User-Agent: Go-http-client/1.1
2024-07-17 23:32:21.320889 INFO: oop!unknow header: User-Agent: Go-http-client/1.1
2024-07-17 23:32:21.320894 INFO: X-Vegeta-Seq: 1106
2024-07-17 23:32:21.320898 INFO: oop!unknow header: X-Vegeta-Seq: 1106
2024-07-17 23:32:21.320902 INFO: Accept-Encoding: gzip
2024-07-17 23:32:21.320906 INFO: oop!unknow header: Accept-Encoding: gzip
2024-07-17 23:32:21.320911 INFO: 
2024-07-17 23:32:21.320926 INFO: request:HTTP/1.1 200 OK

2024-07-17 23:32:21.320930 INFO: request:HTTP/1.1 200 OK
Content-Length:542

2024-07-17 23:32:21.320935 INFO: request:HTTP/1.1 200 OK
Content-Length:542
Connection:close

2024-07-17 23:32:21.320939 INFO: request:HTTP/1.1 200 OK
Content-Length:542
Connection:close


2024-07-17 23:32:21.320946 INFO: Thread 140246097688128 is running task

2024-07-17 23:32:21.320952 INFO: HttpConn 137 read success
2024-07-17 23:32:21.320958 INFO: GET / HTTP/1.1
2024-07-17 23:32:21.320963 INFO: Host: 39.98.202.182:9006
2024-07-17 23:32:21.320968 INFO: User-Agent: Go-http-client/1.1
2024-07-17 23:32:21.320972 INFO: oop!unknow header: User-Agent: Go-http-client/1.1
2024-07-17 23:32:21.320976 INFO: X-Vegeta-Seq: 1121
2024-07-17 23:32:21.320981 INFO: oop!unknow header: X-Vegeta-Seq: 1121
2024-07-17 23:32:21.320985 INFO: Accept-Encoding: gzip
2024-07-17 23:32:21.320993 INFO: oop!unknow header: Accept-Encoding: gzip
2024-07-17 23:32:21.320998 INFO: 
2024-07-17 23:32:21.321009 INFO: request:HTTP/1.1 200 OK

2024-07-17 23:32:21.321013 INFO: request:HTTP/1.1 200 OK
Content-Length:542

2024-07-17 23:32:21.321018 INFO: request:HTTP/1.1 200 OK
Content-Length:542
Connection:close

2024-07-17 23:32:21.321022 INFO: request:HTTP/1.1 200 OK
Content-Length:542
Connection:close


2024-07-17 23:32:21.321028 INFO: Thread 140246097688128 is running task

2024-07-17 23:32:21.320851 INFO: Thread 140246122866240 is running task

2024-07-17 23:32:21.320835 INFO: Thread 140246139651648 is running task

2024-07-17 23:32:21.320858 INFO: oop!unknow header: X-Vegeta-Seq: 1083
2024-07-17 23:32:21.321062 INFO: Accept-Encoding: gzip
2024-07-17 23:32:21.321067 INFO: oop!unknow header: Accept-Encoding: gzip
2024-07-17 23:32:21.321071 INFO: 
2024-07-17 23:32:21.321082 INFO: request:HTTP/1.1 200 OK

2024-07-17 23:32:21.321087 INFO: request:HTTP/1.1 200 OK
Content-Length:542

2024-07-17 23:32:21.321091 INFO: request:HTTP/1.1 200 OK
Content-Length:542
Connection:close

2024-07-17 23:32:21.321098 INFO: request:HTTP/1.1 200 OK
Content-Length:542
Connection:close


2024-07-17 23:32:21.321105 INFO: Thread 140246156437056 is running task

2024-07-17 23:32:21.321121 INFO: fd: 173, events: 1

2024-07-17 23:32:21.321133 INFO: fd: 144, events: 1

2024-07-17 23:32:21.321136 INFO: HttpConn 173 read success
2024-07-17 23:32:21.321154 INFO: GET / HTTP/1.1
2024-07-17 23:32:21.321162 INFO: Host: 39.98.202.182:9006
2024-07-17 23:32:21.321169 INFO: User-Agent: Go-http-client/1.1
2024-07-17 23:32:21.321175 INFO: oop!unknow header: User-Agent: Go-http-client/1.1
2024-07-17 23:32:21.321182 INFO: X-Vegeta-Seq: 1082
2024-07-17 23:32:21.321188 INFO: oop!unknow header: X-Vegeta-Seq: 1082
2024-07-17 23:32:21.321193 INFO: Accept-Encoding: gzip
2024-07-17 23:32:21.321200 INFO: oop!unknow header: Accept-Encoding: gzip
2024-07-17 23:32:21.321207 INFO: 
2024-07-17 23:32:21.321225 INFO: request:HTTP/1.1 200 OK

2024-07-17 23:32:21.321234 INFO: request:HTTP/1.1 200 OK
Content-Length:542

2024-07-17 23:32:21.321239 INFO: request:HTTP/1.1 200 OK
Content-Length:542
Connection:close

2024-07-17 23:32:21.321246 INFO: request:HTTP/1.1 200 OK
Content-Length:542
Connection:close


2024-07-17 23:32:21.321259 INFO: Thread 140246148044352 is running task

2024-07-17 23:32:21.321271 INFO: HttpConn 144 read success
2024-07-17 23:32:21.321286 INFO: GET / HTTP/1.1
2024-07-17 23:32:21.321293 INFO: Host: 39.98.202.182:9006
2024-07-17 23:32:21.321300 INFO: User-Agent: Go-http-client/1.1
2024-07-17 23:32:21.321307 INFO: oop!unknow header: User-Agent: Go-http-client/1.1
2024-07-17 23:32:21.321312 INFO: X-Vegeta-Seq: 1124
2024-07-17 23:32:21.321316 INFO: oop!unknow header: X-Vegeta-Seq: 1124
2024-07-17 23:32:21.321320 INFO: Accept-Encoding: gzip
2024-07-17 23:32:21.321337 INFO: oop!unknow header: Accept-Encoding: gzip
2024-07-17 23:32:21.321342 INFO: 
2024-07-17 23:32:21.321356 INFO: request:HTTP/1.1 200 OK

2024-07-17 23:32:21.321361 INFO: request:HTTP/1.1 200 OK
Content-Length:542

2024-07-17 23:32:21.321365 INFO: request:HTTP/1.1 200 OK
Content-Length:542
Connection:close

2024-07-17 23:32:21.321369 INFO: request:HTTP/1.1 200 OK
Content-Length:542
Connection:close


2024-07-17 23:32:21.321383 INFO: Thread 140246148044352 is running task

2024-07-17 23:32:21.321141 INFO: fd: 156, events: 4

2024-07-17 23:32:21.321461 INFO: Thread 140246097688128 is running task

2024-07-17 23:32:21.321491 INFO: fd: 143, events: 1

2024-07-17 23:32:21.321507 INFO: HttpConn 143 read success
2024-07-17 23:32:21.321516 INFO: GET / HTTP/1.1
2024-07-17 23:32:21.321522 INFO: Host: 39.98.202.182:9006
2024-07-17 23:32:21.321526 INFO: User-Agent: Go-http-client/1.1
2024-07-17 23:32:21.321530 INFO: oop!unknow header: User-Agent: Go-http-client/1.1
2024-07-17 23:32:21.321535 INFO: X-Vegeta-Seq: 1123
2024-07-17 23:32:21.321539 INFO: oop!unknow header: X-Vegeta-Seq: 1123
2024-07-17 23:32:21.321544 INFO: Accept-Encoding: gzip
2024-07-17 23:32:21.321548 INFO: oop!unknow header: Accept-Encoding: gzip
2024-07-17 23:32:21.321552 INFO: 
2024-07-17 23:32:21.321566 INFO: request:HTTP/1.1 200 OK

2024-07-17 23:32:21.321571 INFO: request:HTTP/1.1 200 OK
Content-Length:542

2024-07-17 23:32:21.321575 INFO: request:HTTP/1.1 200 OK
Content-Length:542
Connection:close

2024-07-17 23:32:21.321579 INFO: request:HTTP/1.1 200 OK
Content-Length:542
Connection:close


2024-07-17 23:32:21.321586 INFO: Thread 140246114473536 is running task

2024-07-17 23:32:21.321593 INFO: fd: 177, events: 4

2024-07-17 23:32:21.321618 INFO: Thread 140246122866240 is running task

2024-07-17 23:32:21.321629 INFO: fd: 155, events: 4

2024-07-17 23:32:21.321650 INFO: Thread 140246139651648 is running task

2024-07-17 23:32:21.321660 INFO: fd: 141, events: 1

2024-07-17 23:32:21.321670 INFO: HttpConn 141 read success
2024-07-17 23:32:21.321678 INFO: GET / HTTP/1.1
2024-07-17 23:32:21.321683 INFO: Host: 39.98.202.182:9006
2024-07-17 23:32:21.321687 INFO: User-Agent: Go-http-client/1.1
2024-07-17 23:32:21.321692 INFO: oop!unknow header: User-Agent: Go-http-client/1.1
2024-07-17 23:32:21.321698 INFO: X-Vegeta-Seq: 1113
2024-07-17 23:32:21.321703 INFO: oop!unknow header: X-Vegeta-Seq: 1113
2024-07-17 23:32:21.321707 INFO: Accept-Encoding: gzip
2024-07-17 23:32:21.321712 INFO: oop!unknow header: Accept-Encoding: gzip
2024-07-17 23:32:21.321716 INFO: 
2024-07-17 23:32:21.321728 INFO: request:HTTP/1.1 200 OK

2024-07-17 23:32:21.321733 INFO: request:HTTP/1.1 200 OK
Content-Length:542

2024-07-17 23:32:21.321738 INFO: request:HTTP/1.1 200 OK
Content-Length:542
Connection:close

2024-07-17 23:32:21.321742 INFO: request:HTTP/1.1 200 OK
Content-Length:542
Connection:close


2024-07-17 23:32:21.321749 INFO: Thread 140246156437056 is running task

2024-07-17 23:32:21.321756 INFO: fd: 145, events: 4

2024-07-17 23:32:21.321767 INFO: fd: 172, events: 1

2024-07-17 23:32:21.321775 INFO: fd: 174, events: 4

2024-07-17 23:32:21.321788 INFO: eventNum: 12
2024-07-17 23:32:21.321798 INFO: fd: 165, events: 4

2024-07-17 23:32:21.321815 INFO: HttpConn 172 read success
2024-07-17 23:32:21.321841 INFO: Thread 140246097688128 is running task

2024-07-17 23:32:21.321845 INFO: GET / HTTP/1.1
2024-07-17 23:32:21.321863 INFO: Host: 39.98.202.182:9006
2024-07-17 23:32:21.321870 INFO: User-Agent: Go-http-client/1.1
2024-07-17 23:32:21.321879 INFO: fd: 130, events: 1

2024-07-17 23:32:21.321876 INFO: Thread 140246131258944 is running task

2024-07-17 23:32:21.321903 INFO: fd: 139, events: 1

2024-07-17 23:32:21.321899 INFO: HttpConn 130 read success
2024-07-17 23:32:21.321922 INFO: GET / HTTP/1.1
2024-07-17 23:32:21.321927 INFO: Host: 39.98.202.182:9006
2024-07-17 23:32:21.321931 INFO: User-Agent: Go-http-client/1.1
2024-07-17 23:32:21.321936 INFO: oop!unknow header: User-Agent: Go-http-client/1.1
2024-07-17 23:32:21.321940 INFO: X-Vegeta-Seq: 1126
2024-07-17 23:32:21.321944 INFO: oop!unknow header: X-Vegeta-Seq: 1126
2024-07-17 23:32:21.321948 INFO: Accept-Encoding: gzip
2024-07-17 23:32:21.321952 INFO: oop!unknow header: Accept-Encoding: gzip
2024-07-17 23:32:21.321957 INFO: 
2024-07-17 23:32:21.321970 INFO: request:HTTP/1.1 200 OK

2024-07-17 23:32:21.321974 INFO: request:HTTP/1.1 200 OK
Content-Length:542

2024-07-17 23:32:21.321979 INFO: request:HTTP/1.1 200 OK
Content-Length:542
Connection:close

2024-07-17 23:32:21.321983 INFO: request:HTTP/1.1 200 OK
Content-Length:542
Connection:close


2024-07-17 23:32:21.321989 INFO: Thread 140246114473536 is running task

2024-07-17 23:32:21.321877 INFO: oop!unknow header: User-Agent: Go-http-client/1.1
2024-07-17 23:32:21.321800 INFO: Thread 140246106080832 is running task

2024-07-17 23:32:21.322017 INFO: HttpConn 139 read success
2024-07-17 23:32:21.322026 INFO: GET / HTTP/1.1
2024-07-17 23:32:21.322031 INFO: Host: 39.98.202.182:9006
2024-07-17 23:32:21.322035 INFO: User-Agent: Go-http-client/1.1
2024-07-17 23:32:21.322039 INFO: oop!unknow header: User-Agent: Go-http-client/1.1
2024-07-17 23:32:21.322043 INFO: X-Vegeta-Seq: 1127
2024-07-17 23:32:21.322048 INFO: oop!unknow header: X-Vegeta-Seq: 1127
2024-07-17 23:32:21.322052 INFO: Accept-Encoding: gzip
2024-07-17 23:32:21.322057 INFO: oop!unknow header: Accept-Encoding: gzip
2024-07-17 23:32:21.322061 INFO: 
2024-07-17 23:32:21.322072 INFO: request:HTTP/1.1 200 OK

2024-07-17 23:32:21.322077 INFO: request:HTTP/1.1 200 OK
Content-Length:542

2024-07-17 23:32:21.322081 INFO: request:HTTP/1.1 200 OK
Content-Length:542
Connection:close

2024-07-17 23:32:21.322085 INFO: request:HTTP/1.1 200 OK
Content-Length:542
Connection:close


2024-07-17 23:32:21.322092 INFO: Thread 140246122866240 is running task

2024-07-17 23:32:21.322007 INFO: X-Vegeta-Seq: 1080
2024-07-17 23:32:21.322102 INFO: oop!unknow header: X-Vegeta-Seq: 1080
2024-07-17 23:32:21.322107 INFO: Accept-Encoding: gzip
2024-07-17 23:32:21.322111 INFO: oop!unknow header: Accept-Encoding: gzip
2024-07-17 23:32:21.322148 INFO: 
2024-07-17 23:32:21.322159 INFO: request:HTTP/1.1 200 OK

2024-07-17 23:32:21.322164 INFO: request:HTTP/1.1 200 OK
Content-Length:542

2024-07-17 23:32:21.322168 INFO: request:HTTP/1.1 200 OK
Content-Length:542
Connection:close

2024-07-17 23:32:21.322173 INFO: request:HTTP/1.1 200 OK
Content-Length:542
Connection:close


2024-07-17 23:32:21.322179 INFO: Thread 140246148044352 is running task

2024-07-17 23:32:21.322186 INFO: fd: 175, events: 4

2024-07-17 23:32:21.322209 INFO: Thread 140246139651648 is running task

2024-07-17 23:32:21.322220 INFO: fd: 142, events: 4

2024-07-17 23:32:21.322241 INFO: Thread 140246156437056 is running task

2024-07-17 23:32:21.322255 INFO: fd: 164, events: 4

2024-07-17 23:32:21.322276 INFO: Thread 140246097688128 is running task

2024-07-17 23:32:21.322290 INFO: fd: 137, events: 4

2024-07-17 23:32:21.322308 INFO: fd: 170, events: 4

2024-07-17 23:32:21.322351 INFO: fd: 173, events: 4

2024-07-17 23:32:21.322345 INFO: Thread 140246131258944 is running task

2024-07-17 23:32:21.322411 INFO: Thread 140246131258944 is running task

2024-07-17 23:32:21.322349 INFO: Thread 140246114473536 is running task

2024-07-17 23:32:21.322373 INFO: fd: 144, events: 4

2024-07-17 23:32:21.322456 INFO: fd: 143, events: 4

2024-07-17 23:32:21.322465 INFO: fd: 141, events: 4

2024-07-17 23:32:21.322481 INFO: Thread 140246122866240 is running task

2024-07-17 23:32:21.322506 INFO: Thread 140246122866240 is running task

2024-07-17 23:32:21.322518 INFO: Thread 140246148044352 is running task

2024-07-17 23:32:21.322487 INFO: eventNum: 5
2024-07-17 23:32:21.322535 INFO: fd: 130, events: 4

2024-07-17 23:32:21.322550 INFO: fd: 139, events: 4

2024-07-17 23:32:21.322562 INFO: fd: 172, events: 4

2024-07-17 23:32:21.322570 INFO: Thread 140246156437056 is running task

2024-07-17 23:32:21.322592 INFO: Thread 140246156437056 is running task

2024-07-17 23:32:21.322600 INFO: Thread 140246131258944 is running task

2024-07-17 23:32:21.322614 INFO: fd: 135, events: 1

2024-07-17 23:32:21.322625 INFO: HttpConn 135 read success
2024-07-17 23:32:21.322635 INFO: GET / HTTP/1.1
2024-07-17 23:32:21.322640 INFO: Host: 39.98.202.182:9006
2024-07-17 23:32:21.322646 INFO: User-Agent: Go-http-client/1.1
2024-07-17 23:32:21.322652 INFO: oop!unknow header: User-Agent: Go-http-client/1.1
2024-07-17 23:32:21.322659 INFO: X-Vegeta-Seq: 1135
2024-07-17 23:32:21.322665 INFO: oop!unknow header: X-Vegeta-Seq: 1135
2024-07-17 23:32:21.322688 INFO: Accept-Encoding: gzip
2024-07-17 23:32:21.322694 INFO: oop!unknow header: Accept-Encoding: gzip
2024-07-17 23:32:21.322701 INFO: 
2024-07-17 23:32:21.322721 INFO: request:HTTP/1.1 200 OK

2024-07-17 23:32:21.322728 INFO: request:HTTP/1.1 200 OK
Content-Length:542

2024-07-17 23:32:21.322746 INFO: request:HTTP/1.1 200 OK
Content-Length:542
Connection:close

2024-07-17 23:32:21.322753 INFO: request:HTTP/1.1 200 OK
Content-Length:542
Connection:close


2024-07-17 23:32:21.322764 INFO: Thread 140246106080832 is running task

2024-07-17 23:32:21.322775 INFO: fd: 16, events: 8193

2024-07-17 23:32:21.322801 INFO: HttpConn 16 close success
2024-07-17 23:32:21.322809 INFO: Client[16] quit!
2024-07-17 23:32:21.322816 INFO: eventNum: 1
2024-07-17 23:32:21.322833 INFO: fd: 135, events: 4

2024-07-17 23:32:21.322873 INFO: Thread 140246114473536 is running task

2024-07-17 23:32:21.323107 INFO: eventNum: 1
2024-07-17 23:32:21.323123 INFO: fd: 112, events: 1

2024-07-17 23:32:21.323135 INFO: HttpConn 112 read success
2024-07-17 23:32:21.323145 INFO: GET / HTTP/1.1
2024-07-17 23:32:21.323150 INFO: Host: 39.98.202.182:9006
2024-07-17 23:32:21.323154 INFO: User-Agent: Go-http-client/1.1
2024-07-17 23:32:21.323159 INFO: oop!unknow header: User-Agent: Go-http-client/1.1
2024-07-17 23:32:21.323163 INFO: X-Vegeta-Seq: 1000
2024-07-17 23:32:21.323168 INFO: oop!unknow header: X-Vegeta-Seq: 1000
2024-07-17 23:32:21.323172 INFO: Accept-Encoding: gzip
2024-07-17 23:32:21.323177 INFO: oop!unknow header: Accept-Encoding: gzip
2024-07-17 23:32:21.323181 INFO: 
2024-07-17 23:32:21.323196 INFO: request:HTTP/1.1 200 OK

2024-07-17 23:32:21.323201 INFO: request:HTTP/1.1 200 OK
Content-Length:542

2024-07-17 23:32:21.323205 INFO: request:HTTP/1.1 200 OK
Content-Length:542
Connection:close

2024-07-17 23:32:21.323209 INFO: request:HTTP/1.1 200 OK
Content-Length:542
Connection:close


2024-07-17 23:32:21.323218 INFO: Thread 140246122866240 is running task

2024-07-17 23:32:21.323226 INFO: eventNum: 1
2024-07-17 23:32:21.323231 INFO: fd: 112, events: 4

2024-07-17 23:32:21.323261 INFO: Thread 140246139651648 is running task

2024-07-17 23:32:21.323366 INFO: eventNum: 1
2024-07-17 23:32:21.323407 INFO: fd: 109, events: 1

2024-07-17 23:32:21.323426 INFO: HttpConn 109 read success
2024-07-17 23:32:21.323442 INFO: GET / HTTP/1.1
2024-07-17 23:32:21.323448 INFO: Host: 39.98.202.182:9006
2024-07-17 23:32:21.323452 INFO: User-Agent: Go-http-client/1.1
2024-07-17 23:32:21.323457 INFO: oop!unknow header: User-Agent: Go-http-client/1.1
2024-07-17 23:32:21.323461 INFO: X-Vegeta-Seq: 982
2024-07-17 23:32:21.323465 INFO: oop!unknow header: X-Vegeta-Seq: 982
2024-07-17 23:32:21.323471 INFO: Accept-Encoding: gzip
2024-07-17 23:32:21.323484 INFO: oop!unknow header: Accept-Encoding: gzip
2024-07-17 23:32:21.323491 INFO: 
2024-07-17 23:32:21.323520 INFO: eventNum: 1
2024-07-17 23:32:21.323535 INFO: fd: 106, events: 1

2024-07-17 23:32:21.323526 INFO: request:HTTP/1.1 200 OK

2024-07-17 23:32:21.323550 INFO: request:HTTP/1.1 200 OK
Content-Length:542

2024-07-17 23:32:21.323551 INFO: HttpConn 106 read success
2024-07-17 23:32:21.323571 INFO: GET / HTTP/1.1
2024-07-17 23:32:21.323576 INFO: Host: 39.98.202.182:9006
2024-07-17 23:32:21.323581 INFO: User-Agent: Go-http-client/1.1
2024-07-17 23:32:21.323585 INFO: oop!unknow header: User-Agent: Go-http-client/1.1
2024-07-17 23:32:21.323590 INFO: X-Vegeta-Seq: 996
2024-07-17 23:32:21.323594 INFO: oop!unknow header: X-Vegeta-Seq: 996
2024-07-17 23:32:21.323598 INFO: Accept-Encoding: gzip
2024-07-17 23:32:21.323602 INFO: oop!unknow header: Accept-Encoding: gzip
2024-07-17 23:32:21.323607 INFO: 
2024-07-17 23:32:21.323622 INFO: request:HTTP/1.1 200 OK

2024-07-17 23:32:21.323626 INFO: request:HTTP/1.1 200 OK
Content-Length:542

2024-07-17 23:32:21.323631 INFO: request:HTTP/1.1 200 OK
Content-Length:542
Connection:close

2024-07-17 23:32:21.323635 INFO: request:HTTP/1.1 200 OK
Content-Length:542
Connection:close


2024-07-17 23:32:21.323645 INFO: Thread 140246156437056 is running task

2024-07-17 23:32:21.323559 INFO: request:HTTP/1.1 200 OK
Content-Length:542
Connection:close

2024-07-17 23:32:21.323659 INFO: request:HTTP/1.1 200 OK
Content-Length:542
Connection:close


2024-07-17 23:32:21.323665 INFO: Thread 140246148044352 is running task

2024-07-17 23:32:21.323672 INFO: eventNum: 2
2024-07-17 23:32:21.323677 INFO: fd: 106, events: 4

2024-07-17 23:32:21.323702 INFO: Thread 140246097688128 is running task

2024-07-17 23:32:21.323714 INFO: fd: 109, events: 4

2024-07-17 23:32:21.323761 INFO: eventNum: 1
2024-07-17 23:32:21.323763 INFO: Thread 140246131258944 is running task

2024-07-17 23:32:21.323777 INFO: fd: 110, events: 1

2024-07-17 23:32:21.323811 INFO: HttpConn 110 read success
2024-07-17 23:32:21.323822 INFO: GET / HTTP/1.1
2024-07-17 23:32:21.323828 INFO: Host: 39.98.202.182:9006
2024-07-17 23:32:21.323832 INFO: User-Agent: Go-http-client/1.1
2024-07-17 23:32:21.323836 INFO: oop!unknow header: User-Agent: Go-http-client/1.1
2024-07-17 23:32:21.323841 INFO: X-Vegeta-Seq: 993
2024-07-17 23:32:21.323845 INFO: oop!unknow header: X-Vegeta-Seq: 993
2024-07-17 23:32:21.323849 INFO: Accept-Encoding: gzip
2024-07-17 23:32:21.323853 INFO: oop!unknow header: Accept-Encoding: gzip
2024-07-17 23:32:21.323857 INFO: 
2024-07-17 23:32:21.323872 INFO: request:HTTP/1.1 200 OK

2024-07-17 23:32:21.323877 INFO: request:HTTP/1.1 200 OK
Content-Length:542

2024-07-17 23:32:21.323881 INFO: request:HTTP/1.1 200 OK
Content-Length:542
Connection:close

2024-07-17 23:32:21.323885 INFO: request:HTTP/1.1 200 OK
Content-Length:542
Connection:close


2024-07-17 23:32:21.323897 INFO: Thread 140246106080832 is running task

2024-07-17 23:32:21.323901 INFO: eventNum: 1
2024-07-17 23:32:21.323909 INFO: fd: 110, events: 4

2024-07-17 23:32:21.323941 INFO: Thread 140246114473536 is running task

2024-07-17 23:32:21.324084 INFO: eventNum: 1
2024-07-17 23:32:21.324100 INFO: fd: 131, events: 1

2024-07-17 23:32:21.324111 INFO: HttpConn 131 read success
2024-07-17 23:32:21.324119 INFO: GET / HTTP/1.1
2024-07-17 23:32:21.324125 INFO: Host: 39.98.202.182:9006
2024-07-17 23:32:21.324130 INFO: User-Agent: Go-http-client/1.1
2024-07-17 23:32:21.324134 INFO: oop!unknow header: User-Agent: Go-http-client/1.1
2024-07-17 23:32:21.324139 INFO: X-Vegeta-Seq: 1129
2024-07-17 23:32:21.324143 INFO: oop!unknow header: X-Vegeta-Seq: 1129
2024-07-17 23:32:21.324147 INFO: Accept-Encoding: gzip
2024-07-17 23:32:21.324152 INFO: oop!unknow header: Accept-Encoding: gzip
2024-07-17 23:32:21.324156 INFO: 
2024-07-17 23:32:21.324170 INFO: request:HTTP/1.1 200 OK

2024-07-17 23:32:21.324175 INFO: request:HTTP/1.1 200 OK
Content-Length:542

2024-07-17 23:32:21.324179 INFO: request:HTTP/1.1 200 OK
Content-Length:542
Connection:close

2024-07-17 23:32:21.324189 INFO: request:HTTP/1.1 200 OK
Content-Length:542
Connection:close


2024-07-17 23:32:21.324200 INFO: Thread 140246122866240 is running task

2024-07-17 23:32:21.324209 INFO: eventNum: 1
2024-07-17 23:32:21.324214 INFO: fd: 131, events: 4

2024-07-17 23:32:21.324245 INFO: Thread 140246139651648 is running task

2024-07-17 23:32:21.324339 INFO: eventNum: 1
2024-07-17 23:32:21.324354 INFO: fd: 107, events: 1

2024-07-17 23:32:21.324366 INFO: HttpConn 107 read success
2024-07-17 23:32:21.324374 INFO: GET / HTTP/1.1
2024-07-17 23:32:21.324396 INFO: Host: 39.98.202.182:9006
2024-07-17 23:32:21.324400 INFO: User-Agent: Go-http-client/1.1
2024-07-17 23:32:21.324405 INFO: oop!unknow header: User-Agent: Go-http-client/1.1
2024-07-17 23:32:21.324412 INFO: X-Vegeta-Seq: 1004
2024-07-17 23:32:21.324416 INFO: oop!unknow header: X-Vegeta-Seq: 1004
2024-07-17 23:32:21.324420 INFO: Accept-Encoding: gzip
2024-07-17 23:32:21.324425 INFO: oop!unknow header: Accept-Encoding: gzip
2024-07-17 23:32:21.324429 INFO: 
2024-07-17 23:32:21.324444 INFO: request:HTTP/1.1 200 OK

2024-07-17 23:32:21.324449 INFO: request:HTTP/1.1 200 OK
Content-Length:542

2024-07-17 23:32:21.324453 INFO: request:HTTP/1.1 200 OK
Content-Length:542
Connection:close

2024-07-17 23:32:21.324457 INFO: request:HTTP/1.1 200 OK
Content-Length:542
Connection:close


2024-07-17 23:32:21.324466 INFO: Thread 140246156437056 is running task

2024-07-17 23:32:21.324474 INFO: eventNum: 2
2024-07-17 23:32:21.324479 INFO: fd: 121, events: 1

2024-07-17 23:32:21.324490 INFO: HttpConn 121 read success
2024-07-17 23:32:21.324498 INFO: GET / HTTP/1.1
2024-07-17 23:32:21.324503 INFO: Host: 39.98.202.182:9006
2024-07-17 23:32:21.324507 INFO: User-Agent: Go-http-client/1.1
2024-07-17 23:32:21.324511 INFO: oop!unknow header: User-Agent: Go-http-client/1.1
2024-07-17 23:32:21.324516 INFO: X-Vegeta-Seq: 975
2024-07-17 23:32:21.324520 INFO: oop!unknow header: X-Vegeta-Seq: 975
2024-07-17 23:32:21.324524 INFO: Accept-Encoding: gzip
2024-07-17 23:32:21.324528 INFO: oop!unknow header: Accept-Encoding: gzip
2024-07-17 23:32:21.324533 INFO: 
2024-07-17 23:32:21.324547 INFO: request:HTTP/1.1 200 OK

2024-07-17 23:32:21.324551 INFO: request:HTTP/1.1 200 OK
Content-Length:542

2024-07-17 23:32:21.324556 INFO: request:HTTP/1.1 200 OK
Content-Length:542
Connection:close

2024-07-17 23:32:21.324560 INFO: request:HTTP/1.1 200 OK
Content-Length:542
Connection:close


2024-07-17 23:32:21.324567 INFO: Thread 140246148044352 is running task

2024-07-17 23:32:21.324574 INFO: fd: 107, events: 4

2024-07-17 23:32:21.324598 INFO: Thread 140246097688128 is running task

2024-07-17 23:32:21.324610 INFO: eventNum: 1
2024-07-17 23:32:21.324615 INFO: fd: 121, events: 4

2024-07-17 23:32:21.324659 INFO: Thread 140246131258944 is running task

2024-07-17 23:32:21.324699 INFO: eventNum: 1
2024-07-17 23:32:21.324712 INFO: fd: 138, events: 1

2024-07-17 23:32:21.324727 INFO: HttpConn 138 read success
2024-07-17 23:32:21.324743 INFO: GET / HTTP/1.1
2024-07-17 23:32:21.324751 INFO: Host: 39.98.202.182:9006
2024-07-17 23:32:21.324758 INFO: User-Agent: Go-http-client/1.1
2024-07-17 23:32:21.324777 INFO: eventNum: 1
2024-07-17 23:32:21.324779 INFO: oop!unknow header: User-Agent: Go-http-client/1.1
2024-07-17 23:32:21.324791 INFO: fd: 105, events: 1

2024-07-17 23:32:21.324806 INFO: X-Vegeta-Seq: 1131
2024-07-17 23:32:21.324824 INFO: oop!unknow header: X-Vegeta-Seq: 1131
2024-07-17 23:32:21.324829 INFO: Accept-Encoding: gzip
2024-07-17 23:32:21.324849 INFO: oop!unknow header: Accept-Encoding: gzip
2024-07-17 23:32:21.324850 INFO: eventNum: 1
2024-07-17 23:32:21.324868 INFO: fd: 115, events: 1

2024-07-17 23:32:21.324878 INFO: HttpConn 105 read success
2024-07-17 23:32:21.324879 INFO: HttpConn 115 read success
2024-07-17 23:32:21.324860 INFO: 
2024-07-17 23:32:21.324904 INFO: GET / HTTP/1.1
2024-07-17 23:32:21.324910 INFO: Host: 39.98.202.182:9006
2024-07-17 23:32:21.324915 INFO: User-Agent: Go-http-client/1.1
2024-07-17 23:32:21.324921 INFO: oop!unknow header: User-Agent: Go-http-client/1.1
2024-07-17 23:32:21.324935 INFO: X-Vegeta-Seq: 988
2024-07-17 23:32:21.324924 INFO: request:HTTP/1.1 200 OK

2024-07-17 23:32:21.324957 INFO: request:HTTP/1.1 200 OK
Content-Length:542

2024-07-17 23:32:21.324882 INFO: eventNum: 1
2024-07-17 23:32:21.324894 INFO: GET / HTTP/1.1
2024-07-17 23:32:21.324982 INFO: Host: 39.98.202.182:9006
2024-07-17 23:32:21.324988 INFO: User-Agent: Go-http-client/1.1
2024-07-17 23:32:21.324992 INFO: oop!unknow header: User-Agent: Go-http-client/1.1
2024-07-17 23:32:21.324999 INFO: X-Vegeta-Seq: 994
2024-07-17 23:32:21.325003 INFO: oop!unknow header: X-Vegeta-Seq: 994
2024-07-17 23:32:21.325008 INFO: Accept-Encoding: gzip
2024-07-17 23:32:21.325012 INFO: oop!unknow header: Accept-Encoding: gzip
2024-07-17 23:32:21.325016 INFO: 
2024-07-17 23:32:21.325030 INFO: request:HTTP/1.1 200 OK

2024-07-17 23:32:21.325035 INFO: request:HTTP/1.1 200 OK
Content-Length:542

2024-07-17 23:32:21.325039 INFO: request:HTTP/1.1 200 OK
Content-Length:542
Connection:close

2024-07-17 23:32:21.325043 INFO: request:HTTP/1.1 200 OK
Content-Length:542
Connection:close


2024-07-17 23:32:21.325052 INFO: Thread 140246114473536 is running task

2024-07-17 23:32:21.324943 INFO: oop!unknow header: X-Vegeta-Seq: 988
2024-07-17 23:32:21.325066 INFO: Accept-Encoding: gzip
2024-07-17 23:32:21.324969 INFO: request:HTTP/1.1 200 OK
Content-Length:542
Connection:close

2024-07-17 23:32:21.325082 INFO: request:HTTP/1.1 200 OK
Content-Length:542
Connection:close


2024-07-17 23:32:21.325074 INFO: oop!unknow header: Accept-Encoding: gzip
2024-07-17 23:32:21.325078 INFO: fd: 120, events: 1

2024-07-17 23:32:21.325119 INFO: HttpConn 120 read success
2024-07-17 23:32:21.325097 INFO: Thread 140246106080832 is running task

2024-07-17 23:32:21.325127 INFO: GET / HTTP/1.1
2024-07-17 23:32:21.325135 INFO: Host: 39.98.202.182:9006
2024-07-17 23:32:21.325140 INFO: User-Agent: Go-http-client/1.1
2024-07-17 23:32:21.325144 INFO: oop!unknow header: User-Agent: Go-http-client/1.1
2024-07-17 23:32:21.325148 INFO: X-Vegeta-Seq: 986
2024-07-17 23:32:21.325153 INFO: oop!unknow header: X-Vegeta-Seq: 986
2024-07-17 23:32:21.325157 INFO: Accept-Encoding: gzip
2024-07-17 23:32:21.325163 INFO: oop!unknow header: Accept-Encoding: gzip
2024-07-17 23:32:21.325167 INFO: 
2024-07-17 23:32:21.325179 INFO: request:HTTP/1.1 200 OK

2024-07-17 23:32:21.325184 INFO: request:HTTP/1.1 200 OK
Content-Length:542

2024-07-17 23:32:21.325188 INFO: request:HTTP/1.1 200 OK
Content-Length:542
Connection:close

2024-07-17 23:32:21.325193 INFO: request:HTTP/1.1 200 OK
Content-Length:542
Connection:close


2024-07-17 23:32:21.325204 INFO: Thread 140246139651648 is running task

2024-07-17 23:32:21.325098 INFO: 
2024-07-17 23:32:21.325230 INFO: request:HTTP/1.1 200 OK

2024-07-17 23:32:21.325237 INFO: request:HTTP/1.1 200 OK
Content-Length:542

2024-07-17 23:32:21.325242 INFO: request:HTTP/1.1 200 OK
Content-Length:542
Connection:close

2024-07-17 23:32:21.325248 INFO: request:HTTP/1.1 200 OK
Content-Length:542
Connection:close


2024-07-17 23:32:21.325258 INFO: Thread 140246122866240 is running task

2024-07-17 23:32:21.325271 INFO: eventNum: 7
2024-07-17 23:32:21.325278 INFO: fd: 136, events: 1

2024-07-17 23:32:21.325292 INFO: HttpConn 136 read success
2024-07-17 23:32:21.325303 INFO: GET / HTTP/1.1
2024-07-17 23:32:21.325310 INFO: Host: 39.98.202.182:9006
2024-07-17 23:32:21.325316 INFO: User-Agent: Go-http-client/1.1
2024-07-17 23:32:21.325323 INFO: oop!unknow header: User-Agent: Go-http-client/1.1
2024-07-17 23:32:21.325335 INFO: X-Vegeta-Seq: 1122
2024-07-17 23:32:21.325342 INFO: oop!unknow header: X-Vegeta-Seq: 1122
2024-07-17 23:32:21.325350 INFO: Accept-Encoding: gzip
2024-07-17 23:32:21.325357 INFO: oop!unknow header: Accept-Encoding: gzip
2024-07-17 23:32:21.325364 INFO: 
2024-07-17 23:32:21.325400 INFO: request:HTTP/1.1 200 OK

2024-07-17 23:32:21.325408 INFO: request:HTTP/1.1 200 OK
Content-Length:542

2024-07-17 23:32:21.325419 INFO: request:HTTP/1.1 200 OK
Content-Length:542
Connection:close

2024-07-17 23:32:21.325432 INFO: request:HTTP/1.1 200 OK
Content-Length:542
Connection:close


2024-07-17 23:32:21.325443 INFO: Thread 140246156437056 is running task

2024-07-17 23:32:21.325457 INFO: fd: 105, events: 4

2024-07-17 23:32:21.325500 INFO: Thread 140246148044352 is running task

2024-07-17 23:32:21.325513 INFO: fd: 138, events: 4

2024-07-17 23:32:21.325536 INFO: Thread 140246097688128 is running task

2024-07-17 23:32:21.325545 INFO: fd: 104, events: 1

2024-07-17 23:32:21.325556 INFO: fd: 93, events: 1

2024-07-17 23:32:21.325567 INFO: HttpConn 104 read success
2024-07-17 23:32:21.325576 INFO: GET / HTTP/1.1
2024-07-17 23:32:21.325590 INFO: fd: 120, events: 4

2024-07-17 23:32:21.325588 INFO: Host: 39.98.202.182:9006
2024-07-17 23:32:21.325584 INFO: HttpConn 93 read success
2024-07-17 23:32:21.325619 INFO: User-Agent: Go-http-client/1.1
2024-07-17 23:32:21.325661 INFO: oop!unknow header: User-Agent: Go-http-client/1.1
2024-07-17 23:32:21.325667 INFO: X-Vegeta-Seq: 1002
2024-07-17 23:32:21.325671 INFO: oop!unknow header: X-Vegeta-Seq: 1002
2024-07-17 23:32:21.325676 INFO: Accept-Encoding: gzip
2024-07-17 23:32:21.325682 INFO: oop!unknow header: Accept-Encoding: gzip
2024-07-17 23:32:21.325693 INFO: 
2024-07-17 23:32:21.325698 INFO: Thread 140246106080832 is running task

2024-07-17 23:32:21.325611 INFO: fd: 115, events: 4

2024-07-17 23:32:21.325708 INFO: request:HTTP/1.1 200 OK

2024-07-17 23:32:21.325650 INFO: GET / HTTP/1.1
2024-07-17 23:32:21.325743 INFO: Host: 39.98.202.182:9006
2024-07-17 23:32:21.325754 INFO: User-Agent: Go-http-client/1.1
2024-07-17 23:32:21.325730 INFO: request:HTTP/1.1 200 OK
Content-Length:542

2024-07-17 23:32:21.325760 INFO: oop!unknow header: User-Agent: Go-http-client/1.1
2024-07-17 23:32:21.325761 INFO: Thread 140246139651648 is running task

2024-07-17 23:32:21.325776 INFO: request:HTTP/1.1 200 OK
Content-Length:542
Connection:close

2024-07-17 23:32:21.325806 INFO: request:HTTP/1.1 200 OK
Content-Length:542
Connection:close


2024-07-17 23:32:21.325787 INFO: X-Vegeta-Seq: 1016
2024-07-17 23:32:21.325833 INFO: eventNum: 8
2024-07-17 23:32:21.325824 INFO: Thread 140246114473536 is running task

2024-07-17 23:32:21.325842 INFO: oop!unknow header: X-Vegeta-Seq: 1016
2024-07-17 23:32:21.325880 INFO: Accept-Encoding: gzip
2024-07-17 23:32:21.325895 INFO: oop!unknow header: Accept-Encoding: gzip
2024-07-17 23:32:21.325908 INFO: 
2024-07-17 23:32:21.325866 INFO: fd: 100, events: 1

2024-07-17 23:32:21.325950 INFO: request:HTTP/1.1 200 OK

2024-07-17 23:32:21.325981 INFO: request:HTTP/1.1 200 OK
Content-Length:542

2024-07-17 23:32:21.325991 INFO: request:HTTP/1.1 200 OK
Content-Length:542
Connection:close

2024-07-17 23:32:21.325953 INFO: HttpConn 100 read success
2024-07-17 23:32:21.326004 INFO: request:HTTP/1.1 200 OK
Content-Length:542
Connection:close


2024-07-17 23:32:21.326026 INFO: GET / HTTP/1.1
2024-07-17 23:32:21.326035 INFO: Host: 39.98.202.182:9006
2024-07-17 23:32:21.326035 INFO: Thread 140246131258944 is running task

2024-07-17 23:32:21.326047 INFO: User-Agent: Go-http-client/1.1
2024-07-17 23:32:21.326063 INFO: oop!unknow header: User-Agent: Go-http-client/1.1
2024-07-17 23:32:21.326072 INFO: X-Vegeta-Seq: 1006
2024-07-17 23:32:21.326077 INFO: oop!unknow header: X-Vegeta-Seq: 1006
2024-07-17 23:32:21.326081 INFO: Accept-Encoding: gzip
2024-07-17 23:32:21.326085 INFO: oop!unknow header: Accept-Encoding: gzip
2024-07-17 23:32:21.326090 INFO: 
2024-07-17 23:32:21.326105 INFO: request:HTTP/1.1 200 OK

2024-07-17 23:32:21.326110 INFO: request:HTTP/1.1 200 OK
Content-Length:542

2024-07-17 23:32:21.326133 INFO: request:HTTP/1.1 200 OK
Content-Length:542
Connection:close

2024-07-17 23:32:21.326137 INFO: request:HTTP/1.1 200 OK
Content-Length:542
Connection:close


2024-07-17 23:32:21.326147 INFO: Thread 140246122866240 is running task

2024-07-17 23:32:21.325955 INFO: fd: 136, events: 4

2024-07-17 23:32:21.326245 INFO: Thread 140246156437056 is running task

2024-07-17 23:32:21.326270 INFO: fd: 99, events: 1

2024-07-17 23:32:21.326286 INFO: HttpConn 99 read success
2024-07-17 23:32:21.326304 INFO: GET / HTTP/1.1
2024-07-17 23:32:21.326311 INFO: Host: 39.98.202.182:9006
2024-07-17 23:32:21.326315 INFO: User-Agent: Go-http-client/1.1
2024-07-17 23:32:21.326320 INFO: oop!unknow header: User-Agent: Go-http-client/1.1
2024-07-17 23:32:21.326324 INFO: X-Vegeta-Seq: 1005
2024-07-17 23:32:21.326328 INFO: oop!unknow header: X-Vegeta-Seq: 1005
2024-07-17 23:32:21.326332 INFO: Accept-Encoding: gzip
2024-07-17 23:32:21.326337 INFO: oop!unknow header: Accept-Encoding: gzip
2024-07-17 23:32:21.326345 INFO: 
2024-07-17 23:32:21.326360 INFO: request:HTTP/1.1 200 OK

2024-07-17 23:32:21.326365 INFO: request:HTTP/1.1 200 OK
Content-Length:542

2024-07-17 23:32:21.326369 INFO: request:HTTP/1.1 200 OK
Content-Length:542
Connection:close

2024-07-17 23:32:21.326373 INFO: request:HTTP/1.1 200 OK
Content-Length:542
Connection:close


2024-07-17 23:32:21.326402 INFO: Thread 140246148044352 is running task

2024-07-17 23:32:21.326410 INFO: fd: 98, events: 1

2024-07-17 23:32:21.326422 INFO: HttpConn 98 read success
2024-07-17 23:32:21.326431 INFO: GET / HTTP/1.1
2024-07-17 23:32:21.326436 INFO: Host: 39.98.202.182:9006
2024-07-17 23:32:21.326440 INFO: User-Agent: Go-http-client/1.1
2024-07-17 23:32:21.326444 INFO: oop!unknow header: User-Agent: Go-http-client/1.1
2024-07-17 23:32:21.326451 INFO: X-Vegeta-Seq: 1019
2024-07-17 23:32:21.326455 INFO: oop!unknow header: X-Vegeta-Seq: 1019
2024-07-17 23:32:21.326459 INFO: Accept-Encoding: gzip
2024-07-17 23:32:21.326463 INFO: oop!unknow header: Accept-Encoding: gzip
2024-07-17 23:32:21.326468 INFO: 
2024-07-17 23:32:21.326480 INFO: request:HTTP/1.1 200 OK

2024-07-17 23:32:21.326484 INFO: request:HTTP/1.1 200 OK
Content-Length:542

2024-07-17 23:32:21.326489 INFO: request:HTTP/1.1 200 OK
Content-Length:542
Connection:close

2024-07-17 23:32:21.326493 INFO: request:HTTP/1.1 200 OK
Content-Length:542
Connection:close


2024-07-17 23:32:21.326503 INFO: Thread 140246097688128 is running task

2024-07-17 23:32:21.326510 INFO: fd: 114, events: 1

2024-07-17 23:32:21.326520 INFO: fd: 116, events: 1

2024-07-17 23:32:21.326528 INFO: HttpConn 114 read success
2024-07-17 23:32:21.326531 INFO: HttpConn 116 read success
2024-07-17 23:32:21.326560 INFO: GET / HTTP/1.1
2024-07-17 23:32:21.326533 INFO: fd: 118, events: 1

2024-07-17 23:32:21.326575 INFO: GET / HTTP/1.1
2024-07-17 23:32:21.326589 INFO: Host: 39.98.202.182:9006
2024-07-17 23:32:21.326609 INFO: Host: 39.98.202.182:9006
2024-07-17 23:32:21.326632 INFO: User-Agent: Go-http-client/1.1
2024-07-17 23:32:21.326640 INFO: HttpConn 118 read success
2024-07-17 23:32:21.326644 INFO: oop!unknow header: User-Agent: Go-http-client/1.1
2024-07-17 23:32:21.326657 INFO: GET / HTTP/1.1
2024-07-17 23:32:21.326659 INFO: X-Vegeta-Seq: 1001
2024-07-17 23:32:21.326632 INFO: User-Agent: Go-http-client/1.1
2024-07-17 23:32:21.326695 INFO: oop!unknow header: User-Agent: Go-http-client/1.1
2024-07-17 23:32:21.326683 INFO: oop!unknow header: X-Vegeta-Seq: 1001
2024-07-17 23:32:21.326675 INFO: Host: 39.98.202.182:9006
