2024-07-17 23:32:22.480088 INFO: fd: 84, events: 4

2024-07-17 23:32:22.480210 INFO: Thread 140246139651648 is running task

2024-07-17 23:32:22.481141 INFO: eventNum: 1
2024-07-17 23:32:22.481171 INFO: fd: 13, events: 1

2024-07-17 23:32:22.481178 INFO: HandleListenEvent 13
2024-07-17 23:32:22.481197 INFO: HttpConn 186 init success
2024-07-17 23:32:22.481203 INFO: addTimer id:186 expireTime:1721230842
2024-07-17 23:32:22.481215 INFO: Client[186] in!
2024-07-17 23:32:22.481219 INFO: HandleListenEvent 13
2024-07-17 23:32:22.481229 ERROR: Accept failure -1
2024-07-17 23:32:22.481234 INFO: eventNum: 1
2024-07-17 23:32:22.481238 INFO: fd: 186, events: 1

2024-07-17 23:32:22.481253 INFO: HttpConn 186 read success
2024-07-17 23:32:22.481264 INFO: GET / HTTP/1.1
2024-07-17 23:32:22.481270 INFO: Host: 39.98.202.182:9006
2024-07-17 23:32:22.481275 INFO: User-Agent: Go-http-client/1.1
2024-07-17 23:32:22.481279 INFO: oop!unknow header: User-Agent: Go-http-client/1.1
2024-07-17 23:32:22.481284 INFO: X-Vegeta-Seq: 13175
2024-07-17 23:32:22.481288 INFO: oop!unknow header: X-Vegeta-Seq: 13175
2024-07-17 23:32:22.481293 INFO: Accept-Encoding: gzip
2024-07-17 23:32:22.481297 INFO: oop!unknow header: Accept-Encoding: gzip
2024-07-17 23:32:22.481301 INFO: 
2024-07-17 23:32:22.481317 INFO: request:HTTP/1.1 200 OK

2024-07-17 23:32:22.481322 INFO: request:HTTP/1.1 200 OK
Content-Length:542

2024-07-17 23:32:22.481327 INFO: request:HTTP/1.1 200 OK
Content-Length:542
Connection:close

2024-07-17 23:32:22.481331 INFO: request:HTTP/1.1 200 OK
Content-Length:542
Connection:close


2024-07-17 23:32:22.481344 INFO: Thread 140246122866240 is running task

2024-07-17 23:32:22.481356 INFO: eventNum: 1
2024-07-17 23:32:22.481361 INFO: fd: 186, events: 4

2024-07-17 23:32:22.481427 INFO: Thread 140246097688128 is running task

2024-07-17 23:32:22.488715 INFO: eventNum: 1
2024-07-17 23:32:22.488762 INFO: fd: 13, events: 1

2024-07-17 23:32:22.488769 INFO: HandleListenEvent 13
2024-07-17 23:32:22.488792 INFO: HttpConn 190 init success
2024-07-17 23:32:22.488804 INFO: addTimer id:190 expireTime:1721230842
2024-07-17 23:32:22.488828 INFO: Client[190] in!
2024-07-17 23:32:22.488835 INFO: HandleListenEvent 13
2024-07-17 23:32:22.488851 ERROR: Accept failure -1
2024-07-17 23:32:22.488859 INFO: eventNum: 1
2024-07-17 23:32:22.488864 INFO: fd: 190, events: 1

2024-07-17 23:32:22.488887 INFO: HttpConn 190 read success
2024-07-17 23:32:22.488901 INFO: GET / HTTP/1.1
2024-07-17 23:32:22.488908 INFO: Host: 39.98.202.182:9006
2024-07-17 23:32:22.488915 INFO: User-Agent: Go-http-client/1.1
2024-07-17 23:32:22.488922 INFO: oop!unknow header: User-Agent: Go-http-client/1.1
2024-07-17 23:32:22.488929 INFO: X-Vegeta-Seq: 3145
2024-07-17 23:32:22.488936 INFO: oop!unknow header: X-Vegeta-Seq: 3145
2024-07-17 23:32:22.488942 INFO: Accept-Encoding: gzip
2024-07-17 23:32:22.488947 INFO: oop!unknow header: Accept-Encoding: gzip
2024-07-17 23:32:22.488951 INFO: 
2024-07-17 23:32:22.488972 INFO: request:HTTP/1.1 200 OK

2024-07-17 23:32:22.488977 INFO: request:HTTP/1.1 200 OK
Content-Length:542

2024-07-17 23:32:22.488982 INFO: request:HTTP/1.1 200 OK
Content-Length:542
Connection:close

2024-07-17 23:32:22.488986 INFO: request:HTTP/1.1 200 OK
Content-Length:542
Connection:close


2024-07-17 23:32:22.489000 INFO: Thread 140246131258944 is running task

2024-07-17 23:32:22.489012 INFO: eventNum: 2
2024-07-17 23:32:22.489017 INFO: fd: 128, events: 8193

2024-07-17 23:32:22.489039 INFO: HttpConn 128 close success
2024-07-17 23:32:22.489050 INFO: Client[128] quit!
2024-07-17 23:32:22.489055 INFO: fd: 190, events: 4

2024-07-17 23:32:22.489068 INFO: eventNum: 1
2024-07-17 23:32:22.489073 INFO: fd: 13, events: 1

2024-07-17 23:32:22.489077 INFO: HandleListenEvent 13
2024-07-17 23:32:22.489090 INFO: HttpConn 128 init success
2024-07-17 23:32:22.489096 INFO: addTimer id:128 expireTime:1721230842
2024-07-17 23:32:22.489106 INFO: Client[128] in!
2024-07-17 23:32:22.489110 INFO: HandleListenEvent 13
2024-07-17 23:32:22.489118 ERROR: Accept failure -1
2024-07-17 23:32:22.489126 INFO: eventNum: 1
2024-07-17 23:32:22.489139 INFO: fd: 128, events: 1

2024-07-17 23:32:22.489181 INFO: Thread 140246156437056 is running task

2024-07-17 23:32:22.489211 INFO: HttpConn 128 read success
2024-07-17 23:32:22.489224 INFO: GET / HTTP/1.1
2024-07-17 23:32:22.489231 INFO: Host: 39.98.202.182:9006
2024-07-17 23:32:22.489236 INFO: User-Agent: Go-http-client/1.1
2024-07-17 23:32:22.489241 INFO: oop!unknow header: User-Agent: Go-http-client/1.1
2024-07-17 23:32:22.489245 INFO: X-Vegeta-Seq: 9701
2024-07-17 23:32:22.489249 INFO: oop!unknow header: X-Vegeta-Seq: 9701
2024-07-17 23:32:22.489254 INFO: Accept-Encoding: gzip
2024-07-17 23:32:22.489258 INFO: oop!unknow header: Accept-Encoding: gzip
2024-07-17 23:32:22.489262 INFO: 
2024-07-17 23:32:22.489279 INFO: request:HTTP/1.1 200 OK

2024-07-17 23:32:22.489284 INFO: request:HTTP/1.1 200 OK
Content-Length:542

2024-07-17 23:32:22.489289 INFO: request:HTTP/1.1 200 OK
Content-Length:542
Connection:close

2024-07-17 23:32:22.489294 INFO: request:HTTP/1.1 200 OK
Content-Length:542
Connection:close


2024-07-17 23:32:22.489302 INFO: Thread 140246156437056 is running task

2024-07-17 23:32:22.489323 INFO: eventNum: 2
2024-07-17 23:32:22.489330 INFO: fd: 13, events: 1

2024-07-17 23:32:22.489334 INFO: HandleListenEvent 13
2024-07-17 23:32:22.489350 INFO: HttpConn 193 init success
2024-07-17 23:32:22.489359 INFO: addTimer id:193 expireTime:1721230842
2024-07-17 23:32:22.489371 INFO: Client[193] in!
2024-07-17 23:32:22.489414 INFO: HandleListenEvent 13
2024-07-17 23:32:22.489428 ERROR: Accept failure -1
2024-07-17 23:32:22.489435 INFO: fd: 128, events: 4

2024-07-17 23:32:22.489452 INFO: eventNum: 1
2024-07-17 23:32:22.489459 INFO: fd: 193, events: 1

2024-07-17 23:32:22.489488 INFO: Thread 140246114473536 is running task

2024-07-17 23:32:22.489505 INFO: HttpConn 193 read success
2024-07-17 23:32:22.489514 INFO: GET / HTTP/1.1
2024-07-17 23:32:22.489520 INFO: Host: 39.98.202.182:9006
2024-07-17 23:32:22.489524 INFO: User-Agent: Go-http-client/1.1
2024-07-17 23:32:22.489529 INFO: oop!unknow header: User-Agent: Go-http-client/1.1
2024-07-17 23:32:22.489533 INFO: X-Vegeta-Seq: 2020
2024-07-17 23:32:22.489538 INFO: oop!unknow header: X-Vegeta-Seq: 2020
2024-07-17 23:32:22.489542 INFO: Accept-Encoding: gzip
2024-07-17 23:32:22.489546 INFO: oop!unknow header: Accept-Encoding: gzip
2024-07-17 23:32:22.489551 INFO: 
2024-07-17 23:32:22.489566 INFO: request:HTTP/1.1 200 OK

2024-07-17 23:32:22.489571 INFO: request:HTTP/1.1 200 OK
Content-Length:542

2024-07-17 23:32:22.489575 INFO: request:HTTP/1.1 200 OK
Content-Length:542
Connection:close

2024-07-17 23:32:22.489580 INFO: request:HTTP/1.1 200 OK
Content-Length:542
Connection:close


2024-07-17 23:32:22.489591 INFO: Thread 140246114473536 is running task

2024-07-17 23:32:22.489610 INFO: eventNum: 1
2024-07-17 23:32:22.489616 INFO: fd: 193, events: 4

2024-07-17 23:32:22.489659 INFO: Thread 140246139651648 is running task

2024-07-17 23:32:22.497442 INFO: eventNum: 1
2024-07-17 23:32:22.497495 INFO: fd: 80, events: 1

2024-07-17 23:32:22.497519 INFO: HttpConn 80 read success
2024-07-17 23:32:22.497533 INFO: GET / HTTP/1.1
2024-07-17 23:32:22.497539 INFO: Host: 39.98.202.182:9006
2024-07-17 23:32:22.497544 INFO: User-Agent: Go-http-client/1.1
2024-07-17 23:32:22.497549 INFO: oop!unknow header: User-Agent: Go-http-client/1.1
2024-07-17 23:32:22.497554 INFO: X-Vegeta-Seq: 2002
2024-07-17 23:32:22.497558 INFO: oop!unknow header: X-Vegeta-Seq: 2002
2024-07-17 23:32:22.497563 INFO: Accept-Encoding: gzip
2024-07-17 23:32:22.497570 INFO: oop!unknow header: Accept-Encoding: gzip
2024-07-17 23:32:22.497576 INFO: 
2024-07-17 23:32:22.497608 INFO: request:HTTP/1.1 200 OK

2024-07-17 23:32:22.497616 INFO: request:HTTP/1.1 200 OK
Content-Length:542

2024-07-17 23:32:22.497621 INFO: request:HTTP/1.1 200 OK
Content-Length:542
Connection:close

2024-07-17 23:32:22.497625 INFO: request:HTTP/1.1 200 OK
Content-Length:542
Connection:close


2024-07-17 23:32:22.497644 INFO: Thread 140246122866240 is running task

2024-07-17 23:32:22.497656 INFO: eventNum: 1
2024-07-17 23:32:22.497672 INFO: fd: 80, events: 4

2024-07-17 23:32:22.497720 INFO: Thread 140246097688128 is running task

2024-07-17 23:32:22.497732 INFO: eventNum: 1
2024-07-17 23:32:22.497737 INFO: fd: 13, events: 1

2024-07-17 23:32:22.497741 INFO: HandleListenEvent 13
2024-07-17 23:32:22.497761 INFO: HttpConn 194 init success
2024-07-17 23:32:22.497773 INFO: addTimer id:194 expireTime:1721230842
2024-07-17 23:32:22.497784 INFO: Client[194] in!
2024-07-17 23:32:22.497792 INFO: HandleListenEvent 13
2024-07-17 23:32:22.497802 ERROR: Accept failure -1
2024-07-17 23:32:22.497808 INFO: eventNum: 1
2024-07-17 23:32:22.497812 INFO: fd: 194, events: 1

2024-07-17 23:32:22.497828 INFO: HttpConn 194 read success
2024-07-17 23:32:22.497837 INFO: GET / HTTP/1.1
2024-07-17 23:32:22.497843 INFO: Host: 39.98.202.182:9006
2024-07-17 23:32:22.497847 INFO: User-Agent: Go-http-client/1.1
2024-07-17 23:32:22.497852 INFO: oop!unknow header: User-Agent: Go-http-client/1.1
2024-07-17 23:32:22.497856 INFO: X-Vegeta-Seq: 2004
2024-07-17 23:32:22.497860 INFO: oop!unknow header: X-Vegeta-Seq: 2004
2024-07-17 23:32:22.497865 INFO: Accept-Encoding: gzip
2024-07-17 23:32:22.497869 INFO: oop!unknow header: Accept-Encoding: gzip
2024-07-17 23:32:22.497873 INFO: 
2024-07-17 23:32:22.497888 INFO: request:HTTP/1.1 200 OK

2024-07-17 23:32:22.497893 INFO: request:HTTP/1.1 200 OK
Content-Length:542

2024-07-17 23:32:22.497897 INFO: request:HTTP/1.1 200 OK
Content-Length:542
Connection:close

2024-07-17 23:32:22.497902 INFO: request:HTTP/1.1 200 OK
Content-Length:542
Connection:close


2024-07-17 23:32:22.497909 INFO: Thread 140246131258944 is running task

2024-07-17 23:32:22.497917 INFO: eventNum: 1
2024-07-17 23:32:22.497922 INFO: fd: 194, events: 4

2024-07-17 23:32:22.497973 INFO: Thread 140246156437056 is running task

2024-07-17 23:32:22.498110 INFO: eventNum: 1
2024-07-17 23:32:22.498144 INFO: fd: 13, events: 1

2024-07-17 23:32:22.498150 INFO: HandleListenEvent 13
2024-07-17 23:32:22.498160 INFO: HttpConn 195 init success
2024-07-17 23:32:22.498165 INFO: addTimer id:195 expireTime:1721230842
2024-07-17 23:32:22.498176 INFO: Client[195] in!
2024-07-17 23:32:22.498181 INFO: HandleListenEvent 13
2024-07-17 23:32:22.498198 ERROR: Accept failure -1
2024-07-17 23:32:22.498214 INFO: eventNum: 1
2024-07-17 23:32:22.498223 INFO: fd: 195, events: 1

2024-07-17 23:32:22.498258 INFO: HttpConn 195 read success
2024-07-17 23:32:22.498287 INFO: GET / HTTP/1.1
2024-07-17 23:32:22.498295 INFO: Host: 39.98.202.182:9006
2024-07-17 23:32:22.498300 INFO: User-Agent: Go-http-client/1.1
2024-07-17 23:32:22.498305 INFO: oop!unknow header: User-Agent: Go-http-client/1.1
2024-07-17 23:32:22.498325 INFO: X-Vegeta-Seq: 1956
2024-07-17 23:32:22.498331 INFO: oop!unknow header: X-Vegeta-Seq: 1956
2024-07-17 23:32:22.498335 INFO: Accept-Encoding: gzip
2024-07-17 23:32:22.498339 INFO: oop!unknow header: Accept-Encoding: gzip
2024-07-17 23:32:22.498343 INFO: 
2024-07-17 23:32:22.498361 INFO: request:HTTP/1.1 200 OK

2024-07-17 23:32:22.498366 INFO: request:HTTP/1.1 200 OK
Content-Length:542

2024-07-17 23:32:22.498371 INFO: request:HTTP/1.1 200 OK
Content-Length:542
Connection:close

2024-07-17 23:32:22.498405 INFO: request:HTTP/1.1 200 OK
Content-Length:542
Connection:close


2024-07-17 23:32:22.498417 INFO: Thread 140246148044352 is running task

2024-07-17 23:32:22.498433 INFO: eventNum: 2
2024-07-17 23:32:22.498440 INFO: fd: 47, events: 8193

2024-07-17 23:32:22.498481 INFO: HttpConn 47 close success
2024-07-17 23:32:22.498491 INFO: Client[47] quit!
2024-07-17 23:32:22.498498 INFO: fd: 195, events: 4

2024-07-17 23:32:22.498517 INFO: eventNum: 1
2024-07-17 23:32:22.498523 INFO: fd: 50, events: 8193

2024-07-17 23:32:22.498535 INFO: HttpConn 50 close success
2024-07-17 23:32:22.498540 INFO: Client[50] quit!
2024-07-17 23:32:22.498554 INFO: Thread 140246114473536 is running task

2024-07-17 23:32:22.498699 INFO: eventNum: 1
2024-07-17 23:32:22.498720 INFO: fd: 49, events: 8193

2024-07-17 23:32:22.498741 INFO: HttpConn 49 close success
2024-07-17 23:32:22.498754 INFO: Client[49] quit!
2024-07-17 23:32:22.499079 INFO: eventNum: 1
2024-07-17 23:32:22.499111 INFO: fd: 81, events: 1

2024-07-17 23:32:22.499137 INFO: HttpConn 81 read success
2024-07-17 23:32:22.499156 INFO: GET / HTTP/1.1
2024-07-17 23:32:22.499162 INFO: Host: 39.98.202.182:9006
2024-07-17 23:32:22.499167 INFO: User-Agent: Go-http-client/1.1
2024-07-17 23:32:22.499171 INFO: oop!unknow header: User-Agent: Go-http-client/1.1
2024-07-17 23:32:22.499176 INFO: X-Vegeta-Seq: 2018
2024-07-17 23:32:22.499180 INFO: oop!unknow header: X-Vegeta-Seq: 2018
2024-07-17 23:32:22.499185 INFO: Accept-Encoding: gzip
2024-07-17 23:32:22.499191 INFO: oop!unknow header: Accept-Encoding: gzip
2024-07-17 23:32:22.499197 INFO: 
2024-07-17 23:32:22.499218 INFO: request:HTTP/1.1 200 OK

2024-07-17 23:32:22.499226 INFO: request:HTTP/1.1 200 OK
Content-Length:542

2024-07-17 23:32:22.499233 INFO: request:HTTP/1.1 200 OK
Content-Length:542
Connection:close

2024-07-17 23:32:22.499238 INFO: request:HTTP/1.1 200 OK
Content-Length:542
Connection:close


2024-07-17 23:32:22.499252 INFO: Thread 140246106080832 is running task

2024-07-17 23:32:22.499286 INFO: eventNum: 3
2024-07-17 23:32:22.499299 INFO: fd: 81, events: 4

2024-07-17 23:32:22.499343 INFO: Thread 140246139651648 is running task

2024-07-17 23:32:22.499349 INFO: fd: 18, events: 8193

2024-07-17 23:32:22.499408 INFO: HttpConn 18 close success
2024-07-17 23:32:22.499415 INFO: Client[18] quit!
2024-07-17 23:32:22.499419 INFO: fd: 53, events: 8193

2024-07-17 23:32:22.499433 INFO: HttpConn 53 close success
2024-07-17 23:32:22.499438 INFO: Client[53] quit!
2024-07-17 23:32:22.499797 INFO: eventNum: 1
2024-07-17 23:32:22.499824 INFO: fd: 28, events: 8193

2024-07-17 23:32:22.499848 INFO: HttpConn 28 close success
2024-07-17 23:32:22.499859 INFO: Client[28] quit!
2024-07-17 23:32:22.501336 INFO: eventNum: 1
2024-07-17 23:32:22.501358 INFO: fd: 51, events: 8193

2024-07-17 23:32:22.501412 INFO: HttpConn 51 close success
2024-07-17 23:32:22.501449 INFO: Client[51] quit!
2024-07-17 23:32:22.505372 INFO: eventNum: 1
2024-07-17 23:32:22.505434 INFO: fd: 13, events: 1

2024-07-17 23:32:22.505443 INFO: HandleListenEvent 13
2024-07-17 23:32:22.505461 INFO: HttpConn 18 init success
2024-07-17 23:32:22.505469 INFO: addTimer id:18 expireTime:1721230842
2024-07-17 23:32:22.505484 INFO: Client[18] in!
2024-07-17 23:32:22.505492 INFO: HandleListenEvent 13
2024-07-17 23:32:22.505503 ERROR: Accept failure -1
2024-07-17 23:32:22.505510 INFO: eventNum: 1
2024-07-17 23:32:22.505515 INFO: fd: 18, events: 1

2024-07-17 23:32:22.505533 INFO: HttpConn 18 read success
2024-07-17 23:32:22.505545 INFO: GET / HTTP/1.1
2024-07-17 23:32:22.505559 INFO: Host: 39.98.202.182:9006
2024-07-17 23:32:22.505565 INFO: User-Agent: Go-http-client/1.1
2024-07-17 23:32:22.505569 INFO: oop!unknow header: User-Agent: Go-http-client/1.1
2024-07-17 23:32:22.505574 INFO: X-Vegeta-Seq: 1856
2024-07-17 23:32:22.505578 INFO: oop!unknow header: X-Vegeta-Seq: 1856
2024-07-17 23:32:22.505583 INFO: Accept-Encoding: gzip
2024-07-17 23:32:22.505587 INFO: oop!unknow header: Accept-Encoding: gzip
2024-07-17 23:32:22.505591 INFO: 
2024-07-17 23:32:22.505613 INFO: request:HTTP/1.1 200 OK

2024-07-17 23:32:22.505618 INFO: request:HTTP/1.1 200 OK
Content-Length:542

2024-07-17 23:32:22.505622 INFO: request:HTTP/1.1 200 OK
Content-Length:542
Connection:close

2024-07-17 23:32:22.505627 INFO: request:HTTP/1.1 200 OK
Content-Length:542
Connection:close


2024-07-17 23:32:22.505642 INFO: Thread 140246122866240 is running task

2024-07-17 23:32:22.505659 INFO: eventNum: 1
2024-07-17 23:32:22.505674 INFO: fd: 18, events: 4

2024-07-17 23:32:22.505727 INFO: Thread 140246097688128 is running task

2024-07-17 23:32:22.506041 INFO: eventNum: 1
2024-07-17 23:32:22.506064 INFO: fd: 17, events: 8193

2024-07-17 23:32:22.506090 INFO: HttpConn 17 close success
2024-07-17 23:32:22.506102 INFO: Client[17] quit!
2024-07-17 23:32:22.506432 INFO: eventNum: 1
2024-07-17 23:32:22.506457 INFO: fd: 26, events: 8193

2024-07-17 23:32:22.506507 INFO: HttpConn 26 close success
2024-07-17 23:32:22.506520 INFO: Client[26] quit!
2024-07-17 23:32:22.507042 INFO: eventNum: 1
2024-07-17 23:32:22.507064 INFO: fd: 190, events: 8193

2024-07-17 23:32:22.507089 INFO: HttpConn 190 close success
2024-07-17 23:32:22.507101 INFO: Client[190] quit!
2024-07-17 23:32:22.510923 INFO: eventNum: 1
2024-07-17 23:32:22.510954 INFO: fd: 80, events: 8193

2024-07-17 23:32:22.510983 INFO: HttpConn 80 close success
2024-07-17 23:32:22.510995 INFO: Client[80] quit!
2024-07-17 23:32:22.516953 INFO: eventNum: 1
2024-07-17 23:32:22.516997 INFO: fd: 13, events: 1

2024-07-17 23:32:22.517006 INFO: HandleListenEvent 13
2024-07-17 23:32:22.517043 INFO: HttpConn 17 init success
2024-07-17 23:32:22.517052 INFO: addTimer id:17 expireTime:1721230842
2024-07-17 23:32:22.517067 INFO: Client[17] in!
2024-07-17 23:32:22.517072 INFO: HandleListenEvent 13
2024-07-17 23:32:22.517082 ERROR: Accept failure -1
2024-07-17 23:32:22.517088 INFO: eventNum: 1
2024-07-17 23:32:22.517093 INFO: fd: 17, events: 1

2024-07-17 23:32:22.517126 INFO: HttpConn 17 read success
2024-07-17 23:32:22.517147 INFO: GET / HTTP/1.1
2024-07-17 23:32:22.517161 INFO: Host: 39.98.202.182:9006
2024-07-17 23:32:22.517168 INFO: User-Agent: Go-http-client/1.1
2024-07-17 23:32:22.517176 INFO: oop!unknow header: User-Agent: Go-http-client/1.1
2024-07-17 23:32:22.517184 INFO: X-Vegeta-Seq: 1851
2024-07-17 23:32:22.517189 INFO: oop!unknow header: X-Vegeta-Seq: 1851
2024-07-17 23:32:22.517193 INFO: Accept-Encoding: gzip
2024-07-17 23:32:22.517198 INFO: oop!unknow header: Accept-Encoding: gzip
2024-07-17 23:32:22.517202 INFO: 
2024-07-17 23:32:22.517226 INFO: request:HTTP/1.1 200 OK

2024-07-17 23:32:22.517231 INFO: request:HTTP/1.1 200 OK
Content-Length:542

2024-07-17 23:32:22.517236 INFO: request:HTTP/1.1 200 OK
Content-Length:542
Connection:close

2024-07-17 23:32:22.517240 INFO: request:HTTP/1.1 200 OK
Content-Length:542
Connection:close


2024-07-17 23:32:22.517260 INFO: Thread 140246131258944 is running task

2024-07-17 23:32:22.517293 INFO: eventNum: 1
2024-07-17 23:32:22.517302 INFO: fd: 17, events: 4

2024-07-17 23:32:22.517360 INFO: Thread 140246156437056 is running task

2024-07-17 23:32:22.517581 INFO: eventNum: 1
2024-07-17 23:32:22.517602 INFO: fd: 13, events: 1

2024-07-17 23:32:22.517607 INFO: HandleListenEvent 13
2024-07-17 23:32:22.517626 INFO: HttpConn 26 init success
2024-07-17 23:32:22.517632 INFO: addTimer id:26 expireTime:1721230842
2024-07-17 23:32:22.517643 INFO: Client[26] in!
2024-07-17 23:32:22.517648 INFO: HandleListenEvent 13
2024-07-17 23:32:22.517665 INFO: HttpConn 28 init success
2024-07-17 23:32:22.517674 INFO: addTimer id:28 expireTime:1721230842
2024-07-17 23:32:22.517695 INFO: Client[28] in!
2024-07-17 23:32:22.517702 INFO: HandleListenEvent 13
2024-07-17 23:32:22.517714 ERROR: Accept failure -1
2024-07-17 23:32:22.517722 INFO: eventNum: 2
2024-07-17 23:32:22.517729 INFO: fd: 26, events: 1

2024-07-17 23:32:22.517751 INFO: fd: 28, events: 1

2024-07-17 23:32:22.517761 INFO: HttpConn 26 read success
2024-07-17 23:32:22.517770 INFO: HttpConn 28 read success
2024-07-17 23:32:22.517816 INFO: GET / HTTP/1.1
2024-07-17 23:32:22.517825 INFO: Host: 39.98.202.182:9006
2024-07-17 23:32:22.517832 INFO: User-Agent: Go-http-client/1.1
2024-07-17 23:32:22.517840 INFO: oop!unknow header: User-Agent: Go-http-client/1.1
2024-07-17 23:32:22.517845 INFO: X-Vegeta-Seq: 1838
2024-07-17 23:32:22.517849 INFO: oop!unknow header: X-Vegeta-Seq: 1838
2024-07-17 23:32:22.517854 INFO: Accept-Encoding: gzip
2024-07-17 23:32:22.517858 INFO: oop!unknow header: Accept-Encoding: gzip
2024-07-17 23:32:22.517862 INFO: 
2024-07-17 23:32:22.517880 INFO: request:HTTP/1.1 200 OK

2024-07-17 23:32:22.517885 INFO: request:HTTP/1.1 200 OK
Content-Length:542

2024-07-17 23:32:22.517890 INFO: request:HTTP/1.1 200 OK
Content-Length:542
Connection:close

2024-07-17 23:32:22.517894 INFO: request:HTTP/1.1 200 OK
Content-Length:542
Connection:close


2024-07-17 23:32:22.517908 INFO: Thread 140246114473536 is running task

2024-07-17 23:32:22.517791 INFO: GET / HTTP/1.1
2024-07-17 23:32:22.517938 INFO: Host: 39.98.202.182:9006
2024-07-17 23:32:22.517945 INFO: User-Agent: Go-http-client/1.1
2024-07-17 23:32:22.517952 INFO: oop!unknow header: User-Agent: Go-http-client/1.1
2024-07-17 23:32:22.517959 INFO: X-Vegeta-Seq: 1849
2024-07-17 23:32:22.517965 INFO: oop!unknow header: X-Vegeta-Seq: 1849
2024-07-17 23:32:22.517971 INFO: Accept-Encoding: gzip
2024-07-17 23:32:22.517976 INFO: oop!unknow header: Accept-Encoding: gzip
2024-07-17 23:32:22.517980 INFO: 
2024-07-17 23:32:22.517994 INFO: request:HTTP/1.1 200 OK

2024-07-17 23:32:22.517999 INFO: request:HTTP/1.1 200 OK
Content-Length:542

2024-07-17 23:32:22.518003 INFO: request:HTTP/1.1 200 OK
Content-Length:542
Connection:close

2024-07-17 23:32:22.518008 INFO: request:HTTP/1.1 200 OK
Content-Length:542
Connection:close


2024-07-17 23:32:22.518016 INFO: Thread 140246148044352 is running task

2024-07-17 23:32:22.518025 INFO: eventNum: 2
2024-07-17 23:32:22.518031 INFO: fd: 28, events: 4

2024-07-17 23:32:22.518078 INFO: fd: 26, events: 4

2024-07-17 23:32:22.518087 INFO: Thread 140246106080832 is running task

2024-07-17 23:32:22.518166 INFO: Thread 140246139651648 is running task

2024-07-17 23:32:22.518668 INFO: eventNum: 1
2024-07-17 23:32:22.518699 INFO: fd: 13, events: 1

2024-07-17 23:32:22.518706 INFO: HandleListenEvent 13
2024-07-17 23:32:22.518727 INFO: HttpConn 47 init success
2024-07-17 23:32:22.518736 INFO: addTimer id:47 expireTime:1721230842
2024-07-17 23:32:22.518750 INFO: Client[47] in!
2024-07-17 23:32:22.518758 INFO: HandleListenEvent 13
2024-07-17 23:32:22.518767 ERROR: Accept failure -1
2024-07-17 23:32:22.518773 INFO: eventNum: 1
2024-07-17 23:32:22.518777 INFO: fd: 47, events: 1

2024-07-17 23:32:22.518792 INFO: HttpConn 47 read success
2024-07-17 23:32:22.518803 INFO: GET / HTTP/1.1
2024-07-17 23:32:22.518809 INFO: Host: 39.98.202.182:9006
2024-07-17 23:32:22.518813 INFO: User-Agent: Go-http-client/1.1
2024-07-17 23:32:22.518818 INFO: oop!unknow header: User-Agent: Go-http-client/1.1
2024-07-17 23:32:22.518822 INFO: X-Vegeta-Seq: 1842
2024-07-17 23:32:22.518826 INFO: oop!unknow header: X-Vegeta-Seq: 1842
2024-07-17 23:32:22.518830 INFO: Accept-Encoding: gzip
2024-07-17 23:32:22.518835 INFO: oop!unknow header: Accept-Encoding: gzip
2024-07-17 23:32:22.518846 INFO: 
2024-07-17 23:32:22.518869 INFO: request:HTTP/1.1 200 OK

2024-07-17 23:32:22.518876 INFO: request:HTTP/1.1 200 OK
Content-Length:542

2024-07-17 23:32:22.518882 INFO: request:HTTP/1.1 200 OK
Content-Length:542
Connection:close

2024-07-17 23:32:22.518889 INFO: request:HTTP/1.1 200 OK
Content-Length:542
Connection:close


2024-07-17 23:32:22.518900 INFO: Thread 140246122866240 is running task

2024-07-17 23:32:22.518911 INFO: eventNum: 1
2024-07-17 23:32:22.518915 INFO: fd: 47, events: 4

2024-07-17 23:32:22.518969 INFO: Thread 140246097688128 is running task

2024-07-17 23:32:22.524666 INFO: eventNum: 1
2024-07-17 23:32:22.524709 INFO: fd: 37, events: 8193

2024-07-17 23:32:22.524737 INFO: HttpConn 37 close success
2024-07-17 23:32:22.524747 INFO: Client[37] quit!
2024-07-17 23:32:22.524949 INFO: eventNum: 1
2024-07-17 23:32:22.524962 INFO: fd: 48, events: 8193

2024-07-17 23:32:22.524986 INFO: HttpConn 48 close success
2024-07-17 23:32:22.525008 INFO: Client[48] quit!
2024-07-17 23:32:22.529115 INFO: eventNum: 1
2024-07-17 23:32:22.529165 INFO: fd: 13, events: 1

2024-07-17 23:32:22.529173 INFO: HandleListenEvent 13
2024-07-17 23:32:22.529210 INFO: HttpConn 37 init success
2024-07-17 23:32:22.529225 INFO: addTimer id:37 expireTime:1721230842
2024-07-17 23:32:22.529247 INFO: Client[37] in!
2024-07-17 23:32:22.529258 INFO: HandleListenEvent 13
2024-07-17 23:32:22.529272 ERROR: Accept failure -1
2024-07-17 23:32:22.529280 INFO: eventNum: 1
2024-07-17 23:32:22.529287 INFO: fd: 37, events: 1

2024-07-17 23:32:22.529308 INFO: HttpConn 37 read success
2024-07-17 23:32:22.529325 INFO: GET / HTTP/1.1
2024-07-17 23:32:22.529346 INFO: Host: 39.98.202.182:9006
2024-07-17 23:32:22.529354 INFO: User-Agent: Go-http-client/1.1
2024-07-17 23:32:22.529372 INFO: oop!unknow header: User-Agent: Go-http-client/1.1
2024-07-17 23:32:22.529406 INFO: X-Vegeta-Seq: 13289
2024-07-17 23:32:22.529413 INFO: oop!unknow header: X-Vegeta-Seq: 13289
2024-07-17 23:32:22.529420 INFO: Accept-Encoding: gzip
2024-07-17 23:32:22.529426 INFO: oop!unknow header: Accept-Encoding: gzip
2024-07-17 23:32:22.529432 INFO: 
2024-07-17 23:32:22.529459 INFO: request:HTTP/1.1 200 OK

2024-07-17 23:32:22.529493 INFO: request:HTTP/1.1 200 OK
Content-Length:542

2024-07-17 23:32:22.529499 INFO: request:HTTP/1.1 200 OK
Content-Length:542
Connection:close

2024-07-17 23:32:22.529505 INFO: request:HTTP/1.1 200 OK
Content-Length:542
Connection:close


2024-07-17 23:32:22.529526 INFO: Thread 140246131258944 is running task

2024-07-17 23:32:22.529542 INFO: eventNum: 1
2024-07-17 23:32:22.529549 INFO: fd: 37, events: 4

2024-07-17 23:32:22.529608 INFO: Thread 140246156437056 is running task

2024-07-17 23:32:22.529727 INFO: eventNum: 1
2024-07-17 23:32:22.529744 INFO: fd: 13, events: 1

2024-07-17 23:32:22.529749 INFO: HandleListenEvent 13
2024-07-17 23:32:22.529767 INFO: HttpConn 48 init success
2024-07-17 23:32:22.529775 INFO: addTimer id:48 expireTime:1721230842
2024-07-17 23:32:22.529791 INFO: Client[48] in!
2024-07-17 23:32:22.529798 INFO: HandleListenEvent 13
2024-07-17 23:32:22.529811 ERROR: Accept failure -1
2024-07-17 23:32:22.529819 INFO: eventNum: 1
2024-07-17 23:32:22.529825 INFO: fd: 48, events: 1

2024-07-17 23:32:22.529848 INFO: HttpConn 48 read success
2024-07-17 23:32:22.529869 INFO: GET / HTTP/1.1
2024-07-17 23:32:22.529875 INFO: Host: 39.98.202.182:9006
2024-07-17 23:32:22.529880 INFO: User-Agent: Go-http-client/1.1
2024-07-17 23:32:22.529884 INFO: oop!unknow header: User-Agent: Go-http-client/1.1
2024-07-17 23:32:22.529889 INFO: X-Vegeta-Seq: 13288
2024-07-17 23:32:22.529893 INFO: oop!unknow header: X-Vegeta-Seq: 13288
2024-07-17 23:32:22.529897 INFO: Accept-Encoding: gzip
2024-07-17 23:32:22.529902 INFO: oop!unknow header: Accept-Encoding: gzip
2024-07-17 23:32:22.529906 INFO: 
2024-07-17 23:32:22.529923 INFO: request:HTTP/1.1 200 OK

2024-07-17 23:32:22.529928 INFO: request:HTTP/1.1 200 OK
Content-Length:542

2024-07-17 23:32:22.529933 INFO: request:HTTP/1.1 200 OK
Content-Length:542
Connection:close

2024-07-17 23:32:22.529938 INFO: request:HTTP/1.1 200 OK
Content-Length:542
Connection:close


2024-07-17 23:32:22.529953 INFO: Thread 140246114473536 is running task

2024-07-17 23:32:22.529969 INFO: eventNum: 1
2024-07-17 23:32:22.529975 INFO: fd: 48, events: 4

2024-07-17 23:32:22.530038 INFO: Thread 140246148044352 is running task

2024-07-17 23:32:22.531748 INFO: eventNum: 1
2024-07-17 23:32:22.531782 INFO: fd: 340, events: 8193

2024-07-17 23:32:22.531813 INFO: HttpConn 340 close success
2024-07-17 23:32:22.531825 INFO: Client[340] quit!
2024-07-17 23:32:22.532406 INFO: eventNum: 1
2024-07-17 23:32:22.532429 INFO: fd: 343, events: 8193

2024-07-17 23:32:22.532453 INFO: HttpConn 343 close success
2024-07-17 23:32:22.532469 INFO: Client[343] quit!
2024-07-17 23:32:22.533463 INFO: eventNum: 1
2024-07-17 23:32:22.533491 INFO: fd: 346, events: 8193

2024-07-17 23:32:22.533518 INFO: HttpConn 346 close success
2024-07-17 23:32:22.533529 INFO: Client[346] quit!
2024-07-17 23:32:22.539565 INFO: eventNum: 1
2024-07-17 23:32:22.539597 INFO: fd: 43, events: 8193

2024-07-17 23:32:22.539623 INFO: HttpConn 43 close success
2024-07-17 23:32:22.539641 INFO: Client[43] quit!
2024-07-17 23:32:22.540183 INFO: eventNum: 1
2024-07-17 23:32:22.540205 INFO: fd: 17, events: 8193

2024-07-17 23:32:22.540233 INFO: HttpConn 17 close success
2024-07-17 23:32:22.540242 INFO: Client[17] quit!
2024-07-17 23:32:22.540260 INFO: eventNum: 1
2024-07-17 23:32:22.540265 INFO: fd: 41, events: 8193

2024-07-17 23:32:22.540279 INFO: HttpConn 41 close success
2024-07-17 23:32:22.540284 INFO: Client[41] quit!
2024-07-17 23:32:22.540424 INFO: eventNum: 1
2024-07-17 23:32:22.540435 INFO: fd: 26, events: 8193

2024-07-17 23:32:22.540449 INFO: HttpConn 26 close success
2024-07-17 23:32:22.540466 INFO: Client[26] quit!
2024-07-17 23:32:22.540517 INFO: eventNum: 1
2024-07-17 23:32:22.540525 INFO: fd: 28, events: 8193

2024-07-17 23:32:22.540543 INFO: HttpConn 28 close success
2024-07-17 23:32:22.540554 INFO: Client[28] quit!
2024-07-17 23:32:22.541177 INFO: eventNum: 1
2024-07-17 23:32:22.541204 INFO: fd: 32, events: 8193

2024-07-17 23:32:22.541231 INFO: HttpConn 32 close success
2024-07-17 23:32:22.541242 INFO: Client[32] quit!
2024-07-17 23:32:22.541755 INFO: eventNum: 1
2024-07-17 23:32:22.541782 INFO: fd: 42, events: 8193

2024-07-17 23:32:22.541812 INFO: HttpConn 42 close success
2024-07-17 23:32:22.541827 INFO: Client[42] quit!
2024-07-17 23:32:22.543072 INFO: eventNum: 1
2024-07-17 23:32:22.543094 INFO: fd: 34, events: 8193

2024-07-17 23:32:22.543123 INFO: HttpConn 34 close success
2024-07-17 23:32:22.543136 INFO: Client[34] quit!
2024-07-17 23:32:22.544144 INFO: eventNum: 1
2024-07-17 23:32:22.544165 INFO: fd: 13, events: 1

2024-07-17 23:32:22.544171 INFO: HandleListenEvent 13
2024-07-17 23:32:22.544194 INFO: HttpConn 17 init success
2024-07-17 23:32:22.544202 INFO: addTimer id:17 expireTime:1721230842
2024-07-17 23:32:22.544216 INFO: Client[17] in!
2024-07-17 23:32:22.544221 INFO: HandleListenEvent 13
2024-07-17 23:32:22.544230 ERROR: Accept failure -1
2024-07-17 23:32:22.544236 INFO: eventNum: 1
2024-07-17 23:32:22.544240 INFO: fd: 17, events: 1

2024-07-17 23:32:22.544256 INFO: HttpConn 17 read success
2024-07-17 23:32:22.544268 INFO: GET / HTTP/1.1
2024-07-17 23:32:22.544275 INFO: Host: 39.98.202.182:9006
2024-07-17 23:32:22.544280 INFO: User-Agent: Go-http-client/1.1
2024-07-17 23:32:22.544284 INFO: oop!unknow header: User-Agent: Go-http-client/1.1
2024-07-17 23:32:22.544289 INFO: X-Vegeta-Seq: 14120
2024-07-17 23:32:22.544294 INFO: oop!unknow header: X-Vegeta-Seq: 14120
2024-07-17 23:32:22.544298 INFO: Accept-Encoding: gzip
2024-07-17 23:32:22.544302 INFO: oop!unknow header: Accept-Encoding: gzip
2024-07-17 23:32:22.544306 INFO: 
2024-07-17 23:32:22.544331 INFO: request:HTTP/1.1 200 OK

2024-07-17 23:32:22.544338 INFO: request:HTTP/1.1 200 OK
Content-Length:542

2024-07-17 23:32:22.544344 INFO: request:HTTP/1.1 200 OK
Content-Length:542
Connection:close

2024-07-17 23:32:22.544351 INFO: request:HTTP/1.1 200 OK
Content-Length:542
Connection:close


2024-07-17 23:32:22.544371 INFO: Thread 140246106080832 is running task

2024-07-17 23:32:22.544409 INFO: eventNum: 1
2024-07-17 23:32:22.544414 INFO: fd: 17, events: 4

2024-07-17 23:32:22.544470 INFO: Thread 140246139651648 is running task

2024-07-17 23:32:22.544498 INFO: eventNum: 1
2024-07-17 23:32:22.544523 INFO: fd: 47, events: 8193

2024-07-17 23:32:22.544542 INFO: HttpConn 47 close success
2024-07-17 23:32:22.544550 INFO: Client[47] quit!
2024-07-17 23:32:22.545184 INFO: eventNum: 1
2024-07-17 23:32:22.545204 INFO: fd: 58, events: 8193

2024-07-17 23:32:22.545224 INFO: HttpConn 58 close success
2024-07-17 23:32:22.545233 INFO: Client[58] quit!
2024-07-17 23:32:22.545273 INFO: eventNum: 1
2024-07-17 23:32:22.545310 INFO: fd: 57, events: 8193

2024-07-17 23:32:22.545333 INFO: HttpConn 57 close success
2024-07-17 23:32:22.545339 INFO: Client[57] quit!
2024-07-17 23:32:22.545345 INFO: eventNum: 1
2024-07-17 23:32:22.545349 INFO: fd: 56, events: 8193

2024-07-17 23:32:22.545361 INFO: HttpConn 56 close success
2024-07-17 23:32:22.545366 INFO: Client[56] quit!
2024-07-17 23:32:22.546105 INFO: eventNum: 1
2024-07-17 23:32:22.546136 INFO: fd: 341, events: 8193

2024-07-17 23:32:22.546158 INFO: HttpConn 341 close success
2024-07-17 23:32:22.546163 INFO: Client[341] quit!
2024-07-17 23:32:22.547788 INFO: eventNum: 1
2024-07-17 23:32:22.547809 INFO: fd: 37, events: 8193

2024-07-17 23:32:22.547829 INFO: HttpConn 37 close success
2024-07-17 23:32:22.547834 INFO: Client[37] quit!
2024-07-17 23:32:22.550317 INFO: eventNum: 1
2024-07-17 23:32:22.550351 INFO: fd: 48, events: 8193

2024-07-17 23:32:22.550406 INFO: HttpConn 48 close success
2024-07-17 23:32:22.550413 INFO: Client[48] quit!
2024-07-17 23:32:22.558141 INFO: eventNum: 1
2024-07-17 23:32:22.558195 INFO: fd: 13, events: 1

2024-07-17 23:32:22.558205 INFO: HandleListenEvent 13
2024-07-17 23:32:22.558232 INFO: HttpConn 26 init success
2024-07-17 23:32:22.558241 INFO: addTimer id:26 expireTime:1721230842
2024-07-17 23:32:22.558259 INFO: Client[26] in!
2024-07-17 23:32:22.558266 INFO: HandleListenEvent 13
2024-07-17 23:32:22.558280 ERROR: Accept failure -1
2024-07-17 23:32:22.558288 INFO: eventNum: 1
2024-07-17 23:32:22.558295 INFO: fd: 26, events: 1

2024-07-17 23:32:22.558320 INFO: HttpConn 26 read success
2024-07-17 23:32:22.558340 INFO: GET / HTTP/1.1
2024-07-17 23:32:22.558350 INFO: Host: 39.98.202.182:9006
2024-07-17 23:32:22.558358 INFO: User-Agent: Go-http-client/1.1
2024-07-17 23:32:22.558365 INFO: oop!unknow header: User-Agent: Go-http-client/1.1
2024-07-17 23:32:22.558372 INFO: X-Vegeta-Seq: 11515
2024-07-17 23:32:22.558407 INFO: oop!unknow header: X-Vegeta-Seq: 11515
2024-07-17 23:32:22.558414 INFO: Accept-Encoding: gzip
2024-07-17 23:32:22.558421 INFO: oop!unknow header: Accept-Encoding: gzip
2024-07-17 23:32:22.558427 INFO: 
2024-07-17 23:32:22.558468 INFO: request:HTTP/1.1 200 OK

2024-07-17 23:32:22.558476 INFO: request:HTTP/1.1 200 OK
Content-Length:542

2024-07-17 23:32:22.558483 INFO: request:HTTP/1.1 200 OK
Content-Length:542
Connection:close

2024-07-17 23:32:22.558490 INFO: request:HTTP/1.1 200 OK
Content-Length:542
Connection:close


2024-07-17 23:32:22.558511 INFO: eventNum: 1
2024-07-17 23:32:22.558525 INFO: fd: 26, events: 4

2024-07-17 23:32:22.558513 INFO: Thread 140246122866240 is running task

2024-07-17 23:32:22.558581 INFO: Thread 140246122866240 is running task

2024-07-17 23:32:22.559866 INFO: eventNum: 1
2024-07-17 23:32:22.559902 INFO: fd: 68, events: 8193

2024-07-17 23:32:22.559948 INFO: HttpConn 68 close success
2024-07-17 23:32:22.559955 INFO: Client[68] quit!
2024-07-17 23:32:22.560801 INFO: eventNum: 1
2024-07-17 23:32:22.560824 INFO: fd: 69, events: 8193

2024-07-17 23:32:22.560847 INFO: HttpConn 69 close success
2024-07-17 23:32:22.560854 INFO: Client[69] quit!
2024-07-17 23:32:22.569672 INFO: eventNum: 1
2024-07-17 23:32:22.569714 INFO: fd: 26, events: 8193

2024-07-17 23:32:22.569745 INFO: HttpConn 26 close success
2024-07-17 23:32:22.569754 INFO: Client[26] quit!
2024-07-17 23:32:22.573251 INFO: eventNum: 1
2024-07-17 23:32:22.573316 INFO: fd: 13, events: 1

2024-07-17 23:32:22.573332 INFO: HandleListenEvent 13
2024-07-17 23:32:22.573358 INFO: HttpConn 26 init success
2024-07-17 23:32:22.573366 INFO: addTimer id:26 expireTime:1721230842
2024-07-17 23:32:22.573422 INFO: Client[26] in!
2024-07-17 23:32:22.573432 INFO: HandleListenEvent 13
2024-07-17 23:32:22.573464 INFO: HttpConn 28 init success
2024-07-17 23:32:22.573474 INFO: addTimer id:28 expireTime:1721230842
2024-07-17 23:32:22.573487 INFO: Client[28] in!
2024-07-17 23:32:22.573493 INFO: HandleListenEvent 13
2024-07-17 23:32:22.573511 INFO: HttpConn 32 init success
2024-07-17 23:32:22.573518 INFO: addTimer id:32 expireTime:1721230842
2024-07-17 23:32:22.573529 INFO: Client[32] in!
2024-07-17 23:32:22.573535 INFO: HandleListenEvent 13
2024-07-17 23:32:22.573548 ERROR: Accept failure -1
2024-07-17 23:32:22.573557 INFO: eventNum: 3
2024-07-17 23:32:22.573563 INFO: fd: 26, events: 1

2024-07-17 23:32:22.573581 INFO: fd: 28, events: 1

2024-07-17 23:32:22.573590 INFO: HttpConn 26 read success
2024-07-17 23:32:22.573628 INFO: GET / HTTP/1.1
2024-07-17 23:32:22.573637 INFO: Host: 39.98.202.182:9006
2024-07-17 23:32:22.573643 INFO: User-Agent: Go-http-client/1.1
2024-07-17 23:32:22.573647 INFO: oop!unknow header: User-Agent: Go-http-client/1.1
2024-07-17 23:32:22.573652 INFO: X-Vegeta-Seq: 13850
2024-07-17 23:32:22.573657 INFO: oop!unknow header: X-Vegeta-Seq: 13850
2024-07-17 23:32:22.573661 INFO: Accept-Encoding: gzip
2024-07-17 23:32:22.573666 INFO: oop!unknow header: Accept-Encoding: gzip
2024-07-17 23:32:22.573670 INFO: 
2024-07-17 23:32:22.573710 INFO: request:HTTP/1.1 200 OK

2024-07-17 23:32:22.573718 INFO: request:HTTP/1.1 200 OK
Content-Length:542

2024-07-17 23:32:22.573735 INFO: request:HTTP/1.1 200 OK
Content-Length:542
Connection:close

2024-07-17 23:32:22.573740 INFO: request:HTTP/1.1 200 OK
Content-Length:542
Connection:close


2024-07-17 23:32:22.573760 INFO: Thread 140246131258944 is running task

2024-07-17 23:32:22.573598 INFO: HttpConn 28 read success
2024-07-17 23:32:22.573792 INFO: GET / HTTP/1.1
2024-07-17 23:32:22.573800 INFO: Host: 39.98.202.182:9006
2024-07-17 23:32:22.573808 INFO: User-Agent: Go-http-client/1.1
2024-07-17 23:32:22.573813 INFO: oop!unknow header: User-Agent: Go-http-client/1.1
2024-07-17 23:32:22.573818 INFO: X-Vegeta-Seq: 8901
2024-07-17 23:32:22.573822 INFO: oop!unknow header: X-Vegeta-Seq: 8901
2024-07-17 23:32:22.573827 INFO: Accept-Encoding: gzip
2024-07-17 23:32:22.573831 INFO: oop!unknow header: Accept-Encoding: gzip
2024-07-17 23:32:22.573836 INFO: 
2024-07-17 23:32:22.573852 INFO: request:HTTP/1.1 200 OK

2024-07-17 23:32:22.573857 INFO: request:HTTP/1.1 200 OK
Content-Length:542

2024-07-17 23:32:22.573861 INFO: request:HTTP/1.1 200 OK
Content-Length:542
Connection:close

2024-07-17 23:32:22.573866 INFO: request:HTTP/1.1 200 OK
Content-Length:542
Connection:close


2024-07-17 23:32:22.573876 INFO: Thread 140246156437056 is running task

2024-07-17 23:32:22.573607 INFO: fd: 32, events: 1

2024-07-17 23:32:22.573907 INFO: HttpConn 32 read success
2024-07-17 23:32:22.573916 INFO: GET / HTTP/1.1
2024-07-17 23:32:22.573922 INFO: Host: 39.98.202.182:9006
2024-07-17 23:32:22.573927 INFO: User-Agent: Go-http-client/1.1
2024-07-17 23:32:22.573931 INFO: oop!unknow header: User-Agent: Go-http-client/1.1
2024-07-17 23:32:22.573935 INFO: X-Vegeta-Seq: 13848
2024-07-17 23:32:22.573940 INFO: oop!unknow header: X-Vegeta-Seq: 13848
2024-07-17 23:32:22.573944 INFO: Accept-Encoding: gzip
2024-07-17 23:32:22.573948 INFO: oop!unknow header: Accept-Encoding: gzip
2024-07-17 23:32:22.573953 INFO: 
2024-07-17 23:32:22.573965 INFO: request:HTTP/1.1 200 OK

2024-07-17 23:32:22.573969 INFO: request:HTTP/1.1 200 OK
Content-Length:542

2024-07-17 23:32:22.573974 INFO: request:HTTP/1.1 200 OK
Content-Length:542
Connection:close

2024-07-17 23:32:22.573978 INFO: request:HTTP/1.1 200 OK
Content-Length:542
Connection:close


2024-07-17 23:32:22.573985 INFO: Thread 140246114473536 is running task

2024-07-17 23:32:22.573997 INFO: eventNum: 3
2024-07-17 23:32:22.574005 INFO: fd: 26, events: 4

2024-07-17 23:32:22.574083 INFO: fd: 28, events: 4

2024-07-17 23:32:22.574102 INFO: Thread 140246148044352 is running task

2024-07-17 23:32:22.574138 INFO: fd: 32, events: 4

2024-07-17 23:32:22.574160 INFO: Thread 140246148044352 is running task

2024-07-17 23:32:22.574217 INFO: Thread 140246139651648 is running task

2024-07-17 23:32:22.579733 INFO: eventNum: 1
2024-07-17 23:32:22.579797 INFO: fd: 13, events: 1

2024-07-17 23:32:22.579807 INFO: HandleListenEvent 13
2024-07-17 23:32:22.579832 INFO: HttpConn 34 init success
2024-07-17 23:32:22.579844 INFO: addTimer id:34 expireTime:1721230842
2024-07-17 23:32:22.579862 INFO: Client[34] in!
2024-07-17 23:32:22.579870 INFO: HandleListenEvent 13
