2024-07-17 23:30:24.297095 INFO: HttpConn 31 init success
2024-07-17 23:30:24.297197 INFO: addTimer id:31 expireTime:1721230724
2024-07-17 23:30:24.297208 INFO: Client[31] in!
2024-07-17 23:30:24.297212 INFO: HandleListenEvent 13
2024-07-17 23:30:24.297220 ERROR: Accept failure -1
2024-07-17 23:30:24.297447 INFO: eventNum: 1
2024-07-17 23:30:24.297460 INFO: fd: 43, events: 8193

2024-07-17 23:30:24.297478 INFO: HttpConn 43 close success
2024-07-17 23:30:24.297487 INFO: Client[43] quit!
2024-07-17 23:30:24.297492 INFO: eventNum: 1
2024-07-17 23:30:24.297529 INFO: fd: 38, events: 8193

2024-07-17 23:30:24.297541 INFO: HttpConn 38 close success
2024-07-17 23:30:24.297549 INFO: Client[38] quit!
2024-07-17 23:30:24.297784 INFO: eventNum: 1
2024-07-17 23:30:24.297802 INFO: fd: 30, events: 1

2024-07-17 23:30:24.297864 INFO: HttpConn 30 read success
2024-07-17 23:30:24.297912 INFO: GET / HTTP/1.1
2024-07-17 23:30:24.297922 INFO: Host: 39.98.202.182:9006
2024-07-17 23:30:24.297928 INFO: User-Agent: Go-http-client/1.1
2024-07-17 23:30:24.297933 INFO: oop!unknow header: User-Agent: Go-http-client/1.1
2024-07-17 23:30:24.297938 INFO: X-Vegeta-Seq: 3793
2024-07-17 23:30:24.297942 INFO: oop!unknow header: X-Vegeta-Seq: 3793
2024-07-17 23:30:24.297947 INFO: Accept-Encoding: gzip
2024-07-17 23:30:24.297952 INFO: oop!unknow header: Accept-Encoding: gzip
2024-07-17 23:30:24.297959 INFO: 
2024-07-17 23:30:24.297991 INFO: request:HTTP/1.1 200 OK

2024-07-17 23:30:24.297998 INFO: request:HTTP/1.1 200 OK
Content-Length:542

2024-07-17 23:30:24.298002 INFO: request:HTTP/1.1 200 OK
Content-Length:542
Connection:close

2024-07-17 23:30:24.298007 INFO: request:HTTP/1.1 200 OK
Content-Length:542
Connection:close


2024-07-17 23:30:24.298028 INFO: Thread 140246106080832 is running task

2024-07-17 23:30:24.298055 INFO: eventNum: 1
2024-07-17 23:30:24.298063 INFO: fd: 30, events: 4

2024-07-17 23:30:24.298108 INFO: Thread 140246097688128 is running task

2024-07-17 23:30:24.298463 INFO: eventNum: 1
2024-07-17 23:30:24.298491 INFO: fd: 18, events: 8193

2024-07-17 23:30:24.298554 INFO: HttpConn 18 close success
2024-07-17 23:30:24.298563 INFO: Client[18] quit!
2024-07-17 23:30:24.299177 INFO: eventNum: 1
2024-07-17 23:30:24.299205 INFO: fd: 17, events: 8193

2024-07-17 23:30:24.299236 INFO: HttpConn 17 close success
2024-07-17 23:30:24.299246 INFO: Client[17] quit!
2024-07-17 23:30:24.299296 INFO: eventNum: 1
2024-07-17 23:30:24.299326 INFO: fd: 16, events: 8193

2024-07-17 23:30:24.299347 INFO: HttpConn 16 close success
2024-07-17 23:30:24.299354 INFO: Client[16] quit!
2024-07-17 23:30:24.300141 INFO: eventNum: 1
2024-07-17 23:30:24.300175 INFO: fd: 36, events: 8193

2024-07-17 23:30:24.300219 INFO: HttpConn 36 close success
2024-07-17 23:30:24.300229 INFO: Client[36] quit!
2024-07-17 23:30:24.300239 INFO: eventNum: 1
2024-07-17 23:30:24.300246 INFO: fd: 28, events: 1

2024-07-17 23:30:24.300270 INFO: HttpConn 28 read success
2024-07-17 23:30:24.300286 INFO: GET / HTTP/1.1
2024-07-17 23:30:24.300296 INFO: Host: 39.98.202.182:9006
2024-07-17 23:30:24.300302 INFO: User-Agent: Go-http-client/1.1
2024-07-17 23:30:24.300306 INFO: oop!unknow header: User-Agent: Go-http-client/1.1
2024-07-17 23:30:24.300311 INFO: X-Vegeta-Seq: 3785
2024-07-17 23:30:24.300326 INFO: oop!unknow header: X-Vegeta-Seq: 3785
2024-07-17 23:30:24.300331 INFO: Accept-Encoding: gzip
2024-07-17 23:30:24.300335 INFO: oop!unknow header: Accept-Encoding: gzip
2024-07-17 23:30:24.300340 INFO: 
2024-07-17 23:30:24.300377 INFO: request:HTTP/1.1 200 OK

2024-07-17 23:30:24.300386 INFO: request:HTTP/1.1 200 OK
Content-Length:542

2024-07-17 23:30:24.300392 INFO: request:HTTP/1.1 200 OK
Content-Length:542
Connection:close

2024-07-17 23:30:24.300397 INFO: request:HTTP/1.1 200 OK
Content-Length:542
Connection:close


2024-07-17 23:30:24.300412 INFO: Thread 140246122866240 is running task

2024-07-17 23:30:24.300424 INFO: eventNum: 2
2024-07-17 23:30:24.300430 INFO: fd: 29, events: 1

2024-07-17 23:30:24.300446 INFO: HttpConn 29 read success
2024-07-17 23:30:24.300456 INFO: GET / HTTP/1.1
2024-07-17 23:30:24.300472 INFO: Host: 39.98.202.182:9006
2024-07-17 23:30:24.300477 INFO: User-Agent: Go-http-client/1.1
2024-07-17 23:30:24.300482 INFO: oop!unknow header: User-Agent: Go-http-client/1.1
2024-07-17 23:30:24.300486 INFO: X-Vegeta-Seq: 3786
2024-07-17 23:30:24.300490 INFO: oop!unknow header: X-Vegeta-Seq: 3786
2024-07-17 23:30:24.300521 INFO: Accept-Encoding: gzip
2024-07-17 23:30:24.300528 INFO: oop!unknow header: Accept-Encoding: gzip
2024-07-17 23:30:24.300534 INFO: 
2024-07-17 23:30:24.300554 INFO: request:HTTP/1.1 200 OK

2024-07-17 23:30:24.300562 INFO: request:HTTP/1.1 200 OK
Content-Length:542

2024-07-17 23:30:24.300568 INFO: request:HTTP/1.1 200 OK
Content-Length:542
Connection:close

2024-07-17 23:30:24.300574 INFO: request:HTTP/1.1 200 OK
Content-Length:542
Connection:close


2024-07-17 23:30:24.300583 INFO: Thread 140246139651648 is running task

2024-07-17 23:30:24.300591 INFO: fd: 28, events: 4

2024-07-17 23:30:24.300644 INFO: Thread 140246148044352 is running task

2024-07-17 23:30:24.300700 INFO: eventNum: 1
2024-07-17 23:30:24.300712 INFO: fd: 29, events: 4

2024-07-17 23:30:24.300744 INFO: Thread 140246156437056 is running task

2024-07-17 23:30:24.301183 INFO: eventNum: 1
2024-07-17 23:30:24.301212 INFO: fd: 31, events: 1

2024-07-17 23:30:24.301238 INFO: HttpConn 31 read success
2024-07-17 23:30:24.301260 INFO: GET / HTTP/1.1
2024-07-17 23:30:24.301267 INFO: Host: 39.98.202.182:9006
2024-07-17 23:30:24.301272 INFO: User-Agent: Go-http-client/1.1
2024-07-17 23:30:24.301277 INFO: oop!unknow header: User-Agent: Go-http-client/1.1
2024-07-17 23:30:24.301282 INFO: X-Vegeta-Seq: 3783
2024-07-17 23:30:24.301286 INFO: oop!unknow header: X-Vegeta-Seq: 3783
2024-07-17 23:30:24.301290 INFO: Accept-Encoding: gzip
2024-07-17 23:30:24.301294 INFO: oop!unknow header: Accept-Encoding: gzip
2024-07-17 23:30:24.301299 INFO: 
2024-07-17 23:30:24.301317 INFO: request:HTTP/1.1 200 OK

2024-07-17 23:30:24.301322 INFO: request:HTTP/1.1 200 OK
Content-Length:542

2024-07-17 23:30:24.301327 INFO: request:HTTP/1.1 200 OK
Content-Length:542
Connection:close

2024-07-17 23:30:24.301331 INFO: request:HTTP/1.1 200 OK
Content-Length:542
Connection:close


2024-07-17 23:30:24.301348 INFO: Thread 140246114473536 is running task

2024-07-17 23:30:24.301353 INFO: eventNum: 1
2024-07-17 23:30:24.301365 INFO: fd: 31, events: 4

2024-07-17 23:30:24.301410 INFO: Thread 140246131258944 is running task

2024-07-17 23:30:24.302469 INFO: eventNum: 1
2024-07-17 23:30:24.302529 INFO: fd: 13, events: 1

2024-07-17 23:30:24.302536 INFO: HandleListenEvent 13
2024-07-17 23:30:24.302558 INFO: HttpConn 16 init success
2024-07-17 23:30:24.302564 INFO: addTimer id:16 expireTime:1721230724
2024-07-17 23:30:24.302585 INFO: Client[16] in!
2024-07-17 23:30:24.302593 INFO: HandleListenEvent 13
2024-07-17 23:30:24.302607 ERROR: Accept failure -1
2024-07-17 23:30:24.303341 INFO: eventNum: 1
2024-07-17 23:30:24.303365 INFO: fd: 26, events: 8193

2024-07-17 23:30:24.303388 INFO: HttpConn 26 close success
2024-07-17 23:30:24.303394 INFO: Client[26] quit!
2024-07-17 23:30:24.304322 INFO: eventNum: 1
2024-07-17 23:30:24.304345 INFO: fd: 16, events: 1

2024-07-17 23:30:24.304364 INFO: HttpConn 16 read success
2024-07-17 23:30:24.304378 INFO: GET / HTTP/1.1
2024-07-17 23:30:24.304385 INFO: Host: 39.98.202.182:9006
2024-07-17 23:30:24.304390 INFO: User-Agent: Go-http-client/1.1
2024-07-17 23:30:24.304395 INFO: oop!unknow header: User-Agent: Go-http-client/1.1
2024-07-17 23:30:24.304399 INFO: X-Vegeta-Seq: 3797
2024-07-17 23:30:24.304404 INFO: oop!unknow header: X-Vegeta-Seq: 3797
2024-07-17 23:30:24.304408 INFO: Accept-Encoding: gzip
2024-07-17 23:30:24.304412 INFO: oop!unknow header: Accept-Encoding: gzip
2024-07-17 23:30:24.304416 INFO: 
2024-07-17 23:30:24.304440 INFO: request:HTTP/1.1 200 OK

2024-07-17 23:30:24.304445 INFO: request:HTTP/1.1 200 OK
Content-Length:542

2024-07-17 23:30:24.304449 INFO: request:HTTP/1.1 200 OK
Content-Length:542
Connection:close

2024-07-17 23:30:24.304454 INFO: request:HTTP/1.1 200 OK
Content-Length:542
Connection:close


2024-07-17 23:30:24.304477 INFO: Thread 140246106080832 is running task

2024-07-17 23:30:24.304488 INFO: eventNum: 1
2024-07-17 23:30:24.304493 INFO: fd: 16, events: 4

2024-07-17 23:30:24.304561 INFO: Thread 140246097688128 is running task

2024-07-17 23:30:24.307076 INFO: eventNum: 1
2024-07-17 23:30:24.307105 INFO: fd: 13, events: 1

2024-07-17 23:30:24.307133 INFO: HandleListenEvent 13
2024-07-17 23:30:24.307159 INFO: HttpConn 17 init success
2024-07-17 23:30:24.307166 INFO: addTimer id:17 expireTime:1721230724
2024-07-17 23:30:24.307179 INFO: Client[17] in!
2024-07-17 23:30:24.307184 INFO: HandleListenEvent 13
2024-07-17 23:30:24.307194 ERROR: Accept failure -1
2024-07-17 23:30:24.308578 INFO: eventNum: 1
2024-07-17 23:30:24.308602 INFO: fd: 17, events: 1

2024-07-17 23:30:24.308621 INFO: HttpConn 17 read success
2024-07-17 23:30:24.308634 INFO: GET / HTTP/1.1
2024-07-17 23:30:24.308641 INFO: Host: 39.98.202.182:9006
2024-07-17 23:30:24.308646 INFO: User-Agent: Go-http-client/1.1
2024-07-17 23:30:24.308651 INFO: oop!unknow header: User-Agent: Go-http-client/1.1
2024-07-17 23:30:24.308656 INFO: X-Vegeta-Seq: 3799
2024-07-17 23:30:24.308660 INFO: oop!unknow header: X-Vegeta-Seq: 3799
2024-07-17 23:30:24.308665 INFO: Accept-Encoding: gzip
2024-07-17 23:30:24.308669 INFO: oop!unknow header: Accept-Encoding: gzip
2024-07-17 23:30:24.308673 INFO: 
2024-07-17 23:30:24.308696 INFO: request:HTTP/1.1 200 OK

2024-07-17 23:30:24.308702 INFO: request:HTTP/1.1 200 OK
Content-Length:542

2024-07-17 23:30:24.308706 INFO: request:HTTP/1.1 200 OK
Content-Length:542
Connection:close

2024-07-17 23:30:24.308711 INFO: request:HTTP/1.1 200 OK
Content-Length:542
Connection:close


2024-07-17 23:30:24.308723 INFO: Thread 140246122866240 is running task

2024-07-17 23:30:24.308734 INFO: eventNum: 1
2024-07-17 23:30:24.308739 INFO: fd: 17, events: 4

2024-07-17 23:30:24.308776 INFO: Thread 140246139651648 is running task

2024-07-17 23:30:24.310054 INFO: eventNum: 1
2024-07-17 23:30:24.310080 INFO: fd: 13, events: 1

2024-07-17 23:30:24.310086 INFO: HandleListenEvent 13
2024-07-17 23:30:24.310107 INFO: HttpConn 18 init success
2024-07-17 23:30:24.310132 INFO: addTimer id:18 expireTime:1721230724
2024-07-17 23:30:24.310151 INFO: Client[18] in!
2024-07-17 23:30:24.310156 INFO: HandleListenEvent 13
2024-07-17 23:30:24.310167 ERROR: Accept failure -1
2024-07-17 23:30:24.319250 INFO: eventNum: 1
2024-07-17 23:30:24.319297 INFO: fd: 13, events: 1

2024-07-17 23:30:24.319306 INFO: HandleListenEvent 13
2024-07-17 23:30:24.319337 INFO: HttpConn 26 init success
2024-07-17 23:30:24.319344 INFO: addTimer id:26 expireTime:1721230724
2024-07-17 23:30:24.319357 INFO: Client[26] in!
2024-07-17 23:30:24.319361 INFO: HandleListenEvent 13
2024-07-17 23:30:24.319372 ERROR: Accept failure -1
2024-07-17 23:30:24.320323 INFO: eventNum: 1
2024-07-17 23:30:24.320340 INFO: fd: 13, events: 1

2024-07-17 23:30:24.320345 INFO: HandleListenEvent 13
2024-07-17 23:30:24.320359 INFO: HttpConn 32 init success
2024-07-17 23:30:24.320365 INFO: addTimer id:32 expireTime:1721230724
2024-07-17 23:30:24.320375 INFO: Client[32] in!
2024-07-17 23:30:24.320380 INFO: HandleListenEvent 13
2024-07-17 23:30:24.320388 ERROR: Accept failure -1
2024-07-17 23:30:24.321445 INFO: eventNum: 1
2024-07-17 23:30:24.321470 INFO: fd: 32, events: 1

2024-07-17 23:30:24.321484 INFO: eventNum: 1
2024-07-17 23:30:24.321489 INFO: fd: 26, events: 1

2024-07-17 23:30:24.321523 INFO: HttpConn 32 read success
2024-07-17 23:30:24.321621 INFO: GET / HTTP/1.1
2024-07-17 23:30:24.321631 INFO: Host: 39.98.202.182:9006
2024-07-17 23:30:24.321636 INFO: User-Agent: Go-http-client/1.1
2024-07-17 23:30:24.321641 INFO: oop!unknow header: User-Agent: Go-http-client/1.1
2024-07-17 23:30:24.321645 INFO: X-Vegeta-Seq: 3800
2024-07-17 23:30:24.321650 INFO: oop!unknow header: X-Vegeta-Seq: 3800
2024-07-17 23:30:24.321654 INFO: Accept-Encoding: gzip
2024-07-17 23:30:24.321659 INFO: oop!unknow header: Accept-Encoding: gzip
2024-07-17 23:30:24.321663 INFO: 
2024-07-17 23:30:24.321690 INFO: request:HTTP/1.1 200 OK

2024-07-17 23:30:24.321742 INFO: request:HTTP/1.1 200 OK
Content-Length:542

2024-07-17 23:30:24.321749 INFO: request:HTTP/1.1 200 OK
Content-Length:542
Connection:close

2024-07-17 23:30:24.321753 INFO: request:HTTP/1.1 200 OK
Content-Length:542
Connection:close


2024-07-17 23:30:24.321772 INFO: Thread 140246148044352 is running task

2024-07-17 23:30:24.321573 INFO: HttpConn 26 read success
2024-07-17 23:30:24.321791 INFO: GET / HTTP/1.1
2024-07-17 23:30:24.321799 INFO: Host: 39.98.202.182:9006
2024-07-17 23:30:24.321807 INFO: User-Agent: Go-http-client/1.1
2024-07-17 23:30:24.321813 INFO: oop!unknow header: User-Agent: Go-http-client/1.1
2024-07-17 23:30:24.321821 INFO: X-Vegeta-Seq: 3801
2024-07-17 23:30:24.321827 INFO: oop!unknow header: X-Vegeta-Seq: 3801
2024-07-17 23:30:24.321834 INFO: Accept-Encoding: gzip
2024-07-17 23:30:24.321840 INFO: oop!unknow header: Accept-Encoding: gzip
2024-07-17 23:30:24.321846 INFO: 
2024-07-17 23:30:24.321861 INFO: request:HTTP/1.1 200 OK

2024-07-17 23:30:24.321866 INFO: request:HTTP/1.1 200 OK
Content-Length:542

2024-07-17 23:30:24.321871 INFO: request:HTTP/1.1 200 OK
Content-Length:542
Connection:close

2024-07-17 23:30:24.321875 INFO: request:HTTP/1.1 200 OK
Content-Length:542
Connection:close


2024-07-17 23:30:24.321883 INFO: Thread 140246156437056 is running task

2024-07-17 23:30:24.321901 INFO: eventNum: 2
2024-07-17 23:30:24.321907 INFO: fd: 32, events: 4

2024-07-17 23:30:24.321919 INFO: fd: 26, events: 4

2024-07-17 23:30:24.321970 INFO: Thread 140246114473536 is running task

2024-07-17 23:30:24.321970 INFO: Thread 140246131258944 is running task

2024-07-17 23:30:24.322808 INFO: eventNum: 1
2024-07-17 23:30:24.322832 INFO: fd: 18, events: 1

2024-07-17 23:30:24.322850 INFO: HttpConn 18 read success
2024-07-17 23:30:24.322861 INFO: GET / HTTP/1.1
2024-07-17 23:30:24.322867 INFO: Host: 39.98.202.182:9006
2024-07-17 23:30:24.322872 INFO: User-Agent: Go-http-client/1.1
2024-07-17 23:30:24.322876 INFO: oop!unknow header: User-Agent: Go-http-client/1.1
2024-07-17 23:30:24.322880 INFO: X-Vegeta-Seq: 3798
2024-07-17 23:30:24.322885 INFO: oop!unknow header: X-Vegeta-Seq: 3798
2024-07-17 23:30:24.322889 INFO: Accept-Encoding: gzip
2024-07-17 23:30:24.322893 INFO: oop!unknow header: Accept-Encoding: gzip
2024-07-17 23:30:24.322898 INFO: 
2024-07-17 23:30:24.322915 INFO: request:HTTP/1.1 200 OK

2024-07-17 23:30:24.322920 INFO: request:HTTP/1.1 200 OK
Content-Length:542

2024-07-17 23:30:24.322924 INFO: request:HTTP/1.1 200 OK
Content-Length:542
Connection:close

2024-07-17 23:30:24.322929 INFO: request:HTTP/1.1 200 OK
Content-Length:542
Connection:close


2024-07-17 23:30:24.322939 INFO: Thread 140246106080832 is running task

2024-07-17 23:30:24.322948 INFO: eventNum: 1
2024-07-17 23:30:24.322953 INFO: fd: 18, events: 4

2024-07-17 23:30:24.322984 INFO: Thread 140246097688128 is running task

2024-07-17 23:30:24.332175 INFO: eventNum: 1
2024-07-17 23:30:24.332232 INFO: fd: 13, events: 1

2024-07-17 23:30:24.332240 INFO: HandleListenEvent 13
2024-07-17 23:30:24.332266 INFO: HttpConn 33 init success
2024-07-17 23:30:24.332273 INFO: addTimer id:33 expireTime:1721230724
2024-07-17 23:30:24.332287 INFO: Client[33] in!
2024-07-17 23:30:24.332292 INFO: HandleListenEvent 13
2024-07-17 23:30:24.332304 ERROR: Accept failure -1
2024-07-17 23:30:24.332535 INFO: eventNum: 1
2024-07-17 23:30:24.332553 INFO: fd: 13, events: 1

2024-07-17 23:30:24.332558 INFO: HandleListenEvent 13
2024-07-17 23:30:24.332567 INFO: HttpConn 34 init success
2024-07-17 23:30:24.332573 INFO: addTimer id:34 expireTime:1721230724
2024-07-17 23:30:24.332583 INFO: Client[34] in!
2024-07-17 23:30:24.332588 INFO: HandleListenEvent 13
2024-07-17 23:30:24.332597 ERROR: Accept failure -1
2024-07-17 23:30:24.332863 INFO: eventNum: 1
2024-07-17 23:30:24.332888 INFO: fd: 13, events: 1

2024-07-17 23:30:24.332893 INFO: HandleListenEvent 13
2024-07-17 23:30:24.332907 INFO: HttpConn 35 init success
2024-07-17 23:30:24.332912 INFO: addTimer id:35 expireTime:1721230724
2024-07-17 23:30:24.332930 INFO: Client[35] in!
2024-07-17 23:30:24.332935 INFO: HandleListenEvent 13
2024-07-17 23:30:24.333000 ERROR: Accept failure -1
2024-07-17 23:30:24.333299 INFO: eventNum: 1
2024-07-17 23:30:24.333321 INFO: fd: 34, events: 1

2024-07-17 23:30:24.333344 INFO: HttpConn 34 read success
2024-07-17 23:30:24.333359 INFO: GET / HTTP/1.1
2024-07-17 23:30:24.333378 INFO: Host: 39.98.202.182:9006
2024-07-17 23:30:24.333385 INFO: User-Agent: Go-http-client/1.1
2024-07-17 23:30:24.333391 INFO: oop!unknow header: User-Agent: Go-http-client/1.1
2024-07-17 23:30:24.333399 INFO: X-Vegeta-Seq: 3803
2024-07-17 23:30:24.333404 INFO: oop!unknow header: X-Vegeta-Seq: 3803
2024-07-17 23:30:24.333410 INFO: Accept-Encoding: gzip
2024-07-17 23:30:24.333416 INFO: oop!unknow header: Accept-Encoding: gzip
2024-07-17 23:30:24.333422 INFO: 
2024-07-17 23:30:24.333455 INFO: request:HTTP/1.1 200 OK

2024-07-17 23:30:24.333462 INFO: request:HTTP/1.1 200 OK
Content-Length:542

2024-07-17 23:30:24.333469 INFO: request:HTTP/1.1 200 OK
Content-Length:542
Connection:close

2024-07-17 23:30:24.333475 INFO: request:HTTP/1.1 200 OK
Content-Length:542
Connection:close


2024-07-17 23:30:24.333532 INFO: Thread 140246122866240 is running task

2024-07-17 23:30:24.333625 INFO: eventNum: 2
2024-07-17 23:30:24.333639 INFO: fd: 30, events: 8193

2024-07-17 23:30:24.333700 INFO: HttpConn 30 close success
2024-07-17 23:30:24.333723 INFO: Client[30] quit!
2024-07-17 23:30:24.333730 INFO: fd: 34, events: 4

2024-07-17 23:30:24.333747 INFO: eventNum: 1
2024-07-17 23:30:24.333754 INFO: fd: 29, events: 8193

2024-07-17 23:30:24.333779 INFO: HttpConn 29 close success
2024-07-17 23:30:24.333790 INFO: Client[29] quit!
2024-07-17 23:30:24.333853 INFO: eventNum: 1
2024-07-17 23:30:24.333862 INFO: fd: 31, events: 8193

2024-07-17 23:30:24.333878 INFO: HttpConn 31 close success
2024-07-17 23:30:24.333885 INFO: Client[31] quit!
2024-07-17 23:30:24.333958 INFO: Thread 140246139651648 is running task

2024-07-17 23:30:24.334000 INFO: eventNum: 1
2024-07-17 23:30:24.334007 INFO: fd: 28, events: 8193

2024-07-17 23:30:24.334020 INFO: HttpConn 28 close success
2024-07-17 23:30:24.334027 INFO: Client[28] quit!
2024-07-17 23:30:24.334381 INFO: eventNum: 1
2024-07-17 23:30:24.334398 INFO: fd: 33, events: 1

2024-07-17 23:30:24.334787 INFO: HttpConn 33 read success
2024-07-17 23:30:24.334810 INFO: GET / HTTP/1.1
2024-07-17 23:30:24.334816 INFO: Host: 39.98.202.182:9006
2024-07-17 23:30:24.334821 INFO: User-Agent: Go-http-client/1.1
2024-07-17 23:30:24.334825 INFO: oop!unknow header: User-Agent: Go-http-client/1.1
2024-07-17 23:30:24.334830 INFO: X-Vegeta-Seq: 3805
2024-07-17 23:30:24.334834 INFO: oop!unknow header: X-Vegeta-Seq: 3805
2024-07-17 23:30:24.334839 INFO: Accept-Encoding: gzip
2024-07-17 23:30:24.334843 INFO: oop!unknow header: Accept-Encoding: gzip
2024-07-17 23:30:24.334847 INFO: 
2024-07-17 23:30:24.334868 INFO: request:HTTP/1.1 200 OK

2024-07-17 23:30:24.334873 INFO: request:HTTP/1.1 200 OK
Content-Length:542

2024-07-17 23:30:24.334877 INFO: request:HTTP/1.1 200 OK
Content-Length:542
Connection:close

2024-07-17 23:30:24.334881 INFO: request:HTTP/1.1 200 OK
Content-Length:542
Connection:close


2024-07-17 23:30:24.334895 INFO: Thread 140246148044352 is running task

2024-07-17 23:30:24.335103 INFO: eventNum: 1
2024-07-17 23:30:24.335117 INFO: fd: 33, events: 4

2024-07-17 23:30:24.335132 INFO: eventNum: 1
2024-07-17 23:30:24.335137 INFO: fd: 35, events: 1

2024-07-17 23:30:24.335177 INFO: Thread 140246114473536 is running task

2024-07-17 23:30:24.335186 INFO: HttpConn 35 read success
2024-07-17 23:30:24.335194 INFO: GET / HTTP/1.1
2024-07-17 23:30:24.335200 INFO: Host: 39.98.202.182:9006
2024-07-17 23:30:24.335204 INFO: User-Agent: Go-http-client/1.1
2024-07-17 23:30:24.335209 INFO: oop!unknow header: User-Agent: Go-http-client/1.1
2024-07-17 23:30:24.335213 INFO: X-Vegeta-Seq: 3806
2024-07-17 23:30:24.335217 INFO: oop!unknow header: X-Vegeta-Seq: 3806
2024-07-17 23:30:24.335221 INFO: Accept-Encoding: gzip
2024-07-17 23:30:24.335226 INFO: oop!unknow header: Accept-Encoding: gzip
2024-07-17 23:30:24.335237 INFO: 
2024-07-17 23:30:24.335252 INFO: request:HTTP/1.1 200 OK

2024-07-17 23:30:24.335257 INFO: request:HTTP/1.1 200 OK
Content-Length:542

2024-07-17 23:30:24.335261 INFO: request:HTTP/1.1 200 OK
Content-Length:542
Connection:close

2024-07-17 23:30:24.335266 INFO: request:HTTP/1.1 200 OK
Content-Length:542
Connection:close


2024-07-17 23:30:24.335273 INFO: Thread 140246114473536 is running task

2024-07-17 23:30:24.335323 INFO: eventNum: 2
2024-07-17 23:30:24.335329 INFO: fd: 17, events: 8193

2024-07-17 23:30:24.335346 INFO: HttpConn 17 close success
2024-07-17 23:30:24.335354 INFO: Client[17] quit!
2024-07-17 23:30:24.335359 INFO: fd: 35, events: 4

2024-07-17 23:30:24.335587 INFO: Thread 140246156437056 is running task

2024-07-17 23:30:24.335801 INFO: eventNum: 1
2024-07-17 23:30:24.335814 INFO: fd: 16, events: 8193

2024-07-17 23:30:24.335832 INFO: HttpConn 16 close success
2024-07-17 23:30:24.335840 INFO: Client[16] quit!
2024-07-17 23:30:24.343994 INFO: eventNum: 1
2024-07-17 23:30:24.344036 INFO: fd: 13, events: 1

2024-07-17 23:30:24.344042 INFO: HandleListenEvent 13
2024-07-17 23:30:24.344065 INFO: HttpConn 16 init success
2024-07-17 23:30:24.344072 INFO: addTimer id:16 expireTime:1721230724
2024-07-17 23:30:24.344085 INFO: Client[16] in!
2024-07-17 23:30:24.344090 INFO: HandleListenEvent 13
2024-07-17 23:30:24.344101 ERROR: Accept failure -1
2024-07-17 23:30:24.344275 INFO: eventNum: 1
2024-07-17 23:30:24.344286 INFO: fd: 32, events: 8193

2024-07-17 23:30:24.344306 INFO: HttpConn 32 close success
2024-07-17 23:30:24.344315 INFO: Client[32] quit!
2024-07-17 23:30:24.344923 INFO: eventNum: 1
2024-07-17 23:30:24.344952 INFO: fd: 13, events: 1

2024-07-17 23:30:24.344959 INFO: HandleListenEvent 13
2024-07-17 23:30:24.344976 INFO: HttpConn 17 init success
2024-07-17 23:30:24.344982 INFO: addTimer id:17 expireTime:1721230724
2024-07-17 23:30:24.344994 INFO: Client[17] in!
2024-07-17 23:30:24.344999 INFO: HandleListenEvent 13
2024-07-17 23:30:24.345008 ERROR: Accept failure -1
2024-07-17 23:30:24.345262 INFO: eventNum: 1
2024-07-17 23:30:24.345276 INFO: fd: 13, events: 1

2024-07-17 23:30:24.345283 INFO: HandleListenEvent 13
2024-07-17 23:30:24.345300 INFO: HttpConn 28 init success
2024-07-17 23:30:24.345307 INFO: addTimer id:28 expireTime:1721230724
2024-07-17 23:30:24.345320 INFO: Client[28] in!
2024-07-17 23:30:24.345327 INFO: HandleListenEvent 13
2024-07-17 23:30:24.345338 ERROR: Accept failure -1
2024-07-17 23:30:24.345450 INFO: eventNum: 1
2024-07-17 23:30:24.345464 INFO: fd: 13, events: 1

2024-07-17 23:30:24.345469 INFO: HandleListenEvent 13
2024-07-17 23:30:24.345482 INFO: HttpConn 29 init success
2024-07-17 23:30:24.345488 INFO: addTimer id:29 expireTime:1721230724
2024-07-17 23:30:24.345530 INFO: Client[29] in!
2024-07-17 23:30:24.345541 INFO: HandleListenEvent 13
2024-07-17 23:30:24.345556 ERROR: Accept failure -1
2024-07-17 23:30:24.346094 INFO: eventNum: 1
2024-07-17 23:30:24.346132 INFO: fd: 13, events: 1

2024-07-17 23:30:24.346139 INFO: HandleListenEvent 13
2024-07-17 23:30:24.346153 INFO: HttpConn 30 init success
2024-07-17 23:30:24.346167 INFO: addTimer id:30 expireTime:1721230724
2024-07-17 23:30:24.346178 INFO: Client[30] in!
2024-07-17 23:30:24.346192 INFO: HandleListenEvent 13
2024-07-17 23:30:24.346203 INFO: HttpConn 31 init success
2024-07-17 23:30:24.346208 INFO: addTimer id:31 expireTime:1721230724
2024-07-17 23:30:24.346216 INFO: Client[31] in!
2024-07-17 23:30:24.346220 INFO: HandleListenEvent 13
2024-07-17 23:30:24.346229 ERROR: Accept failure -1
2024-07-17 23:30:24.346235 INFO: eventNum: 1
2024-07-17 23:30:24.346239 INFO: fd: 26, events: 8193

2024-07-17 23:30:24.346256 INFO: HttpConn 26 close success
2024-07-17 23:30:24.346261 INFO: Client[26] quit!
2024-07-17 23:30:24.346579 INFO: eventNum: 1
2024-07-17 23:30:24.346596 INFO: fd: 16, events: 1

2024-07-17 23:30:24.346618 INFO: HttpConn 16 read success
2024-07-17 23:30:24.346634 INFO: GET / HTTP/1.1
2024-07-17 23:30:24.346641 INFO: Host: 39.98.202.182:9006
2024-07-17 23:30:24.346666 INFO: User-Agent: Go-http-client/1.1
2024-07-17 23:30:24.346672 INFO: oop!unknow header: User-Agent: Go-http-client/1.1
2024-07-17 23:30:24.346677 INFO: X-Vegeta-Seq: 3810
2024-07-17 23:30:24.346682 INFO: oop!unknow header: X-Vegeta-Seq: 3810
2024-07-17 23:30:24.346686 INFO: Accept-Encoding: gzip
2024-07-17 23:30:24.346690 INFO: oop!unknow header: Accept-Encoding: gzip
2024-07-17 23:30:24.346694 INFO: 
2024-07-17 23:30:24.346721 INFO: request:HTTP/1.1 200 OK

2024-07-17 23:30:24.346729 INFO: request:HTTP/1.1 200 OK
Content-Length:542

2024-07-17 23:30:24.346736 INFO: request:HTTP/1.1 200 OK
Content-Length:542
Connection:close

2024-07-17 23:30:24.346742 INFO: request:HTTP/1.1 200 OK
Content-Length:542
Connection:close


2024-07-17 23:30:24.346774 INFO: Thread 140246106080832 is running task

2024-07-17 23:30:24.346810 INFO: eventNum: 2
2024-07-17 23:30:24.346820 INFO: fd: 13, events: 1

2024-07-17 23:30:24.346837 INFO: HandleListenEvent 13
2024-07-17 23:30:24.346856 INFO: HttpConn 26 init success
2024-07-17 23:30:24.346864 INFO: addTimer id:26 expireTime:1721230724
2024-07-17 23:30:24.346877 INFO: Client[26] in!
2024-07-17 23:30:24.346883 INFO: HandleListenEvent 13
2024-07-17 23:30:24.346896 ERROR: Accept failure -1
2024-07-17 23:30:24.346903 INFO: fd: 16, events: 4

2024-07-17 23:30:24.346956 INFO: Thread 140246097688128 is running task

2024-07-17 23:30:24.346988 INFO: eventNum: 2
2024-07-17 23:30:24.346997 INFO: fd: 30, events: 1

2024-07-17 23:30:24.347014 INFO: HttpConn 30 read success
2024-07-17 23:30:24.347027 INFO: GET / HTTP/1.1
2024-07-17 23:30:24.347035 INFO: Host: 39.98.202.182:9006
2024-07-17 23:30:24.347042 INFO: User-Agent: Go-http-client/1.1
2024-07-17 23:30:24.347047 INFO: oop!unknow header: User-Agent: Go-http-client/1.1
2024-07-17 23:30:24.347052 INFO: X-Vegeta-Seq: 3818
2024-07-17 23:30:24.347056 INFO: oop!unknow header: X-Vegeta-Seq: 3818
2024-07-17 23:30:24.347060 INFO: Accept-Encoding: gzip
2024-07-17 23:30:24.347065 INFO: oop!unknow header: Accept-Encoding: gzip
2024-07-17 23:30:24.347069 INFO: 
2024-07-17 23:30:24.347086 INFO: request:HTTP/1.1 200 OK

2024-07-17 23:30:24.347090 INFO: request:HTTP/1.1 200 OK
Content-Length:542

2024-07-17 23:30:24.347095 INFO: request:HTTP/1.1 200 OK
Content-Length:542
Connection:close

2024-07-17 23:30:24.347099 INFO: request:HTTP/1.1 200 OK
Content-Length:542
Connection:close


2024-07-17 23:30:24.347108 INFO: Thread 140246122866240 is running task

2024-07-17 23:30:24.347117 INFO: fd: 29, events: 1

2024-07-17 23:30:24.347131 INFO: eventNum: 1
2024-07-17 23:30:24.347136 INFO: fd: 30, events: 4

2024-07-17 23:30:24.347139 INFO: HttpConn 29 read success
2024-07-17 23:30:24.347162 INFO: GET / HTTP/1.1
2024-07-17 23:30:24.347168 INFO: Host: 39.98.202.182:9006
2024-07-17 23:30:24.347173 INFO: User-Agent: Go-http-client/1.1
2024-07-17 23:30:24.347177 INFO: oop!unknow header: User-Agent: Go-http-client/1.1
2024-07-17 23:30:24.347182 INFO: X-Vegeta-Seq: 3817
2024-07-17 23:30:24.347186 INFO: oop!unknow header: X-Vegeta-Seq: 3817
2024-07-17 23:30:24.347190 INFO: Accept-Encoding: gzip
2024-07-17 23:30:24.347195 INFO: oop!unknow header: Accept-Encoding: gzip
2024-07-17 23:30:24.347199 INFO: 
2024-07-17 23:30:24.347219 INFO: request:HTTP/1.1 200 OK

2024-07-17 23:30:24.347224 INFO: request:HTTP/1.1 200 OK
Content-Length:542

2024-07-17 23:30:24.347229 INFO: request:HTTP/1.1 200 OK
Content-Length:542
Connection:close

2024-07-17 23:30:24.347233 INFO: request:HTTP/1.1 200 OK
Content-Length:542
Connection:close


2024-07-17 23:30:24.347251 INFO: Thread 140246139651648 is running task

2024-07-17 23:30:24.347257 INFO: eventNum: 1
2024-07-17 23:30:24.347268 INFO: fd: 29, events: 4

2024-07-17 23:30:24.347284 INFO: Thread 140246139651648 is running task

2024-07-17 23:30:24.347302 INFO: Thread 140246139651648 is running task

2024-07-17 23:30:24.348463 INFO: eventNum: 1
2024-07-17 23:30:24.348487 INFO: fd: 31, events: 1

2024-07-17 23:30:24.348539 INFO: HttpConn 31 read success
2024-07-17 23:30:24.348560 INFO: GET / HTTP/1.1
2024-07-17 23:30:24.348574 INFO: Host: 39.98.202.182:9006
2024-07-17 23:30:24.348579 INFO: User-Agent: Go-http-client/1.1
2024-07-17 23:30:24.348583 INFO: oop!unknow header: User-Agent: Go-http-client/1.1
2024-07-17 23:30:24.348588 INFO: X-Vegeta-Seq: 3809
2024-07-17 23:30:24.348592 INFO: oop!unknow header: X-Vegeta-Seq: 3809
2024-07-17 23:30:24.348596 INFO: Accept-Encoding: gzip
2024-07-17 23:30:24.348600 INFO: oop!unknow header: Accept-Encoding: gzip
2024-07-17 23:30:24.348605 INFO: 
2024-07-17 23:30:24.348623 INFO: request:HTTP/1.1 200 OK

2024-07-17 23:30:24.348628 INFO: request:HTTP/1.1 200 OK
Content-Length:542

2024-07-17 23:30:24.348632 INFO: request:HTTP/1.1 200 OK
Content-Length:542
Connection:close

2024-07-17 23:30:24.348637 INFO: request:HTTP/1.1 200 OK
Content-Length:542
Connection:close


2024-07-17 23:30:24.348647 INFO: eventNum: 2
2024-07-17 23:30:24.348663 INFO: fd: 28, events: 1

2024-07-17 23:30:24.348647 INFO: Thread 140246156437056 is running task

2024-07-17 23:30:24.348676 INFO: fd: 31, events: 4

2024-07-17 23:30:24.348679 INFO: HttpConn 28 read success
2024-07-17 23:30:24.348688 INFO: GET / HTTP/1.1
2024-07-17 23:30:24.348693 INFO: Host: 39.98.202.182:9006
2024-07-17 23:30:24.348701 INFO: User-Agent: Go-http-client/1.1
2024-07-17 23:30:24.348705 INFO: oop!unknow header: User-Agent: Go-http-client/1.1
2024-07-17 23:30:24.348709 INFO: X-Vegeta-Seq: 3812
2024-07-17 23:30:24.348716 INFO: oop!unknow header: X-Vegeta-Seq: 3812
2024-07-17 23:30:24.348720 INFO: Accept-Encoding: gzip
2024-07-17 23:30:24.348724 INFO: oop!unknow header: Accept-Encoding: gzip
2024-07-17 23:30:24.348728 INFO: 
2024-07-17 23:30:24.348743 INFO: request:HTTP/1.1 200 OK

2024-07-17 23:30:24.348748 INFO: request:HTTP/1.1 200 OK
Content-Length:542

2024-07-17 23:30:24.348754 INFO: request:HTTP/1.1 200 OK
Content-Length:542
Connection:close

2024-07-17 23:30:24.348758 INFO: request:HTTP/1.1 200 OK
Content-Length:542
Connection:close


2024-07-17 23:30:24.348765 INFO: Thread 140246156437056 is running task

2024-07-17 23:30:24.348791 INFO: Thread 140246156437056 is running task

2024-07-17 23:30:24.348824 INFO: eventNum: 1
2024-07-17 23:30:24.348833 INFO: fd: 28, events: 4

2024-07-17 23:30:24.348869 INFO: Thread 140246097688128 is running task

2024-07-17 23:30:24.348981 INFO: eventNum: 1
2024-07-17 23:30:24.348997 INFO: fd: 26, events: 1

2024-07-17 23:30:24.349064 INFO: eventNum: 1
2024-07-17 23:30:24.349068 INFO: HttpConn 26 read success
2024-07-17 23:30:24.349079 INFO: fd: 17, events: 1

2024-07-17 23:30:24.349102 INFO: GET / HTTP/1.1
2024-07-17 23:30:24.349110 INFO: Host: 39.98.202.182:9006
2024-07-17 23:30:24.349113 INFO: HttpConn 17 read success
2024-07-17 23:30:24.349127 INFO: GET / HTTP/1.1
2024-07-17 23:30:24.349132 INFO: Host: 39.98.202.182:9006
2024-07-17 23:30:24.349137 INFO: User-Agent: Go-http-client/1.1
2024-07-17 23:30:24.349141 INFO: oop!unknow header: User-Agent: Go-http-client/1.1
2024-07-17 23:30:24.349146 INFO: X-Vegeta-Seq: 3811
2024-07-17 23:30:24.349150 INFO: oop!unknow header: X-Vegeta-Seq: 3811
2024-07-17 23:30:24.349154 INFO: Accept-Encoding: gzip
2024-07-17 23:30:24.349159 INFO: oop!unknow header: Accept-Encoding: gzip
2024-07-17 23:30:24.349163 INFO: 
2024-07-17 23:30:24.349176 INFO: request:HTTP/1.1 200 OK

2024-07-17 23:30:24.349181 INFO: request:HTTP/1.1 200 OK
Content-Length:542

2024-07-17 23:30:24.349186 INFO: request:HTTP/1.1 200 OK
Content-Length:542
Connection:close

2024-07-17 23:30:24.349190 INFO: request:HTTP/1.1 200 OK
Content-Length:542
Connection:close


2024-07-17 23:30:24.349198 INFO: Thread 140246139651648 is running task

2024-07-17 23:30:24.349115 INFO: User-Agent: Go-http-client/1.1
2024-07-17 23:30:24.349213 INFO: oop!unknow header: User-Agent: Go-http-client/1.1
2024-07-17 23:30:24.349218 INFO: X-Vegeta-Seq: 3813
2024-07-17 23:30:24.349222 INFO: oop!unknow header: X-Vegeta-Seq: 3813
2024-07-17 23:30:24.349227 INFO: Accept-Encoding: gzip
2024-07-17 23:30:24.349231 INFO: oop!unknow header: Accept-Encoding: gzip
2024-07-17 23:30:24.349235 INFO: 
2024-07-17 23:30:24.349252 INFO: request:HTTP/1.1 200 OK

2024-07-17 23:30:24.349257 INFO: request:HTTP/1.1 200 OK
Content-Length:542

2024-07-17 23:30:24.349261 INFO: request:HTTP/1.1 200 OK
Content-Length:542
Connection:close

2024-07-17 23:30:24.349265 INFO: request:HTTP/1.1 200 OK
Content-Length:542
Connection:close


2024-07-17 23:30:24.349272 INFO: Thread 140246122866240 is running task

2024-07-17 23:30:24.349280 INFO: eventNum: 2
2024-07-17 23:30:24.349285 INFO: fd: 17, events: 4

2024-07-17 23:30:24.349316 INFO: Thread 140246148044352 is running task

2024-07-17 23:30:24.349326 INFO: fd: 26, events: 4

2024-07-17 23:30:24.349354 INFO: Thread 140246114473536 is running task

2024-07-17 23:30:24.349404 INFO: eventNum: 1
2024-07-17 23:30:24.349435 INFO: fd: 18, events: 8193

2024-07-17 23:30:24.349453 INFO: HttpConn 18 close success
2024-07-17 23:30:24.349461 INFO: Client[18] quit!
2024-07-17 23:30:24.361444 INFO: eventNum: 1
2024-07-17 23:30:24.361526 INFO: fd: 13, events: 1

2024-07-17 23:30:24.361534 INFO: HandleListenEvent 13
2024-07-17 23:30:24.361562 INFO: HttpConn 18 init success
2024-07-17 23:30:24.361568 INFO: addTimer id:18 expireTime:1721230724
2024-07-17 23:30:24.361583 INFO: Client[18] in!
2024-07-17 23:30:24.361587 INFO: HandleListenEvent 13
2024-07-17 23:30:24.361598 ERROR: Accept failure -1
2024-07-17 23:30:24.361605 INFO: eventNum: 1
2024-07-17 23:30:24.361609 INFO: fd: 34, events: 8193

2024-07-17 23:30:24.361632 INFO: HttpConn 34 close success
2024-07-17 23:30:24.361642 INFO: Client[34] quit!
2024-07-17 23:30:24.361967 INFO: eventNum: 1
2024-07-17 23:30:24.361980 INFO: fd: 13, events: 1

2024-07-17 23:30:24.361984 INFO: HandleListenEvent 13
2024-07-17 23:30:24.361996 INFO: HttpConn 32 init success
2024-07-17 23:30:24.362002 INFO: addTimer id:32 expireTime:1721230724
2024-07-17 23:30:24.362011 INFO: Client[32] in!
2024-07-17 23:30:24.362015 INFO: HandleListenEvent 13
2024-07-17 23:30:24.362022 ERROR: Accept failure -1
2024-07-17 23:30:24.362218 INFO: eventNum: 1
2024-07-17 23:30:24.362234 INFO: fd: 13, events: 1

2024-07-17 23:30:24.362239 INFO: HandleListenEvent 13
2024-07-17 23:30:24.362249 INFO: HttpConn 34 init success
2024-07-17 23:30:24.362255 INFO: addTimer id:34 expireTime:1721230724
2024-07-17 23:30:24.362264 INFO: Client[34] in!
2024-07-17 23:30:24.362269 INFO: HandleListenEvent 13
2024-07-17 23:30:24.362276 ERROR: Accept failure -1
2024-07-17 23:30:24.362598 INFO: eventNum: 1
2024-07-17 23:30:24.362610 INFO: fd: 13, events: 1

2024-07-17 23:30:24.362614 INFO: HandleListenEvent 13
2024-07-17 23:30:24.362627 INFO: HttpConn 36 init success
2024-07-17 23:30:24.362633 INFO: addTimer id:36 expireTime:1721230724
2024-07-17 23:30:24.362642 INFO: Client[36] in!
2024-07-17 23:30:24.362647 INFO: HandleListenEvent 13
2024-07-17 23:30:24.362654 ERROR: Accept failure -1
2024-07-17 23:30:24.362894 INFO: eventNum: 1
2024-07-17 23:30:24.362903 INFO: fd: 13, events: 1

2024-07-17 23:30:24.362908 INFO: HandleListenEvent 13
2024-07-17 23:30:24.362925 INFO: HttpConn 37 init success
2024-07-17 23:30:24.362930 INFO: addTimer id:37 expireTime:1721230724
2024-07-17 23:30:24.362939 INFO: Client[37] in!
2024-07-17 23:30:24.362943 INFO: HandleListenEvent 13
2024-07-17 23:30:24.362951 ERROR: Accept failure -1
2024-07-17 23:30:24.362957 INFO: eventNum: 1
2024-07-17 23:30:24.362961 INFO: fd: 28, events: 8193

2024-07-17 23:30:24.362979 INFO: HttpConn 28 close success
2024-07-17 23:30:24.362987 INFO: Client[28] quit!
2024-07-17 23:30:24.362993 INFO: eventNum: 1
2024-07-17 23:30:24.362997 INFO: fd: 13, events: 1

2024-07-17 23:30:24.363001 INFO: HandleListenEvent 13
2024-07-17 23:30:24.363011 INFO: HttpConn 28 init success
2024-07-17 23:30:24.363016 INFO: addTimer id:28 expireTime:1721230724
2024-07-17 23:30:24.363025 INFO: Client[28] in!
2024-07-17 23:30:24.363032 INFO: HandleListenEvent 13
2024-07-17 23:30:24.363042 ERROR: Accept failure -1
2024-07-17 23:30:24.363231 INFO: eventNum: 1
2024-07-17 23:30:24.363243 INFO: fd: 13, events: 1

2024-07-17 23:30:24.363248 INFO: HandleListenEvent 13
2024-07-17 23:30:24.363268 INFO: HttpConn 38 init success
2024-07-17 23:30:24.363274 INFO: addTimer id:38 expireTime:1721230724
2024-07-17 23:30:24.363282 INFO: Client[38] in!
2024-07-17 23:30:24.363287 INFO: HandleListenEvent 13
2024-07-17 23:30:24.363294 ERROR: Accept failure -1
2024-07-17 23:30:24.363300 INFO: eventNum: 1
2024-07-17 23:30:24.363305 INFO: fd: 35, events: 8193

2024-07-17 23:30:24.363319 INFO: HttpConn 35 close success
2024-07-17 23:30:24.363327 INFO: Client[35] quit!
2024-07-17 23:30:24.363536 INFO: eventNum: 1
2024-07-17 23:30:24.363547 INFO: fd: 13, events: 1

2024-07-17 23:30:24.363552 INFO: HandleListenEvent 13
2024-07-17 23:30:24.363563 INFO: HttpConn 35 init success
2024-07-17 23:30:24.363568 INFO: addTimer id:35 expireTime:1721230724
2024-07-17 23:30:24.363576 INFO: Client[35] in!
2024-07-17 23:30:24.363581 INFO: HandleListenEvent 13
2024-07-17 23:30:24.363589 ERROR: Accept failure -1
2024-07-17 23:30:24.363656 INFO: eventNum: 1
2024-07-17 23:30:24.363662 INFO: fd: 33, events: 8193

2024-07-17 23:30:24.363675 INFO: HttpConn 33 close success
2024-07-17 23:30:24.363683 INFO: Client[33] quit!
2024-07-17 23:30:24.364991 INFO: eventNum: 2
2024-07-17 23:30:24.365019 INFO: fd: 32, events: 1

2024-07-17 23:30:24.365041 INFO: HttpConn 32 read success
2024-07-17 23:30:24.365085 INFO: GET / HTTP/1.1
2024-07-17 23:30:24.365092 INFO: Host: 39.98.202.182:9006
2024-07-17 23:30:24.365097 INFO: User-Agent: Go-http-client/1.1
2024-07-17 23:30:24.365101 INFO: oop!unknow header: User-Agent: Go-http-client/1.1
2024-07-17 23:30:24.365106 INFO: X-Vegeta-Seq: 3820
2024-07-17 23:30:24.365110 INFO: oop!unknow header: X-Vegeta-Seq: 3820
2024-07-17 23:30:24.365114 INFO: Accept-Encoding: gzip
2024-07-17 23:30:24.365119 INFO: oop!unknow header: Accept-Encoding: gzip
2024-07-17 23:30:24.365123 INFO: 
2024-07-17 23:30:24.365148 INFO: request:HTTP/1.1 200 OK

2024-07-17 23:30:24.365153 INFO: request:HTTP/1.1 200 OK
Content-Length:542

2024-07-17 23:30:24.365158 INFO: request:HTTP/1.1 200 OK
Content-Length:542
Connection:close

2024-07-17 23:30:24.365162 INFO: request:HTTP/1.1 200 OK
Content-Length:542
Connection:close


2024-07-17 23:30:24.365178 INFO: Thread 140246156437056 is running task

2024-07-17 23:30:24.365187 INFO: fd: 29, events: 8193

2024-07-17 23:30:24.365205 INFO: HttpConn 29 close success
2024-07-17 23:30:24.365214 INFO: Client[29] quit!
2024-07-17 23:30:24.365220 INFO: eventNum: 1
2024-07-17 23:30:24.365224 INFO: fd: 32, events: 4

2024-07-17 23:30:24.365261 INFO: Thread 140246131258944 is running task

2024-07-17 23:30:24.365567 INFO: eventNum: 1
2024-07-17 23:30:24.365618 INFO: fd: 18, events: 1

2024-07-17 23:30:24.365644 INFO: HttpConn 18 read success
2024-07-17 23:30:24.365656 INFO: GET / HTTP/1.1
2024-07-17 23:30:24.365663 INFO: Host: 39.98.202.182:9006
2024-07-17 23:30:24.365667 INFO: User-Agent: Go-http-client/1.1
2024-07-17 23:30:24.365672 INFO: oop!unknow header: User-Agent: Go-http-client/1.1
2024-07-17 23:30:24.365676 INFO: X-Vegeta-Seq: 3821
2024-07-17 23:30:24.365681 INFO: oop!unknow header: X-Vegeta-Seq: 3821
