2024-07-17 23:30:21.060043 INFO: Thread 140246122866240 is running task

2024-07-17 23:30:21.074913 INFO: eventNum: 1
2024-07-17 23:30:21.074972 INFO: fd: 13, events: 1

2024-07-17 23:30:21.074979 INFO: HandleListenEvent 13
2024-07-17 23:30:21.075004 INFO: HttpConn 29 init success
2024-07-17 23:30:21.075011 INFO: addTimer id:29 expireTime:1721230721
2024-07-17 23:30:21.075025 INFO: Client[29] in!
2024-07-17 23:30:21.075030 INFO: HandleListenEvent 13
2024-07-17 23:30:21.075040 ERROR: Accept failure -1
2024-07-17 23:30:21.076018 INFO: eventNum: 1
2024-07-17 23:30:21.076035 INFO: fd: 50, events: 8193

2024-07-17 23:30:21.076060 INFO: HttpConn 50 close success
2024-07-17 23:30:21.076070 INFO: Client[50] quit!
2024-07-17 23:30:21.076093 INFO: eventNum: 1
2024-07-17 23:30:21.076099 INFO: fd: 13, events: 1

2024-07-17 23:30:21.076104 INFO: HandleListenEvent 13
2024-07-17 23:30:21.076119 INFO: HttpConn 33 init success
2024-07-17 23:30:21.076125 INFO: addTimer id:33 expireTime:1721230721
2024-07-17 23:30:21.076134 INFO: Client[33] in!
2024-07-17 23:30:21.076138 INFO: HandleListenEvent 13
2024-07-17 23:30:21.076145 ERROR: Accept failure -1
2024-07-17 23:30:21.076771 INFO: eventNum: 1
2024-07-17 23:30:21.076789 INFO: fd: 29, events: 1

2024-07-17 23:30:21.076807 INFO: HttpConn 29 read success
2024-07-17 23:30:21.076824 INFO: GET / HTTP/1.1
2024-07-17 23:30:21.076830 INFO: Host: 39.98.202.182:9006
2024-07-17 23:30:21.076835 INFO: User-Agent: Go-http-client/1.1
2024-07-17 23:30:21.076839 INFO: oop!unknow header: User-Agent: Go-http-client/1.1
2024-07-17 23:30:21.076844 INFO: X-Vegeta-Seq: 2173
2024-07-17 23:30:21.076848 INFO: oop!unknow header: X-Vegeta-Seq: 2173
2024-07-17 23:30:21.076852 INFO: Accept-Encoding: gzip
2024-07-17 23:30:21.076856 INFO: oop!unknow header: Accept-Encoding: gzip
2024-07-17 23:30:21.076861 INFO: 
2024-07-17 23:30:21.076886 INFO: request:HTTP/1.1 200 OK

2024-07-17 23:30:21.076890 INFO: request:HTTP/1.1 200 OK
Content-Length:542

2024-07-17 23:30:21.076895 INFO: request:HTTP/1.1 200 OK
Content-Length:542
Connection:close

2024-07-17 23:30:21.076899 INFO: request:HTTP/1.1 200 OK
Content-Length:542
Connection:close


2024-07-17 23:30:21.076915 INFO: Thread 140246131258944 is running task

2024-07-17 23:30:21.076925 INFO: eventNum: 2
2024-07-17 23:30:21.076930 INFO: fd: 33, events: 1

2024-07-17 23:30:21.076940 INFO: fd: 29, events: 4

2024-07-17 23:30:21.076953 INFO: HttpConn 33 read success
2024-07-17 23:30:21.076961 INFO: GET / HTTP/1.1
2024-07-17 23:30:21.076966 INFO: Host: 39.98.202.182:9006
2024-07-17 23:30:21.076971 INFO: User-Agent: Go-http-client/1.1
2024-07-17 23:30:21.076975 INFO: oop!unknow header: User-Agent: Go-http-client/1.1
2024-07-17 23:30:21.076979 INFO: X-Vegeta-Seq: 2171
2024-07-17 23:30:21.076984 INFO: oop!unknow header: X-Vegeta-Seq: 2171
2024-07-17 23:30:21.076991 INFO: Accept-Encoding: gzip
2024-07-17 23:30:21.076997 INFO: oop!unknow header: Accept-Encoding: gzip
2024-07-17 23:30:21.077001 INFO: 
2024-07-17 23:30:21.077010 INFO: Thread 140246148044352 is running task

2024-07-17 23:30:21.077012 INFO: request:HTTP/1.1 200 OK

2024-07-17 23:30:21.077063 INFO: request:HTTP/1.1 200 OK
Content-Length:542

2024-07-17 23:30:21.077068 INFO: request:HTTP/1.1 200 OK
Content-Length:542
Connection:close

2024-07-17 23:30:21.077073 INFO: request:HTTP/1.1 200 OK
Content-Length:542
Connection:close


2024-07-17 23:30:21.077082 INFO: Thread 140246156437056 is running task

2024-07-17 23:30:21.077089 INFO: eventNum: 1
2024-07-17 23:30:21.077094 INFO: fd: 33, events: 4

2024-07-17 23:30:21.077134 INFO: Thread 140246114473536 is running task

2024-07-17 23:30:21.077265 INFO: eventNum: 1
2024-07-17 23:30:21.077277 INFO: fd: 32, events: 8193

2024-07-17 23:30:21.077294 INFO: HttpConn 32 close success
2024-07-17 23:30:21.077303 INFO: Client[32] quit!
2024-07-17 23:30:21.078051 INFO: eventNum: 1
2024-07-17 23:30:21.078069 INFO: fd: 13, events: 1

2024-07-17 23:30:21.078075 INFO: HandleListenEvent 13
2024-07-17 23:30:21.078091 INFO: HttpConn 32 init success
2024-07-17 23:30:21.078098 INFO: addTimer id:32 expireTime:1721230721
2024-07-17 23:30:21.078141 INFO: Client[32] in!
2024-07-17 23:30:21.078149 INFO: HandleListenEvent 13
2024-07-17 23:30:21.078157 ERROR: Accept failure -1
2024-07-17 23:30:21.078784 INFO: eventNum: 1
2024-07-17 23:30:21.078803 INFO: fd: 32, events: 1

2024-07-17 23:30:21.078828 INFO: HttpConn 32 read success
2024-07-17 23:30:21.078866 INFO: GET / HTTP/1.1
2024-07-17 23:30:21.078877 INFO: Host: 39.98.202.182:9006
2024-07-17 23:30:21.078885 INFO: User-Agent: Go-http-client/1.1
2024-07-17 23:30:21.078890 INFO: oop!unknow header: User-Agent: Go-http-client/1.1
2024-07-17 23:30:21.078895 INFO: X-Vegeta-Seq: 2172
2024-07-17 23:30:21.078899 INFO: oop!unknow header: X-Vegeta-Seq: 2172
2024-07-17 23:30:21.078903 INFO: Accept-Encoding: gzip
2024-07-17 23:30:21.078908 INFO: oop!unknow header: Accept-Encoding: gzip
2024-07-17 23:30:21.078912 INFO: 
2024-07-17 23:30:21.078932 INFO: request:HTTP/1.1 200 OK

2024-07-17 23:30:21.078937 INFO: request:HTTP/1.1 200 OK
Content-Length:542

2024-07-17 23:30:21.078941 INFO: request:HTTP/1.1 200 OK
Content-Length:542
Connection:close

2024-07-17 23:30:21.078945 INFO: request:HTTP/1.1 200 OK
Content-Length:542
Connection:close


2024-07-17 23:30:21.078961 INFO: Thread 140246106080832 is running task

2024-07-17 23:30:21.078962 INFO: eventNum: 1
2024-07-17 23:30:21.078984 INFO: fd: 32, events: 4

2024-07-17 23:30:21.079023 INFO: Thread 140246097688128 is running task

2024-07-17 23:30:21.092407 INFO: eventNum: 1
2024-07-17 23:30:21.092455 INFO: fd: 13, events: 1

2024-07-17 23:30:21.092462 INFO: HandleListenEvent 13
2024-07-17 23:30:21.092486 INFO: HttpConn 34 init success
2024-07-17 23:30:21.092494 INFO: addTimer id:34 expireTime:1721230721
2024-07-17 23:30:21.092525 INFO: Client[34] in!
2024-07-17 23:30:21.092530 INFO: HandleListenEvent 13
2024-07-17 23:30:21.092541 INFO: HttpConn 35 init success
2024-07-17 23:30:21.092546 INFO: addTimer id:35 expireTime:1721230721
2024-07-17 23:30:21.092554 INFO: Client[35] in!
2024-07-17 23:30:21.092558 INFO: HandleListenEvent 13
2024-07-17 23:30:21.092566 INFO: HttpConn 36 init success
2024-07-17 23:30:21.092571 INFO: addTimer id:36 expireTime:1721230721
2024-07-17 23:30:21.092579 INFO: Client[36] in!
2024-07-17 23:30:21.092584 INFO: HandleListenEvent 13
2024-07-17 23:30:21.092594 ERROR: Accept failure -1
2024-07-17 23:30:21.092623 INFO: eventNum: 1
2024-07-17 23:30:21.092630 INFO: fd: 13, events: 1

2024-07-17 23:30:21.092634 INFO: HandleListenEvent 13
2024-07-17 23:30:21.092645 INFO: HttpConn 37 init success
2024-07-17 23:30:21.092650 INFO: addTimer id:37 expireTime:1721230721
2024-07-17 23:30:21.092658 INFO: Client[37] in!
2024-07-17 23:30:21.092662 INFO: HandleListenEvent 13
2024-07-17 23:30:21.092670 ERROR: Accept failure -1
2024-07-17 23:30:21.092754 INFO: eventNum: 1
2024-07-17 23:30:21.092761 INFO: fd: 13, events: 1

2024-07-17 23:30:21.092765 INFO: HandleListenEvent 13
2024-07-17 23:30:21.092776 INFO: HttpConn 38 init success
2024-07-17 23:30:21.092781 INFO: addTimer id:38 expireTime:1721230721
2024-07-17 23:30:21.092788 INFO: Client[38] in!
2024-07-17 23:30:21.092793 INFO: HandleListenEvent 13
2024-07-17 23:30:21.092800 ERROR: Accept failure -1
2024-07-17 23:30:21.093125 INFO: eventNum: 1
2024-07-17 23:30:21.093140 INFO: fd: 13, events: 1

2024-07-17 23:30:21.093145 INFO: HandleListenEvent 13
2024-07-17 23:30:21.093177 INFO: HttpConn 39 init success
2024-07-17 23:30:21.093185 INFO: addTimer id:39 expireTime:1721230721
2024-07-17 23:30:21.093194 INFO: Client[39] in!
2024-07-17 23:30:21.093200 INFO: HandleListenEvent 13
2024-07-17 23:30:21.093214 INFO: HttpConn 40 init success
2024-07-17 23:30:21.093224 INFO: addTimer id:40 expireTime:1721230721
2024-07-17 23:30:21.093237 INFO: Client[40] in!
2024-07-17 23:30:21.093296 INFO: HandleListenEvent 13
2024-07-17 23:30:21.093309 ERROR: Accept failure -1
2024-07-17 23:30:21.093745 INFO: eventNum: 1
2024-07-17 23:30:21.093773 INFO: fd: 13, events: 1

2024-07-17 23:30:21.093783 INFO: HandleListenEvent 13
2024-07-17 23:30:21.093806 INFO: HttpConn 41 init success
2024-07-17 23:30:21.093817 INFO: addTimer id:41 expireTime:1721230721
2024-07-17 23:30:21.093839 INFO: Client[41] in!
2024-07-17 23:30:21.093845 INFO: HandleListenEvent 13
2024-07-17 23:30:21.093854 ERROR: Accept failure -1
2024-07-17 23:30:21.094182 INFO: eventNum: 1
2024-07-17 23:30:21.094194 INFO: fd: 13, events: 1

2024-07-17 23:30:21.094199 INFO: HandleListenEvent 13
2024-07-17 23:30:21.094210 INFO: HttpConn 42 init success
2024-07-17 23:30:21.094216 INFO: addTimer id:42 expireTime:1721230721
2024-07-17 23:30:21.094225 INFO: Client[42] in!
2024-07-17 23:30:21.094230 INFO: HandleListenEvent 13
2024-07-17 23:30:21.094237 ERROR: Accept failure -1
2024-07-17 23:30:21.095369 INFO: eventNum: 1
2024-07-17 23:30:21.095388 INFO: fd: 18, events: 8193

2024-07-17 23:30:21.095410 INFO: HttpConn 18 close success
2024-07-17 23:30:21.095418 INFO: Client[18] quit!
2024-07-17 23:30:21.095581 INFO: eventNum: 1
2024-07-17 23:30:21.095597 INFO: fd: 13, events: 1

2024-07-17 23:30:21.095604 INFO: HandleListenEvent 13
2024-07-17 23:30:21.095622 INFO: HttpConn 18 init success
2024-07-17 23:30:21.095629 INFO: addTimer id:18 expireTime:1721230721
2024-07-17 23:30:21.095642 INFO: Client[18] in!
2024-07-17 23:30:21.095649 INFO: HandleListenEvent 13
2024-07-17 23:30:21.095686 ERROR: Accept failure -1
2024-07-17 23:30:21.096006 INFO: eventNum: 1
2024-07-17 23:30:21.096025 INFO: fd: 30, events: 8193

2024-07-17 23:30:21.096045 INFO: HttpConn 30 close success
2024-07-17 23:30:21.096054 INFO: Client[30] quit!
2024-07-17 23:30:21.096060 INFO: eventNum: 1
2024-07-17 23:30:21.096064 INFO: fd: 48, events: 8193

2024-07-17 23:30:21.096076 INFO: HttpConn 48 close success
2024-07-17 23:30:21.096083 INFO: Client[48] quit!
2024-07-17 23:30:21.096268 INFO: eventNum: 1
2024-07-17 23:30:21.096279 INFO: fd: 29, events: 8193

2024-07-17 23:30:21.096296 INFO: HttpConn 29 close success
2024-07-17 23:30:21.096304 INFO: Client[29] quit!
2024-07-17 23:30:21.097389 INFO: eventNum: 1
2024-07-17 23:30:21.097407 INFO: fd: 49, events: 8193

2024-07-17 23:30:21.097422 INFO: HttpConn 49 close success
2024-07-17 23:30:21.097430 INFO: Client[49] quit!
2024-07-17 23:30:21.098167 INFO: eventNum: 1
2024-07-17 23:30:21.098181 INFO: fd: 28, events: 8193

2024-07-17 23:30:21.098197 INFO: HttpConn 28 close success
2024-07-17 23:30:21.098205 INFO: Client[28] quit!
2024-07-17 23:30:21.147352 INFO: eventNum: 1
2024-07-17 23:30:21.147406 INFO: fd: 33, events: 8193

2024-07-17 23:30:21.147447 INFO: HttpConn 33 close success
2024-07-17 23:30:21.147454 INFO: Client[33] quit!
2024-07-17 23:30:21.148140 INFO: eventNum: 1
2024-07-17 23:30:21.148158 INFO: fd: 26, events: 8193

2024-07-17 23:30:21.148177 INFO: HttpConn 26 close success
2024-07-17 23:30:21.148186 INFO: Client[26] quit!
2024-07-17 23:30:21.149066 INFO: eventNum: 1
2024-07-17 23:30:21.149099 INFO: fd: 38, events: 1

2024-07-17 23:30:21.149129 INFO: HttpConn 38 read success
2024-07-17 23:30:21.149150 INFO: GET / HTTP/1.1
2024-07-17 23:30:21.149157 INFO: Host: 39.98.202.182:9006
2024-07-17 23:30:21.149162 INFO: User-Agent: Go-http-client/1.1
2024-07-17 23:30:21.149167 INFO: oop!unknow header: User-Agent: Go-http-client/1.1
2024-07-17 23:30:21.149172 INFO: X-Vegeta-Seq: 2181
2024-07-17 23:30:21.149179 INFO: oop!unknow header: X-Vegeta-Seq: 2181
2024-07-17 23:30:21.149183 INFO: Accept-Encoding: gzip
2024-07-17 23:30:21.149188 INFO: oop!unknow header: Accept-Encoding: gzip
2024-07-17 23:30:21.149192 INFO: 
2024-07-17 23:30:21.149219 INFO: request:HTTP/1.1 200 OK

2024-07-17 23:30:21.149224 INFO: request:HTTP/1.1 200 OK
Content-Length:542

2024-07-17 23:30:21.149229 INFO: request:HTTP/1.1 200 OK
Content-Length:542
Connection:close

2024-07-17 23:30:21.149233 INFO: request:HTTP/1.1 200 OK
Content-Length:542
Connection:close


2024-07-17 23:30:21.149250 INFO: Thread 140246139651648 is running task

2024-07-17 23:30:21.149261 INFO: eventNum: 2
2024-07-17 23:30:21.149266 INFO: fd: 35, events: 1

2024-07-17 23:30:21.149280 INFO: HttpConn 35 read success
2024-07-17 23:30:21.149289 INFO: GET / HTTP/1.1
2024-07-17 23:30:21.149294 INFO: Host: 39.98.202.182:9006
2024-07-17 23:30:21.149309 INFO: User-Agent: Go-http-client/1.1
2024-07-17 23:30:21.149316 INFO: oop!unknow header: User-Agent: Go-http-client/1.1
2024-07-17 23:30:21.149321 INFO: X-Vegeta-Seq: 2178
2024-07-17 23:30:21.149325 INFO: oop!unknow header: X-Vegeta-Seq: 2178
2024-07-17 23:30:21.149330 INFO: Accept-Encoding: gzip
2024-07-17 23:30:21.149334 INFO: oop!unknow header: Accept-Encoding: gzip
2024-07-17 23:30:21.149338 INFO: 
2024-07-17 23:30:21.149351 INFO: request:HTTP/1.1 200 OK

2024-07-17 23:30:21.149356 INFO: request:HTTP/1.1 200 OK
Content-Length:542

2024-07-17 23:30:21.149360 INFO: request:HTTP/1.1 200 OK
Content-Length:542
Connection:close

2024-07-17 23:30:21.149365 INFO: request:HTTP/1.1 200 OK
Content-Length:542
Connection:close


2024-07-17 23:30:21.149372 INFO: Thread 140246122866240 is running task

2024-07-17 23:30:21.149379 INFO: fd: 38, events: 4

2024-07-17 23:30:21.149423 INFO: Thread 140246131258944 is running task

2024-07-17 23:30:21.149444 INFO: eventNum: 3
2024-07-17 23:30:21.149474 INFO: fd: 42, events: 1

2024-07-17 23:30:21.149494 INFO: HttpConn 42 read success
2024-07-17 23:30:21.149539 INFO: GET / HTTP/1.1
2024-07-17 23:30:21.149546 INFO: Host: 39.98.202.182:9006
2024-07-17 23:30:21.149551 INFO: User-Agent: Go-http-client/1.1
2024-07-17 23:30:21.149555 INFO: oop!unknow header: User-Agent: Go-http-client/1.1
2024-07-17 23:30:21.149560 INFO: X-Vegeta-Seq: 2186
2024-07-17 23:30:21.149564 INFO: oop!unknow header: X-Vegeta-Seq: 2186
2024-07-17 23:30:21.149576 INFO: Accept-Encoding: gzip
2024-07-17 23:30:21.149581 INFO: oop!unknow header: Accept-Encoding: gzip
2024-07-17 23:30:21.149585 INFO: 
2024-07-17 23:30:21.149607 INFO: request:HTTP/1.1 200 OK

2024-07-17 23:30:21.149613 INFO: request:HTTP/1.1 200 OK
Content-Length:542

2024-07-17 23:30:21.149618 INFO: request:HTTP/1.1 200 OK
Content-Length:542
Connection:close

2024-07-17 23:30:21.149630 INFO: request:HTTP/1.1 200 OK
Content-Length:542
Connection:close


2024-07-17 23:30:21.149648 INFO: Thread 140246148044352 is running task

2024-07-17 23:30:21.149662 INFO: fd: 35, events: 4

2024-07-17 23:30:21.149680 INFO: fd: 39, events: 1

2024-07-17 23:30:21.149695 INFO: eventNum: 2
2024-07-17 23:30:21.149704 INFO: fd: 54, events: 8193

2024-07-17 23:30:21.149708 INFO: Thread 140246156437056 is running task

2024-07-17 23:30:21.149719 INFO: HttpConn 39 read success
2024-07-17 23:30:21.149725 INFO: HttpConn 54 close success
2024-07-17 23:30:21.149730 INFO: GET / HTTP/1.1
2024-07-17 23:30:21.149739 INFO: Host: 39.98.202.182:9006
2024-07-17 23:30:21.149745 INFO: User-Agent: Go-http-client/1.1
2024-07-17 23:30:21.149749 INFO: oop!unknow header: User-Agent: Go-http-client/1.1
2024-07-17 23:30:21.149753 INFO: X-Vegeta-Seq: 2179
2024-07-17 23:30:21.149757 INFO: oop!unknow header: X-Vegeta-Seq: 2179
2024-07-17 23:30:21.149762 INFO: Accept-Encoding: gzip
2024-07-17 23:30:21.149766 INFO: oop!unknow header: Accept-Encoding: gzip
2024-07-17 23:30:21.149770 INFO: 
2024-07-17 23:30:21.149784 INFO: request:HTTP/1.1 200 OK

2024-07-17 23:30:21.149789 INFO: request:HTTP/1.1 200 OK
Content-Length:542

2024-07-17 23:30:21.149793 INFO: request:HTTP/1.1 200 OK
Content-Length:542
Connection:close

2024-07-17 23:30:21.149798 INFO: request:HTTP/1.1 200 OK
Content-Length:542
Connection:close


2024-07-17 23:30:21.149805 INFO: Thread 140246156437056 is running task

2024-07-17 23:30:21.149732 INFO: Client[54] quit!
2024-07-17 23:30:21.149830 INFO: fd: 42, events: 4

2024-07-17 23:30:21.149841 INFO: eventNum: 1
2024-07-17 23:30:21.149847 INFO: fd: 39, events: 4

2024-07-17 23:30:21.149883 INFO: Thread 140246106080832 is running task

2024-07-17 23:30:21.149884 INFO: Thread 140246097688128 is running task

2024-07-17 23:30:21.149944 INFO: eventNum: 2
2024-07-17 23:30:21.149951 INFO: fd: 18, events: 1

2024-07-17 23:30:21.149962 INFO: fd: 17, events: 8193

2024-07-17 23:30:21.149966 INFO: HttpConn 18 read success
2024-07-17 23:30:21.149977 INFO: GET / HTTP/1.1
2024-07-17 23:30:21.149989 INFO: Host: 39.98.202.182:9006
2024-07-17 23:30:21.149994 INFO: User-Agent: Go-http-client/1.1
2024-07-17 23:30:21.150004 INFO: oop!unknow header: User-Agent: Go-http-client/1.1
2024-07-17 23:30:21.150008 INFO: X-Vegeta-Seq: 2185
2024-07-17 23:30:21.150013 INFO: oop!unknow header: X-Vegeta-Seq: 2185
2024-07-17 23:30:21.150017 INFO: Accept-Encoding: gzip
2024-07-17 23:30:21.150021 INFO: oop!unknow header: Accept-Encoding: gzip
2024-07-17 23:30:21.150026 INFO: 
2024-07-17 23:30:21.150039 INFO: request:HTTP/1.1 200 OK

2024-07-17 23:30:21.150043 INFO: request:HTTP/1.1 200 OK
Content-Length:542

2024-07-17 23:30:21.150048 INFO: request:HTTP/1.1 200 OK
Content-Length:542
Connection:close

2024-07-17 23:30:21.150052 INFO: request:HTTP/1.1 200 OK
Content-Length:542
Connection:close


2024-07-17 23:30:21.150059 INFO: Thread 140246139651648 is running task

2024-07-17 23:30:21.149978 INFO: HttpConn 17 close success
2024-07-17 23:30:21.150077 INFO: Client[17] quit!
2024-07-17 23:30:21.150083 INFO: eventNum: 1
2024-07-17 23:30:21.150087 INFO: fd: 18, events: 4

2024-07-17 23:30:21.150127 INFO: Thread 140246122866240 is running task

2024-07-17 23:30:21.150146 INFO: eventNum: 1
2024-07-17 23:30:21.150154 INFO: fd: 34, events: 1

2024-07-17 23:30:21.150168 INFO: HttpConn 34 read success
2024-07-17 23:30:21.150179 INFO: GET / HTTP/1.1
2024-07-17 23:30:21.150187 INFO: Host: 39.98.202.182:9006
2024-07-17 23:30:21.150194 INFO: User-Agent: Go-http-client/1.1
2024-07-17 23:30:21.150201 INFO: oop!unknow header: User-Agent: Go-http-client/1.1
2024-07-17 23:30:21.150207 INFO: X-Vegeta-Seq: 2180
2024-07-17 23:30:21.150214 INFO: oop!unknow header: X-Vegeta-Seq: 2180
2024-07-17 23:30:21.150220 INFO: Accept-Encoding: gzip
2024-07-17 23:30:21.150227 INFO: oop!unknow header: Accept-Encoding: gzip
2024-07-17 23:30:21.150236 INFO: 
2024-07-17 23:30:21.150252 INFO: request:HTTP/1.1 200 OK

2024-07-17 23:30:21.150258 INFO: request:HTTP/1.1 200 OK
Content-Length:542

2024-07-17 23:30:21.150262 INFO: request:HTTP/1.1 200 OK
Content-Length:542
Connection:close

2024-07-17 23:30:21.150267 INFO: request:HTTP/1.1 200 OK
Content-Length:542
Connection:close


2024-07-17 23:30:21.150275 INFO: Thread 140246131258944 is running task

2024-07-17 23:30:21.150284 INFO: eventNum: 3
2024-07-17 23:30:21.150289 INFO: fd: 40, events: 1

2024-07-17 23:30:21.150300 INFO: fd: 34, events: 4

2024-07-17 23:30:21.150311 INFO: HttpConn 40 read success
2024-07-17 23:30:21.150332 INFO: GET / HTTP/1.1
2024-07-17 23:30:21.150341 INFO: Host: 39.98.202.182:9006
2024-07-17 23:30:21.150348 INFO: User-Agent: Go-http-client/1.1
2024-07-17 23:30:21.150352 INFO: oop!unknow header: User-Agent: Go-http-client/1.1
2024-07-17 23:30:21.150359 INFO: X-Vegeta-Seq: 2183
2024-07-17 23:30:21.150366 INFO: oop!unknow header: X-Vegeta-Seq: 2183
2024-07-17 23:30:21.150372 INFO: Accept-Encoding: gzip
2024-07-17 23:30:21.150379 INFO: oop!unknow header: Accept-Encoding: gzip
2024-07-17 23:30:21.150386 INFO: 
2024-07-17 23:30:21.150406 INFO: request:HTTP/1.1 200 OK

2024-07-17 23:30:21.150412 INFO: request:HTTP/1.1 200 OK
Content-Length:542

2024-07-17 23:30:21.150417 INFO: request:HTTP/1.1 200 OK
Content-Length:542
Connection:close

2024-07-17 23:30:21.150429 INFO: request:HTTP/1.1 200 OK
Content-Length:542
Connection:close


2024-07-17 23:30:21.150440 INFO: Thread 140246148044352 is running task

2024-07-17 23:30:21.150462 INFO: fd: 53, events: 8193

2024-07-17 23:30:21.150484 INFO: HttpConn 53 close success
2024-07-17 23:30:21.150490 INFO: Client[53] quit!
2024-07-17 23:30:21.150490 INFO: Thread 140246156437056 is running task

2024-07-17 23:30:21.150505 INFO: eventNum: 2
2024-07-17 23:30:21.150530 INFO: fd: 16, events: 8193

2024-07-17 23:30:21.150547 INFO: HttpConn 16 close success
2024-07-17 23:30:21.150555 INFO: Client[16] quit!
2024-07-17 23:30:21.150559 INFO: fd: 40, events: 4

2024-07-17 23:30:21.150585 INFO: Thread 140246114473536 is running task

2024-07-17 23:30:21.150670 INFO: eventNum: 2
2024-07-17 23:30:21.150687 INFO: fd: 51, events: 8193

2024-07-17 23:30:21.150710 INFO: HttpConn 51 close success
2024-07-17 23:30:21.150743 INFO: Client[51] quit!
2024-07-17 23:30:21.150767 INFO: fd: 36, events: 1

2024-07-17 23:30:21.150782 INFO: eventNum: 2
2024-07-17 23:30:21.150790 INFO: HttpConn 36 read success
2024-07-17 23:30:21.150807 INFO: GET / HTTP/1.1
2024-07-17 23:30:21.150813 INFO: Host: 39.98.202.182:9006
2024-07-17 23:30:21.150817 INFO: User-Agent: Go-http-client/1.1
2024-07-17 23:30:21.150822 INFO: oop!unknow header: User-Agent: Go-http-client/1.1
2024-07-17 23:30:21.150827 INFO: X-Vegeta-Seq: 2176
2024-07-17 23:30:21.150831 INFO: oop!unknow header: X-Vegeta-Seq: 2176
2024-07-17 23:30:21.150835 INFO: Accept-Encoding: gzip
2024-07-17 23:30:21.150839 INFO: oop!unknow header: Accept-Encoding: gzip
2024-07-17 23:30:21.150843 INFO: 
2024-07-17 23:30:21.150858 INFO: request:HTTP/1.1 200 OK

2024-07-17 23:30:21.150863 INFO: request:HTTP/1.1 200 OK
Content-Length:542

2024-07-17 23:30:21.150867 INFO: request:HTTP/1.1 200 OK
Content-Length:542
Connection:close

2024-07-17 23:30:21.150872 INFO: request:HTTP/1.1 200 OK
Content-Length:542
Connection:close


2024-07-17 23:30:21.150881 INFO: Thread 140246106080832 is running task

2024-07-17 23:30:21.150793 INFO: fd: 41, events: 1

2024-07-17 23:30:21.150944 INFO: HttpConn 41 read success
2024-07-17 23:30:21.150955 INFO: GET / HTTP/1.1
2024-07-17 23:30:21.150960 INFO: Host: 39.98.202.182:9006
2024-07-17 23:30:21.150965 INFO: User-Agent: Go-http-client/1.1
2024-07-17 23:30:21.150969 INFO: oop!unknow header: User-Agent: Go-http-client/1.1
2024-07-17 23:30:21.150974 INFO: X-Vegeta-Seq: 2175
2024-07-17 23:30:21.150979 INFO: oop!unknow header: X-Vegeta-Seq: 2175
2024-07-17 23:30:21.150983 INFO: Accept-Encoding: gzip
2024-07-17 23:30:21.150987 INFO: oop!unknow header: Accept-Encoding: gzip
2024-07-17 23:30:21.150991 INFO: 
2024-07-17 23:30:21.151007 INFO: request:HTTP/1.1 200 OK

2024-07-17 23:30:21.151012 INFO: request:HTTP/1.1 200 OK
Content-Length:542

2024-07-17 23:30:21.151016 INFO: request:HTTP/1.1 200 OK
Content-Length:542
Connection:close

2024-07-17 23:30:21.151021 INFO: request:HTTP/1.1 200 OK
Content-Length:542
Connection:close


2024-07-17 23:30:21.151031 INFO: Thread 140246097688128 is running task

2024-07-17 23:30:21.151042 INFO: fd: 58, events: 8193

2024-07-17 23:30:21.151064 INFO: HttpConn 58 close success
2024-07-17 23:30:21.151072 INFO: Client[58] quit!
2024-07-17 23:30:21.151080 INFO: eventNum: 3
2024-07-17 23:30:21.151086 INFO: fd: 52, events: 8193

2024-07-17 23:30:21.151101 INFO: HttpConn 52 close success
2024-07-17 23:30:21.151108 INFO: Client[52] quit!
2024-07-17 23:30:21.151112 INFO: fd: 36, events: 4

2024-07-17 23:30:21.151124 INFO: fd: 41, events: 4

2024-07-17 23:30:21.151143 INFO: eventNum: 1
2024-07-17 23:30:21.151151 INFO: fd: 37, events: 1

2024-07-17 23:30:21.151155 INFO: Thread 140246139651648 is running task

2024-07-17 23:30:21.151177 INFO: Thread 140246139651648 is running task

2024-07-17 23:30:21.151186 INFO: HttpConn 37 read success
2024-07-17 23:30:21.151194 INFO: GET / HTTP/1.1
2024-07-17 23:30:21.151199 INFO: Host: 39.98.202.182:9006
2024-07-17 23:30:21.151204 INFO: User-Agent: Go-http-client/1.1
2024-07-17 23:30:21.151208 INFO: oop!unknow header: User-Agent: Go-http-client/1.1
2024-07-17 23:30:21.151212 INFO: X-Vegeta-Seq: 2177
2024-07-17 23:30:21.151217 INFO: oop!unknow header: X-Vegeta-Seq: 2177
2024-07-17 23:30:21.151221 INFO: Accept-Encoding: gzip
2024-07-17 23:30:21.151225 INFO: oop!unknow header: Accept-Encoding: gzip
2024-07-17 23:30:21.151229 INFO: 
2024-07-17 23:30:21.151242 INFO: request:HTTP/1.1 200 OK

2024-07-17 23:30:21.151247 INFO: request:HTTP/1.1 200 OK
Content-Length:542

2024-07-17 23:30:21.151251 INFO: request:HTTP/1.1 200 OK
Content-Length:542
Connection:close

2024-07-17 23:30:21.151256 INFO: request:HTTP/1.1 200 OK
Content-Length:542
Connection:close


2024-07-17 23:30:21.151262 INFO: Thread 140246139651648 is running task

2024-07-17 23:30:21.151337 INFO: eventNum: 1
2024-07-17 23:30:21.151356 INFO: fd: 37, events: 4

2024-07-17 23:30:21.151400 INFO: Thread 140246148044352 is running task

2024-07-17 23:30:21.151679 INFO: eventNum: 1
2024-07-17 23:30:21.151697 INFO: fd: 31, events: 8193

2024-07-17 23:30:21.151714 INFO: HttpConn 31 close success
2024-07-17 23:30:21.151720 INFO: Client[31] quit!
2024-07-17 23:30:21.151875 INFO: eventNum: 1
2024-07-17 23:30:21.151910 INFO: fd: 57, events: 8193

2024-07-17 23:30:21.151940 INFO: HttpConn 57 close success
2024-07-17 23:30:21.151948 INFO: Client[57] quit!
2024-07-17 23:30:21.152045 INFO: eventNum: 1
2024-07-17 23:30:21.152064 INFO: fd: 55, events: 8193

2024-07-17 23:30:21.152087 INFO: HttpConn 55 close success
2024-07-17 23:30:21.152094 INFO: Client[55] quit!
2024-07-17 23:30:21.152196 INFO: eventNum: 1
2024-07-17 23:30:21.152215 INFO: fd: 56, events: 8193

2024-07-17 23:30:21.152236 INFO: HttpConn 56 close success
2024-07-17 23:30:21.152244 INFO: Client[56] quit!
2024-07-17 23:30:21.153320 INFO: eventNum: 1
2024-07-17 23:30:21.153351 INFO: fd: 13, events: 1

2024-07-17 23:30:21.153359 INFO: HandleListenEvent 13
2024-07-17 23:30:21.153384 INFO: HttpConn 16 init success
2024-07-17 23:30:21.153393 INFO: addTimer id:16 expireTime:1721230721
2024-07-17 23:30:21.153409 INFO: Client[16] in!
2024-07-17 23:30:21.153416 INFO: HandleListenEvent 13
2024-07-17 23:30:21.153429 ERROR: Accept failure -1
2024-07-17 23:30:21.153706 INFO: eventNum: 1
2024-07-17 23:30:21.153731 INFO: fd: 13, events: 1

2024-07-17 23:30:21.153739 INFO: HandleListenEvent 13
2024-07-17 23:30:21.153758 INFO: HttpConn 17 init success
2024-07-17 23:30:21.153766 INFO: addTimer id:17 expireTime:1721230721
2024-07-17 23:30:21.153786 INFO: Client[17] in!
2024-07-17 23:30:21.153796 INFO: HandleListenEvent 13
2024-07-17 23:30:21.153808 ERROR: Accept failure -1
2024-07-17 23:30:21.153959 INFO: eventNum: 1
2024-07-17 23:30:21.153976 INFO: fd: 13, events: 1

2024-07-17 23:30:21.153983 INFO: HandleListenEvent 13
2024-07-17 23:30:21.153996 INFO: HttpConn 26 init success
2024-07-17 23:30:21.154003 INFO: addTimer id:26 expireTime:1721230721
2024-07-17 23:30:21.154016 INFO: Client[26] in!
2024-07-17 23:30:21.154023 INFO: HandleListenEvent 13
2024-07-17 23:30:21.154033 ERROR: Accept failure -1
2024-07-17 23:30:21.154431 INFO: eventNum: 1
2024-07-17 23:30:21.154457 INFO: fd: 16, events: 1

2024-07-17 23:30:21.154482 INFO: HttpConn 16 read success
2024-07-17 23:30:21.154531 INFO: GET / HTTP/1.1
2024-07-17 23:30:21.154538 INFO: Host: 39.98.202.182:9006
2024-07-17 23:30:21.154542 INFO: User-Agent: Go-http-client/1.1
2024-07-17 23:30:21.154547 INFO: oop!unknow header: User-Agent: Go-http-client/1.1
2024-07-17 23:30:21.154551 INFO: X-Vegeta-Seq: 2190
2024-07-17 23:30:21.154555 INFO: oop!unknow header: X-Vegeta-Seq: 2190
2024-07-17 23:30:21.154560 INFO: Accept-Encoding: gzip
2024-07-17 23:30:21.154564 INFO: oop!unknow header: Accept-Encoding: gzip
2024-07-17 23:30:21.154568 INFO: 
2024-07-17 23:30:21.154585 INFO: request:HTTP/1.1 200 OK

2024-07-17 23:30:21.154590 INFO: request:HTTP/1.1 200 OK
Content-Length:542

2024-07-17 23:30:21.154594 INFO: request:HTTP/1.1 200 OK
Content-Length:542
Connection:close

2024-07-17 23:30:21.154599 INFO: request:HTTP/1.1 200 OK
Content-Length:542
Connection:close


2024-07-17 23:30:21.154615 INFO: Thread 140246156437056 is running task

2024-07-17 23:30:21.154623 INFO: eventNum: 1
2024-07-17 23:30:21.154639 INFO: fd: 16, events: 4

2024-07-17 23:30:21.154685 INFO: Thread 140246114473536 is running task

2024-07-17 23:30:21.154864 INFO: eventNum: 1
2024-07-17 23:30:21.154889 INFO: fd: 13, events: 1

2024-07-17 23:30:21.154897 INFO: HandleListenEvent 13
2024-07-17 23:30:21.154921 INFO: HttpConn 28 init success
2024-07-17 23:30:21.154932 INFO: addTimer id:28 expireTime:1721230721
2024-07-17 23:30:21.154946 INFO: Client[28] in!
2024-07-17 23:30:21.154972 INFO: HandleListenEvent 13
2024-07-17 23:30:21.154989 INFO: HttpConn 29 init success
2024-07-17 23:30:21.154997 INFO: addTimer id:29 expireTime:1721230721
2024-07-17 23:30:21.155008 INFO: Client[29] in!
2024-07-17 23:30:21.155014 INFO: HandleListenEvent 13
2024-07-17 23:30:21.155027 ERROR: Accept failure -1
2024-07-17 23:30:21.155077 INFO: eventNum: 1
2024-07-17 23:30:21.155109 INFO: fd: 26, events: 1

2024-07-17 23:30:21.155133 INFO: HttpConn 26 read success
2024-07-17 23:30:21.155146 INFO: GET / HTTP/1.1
2024-07-17 23:30:21.155152 INFO: Host: 39.98.202.182:9006
2024-07-17 23:30:21.155157 INFO: User-Agent: Go-http-client/1.1
2024-07-17 23:30:21.155161 INFO: oop!unknow header: User-Agent: Go-http-client/1.1
2024-07-17 23:30:21.155165 INFO: X-Vegeta-Seq: 2192
2024-07-17 23:30:21.155169 INFO: oop!unknow header: X-Vegeta-Seq: 2192
2024-07-17 23:30:21.155174 INFO: Accept-Encoding: gzip
2024-07-17 23:30:21.155178 INFO: oop!unknow header: Accept-Encoding: gzip
2024-07-17 23:30:21.155182 INFO: 
2024-07-17 23:30:21.155196 INFO: request:HTTP/1.1 200 OK

2024-07-17 23:30:21.155201 INFO: request:HTTP/1.1 200 OK
Content-Length:542

2024-07-17 23:30:21.155205 INFO: request:HTTP/1.1 200 OK
Content-Length:542
Connection:close

2024-07-17 23:30:21.155209 INFO: request:HTTP/1.1 200 OK
Content-Length:542
Connection:close


2024-07-17 23:30:21.155220 INFO: Thread 140246106080832 is running task

2024-07-17 23:30:21.155230 INFO: eventNum: 3
2024-07-17 23:30:21.155245 INFO: fd: 26, events: 4

2024-07-17 23:30:21.155293 INFO: Thread 140246097688128 is running task

2024-07-17 23:30:21.155322 INFO: fd: 17, events: 1

2024-07-17 23:30:21.155338 INFO: fd: 28, events: 1

2024-07-17 23:30:21.155343 INFO: HttpConn 17 read success
2024-07-17 23:30:21.155364 INFO: GET / HTTP/1.1
2024-07-17 23:30:21.155369 INFO: Host: 39.98.202.182:9006
2024-07-17 23:30:21.155374 INFO: User-Agent: Go-http-client/1.1
2024-07-17 23:30:21.155378 INFO: eventNum: 1
2024-07-17 23:30:21.155383 INFO: HttpConn 28 read success
2024-07-17 23:30:21.155410 INFO: GET / HTTP/1.1
2024-07-17 23:30:21.155436 INFO: Host: 39.98.202.182:9006
2024-07-17 23:30:21.155443 INFO: User-Agent: Go-http-client/1.1
2024-07-17 23:30:21.155447 INFO: oop!unknow header: User-Agent: Go-http-client/1.1
2024-07-17 23:30:21.155452 INFO: X-Vegeta-Seq: 2191
2024-07-17 23:30:21.155456 INFO: oop!unknow header: X-Vegeta-Seq: 2191
2024-07-17 23:30:21.155398 INFO: fd: 13, events: 1

2024-07-17 23:30:21.155460 INFO: Accept-Encoding: gzip
2024-07-17 23:30:21.155378 INFO: oop!unknow header: User-Agent: Go-http-client/1.1
2024-07-17 23:30:21.155522 INFO: X-Vegeta-Seq: 2193
2024-07-17 23:30:21.155527 INFO: oop!unknow header: X-Vegeta-Seq: 2193
2024-07-17 23:30:21.155532 INFO: Accept-Encoding: gzip
2024-07-17 23:30:21.155536 INFO: oop!unknow header: Accept-Encoding: gzip
2024-07-17 23:30:21.155540 INFO: 
2024-07-17 23:30:21.155487 INFO: HandleListenEvent 13
2024-07-17 23:30:21.155494 INFO: oop!unknow header: Accept-Encoding: gzip
2024-07-17 23:30:21.155564 INFO: 
2024-07-17 23:30:21.155554 INFO: request:HTTP/1.1 200 OK

2024-07-17 23:30:21.155575 INFO: HttpConn 30 init success
2024-07-17 23:30:21.155575 INFO: request:HTTP/1.1 200 OK

2024-07-17 23:30:21.155592 INFO: request:HTTP/1.1 200 OK
Content-Length:542

2024-07-17 23:30:21.155599 INFO: request:HTTP/1.1 200 OK
Content-Length:542
Connection:close

2024-07-17 23:30:21.155581 INFO: request:HTTP/1.1 200 OK
Content-Length:542

2024-07-17 23:30:21.155612 INFO: request:HTTP/1.1 200 OK
Content-Length:542
Connection:close

2024-07-17 23:30:21.155620 INFO: request:HTTP/1.1 200 OK
Content-Length:542
Connection:close


2024-07-17 23:30:21.155593 INFO: addTimer id:30 expireTime:1721230721
2024-07-17 23:30:21.155604 INFO: request:HTTP/1.1 200 OK
Content-Length:542
Connection:close


2024-07-17 23:30:21.155642 INFO: Thread 140246122866240 is running task

2024-07-17 23:30:21.155629 INFO: Thread 140246139651648 is running task

2024-07-17 23:30:21.155655 INFO: Client[30] in!
2024-07-17 23:30:21.155665 INFO: HandleListenEvent 13
2024-07-17 23:30:21.155681 INFO: HttpConn 31 init success
2024-07-17 23:30:21.155688 INFO: addTimer id:31 expireTime:1721230721
2024-07-17 23:30:21.155698 INFO: Client[31] in!
2024-07-17 23:30:21.155705 INFO: HandleListenEvent 13
2024-07-17 23:30:21.155718 INFO: HttpConn 33 init success
2024-07-17 23:30:21.155725 INFO: addTimer id:33 expireTime:1721230721
2024-07-17 23:30:21.155742 INFO: Client[33] in!
2024-07-17 23:30:21.155748 INFO: HandleListenEvent 13
2024-07-17 23:30:21.155760 ERROR: Accept failure -1
2024-07-17 23:30:21.155769 INFO: eventNum: 2
2024-07-17 23:30:21.155776 INFO: fd: 17, events: 4

2024-07-17 23:30:21.155789 INFO: fd: 28, events: 4

2024-07-17 23:30:21.155817 INFO: Thread 140246131258944 is running task

2024-07-17 23:30:21.155838 INFO: Thread 140246148044352 is running task

2024-07-17 23:30:21.155969 INFO: eventNum: 1
2024-07-17 23:30:21.155988 INFO: fd: 13, events: 1

2024-07-17 23:30:21.155993 INFO: HandleListenEvent 13
2024-07-17 23:30:21.156010 INFO: HttpConn 43 init success
2024-07-17 23:30:21.156016 INFO: addTimer id:43 expireTime:1721230721
2024-07-17 23:30:21.156029 INFO: Client[43] in!
2024-07-17 23:30:21.156034 INFO: HandleListenEvent 13
2024-07-17 23:30:21.156044 INFO: HttpConn 44 init success
2024-07-17 23:30:21.156049 INFO: addTimer id:44 expireTime:1721230721
2024-07-17 23:30:21.156057 INFO: Client[44] in!
2024-07-17 23:30:21.156062 INFO: HandleListenEvent 13
2024-07-17 23:30:21.156070 ERROR: Accept failure -1
2024-07-17 23:30:21.156077 INFO: eventNum: 2
2024-07-17 23:30:21.156081 INFO: fd: 32, events: 8193

2024-07-17 23:30:21.156099 INFO: HttpConn 32 close success
2024-07-17 23:30:21.156106 INFO: Client[32] quit!
2024-07-17 23:30:21.156110 INFO: fd: 33, events: 1

2024-07-17 23:30:21.156150 INFO: HttpConn 33 read success
2024-07-17 23:30:21.156159 INFO: GET / HTTP/1.1
2024-07-17 23:30:21.156164 INFO: Host: 39.98.202.182:9006
2024-07-17 23:30:21.156169 INFO: User-Agent: Go-http-client/1.1
2024-07-17 23:30:21.156173 INFO: oop!unknow header: User-Agent: Go-http-client/1.1
2024-07-17 23:30:21.156178 INFO: X-Vegeta-Seq: 2200
2024-07-17 23:30:21.156182 INFO: oop!unknow header: X-Vegeta-Seq: 2200
2024-07-17 23:30:21.156186 INFO: Accept-Encoding: gzip
2024-07-17 23:30:21.156190 INFO: oop!unknow header: Accept-Encoding: gzip
2024-07-17 23:30:21.156194 INFO: 
2024-07-17 23:30:21.156209 INFO: request:HTTP/1.1 200 OK

2024-07-17 23:30:21.156214 INFO: request:HTTP/1.1 200 OK
Content-Length:542

2024-07-17 23:30:21.156218 INFO: request:HTTP/1.1 200 OK
Content-Length:542
Connection:close

2024-07-17 23:30:21.156222 INFO: request:HTTP/1.1 200 OK
Content-Length:542
Connection:close


2024-07-17 23:30:21.156231 INFO: Thread 140246156437056 is running task

2024-07-17 23:30:21.156240 INFO: eventNum: 2
2024-07-17 23:30:21.156245 INFO: fd: 29, events: 1

2024-07-17 23:30:21.156257 INFO: HttpConn 29 read success
2024-07-17 23:30:21.156265 INFO: GET / HTTP/1.1
2024-07-17 23:30:21.156270 INFO: Host: 39.98.202.182:9006
2024-07-17 23:30:21.156275 INFO: User-Agent: Go-http-client/1.1
2024-07-17 23:30:21.156279 INFO: oop!unknow header: User-Agent: Go-http-client/1.1
2024-07-17 23:30:21.156283 INFO: X-Vegeta-Seq: 2199
2024-07-17 23:30:21.156288 INFO: oop!unknow header: X-Vegeta-Seq: 2199
2024-07-17 23:30:21.156292 INFO: Accept-Encoding: gzip
2024-07-17 23:30:21.156296 INFO: oop!unknow header: Accept-Encoding: gzip
2024-07-17 23:30:21.156300 INFO: 
2024-07-17 23:30:21.156345 INFO: request:HTTP/1.1 200 OK

2024-07-17 23:30:21.156351 INFO: request:HTTP/1.1 200 OK
Content-Length:542

2024-07-17 23:30:21.156355 INFO: request:HTTP/1.1 200 OK
Content-Length:542
Connection:close

2024-07-17 23:30:21.156359 INFO: request:HTTP/1.1 200 OK
Content-Length:542
Connection:close


2024-07-17 23:30:21.156367 INFO: Thread 140246114473536 is running task

2024-07-17 23:30:21.156374 INFO: fd: 33, events: 4

2024-07-17 23:30:21.156407 INFO: Thread 140246106080832 is running task

2024-07-17 23:30:21.156418 INFO: eventNum: 3
2024-07-17 23:30:21.156423 INFO: fd: 13, events: 1

2024-07-17 23:30:21.156427 INFO: HandleListenEvent 13
2024-07-17 23:30:21.156439 INFO: HttpConn 32 init success
2024-07-17 23:30:21.156444 INFO: addTimer id:32 expireTime:1721230721
2024-07-17 23:30:21.156453 INFO: Client[32] in!
2024-07-17 23:30:21.156458 INFO: HandleListenEvent 13
2024-07-17 23:30:21.156465 ERROR: Accept failure -1
2024-07-17 23:30:21.156470 INFO: fd: 29, events: 4

2024-07-17 23:30:21.156480 INFO: fd: 44, events: 1

2024-07-17 23:30:21.156526 INFO: HttpConn 44 read success
2024-07-17 23:30:21.156533 INFO: Thread 140246097688128 is running task

2024-07-17 23:30:21.156535 INFO: GET / HTTP/1.1
2024-07-17 23:30:21.156574 INFO: Host: 39.98.202.182:9006
2024-07-17 23:30:21.156580 INFO: User-Agent: Go-http-client/1.1
2024-07-17 23:30:21.156584 INFO: oop!unknow header: User-Agent: Go-http-client/1.1
2024-07-17 23:30:21.156589 INFO: X-Vegeta-Seq: 2198
2024-07-17 23:30:21.156593 INFO: oop!unknow header: X-Vegeta-Seq: 2198
2024-07-17 23:30:21.156597 INFO: Accept-Encoding: gzip
2024-07-17 23:30:21.156601 INFO: oop!unknow header: Accept-Encoding: gzip
2024-07-17 23:30:21.156605 INFO: 
2024-07-17 23:30:21.156618 INFO: request:HTTP/1.1 200 OK

2024-07-17 23:30:21.156623 INFO: request:HTTP/1.1 200 OK
Content-Length:542

2024-07-17 23:30:21.156627 INFO: request:HTTP/1.1 200 OK
Content-Length:542
Connection:close

2024-07-17 23:30:21.156632 INFO: request:HTTP/1.1 200 OK
Content-Length:542
Connection:close


2024-07-17 23:30:21.156640 INFO: Thread 140246122866240 is running task

2024-07-17 23:30:21.156648 INFO: eventNum: 1
2024-07-17 23:30:21.156653 INFO: fd: 44, events: 4

2024-07-17 23:30:21.156678 INFO: Thread 140246139651648 is running task

2024-07-17 23:30:21.156720 INFO: eventNum: 1
2024-07-17 23:30:21.156730 INFO: fd: 43, events: 1

2024-07-17 23:30:21.156741 INFO: HttpConn 43 read success
2024-07-17 23:30:21.156749 INFO: GET / HTTP/1.1
2024-07-17 23:30:21.156754 INFO: Host: 39.98.202.182:9006
2024-07-17 23:30:21.156758 INFO: User-Agent: Go-http-client/1.1
2024-07-17 23:30:21.156763 INFO: oop!unknow header: User-Agent: Go-http-client/1.1
2024-07-17 23:30:21.156767 INFO: X-Vegeta-Seq: 2201
2024-07-17 23:30:21.156771 INFO: oop!unknow header: X-Vegeta-Seq: 2201
2024-07-17 23:30:21.156776 INFO: Accept-Encoding: gzip
2024-07-17 23:30:21.156780 INFO: oop!unknow header: Accept-Encoding: gzip
2024-07-17 23:30:21.156784 INFO: 
2024-07-17 23:30:21.156796 INFO: request:HTTP/1.1 200 OK

2024-07-17 23:30:21.156801 INFO: request:HTTP/1.1 200 OK
Content-Length:542

2024-07-17 23:30:21.156805 INFO: request:HTTP/1.1 200 OK
Content-Length:542
Connection:close

2024-07-17 23:30:21.156810 INFO: request:HTTP/1.1 200 OK
Content-Length:542
Connection:close


2024-07-17 23:30:21.156817 INFO: Thread 140246131258944 is running task

2024-07-17 23:30:21.156824 INFO: eventNum: 1
2024-07-17 23:30:21.156829 INFO: fd: 43, events: 4

2024-07-17 23:30:21.156865 INFO: Thread 140246148044352 is running task

2024-07-17 23:30:21.157260 INFO: eventNum: 1
2024-07-17 23:30:21.157279 INFO: fd: 30, events: 1

2024-07-17 23:30:21.157291 INFO: HttpConn 30 read success
2024-07-17 23:30:21.157300 INFO: GET / HTTP/1.1
2024-07-17 23:30:21.157305 INFO: Host: 39.98.202.182:9006
2024-07-17 23:30:21.157310 INFO: User-Agent: Go-http-client/1.1
2024-07-17 23:30:21.157314 INFO: oop!unknow header: User-Agent: Go-http-client/1.1
2024-07-17 23:30:21.157318 INFO: X-Vegeta-Seq: 2195
2024-07-17 23:30:21.157323 INFO: oop!unknow header: X-Vegeta-Seq: 2195
