2024-07-17 23:34:17.510595 INFO: GET / HTTP/1.1
2024-07-17 23:34:17.510703 INFO: Host: 39.98.202.182:9006
2024-07-17 23:34:17.510712 INFO: User-Agent: Go-http-client/1.1
2024-07-17 23:34:17.510717 INFO: oop!unknow header: User-Agent: Go-http-client/1.1
2024-07-17 23:34:17.510723 INFO: X-Vegeta-Seq: 1558
2024-07-17 23:34:17.510729 INFO: oop!unknow header: X-Vegeta-Seq: 1558
2024-07-17 23:34:17.510734 INFO: Accept-Encoding: gzip
2024-07-17 23:34:17.510739 INFO: oop!unknow header: Accept-Encoding: gzip
2024-07-17 23:34:17.510745 INFO: 
2024-07-17 23:34:17.510771 INFO: request:HTTP/1.1 200 OK

2024-07-17 23:34:17.510662 INFO: eventNum: 1
2024-07-17 23:34:17.510778 INFO: request:HTTP/1.1 200 OK
Content-Length:542

2024-07-17 23:34:17.510813 INFO: request:HTTP/1.1 200 OK
Content-Length:542
Connection:close

2024-07-17 23:34:17.510820 INFO: request:HTTP/1.1 200 OK
Content-Length:542
Connection:close


2024-07-17 23:34:17.510840 INFO: Thread 140246097688128 is running task

2024-07-17 23:34:17.510798 INFO: fd: 13, events: 1

2024-07-17 23:34:17.510888 INFO: HandleListenEvent 13
2024-07-17 23:34:17.510910 INFO: HttpConn 46 init success
2024-07-17 23:34:17.510916 INFO: addTimer id:46 expireTime:1721230957
2024-07-17 23:34:17.510929 INFO: Client[46] in!
2024-07-17 23:34:17.510933 INFO: HandleListenEvent 13
2024-07-17 23:34:17.510942 ERROR: Accept failure -1
2024-07-17 23:34:17.510949 INFO: eventNum: 2
2024-07-17 23:34:17.510953 INFO: fd: 44, events: 4

2024-07-17 23:34:17.511004 INFO: Thread 140246131258944 is running task

2024-07-17 23:34:17.511017 INFO: fd: 46, events: 1

2024-07-17 23:34:17.511034 INFO: HttpConn 46 read success
2024-07-17 23:34:17.511050 INFO: GET / HTTP/1.1
2024-07-17 23:34:17.511059 INFO: Host: 39.98.202.182:9006
2024-07-17 23:34:17.511065 INFO: User-Agent: Go-http-client/1.1
2024-07-17 23:34:17.511079 INFO: oop!unknow header: User-Agent: Go-http-client/1.1
2024-07-17 23:34:17.511085 INFO: X-Vegeta-Seq: 1565
2024-07-17 23:34:17.511090 INFO: oop!unknow header: X-Vegeta-Seq: 1565
2024-07-17 23:34:17.511096 INFO: Accept-Encoding: gzip
2024-07-17 23:34:17.511101 INFO: oop!unknow header: Accept-Encoding: gzip
2024-07-17 23:34:17.511106 INFO: 
2024-07-17 23:34:17.511127 INFO: request:HTTP/1.1 200 OK

2024-07-17 23:34:17.511135 INFO: request:HTTP/1.1 200 OK
Content-Length:542

2024-07-17 23:34:17.511141 INFO: request:HTTP/1.1 200 OK
Content-Length:542
Connection:close

2024-07-17 23:34:17.511147 INFO: request:HTTP/1.1 200 OK
Content-Length:542
Connection:close


2024-07-17 23:34:17.511157 INFO: Thread 140246122866240 is running task

2024-07-17 23:34:17.511168 INFO: eventNum: 2
2024-07-17 23:34:17.511173 INFO: fd: 13, events: 1

2024-07-17 23:34:17.511179 INFO: HandleListenEvent 13
2024-07-17 23:34:17.511194 INFO: HttpConn 47 init success
2024-07-17 23:34:17.511200 INFO: addTimer id:47 expireTime:1721230957
2024-07-17 23:34:17.511212 INFO: Client[47] in!
2024-07-17 23:34:17.511218 INFO: HandleListenEvent 13
2024-07-17 23:34:17.511228 ERROR: Accept failure -1
2024-07-17 23:34:17.511234 INFO: fd: 46, events: 4

2024-07-17 23:34:17.511272 INFO: Thread 140246106080832 is running task

2024-07-17 23:34:17.511406 INFO: eventNum: 1
2024-07-17 23:34:17.511456 INFO: fd: 47, events: 1

2024-07-17 23:34:17.511486 INFO: HttpConn 47 read success
2024-07-17 23:34:17.511501 INFO: GET / HTTP/1.1
2024-07-17 23:34:17.511510 INFO: Host: 39.98.202.182:9006
2024-07-17 23:34:17.511517 INFO: User-Agent: Go-http-client/1.1
2024-07-17 23:34:17.511524 INFO: oop!unknow header: User-Agent: Go-http-client/1.1
2024-07-17 23:34:17.511531 INFO: X-Vegeta-Seq: 564
2024-07-17 23:34:17.511538 INFO: oop!unknow header: X-Vegeta-Seq: 564
2024-07-17 23:34:17.511545 INFO: Accept-Encoding: gzip
2024-07-17 23:34:17.511552 INFO: oop!unknow header: Accept-Encoding: gzip
2024-07-17 23:34:17.511558 INFO: 
2024-07-17 23:34:17.511582 INFO: request:HTTP/1.1 200 OK

2024-07-17 23:34:17.511590 INFO: request:HTTP/1.1 200 OK
Content-Length:542

2024-07-17 23:34:17.511597 INFO: request:HTTP/1.1 200 OK
Content-Length:542
Connection:close

2024-07-17 23:34:17.511604 INFO: request:HTTP/1.1 200 OK
Content-Length:542
Connection:close


2024-07-17 23:34:17.511636 INFO: Thread 140246156437056 is running task

2024-07-17 23:34:17.511654 INFO: eventNum: 1
2024-07-17 23:34:17.511661 INFO: fd: 47, events: 4

2024-07-17 23:34:17.511717 INFO: Thread 140246139651648 is running task

2024-07-17 23:34:17.511800 INFO: eventNum: 1
2024-07-17 23:34:17.511838 INFO: fd: 13, events: 1

2024-07-17 23:34:17.511843 INFO: HandleListenEvent 13
2024-07-17 23:34:17.511860 INFO: HttpConn 48 init success
2024-07-17 23:34:17.511867 INFO: addTimer id:48 expireTime:1721230957
2024-07-17 23:34:17.511878 INFO: Client[48] in!
2024-07-17 23:34:17.511882 INFO: HandleListenEvent 13
2024-07-17 23:34:17.511891 ERROR: Accept failure -1
2024-07-17 23:34:17.511897 INFO: eventNum: 1
2024-07-17 23:34:17.511901 INFO: fd: 48, events: 1

2024-07-17 23:34:17.511915 INFO: HttpConn 48 read success
2024-07-17 23:34:17.511925 INFO: GET / HTTP/1.1
2024-07-17 23:34:17.511931 INFO: Host: 39.98.202.182:9006
2024-07-17 23:34:17.511936 INFO: User-Agent: Go-http-client/1.1
2024-07-17 23:34:17.511940 INFO: oop!unknow header: User-Agent: Go-http-client/1.1
2024-07-17 23:34:17.511945 INFO: X-Vegeta-Seq: 560
2024-07-17 23:34:17.511949 INFO: oop!unknow header: X-Vegeta-Seq: 560
2024-07-17 23:34:17.511953 INFO: Accept-Encoding: gzip
2024-07-17 23:34:17.511957 INFO: oop!unknow header: Accept-Encoding: gzip
2024-07-17 23:34:17.511962 INFO: 
2024-07-17 23:34:17.511978 INFO: request:HTTP/1.1 200 OK

2024-07-17 23:34:17.511982 INFO: request:HTTP/1.1 200 OK
Content-Length:542

2024-07-17 23:34:17.511987 INFO: request:HTTP/1.1 200 OK
Content-Length:542
Connection:close

2024-07-17 23:34:17.511991 INFO: request:HTTP/1.1 200 OK
Content-Length:542
Connection:close


2024-07-17 23:34:17.512001 INFO: Thread 140246114473536 is running task

2024-07-17 23:34:17.512010 INFO: eventNum: 1
2024-07-17 23:34:17.512015 INFO: fd: 48, events: 4

2024-07-17 23:34:17.512046 INFO: Thread 140246148044352 is running task

2024-07-17 23:34:17.512198 INFO: eventNum: 1
2024-07-17 23:34:17.512228 INFO: fd: 13, events: 1

2024-07-17 23:34:17.512239 INFO: HandleListenEvent 13
2024-07-17 23:34:17.512262 INFO: HttpConn 50 init success
2024-07-17 23:34:17.512271 INFO: addTimer id:50 expireTime:1721230957
2024-07-17 23:34:17.512283 INFO: Client[50] in!
2024-07-17 23:34:17.512288 INFO: HandleListenEvent 13
2024-07-17 23:34:17.512298 ERROR: Accept failure -1
2024-07-17 23:34:17.512662 INFO: eventNum: 1
2024-07-17 23:34:17.512688 INFO: fd: 13, events: 1

2024-07-17 23:34:17.512696 INFO: HandleListenEvent 13
2024-07-17 23:34:17.512718 INFO: HttpConn 51 init success
2024-07-17 23:34:17.512728 INFO: addTimer id:51 expireTime:1721230957
2024-07-17 23:34:17.512742 INFO: Client[51] in!
2024-07-17 23:34:17.512750 INFO: HandleListenEvent 13
2024-07-17 23:34:17.512762 ERROR: Accept failure -1
2024-07-17 23:34:17.512770 INFO: eventNum: 1
2024-07-17 23:34:17.512774 INFO: fd: 51, events: 1

2024-07-17 23:34:17.512794 INFO: HttpConn 51 read success
2024-07-17 23:34:17.512815 INFO: GET / HTTP/1.1
2024-07-17 23:34:17.512822 INFO: Host: 39.98.202.182:9006
2024-07-17 23:34:17.512827 INFO: User-Agent: Go-http-client/1.1
2024-07-17 23:34:17.512831 INFO: oop!unknow header: User-Agent: Go-http-client/1.1
2024-07-17 23:34:17.512836 INFO: X-Vegeta-Seq: 1567
2024-07-17 23:34:17.512840 INFO: oop!unknow header: X-Vegeta-Seq: 1567
2024-07-17 23:34:17.512844 INFO: Accept-Encoding: gzip
2024-07-17 23:34:17.512849 INFO: oop!unknow header: Accept-Encoding: gzip
2024-07-17 23:34:17.512853 INFO: 
2024-07-17 23:34:17.512875 INFO: eventNum: 1
2024-07-17 23:34:17.512879 INFO: request:HTTP/1.1 200 OK

2024-07-17 23:34:17.512918 INFO: request:HTTP/1.1 200 OK
Content-Length:542

2024-07-17 23:34:17.512901 INFO: fd: 28, events: 8193

2024-07-17 23:34:17.512927 INFO: request:HTTP/1.1 200 OK
Content-Length:542
Connection:close

2024-07-17 23:34:17.512946 INFO: request:HTTP/1.1 200 OK
Content-Length:542
Connection:close


2024-07-17 23:34:17.512959 INFO: HttpConn 28 close success
2024-07-17 23:34:17.512968 INFO: Client[28] quit!
2024-07-17 23:34:17.512968 INFO: Thread 140246097688128 is running task

2024-07-17 23:34:17.512990 INFO: eventNum: 2
2024-07-17 23:34:17.513012 INFO: fd: 50, events: 1

2024-07-17 23:34:17.513023 INFO: fd: 51, events: 4

2024-07-17 23:34:17.513029 INFO: HttpConn 50 read success
2024-07-17 23:34:17.513040 INFO: GET / HTTP/1.1
2024-07-17 23:34:17.513046 INFO: Host: 39.98.202.182:9006
2024-07-17 23:34:17.513050 INFO: User-Agent: Go-http-client/1.1
2024-07-17 23:34:17.513054 INFO: oop!unknow header: User-Agent: Go-http-client/1.1
2024-07-17 23:34:17.513059 INFO: X-Vegeta-Seq: 1578
2024-07-17 23:34:17.513063 INFO: oop!unknow header: X-Vegeta-Seq: 1578
2024-07-17 23:34:17.513067 INFO: Accept-Encoding: gzip
2024-07-17 23:34:17.513071 INFO: oop!unknow header: Accept-Encoding: gzip
2024-07-17 23:34:17.513076 INFO: 
2024-07-17 23:34:17.513090 INFO: request:HTTP/1.1 200 OK

2024-07-17 23:34:17.513095 INFO: request:HTTP/1.1 200 OK
Content-Length:542

2024-07-17 23:34:17.513100 INFO: request:HTTP/1.1 200 OK
Content-Length:542
Connection:close

2024-07-17 23:34:17.513104 INFO: request:HTTP/1.1 200 OK
Content-Length:542
Connection:close


2024-07-17 23:34:17.513116 INFO: Thread 140246131258944 is running task

2024-07-17 23:34:17.513120 INFO: eventNum: 1
2024-07-17 23:34:17.513133 INFO: fd: 50, events: 4

2024-07-17 23:34:17.513166 INFO: Thread 140246131258944 is running task

2024-07-17 23:34:17.513187 INFO: Thread 140246131258944 is running task

2024-07-17 23:34:17.513955 INFO: eventNum: 1
2024-07-17 23:34:17.513987 INFO: fd: 33, events: 8193

2024-07-17 23:34:17.514008 INFO: HttpConn 33 close success
2024-07-17 23:34:17.514014 INFO: Client[33] quit!
2024-07-17 23:34:17.514020 INFO: eventNum: 1
2024-07-17 23:34:17.514025 INFO: fd: 36, events: 8193

2024-07-17 23:34:17.514042 INFO: HttpConn 36 close success
2024-07-17 23:34:17.514048 INFO: Client[36] quit!
2024-07-17 23:34:17.514053 INFO: eventNum: 1
2024-07-17 23:34:17.514058 INFO: fd: 32, events: 8193

2024-07-17 23:34:17.514068 INFO: HttpConn 32 close success
2024-07-17 23:34:17.514073 INFO: Client[32] quit!
2024-07-17 23:34:17.514217 INFO: eventNum: 1
2024-07-17 23:34:17.514238 INFO: fd: 40, events: 8193

2024-07-17 23:34:17.514261 INFO: HttpConn 40 close success
2024-07-17 23:34:17.514269 INFO: Client[40] quit!
2024-07-17 23:34:17.514767 INFO: eventNum: 1
2024-07-17 23:34:17.514792 INFO: fd: 43, events: 8193

2024-07-17 23:34:17.514815 INFO: HttpConn 43 close success
2024-07-17 23:34:17.514822 INFO: Client[43] quit!
2024-07-17 23:34:17.515560 INFO: eventNum: 1
2024-07-17 23:34:17.515580 INFO: fd: 37, events: 8193

2024-07-17 23:34:17.515599 INFO: HttpConn 37 close success
2024-07-17 23:34:17.515604 INFO: Client[37] quit!
2024-07-17 23:34:17.528919 INFO: eventNum: 1
2024-07-17 23:34:17.528981 INFO: fd: 118, events: 8193

2024-07-17 23:34:17.529035 INFO: HttpConn 118 close success
2024-07-17 23:34:17.529046 INFO: Client[118] quit!
2024-07-17 23:34:17.546549 INFO: eventNum: 1
2024-07-17 23:34:17.546611 INFO: fd: 126, events: 1

2024-07-17 23:34:17.546632 INFO: eventNum: 1
2024-07-17 23:34:17.546638 INFO: fd: 127, events: 1

2024-07-17 23:34:17.546653 INFO: HttpConn 126 read success
2024-07-17 23:34:17.546704 INFO: GET / HTTP/1.1
2024-07-17 23:34:17.546714 INFO: Host: 39.98.202.182:9006
2024-07-17 23:34:17.546722 INFO: User-Agent: Go-http-client/1.1
2024-07-17 23:34:17.546729 INFO: oop!unknow header: User-Agent: Go-http-client/1.1
2024-07-17 23:34:17.546738 INFO: X-Vegeta-Seq: 1514
2024-07-17 23:34:17.546745 INFO: oop!unknow header: X-Vegeta-Seq: 1514
2024-07-17 23:34:17.546754 INFO: Accept-Encoding: gzip
2024-07-17 23:34:17.546760 INFO: oop!unknow header: Accept-Encoding: gzip
2024-07-17 23:34:17.546766 INFO: 
2024-07-17 23:34:17.546803 INFO: request:HTTP/1.1 200 OK

2024-07-17 23:34:17.546811 INFO: request:HTTP/1.1 200 OK
Content-Length:542

2024-07-17 23:34:17.546817 INFO: request:HTTP/1.1 200 OK
Content-Length:542
Connection:close

2024-07-17 23:34:17.546824 INFO: request:HTTP/1.1 200 OK
Content-Length:542
Connection:close


2024-07-17 23:34:17.546860 INFO: Thread 140246156437056 is running task

2024-07-17 23:34:17.546897 INFO: eventNum: 1
2024-07-17 23:34:17.546904 INFO: HttpConn 127 read success
2024-07-17 23:34:17.546927 INFO: GET / HTTP/1.1
2024-07-17 23:34:17.546934 INFO: Host: 39.98.202.182:9006
2024-07-17 23:34:17.546938 INFO: User-Agent: Go-http-client/1.1
2024-07-17 23:34:17.546943 INFO: oop!unknow header: User-Agent: Go-http-client/1.1
2024-07-17 23:34:17.546948 INFO: X-Vegeta-Seq: 1515
2024-07-17 23:34:17.546952 INFO: oop!unknow header: X-Vegeta-Seq: 1515
2024-07-17 23:34:17.546956 INFO: Accept-Encoding: gzip
2024-07-17 23:34:17.546960 INFO: oop!unknow header: Accept-Encoding: gzip
2024-07-17 23:34:17.546969 INFO: 
2024-07-17 23:34:17.546996 INFO: request:HTTP/1.1 200 OK

2024-07-17 23:34:17.547005 INFO: request:HTTP/1.1 200 OK
Content-Length:542

2024-07-17 23:34:17.547011 INFO: request:HTTP/1.1 200 OK
Content-Length:542
Connection:close

2024-07-17 23:34:17.547017 INFO: request:HTTP/1.1 200 OK
Content-Length:542
Connection:close


2024-07-17 23:34:17.547034 INFO: Thread 140246139651648 is running task

2024-07-17 23:34:17.546906 INFO: fd: 126, events: 4

2024-07-17 23:34:17.547079 INFO: eventNum: 1
2024-07-17 23:34:17.547086 INFO: fd: 127, events: 4

2024-07-17 23:34:17.547134 INFO: Thread 140246114473536 is running task

2024-07-17 23:34:17.547164 INFO: Thread 140246114473536 is running task

2024-07-17 23:34:17.569433 INFO: eventNum: 1
2024-07-17 23:34:17.569502 INFO: fd: 44, events: 8193

2024-07-17 23:34:17.569552 INFO: HttpConn 44 close success
2024-07-17 23:34:17.569561 INFO: Client[44] quit!
2024-07-17 23:34:17.569662 INFO: eventNum: 1
2024-07-17 23:34:17.569677 INFO: fd: 46, events: 8193

2024-07-17 23:34:17.569696 INFO: HttpConn 46 close success
2024-07-17 23:34:17.569705 INFO: Client[46] quit!
2024-07-17 23:34:17.571948 INFO: eventNum: 1
2024-07-17 23:34:17.572002 INFO: fd: 51, events: 8193

2024-07-17 23:34:17.572048 INFO: HttpConn 51 close success
2024-07-17 23:34:17.572057 INFO: Client[51] quit!
2024-07-17 23:34:17.572789 INFO: eventNum: 1
2024-07-17 23:34:17.572825 INFO: fd: 48, events: 8193

2024-07-17 23:34:17.572850 INFO: HttpConn 48 close success
2024-07-17 23:34:17.572860 INFO: Client[48] quit!
2024-07-17 23:34:17.572948 INFO: eventNum: 1
2024-07-17 23:34:17.572958 INFO: fd: 50, events: 8193

2024-07-17 23:34:17.572975 INFO: HttpConn 50 close success
2024-07-17 23:34:17.572984 INFO: Client[50] quit!
2024-07-17 23:34:17.575187 INFO: eventNum: 1
2024-07-17 23:34:17.575236 INFO: fd: 13, events: 1

2024-07-17 23:34:17.575245 INFO: HandleListenEvent 13
2024-07-17 23:34:17.575285 INFO: HttpConn 28 init success
2024-07-17 23:34:17.575296 INFO: addTimer id:28 expireTime:1721230957
2024-07-17 23:34:17.575314 INFO: Client[28] in!
2024-07-17 23:34:17.575321 INFO: HandleListenEvent 13
2024-07-17 23:34:17.575333 INFO: HttpConn 32 init success
2024-07-17 23:34:17.575338 INFO: addTimer id:32 expireTime:1721230957
2024-07-17 23:34:17.575380 INFO: Client[32] in!
2024-07-17 23:34:17.575386 INFO: HandleListenEvent 13
2024-07-17 23:34:17.575398 ERROR: Accept failure -1
2024-07-17 23:34:17.575407 INFO: eventNum: 1
2024-07-17 23:34:17.575414 INFO: fd: 47, events: 8193

2024-07-17 23:34:17.575436 INFO: HttpConn 47 close success
2024-07-17 23:34:17.575449 INFO: Client[47] quit!
2024-07-17 23:34:17.575925 INFO: eventNum: 1
2024-07-17 23:34:17.575954 INFO: fd: 28, events: 1

2024-07-17 23:34:17.575979 INFO: HttpConn 28 read success
2024-07-17 23:34:17.575997 INFO: GET / HTTP/1.1
2024-07-17 23:34:17.576005 INFO: Host: 39.98.202.182:9006
2024-07-17 23:34:17.576010 INFO: User-Agent: Go-http-client/1.1
2024-07-17 23:34:17.576014 INFO: oop!unknow header: User-Agent: Go-http-client/1.1
2024-07-17 23:34:17.576019 INFO: X-Vegeta-Seq: 1667
2024-07-17 23:34:17.576023 INFO: oop!unknow header: X-Vegeta-Seq: 1667
2024-07-17 23:34:17.576028 INFO: Accept-Encoding: gzip
2024-07-17 23:34:17.576032 INFO: oop!unknow header: Accept-Encoding: gzip
2024-07-17 23:34:17.576036 INFO: 
2024-07-17 23:34:17.576062 INFO: request:HTTP/1.1 200 OK

2024-07-17 23:34:17.576076 INFO: request:HTTP/1.1 200 OK
Content-Length:542

2024-07-17 23:34:17.576081 INFO: request:HTTP/1.1 200 OK
Content-Length:542
Connection:close

2024-07-17 23:34:17.576086 INFO: request:HTTP/1.1 200 OK
Content-Length:542
Connection:close


2024-07-17 23:34:17.576103 INFO: Thread 140246097688128 is running task

2024-07-17 23:34:17.576115 INFO: eventNum: 2
2024-07-17 23:34:17.576120 INFO: fd: 13, events: 1

2024-07-17 23:34:17.576124 INFO: HandleListenEvent 13
2024-07-17 23:34:17.576140 INFO: HttpConn 33 init success
2024-07-17 23:34:17.576146 INFO: addTimer id:33 expireTime:1721230957
2024-07-17 23:34:17.576156 INFO: Client[33] in!
2024-07-17 23:34:17.576161 INFO: HandleListenEvent 13
2024-07-17 23:34:17.576169 ERROR: Accept failure -1
2024-07-17 23:34:17.576174 INFO: fd: 28, events: 4

2024-07-17 23:34:17.576229 INFO: Thread 140246131258944 is running task

2024-07-17 23:34:17.576430 INFO: eventNum: 1
2024-07-17 23:34:17.576452 INFO: fd: 13, events: 1

2024-07-17 23:34:17.576457 INFO: HandleListenEvent 13
2024-07-17 23:34:17.576473 INFO: HttpConn 36 init success
2024-07-17 23:34:17.576479 INFO: addTimer id:36 expireTime:1721230957
2024-07-17 23:34:17.576490 INFO: Client[36] in!
2024-07-17 23:34:17.576495 INFO: HandleListenEvent 13
2024-07-17 23:34:17.576504 ERROR: Accept failure -1
2024-07-17 23:34:17.576511 INFO: eventNum: 1
2024-07-17 23:34:17.576518 INFO: fd: 107, events: 8193

2024-07-17 23:34:17.576540 INFO: HttpConn 107 close success
2024-07-17 23:34:17.576553 INFO: Client[107] quit!
2024-07-17 23:34:17.576561 INFO: eventNum: 1
2024-07-17 23:34:17.576568 INFO: fd: 13, events: 1

2024-07-17 23:34:17.576574 INFO: HandleListenEvent 13
2024-07-17 23:34:17.576588 INFO: HttpConn 37 init success
2024-07-17 23:34:17.576597 INFO: addTimer id:37 expireTime:1721230957
2024-07-17 23:34:17.576608 INFO: Client[37] in!
2024-07-17 23:34:17.576615 INFO: HandleListenEvent 13
2024-07-17 23:34:17.576629 INFO: HttpConn 40 init success
2024-07-17 23:34:17.576637 INFO: addTimer id:40 expireTime:1721230957
2024-07-17 23:34:17.576648 INFO: Client[40] in!
2024-07-17 23:34:17.576655 INFO: HandleListenEvent 13
2024-07-17 23:34:17.576666 ERROR: Accept failure -1
2024-07-17 23:34:17.576779 INFO: eventNum: 1
2024-07-17 23:34:17.576812 INFO: fd: 33, events: 1

2024-07-17 23:34:17.576832 INFO: HttpConn 33 read success
2024-07-17 23:34:17.576845 INFO: GET / HTTP/1.1
2024-07-17 23:34:17.576851 INFO: Host: 39.98.202.182:9006
2024-07-17 23:34:17.576856 INFO: User-Agent: Go-http-client/1.1
2024-07-17 23:34:17.576861 INFO: oop!unknow header: User-Agent: Go-http-client/1.1
2024-07-17 23:34:17.576868 INFO: X-Vegeta-Seq: 2669
2024-07-17 23:34:17.576873 INFO: oop!unknow header: X-Vegeta-Seq: 2669
2024-07-17 23:34:17.576881 INFO: Accept-Encoding: gzip
2024-07-17 23:34:17.576887 INFO: oop!unknow header: Accept-Encoding: gzip
2024-07-17 23:34:17.576893 INFO: 
2024-07-17 23:34:17.576919 INFO: request:HTTP/1.1 200 OK

2024-07-17 23:34:17.576925 INFO: request:HTTP/1.1 200 OK
Content-Length:542

2024-07-17 23:34:17.576931 INFO: request:HTTP/1.1 200 OK
Content-Length:542
Connection:close

2024-07-17 23:34:17.576937 INFO: request:HTTP/1.1 200 OK
Content-Length:542
Connection:close


2024-07-17 23:34:17.576953 INFO: Thread 140246122866240 is running task

2024-07-17 23:34:17.576968 INFO: eventNum: 1
2024-07-17 23:34:17.576975 INFO: fd: 33, events: 4

2024-07-17 23:34:17.577023 INFO: Thread 140246106080832 is running task

2024-07-17 23:34:17.577069 INFO: eventNum: 1
2024-07-17 23:34:17.577099 INFO: fd: 13, events: 1

2024-07-17 23:34:17.577105 INFO: HandleListenEvent 13
2024-07-17 23:34:17.577119 INFO: HttpConn 43 init success
2024-07-17 23:34:17.577128 INFO: addTimer id:43 expireTime:1721230957
2024-07-17 23:34:17.577143 INFO: Client[43] in!
2024-07-17 23:34:17.577150 INFO: HandleListenEvent 13
2024-07-17 23:34:17.577162 ERROR: Accept failure -1
2024-07-17 23:34:17.577170 INFO: eventNum: 1
2024-07-17 23:34:17.577176 INFO: fd: 43, events: 1

2024-07-17 23:34:17.577205 INFO: HttpConn 43 read success
2024-07-17 23:34:17.577223 INFO: GET / HTTP/1.1
2024-07-17 23:34:17.577240 INFO: Host: 39.98.202.182:9006
2024-07-17 23:34:17.577247 INFO: User-Agent: Go-http-client/1.1
2024-07-17 23:34:17.577254 INFO: oop!unknow header: User-Agent: Go-http-client/1.1
2024-07-17 23:34:17.577260 INFO: X-Vegeta-Seq: 1668
2024-07-17 23:34:17.577267 INFO: oop!unknow header: X-Vegeta-Seq: 1668
2024-07-17 23:34:17.577273 INFO: Accept-Encoding: gzip
2024-07-17 23:34:17.577279 INFO: oop!unknow header: Accept-Encoding: gzip
2024-07-17 23:34:17.577286 INFO: 
2024-07-17 23:34:17.577307 INFO: request:HTTP/1.1 200 OK

2024-07-17 23:34:17.577318 INFO: request:HTTP/1.1 200 OK
Content-Length:542

2024-07-17 23:34:17.577326 INFO: request:HTTP/1.1 200 OK
Content-Length:542
Connection:close

2024-07-17 23:34:17.577330 INFO: request:HTTP/1.1 200 OK
Content-Length:542
Connection:close


2024-07-17 23:34:17.577341 INFO: Thread 140246156437056 is running task

2024-07-17 23:34:17.577454 INFO: eventNum: 2
2024-07-17 23:34:17.577475 INFO: fd: 32, events: 1

2024-07-17 23:34:17.577488 INFO: fd: 43, events: 4

2024-07-17 23:34:17.577499 INFO: HttpConn 32 read success
2024-07-17 23:34:17.577518 INFO: GET / HTTP/1.1
2024-07-17 23:34:17.577532 INFO: Thread 140246114473536 is running task

2024-07-17 23:34:17.577534 INFO: Host: 39.98.202.182:9006
2024-07-17 23:34:17.577558 INFO: User-Agent: Go-http-client/1.1
2024-07-17 23:34:17.577563 INFO: oop!unknow header: User-Agent: Go-http-client/1.1
2024-07-17 23:34:17.577567 INFO: X-Vegeta-Seq: 1669
2024-07-17 23:34:17.577572 INFO: oop!unknow header: X-Vegeta-Seq: 1669
2024-07-17 23:34:17.577576 INFO: Accept-Encoding: gzip
2024-07-17 23:34:17.577580 INFO: oop!unknow header: Accept-Encoding: gzip
2024-07-17 23:34:17.577584 INFO: 
2024-07-17 23:34:17.577602 INFO: request:HTTP/1.1 200 OK

2024-07-17 23:34:17.577610 INFO: request:HTTP/1.1 200 OK
Content-Length:542

2024-07-17 23:34:17.577616 INFO: request:HTTP/1.1 200 OK
Content-Length:542
Connection:close

2024-07-17 23:34:17.577623 INFO: request:HTTP/1.1 200 OK
Content-Length:542
Connection:close


2024-07-17 23:34:17.577635 INFO: Thread 140246139651648 is running task

2024-07-17 23:34:17.577646 INFO: eventNum: 1
2024-07-17 23:34:17.577653 INFO: fd: 32, events: 4

2024-07-17 23:34:17.577691 INFO: Thread 140246148044352 is running task

2024-07-17 23:34:17.577786 INFO: eventNum: 1
2024-07-17 23:34:17.577810 INFO: fd: 126, events: 8193

2024-07-17 23:34:17.577845 INFO: HttpConn 126 close success
2024-07-17 23:34:17.577861 INFO: Client[126] quit!
2024-07-17 23:34:17.578098 INFO: eventNum: 1
2024-07-17 23:34:17.578140 INFO: fd: 13, events: 1

2024-07-17 23:34:17.578151 INFO: HandleListenEvent 13
2024-07-17 23:34:17.578174 INFO: HttpConn 44 init success
2024-07-17 23:34:17.578183 INFO: addTimer id:44 expireTime:1721230957
2024-07-17 23:34:17.578200 INFO: Client[44] in!
2024-07-17 23:34:17.578208 INFO: HandleListenEvent 13
2024-07-17 23:34:17.578222 ERROR: Accept failure -1
2024-07-17 23:34:17.598440 INFO: eventNum: 2
2024-07-17 23:34:17.598516 INFO: fd: 37, events: 1

2024-07-17 23:34:17.598560 INFO: HttpConn 37 read success
2024-07-17 23:34:17.598585 INFO: GET / HTTP/1.1
2024-07-17 23:34:17.598595 INFO: Host: 39.98.202.182:9006
2024-07-17 23:34:17.598608 INFO: User-Agent: Go-http-client/1.1
2024-07-17 23:34:17.598616 INFO: oop!unknow header: User-Agent: Go-http-client/1.1
2024-07-17 23:34:17.598623 INFO: X-Vegeta-Seq: 1672
2024-07-17 23:34:17.598630 INFO: oop!unknow header: X-Vegeta-Seq: 1672
2024-07-17 23:34:17.598637 INFO: Accept-Encoding: gzip
2024-07-17 23:34:17.598644 INFO: oop!unknow header: Accept-Encoding: gzip
2024-07-17 23:34:17.598650 INFO: 
2024-07-17 23:34:17.598695 INFO: request:HTTP/1.1 200 OK

2024-07-17 23:34:17.598704 INFO: request:HTTP/1.1 200 OK
Content-Length:542

2024-07-17 23:34:17.598711 INFO: request:HTTP/1.1 200 OK
Content-Length:542
Connection:close

2024-07-17 23:34:17.598718 INFO: request:HTTP/1.1 200 OK
Content-Length:542
Connection:close


2024-07-17 23:34:17.598740 INFO: Thread 140246097688128 is running task

2024-07-17 23:34:17.598768 INFO: fd: 127, events: 8193

2024-07-17 23:34:17.598828 INFO: HttpConn 127 close success
2024-07-17 23:34:17.598836 INFO: Client[127] quit!
2024-07-17 23:34:17.598846 INFO: eventNum: 3
2024-07-17 23:34:17.598853 INFO: fd: 36, events: 1

2024-07-17 23:34:17.598873 INFO: HttpConn 36 read success
2024-07-17 23:34:17.598887 INFO: GET / HTTP/1.1
2024-07-17 23:34:17.598894 INFO: Host: 39.98.202.182:9006
2024-07-17 23:34:17.598902 INFO: User-Agent: Go-http-client/1.1
2024-07-17 23:34:17.598909 INFO: oop!unknow header: User-Agent: Go-http-client/1.1
2024-07-17 23:34:17.598917 INFO: X-Vegeta-Seq: 2673
2024-07-17 23:34:17.598924 INFO: oop!unknow header: X-Vegeta-Seq: 2673
2024-07-17 23:34:17.598931 INFO: Accept-Encoding: gzip
2024-07-17 23:34:17.598938 INFO: oop!unknow header: Accept-Encoding: gzip
2024-07-17 23:34:17.598946 INFO: 
2024-07-17 23:34:17.598967 INFO: request:HTTP/1.1 200 OK

2024-07-17 23:34:17.598975 INFO: request:HTTP/1.1 200 OK
Content-Length:542

2024-07-17 23:34:17.598982 INFO: request:HTTP/1.1 200 OK
Content-Length:542
Connection:close

2024-07-17 23:34:17.598989 INFO: request:HTTP/1.1 200 OK
Content-Length:542
Connection:close


2024-07-17 23:34:17.599003 INFO: Thread 140246131258944 is running task

2024-07-17 23:34:17.599014 INFO: fd: 37, events: 4

2024-07-17 23:34:17.599070 INFO: Thread 140246122866240 is running task

2024-07-17 23:34:17.599083 INFO: fd: 40, events: 1

2024-07-17 23:34:17.599101 INFO: HttpConn 40 read success
2024-07-17 23:34:17.599127 INFO: GET / HTTP/1.1
2024-07-17 23:34:17.599135 INFO: Host: 39.98.202.182:9006
2024-07-17 23:34:17.599142 INFO: User-Agent: Go-http-client/1.1
2024-07-17 23:34:17.599149 INFO: oop!unknow header: User-Agent: Go-http-client/1.1
2024-07-17 23:34:17.599156 INFO: X-Vegeta-Seq: 2674
2024-07-17 23:34:17.599163 INFO: oop!unknow header: X-Vegeta-Seq: 2674
2024-07-17 23:34:17.599170 INFO: Accept-Encoding: gzip
2024-07-17 23:34:17.599177 INFO: oop!unknow header: Accept-Encoding: gzip
2024-07-17 23:34:17.599183 INFO: 
2024-07-17 23:34:17.599201 INFO: request:HTTP/1.1 200 OK

2024-07-17 23:34:17.599208 INFO: request:HTTP/1.1 200 OK
Content-Length:542

2024-07-17 23:34:17.599216 INFO: request:HTTP/1.1 200 OK
Content-Length:542
Connection:close

2024-07-17 23:34:17.599223 INFO: request:HTTP/1.1 200 OK
Content-Length:542
Connection:close


2024-07-17 23:34:17.599233 INFO: Thread 140246106080832 is running task

2024-07-17 23:34:17.599245 INFO: eventNum: 2
2024-07-17 23:34:17.599252 INFO: fd: 36, events: 4

2024-07-17 23:34:17.599288 INFO: Thread 140246156437056 is running task

2024-07-17 23:34:17.599314 INFO: fd: 40, events: 4

2024-07-17 23:34:17.599377 INFO: Thread 140246114473536 is running task

2024-07-17 23:34:17.599397 INFO: eventNum: 1
2024-07-17 23:34:17.599405 INFO: fd: 44, events: 1

2024-07-17 23:34:17.599432 INFO: HttpConn 44 read success
2024-07-17 23:34:17.599466 INFO: GET / HTTP/1.1
2024-07-17 23:34:17.599474 INFO: Host: 39.98.202.182:9006
2024-07-17 23:34:17.599479 INFO: User-Agent: Go-http-client/1.1
2024-07-17 23:34:17.599484 INFO: oop!unknow header: User-Agent: Go-http-client/1.1
2024-07-17 23:34:17.599488 INFO: X-Vegeta-Seq: 1674
2024-07-17 23:34:17.599493 INFO: oop!unknow header: X-Vegeta-Seq: 1674
2024-07-17 23:34:17.599497 INFO: Accept-Encoding: gzip
2024-07-17 23:34:17.599502 INFO: oop!unknow header: Accept-Encoding: gzip
2024-07-17 23:34:17.599506 INFO: 
2024-07-17 23:34:17.599531 INFO: request:HTTP/1.1 200 OK

2024-07-17 23:34:17.599536 INFO: request:HTTP/1.1 200 OK
Content-Length:542

2024-07-17 23:34:17.599540 INFO: request:HTTP/1.1 200 OK
Content-Length:542
Connection:close

2024-07-17 23:34:17.599548 INFO: request:HTTP/1.1 200 OK
Content-Length:542
Connection:close


2024-07-17 23:34:17.599564 INFO: Thread 140246139651648 is running task

2024-07-17 23:34:17.599585 INFO: eventNum: 1
2024-07-17 23:34:17.599592 INFO: fd: 44, events: 4

2024-07-17 23:34:17.599631 INFO: Thread 140246148044352 is running task

2024-07-17 23:34:17.601645 INFO: eventNum: 1
2024-07-17 23:34:17.601687 INFO: fd: 61, events: 8193

2024-07-17 23:34:17.601715 INFO: HttpConn 61 close success
2024-07-17 23:34:17.601730 INFO: Client[61] quit!
2024-07-17 23:34:17.603645 INFO: eventNum: 1
2024-07-17 23:34:17.603695 INFO: fd: 28, events: 8193

2024-07-17 23:34:17.603731 INFO: HttpConn 28 close success
2024-07-17 23:34:17.603739 INFO: Client[28] quit!
2024-07-17 23:34:17.603823 INFO: eventNum: 1
2024-07-17 23:34:17.603855 INFO: fd: 33, events: 8193

2024-07-17 23:34:17.603882 INFO: HttpConn 33 close success
2024-07-17 23:34:17.603892 INFO: Client[33] quit!
2024-07-17 23:34:17.603910 INFO: eventNum: 1
2024-07-17 23:34:17.603916 INFO: fd: 32, events: 8193

2024-07-17 23:34:17.603934 INFO: HttpConn 32 close success
2024-07-17 23:34:17.603953 INFO: Client[32] quit!
2024-07-17 23:34:17.603961 INFO: eventNum: 1
2024-07-17 23:34:17.603967 INFO: fd: 43, events: 8193

2024-07-17 23:34:17.603984 INFO: HttpConn 43 close success
2024-07-17 23:34:17.603993 INFO: Client[43] quit!
2024-07-17 23:34:17.604417 INFO: eventNum: 1
2024-07-17 23:34:17.604441 INFO: fd: 315, events: 8193

2024-07-17 23:34:17.604520 INFO: HttpConn 315 close success
2024-07-17 23:34:17.604545 INFO: Client[315] quit!
2024-07-17 23:34:17.604637 INFO: eventNum: 1
2024-07-17 23:34:17.604654 INFO: fd: 318, events: 8193

2024-07-17 23:34:17.604673 INFO: HttpConn 318 close success
2024-07-17 23:34:17.604683 INFO: Client[318] quit!
2024-07-17 23:34:17.606584 INFO: eventNum: 1
2024-07-17 23:34:17.606616 INFO: fd: 319, events: 8193

2024-07-17 23:34:17.606639 INFO: HttpConn 319 close success
2024-07-17 23:34:17.606649 INFO: Client[319] quit!
2024-07-17 23:34:17.639180 INFO: eventNum: 1
2024-07-17 23:34:17.639248 INFO: fd: 37, events: 8193

2024-07-17 23:34:17.639303 INFO: HttpConn 37 close success
2024-07-17 23:34:17.639314 INFO: Client[37] quit!
2024-07-17 23:34:17.639959 INFO: eventNum: 1
2024-07-17 23:34:17.639988 INFO: fd: 40, events: 8193

2024-07-17 23:34:17.640013 INFO: HttpConn 40 close success
2024-07-17 23:34:17.640024 INFO: Client[40] quit!
2024-07-17 23:34:17.640122 INFO: eventNum: 1
2024-07-17 23:34:17.640137 INFO: fd: 36, events: 8193

2024-07-17 23:34:17.640158 INFO: HttpConn 36 close success
2024-07-17 23:34:17.640170 INFO: Client[36] quit!
2024-07-17 23:34:17.640599 INFO: eventNum: 1
2024-07-17 23:34:17.640614 INFO: fd: 74, events: 8193

2024-07-17 23:34:17.640634 INFO: HttpConn 74 close success
2024-07-17 23:34:17.640644 INFO: Client[74] quit!
2024-07-17 23:34:17.640915 INFO: eventNum: 1
2024-07-17 23:34:17.640967 INFO: fd: 44, events: 8193

2024-07-17 23:34:17.641015 INFO: HttpConn 44 close success
2024-07-17 23:34:17.641053 INFO: Client[44] quit!
2024-07-17 23:34:17.645906 INFO: eventNum: 1
2024-07-17 23:34:17.645954 INFO: fd: 13, events: 1

2024-07-17 23:34:17.645962 INFO: HandleListenEvent 13
2024-07-17 23:34:17.645991 INFO: HttpConn 28 init success
2024-07-17 23:34:17.645998 INFO: addTimer id:28 expireTime:1721230957
2024-07-17 23:34:17.646013 INFO: Client[28] in!
2024-07-17 23:34:17.646018 INFO: HandleListenEvent 13
2024-07-17 23:34:17.646030 ERROR: Accept failure -1
2024-07-17 23:34:17.646036 INFO: eventNum: 1
2024-07-17 23:34:17.646040 INFO: fd: 28, events: 1

2024-07-17 23:34:17.646081 INFO: HttpConn 28 read success
2024-07-17 23:34:17.646137 INFO: GET / HTTP/1.1
2024-07-17 23:34:17.646151 INFO: Host: 39.98.202.182:9006
2024-07-17 23:34:17.646159 INFO: User-Agent: Go-http-client/1.1
2024-07-17 23:34:17.646170 INFO: oop!unknow header: User-Agent: Go-http-client/1.1
2024-07-17 23:34:17.646178 INFO: X-Vegeta-Seq: 1501
2024-07-17 23:34:17.646184 INFO: oop!unknow header: X-Vegeta-Seq: 1501
2024-07-17 23:34:17.646191 INFO: Accept-Encoding: gzip
2024-07-17 23:34:17.646198 INFO: oop!unknow header: Accept-Encoding: gzip
2024-07-17 23:34:17.646206 INFO: 
2024-07-17 23:34:17.646251 INFO: request:HTTP/1.1 200 OK

2024-07-17 23:34:17.646260 INFO: request:HTTP/1.1 200 OK
Content-Length:542

2024-07-17 23:34:17.646267 INFO: request:HTTP/1.1 200 OK
Content-Length:542
Connection:close

2024-07-17 23:34:17.646272 INFO: request:HTTP/1.1 200 OK
Content-Length:542
Connection:close


2024-07-17 23:34:17.646295 INFO: Thread 140246097688128 is running task

2024-07-17 23:34:17.646315 INFO: eventNum: 1
2024-07-17 23:34:17.646330 INFO: fd: 28, events: 4

2024-07-17 23:34:17.646459 INFO: Thread 140246131258944 is running task

2024-07-17 23:34:17.648010 INFO: eventNum: 1
2024-07-17 23:34:17.648047 INFO: fd: 13, events: 1

2024-07-17 23:34:17.648053 INFO: HandleListenEvent 13
2024-07-17 23:34:17.648076 INFO: HttpConn 32 init success
2024-07-17 23:34:17.648085 INFO: addTimer id:32 expireTime:1721230957
2024-07-17 23:34:17.648102 INFO: Client[32] in!
2024-07-17 23:34:17.648114 INFO: HandleListenEvent 13
2024-07-17 23:34:17.648130 ERROR: Accept failure -1
2024-07-17 23:34:17.648138 INFO: eventNum: 1
2024-07-17 23:34:17.648144 INFO: fd: 32, events: 1

2024-07-17 23:34:17.648170 INFO: HttpConn 32 read success
2024-07-17 23:34:17.648201 INFO: GET / HTTP/1.1
2024-07-17 23:34:17.648212 INFO: Host: 39.98.202.182:9006
2024-07-17 23:34:17.648219 INFO: User-Agent: Go-http-client/1.1
2024-07-17 23:34:17.648236 INFO: oop!unknow header: User-Agent: Go-http-client/1.1
2024-07-17 23:34:17.648249 INFO: X-Vegeta-Seq: 1499
2024-07-17 23:34:17.648256 INFO: oop!unknow header: X-Vegeta-Seq: 1499
2024-07-17 23:34:17.648265 INFO: Accept-Encoding: gzip
2024-07-17 23:34:17.648272 INFO: oop!unknow header: Accept-Encoding: gzip
2024-07-17 23:34:17.648281 INFO: 
2024-07-17 23:34:17.648318 INFO: request:HTTP/1.1 200 OK

2024-07-17 23:34:17.648331 INFO: request:HTTP/1.1 200 OK
Content-Length:542

2024-07-17 23:34:17.648337 INFO: request:HTTP/1.1 200 OK
Content-Length:542
Connection:close

2024-07-17 23:34:17.648377 INFO: request:HTTP/1.1 200 OK
Content-Length:542
Connection:close


2024-07-17 23:34:17.648401 INFO: Thread 140246122866240 is running task

2024-07-17 23:34:17.648427 INFO: eventNum: 1
2024-07-17 23:34:17.648436 INFO: fd: 32, events: 4

2024-07-17 23:34:17.648499 INFO: Thread 140246106080832 is running task

2024-07-17 23:34:17.648570 INFO: eventNum: 1
2024-07-17 23:34:17.648580 INFO: fd: 13, events: 1

2024-07-17 23:34:17.648584 INFO: HandleListenEvent 13
2024-07-17 23:34:17.648605 INFO: HttpConn 33 init success
2024-07-17 23:34:17.648611 INFO: addTimer id:33 expireTime:1721230957
2024-07-17 23:34:17.648622 INFO: Client[33] in!
2024-07-17 23:34:17.648627 INFO: HandleListenEvent 13
2024-07-17 23:34:17.648636 ERROR: Accept failure -1
2024-07-17 23:34:17.648651 INFO: eventNum: 1
2024-07-17 23:34:17.648661 INFO: fd: 33, events: 1

2024-07-17 23:34:17.648678 INFO: HttpConn 33 read success
2024-07-17 23:34:17.648692 INFO: GET / HTTP/1.1
2024-07-17 23:34:17.648698 INFO: Host: 39.98.202.182:9006
2024-07-17 23:34:17.648703 INFO: User-Agent: Go-http-client/1.1
2024-07-17 23:34:17.648707 INFO: oop!unknow header: User-Agent: Go-http-client/1.1
2024-07-17 23:34:17.648712 INFO: X-Vegeta-Seq: 499
2024-07-17 23:34:17.648716 INFO: oop!unknow header: X-Vegeta-Seq: 499
2024-07-17 23:34:17.648720 INFO: Accept-Encoding: gzip
2024-07-17 23:34:17.648725 INFO: oop!unknow header: Accept-Encoding: gzip
2024-07-17 23:34:17.648729 INFO: 
2024-07-17 23:34:17.648747 INFO: request:HTTP/1.1 200 OK

2024-07-17 23:34:17.648755 INFO: request:HTTP/1.1 200 OK
Content-Length:542

2024-07-17 23:34:17.648762 INFO: request:HTTP/1.1 200 OK
Content-Length:542
Connection:close

2024-07-17 23:34:17.648769 INFO: request:HTTP/1.1 200 OK
Content-Length:542
Connection:close


2024-07-17 23:34:17.648781 INFO: Thread 140246156437056 is running task

2024-07-17 23:34:17.648793 INFO: eventNum: 1
2024-07-17 23:34:17.648799 INFO: fd: 33, events: 4

2024-07-17 23:34:17.648836 INFO: Thread 140246114473536 is running task

2024-07-17 23:34:17.659769 INFO: eventNum: 1
2024-07-17 23:34:17.659843 INFO: fd: 39, events: 1

2024-07-17 23:34:17.659887 INFO: HttpConn 39 read success
2024-07-17 23:34:17.659934 INFO: GET / HTTP/1.1
2024-07-17 23:34:17.659948 INFO: Host: 39.98.202.182:9006
2024-07-17 23:34:17.659959 INFO: User-Agent: Go-http-client/1.1
2024-07-17 23:34:17.659965 INFO: oop!unknow header: User-Agent: Go-http-client/1.1
2024-07-17 23:34:17.659973 INFO: X-Vegeta-Seq: 498
2024-07-17 23:34:17.659980 INFO: oop!unknow header: X-Vegeta-Seq: 498
2024-07-17 23:34:17.660000 INFO: Accept-Encoding: gzip
2024-07-17 23:34:17.660007 INFO: oop!unknow header: Accept-Encoding: gzip
2024-07-17 23:34:17.660015 INFO: 
2024-07-17 23:34:17.660050 INFO: request:HTTP/1.1 200 OK

2024-07-17 23:34:17.660058 INFO: request:HTTP/1.1 200 OK
Content-Length:542

2024-07-17 23:34:17.660065 INFO: request:HTTP/1.1 200 OK
Content-Length:542
Connection:close

2024-07-17 23:34:17.660072 INFO: request:HTTP/1.1 200 OK
Content-Length:542
Connection:close


2024-07-17 23:34:17.660103 INFO: Thread 140246139651648 is running task

2024-07-17 23:34:17.660133 INFO: eventNum: 1
2024-07-17 23:34:17.660143 INFO: fd: 39, events: 4

2024-07-17 23:34:17.660216 INFO: Thread 140246148044352 is running task

2024-07-17 23:34:17.660248 INFO: eventNum: 1
2024-07-17 23:34:17.660290 INFO: fd: 42, events: 1

2024-07-17 23:34:17.660310 INFO: eventNum: 1
2024-07-17 23:34:17.660315 INFO: HttpConn 42 read success
2024-07-17 23:34:17.660339 INFO: GET / HTTP/1.1
2024-07-17 23:34:17.660368 INFO: Host: 39.98.202.182:9006
2024-07-17 23:34:17.660375 INFO: User-Agent: Go-http-client/1.1
2024-07-17 23:34:17.660382 INFO: oop!unknow header: User-Agent: Go-http-client/1.1
2024-07-17 23:34:17.660388 INFO: X-Vegeta-Seq: 497
2024-07-17 23:34:17.660394 INFO: oop!unknow header: X-Vegeta-Seq: 497
2024-07-17 23:34:17.660400 INFO: Accept-Encoding: gzip
2024-07-17 23:34:17.660407 INFO: oop!unknow header: Accept-Encoding: gzip
2024-07-17 23:34:17.660414 INFO: 
2024-07-17 23:34:17.660439 INFO: request:HTTP/1.1 200 OK

2024-07-17 23:34:17.660448 INFO: request:HTTP/1.1 200 OK
Content-Length:542

2024-07-17 23:34:17.660453 INFO: request:HTTP/1.1 200 OK
Content-Length:542
Connection:close

2024-07-17 23:34:17.660457 INFO: request:HTTP/1.1 200 OK
Content-Length:542
Connection:close


2024-07-17 23:34:17.660470 INFO: Thread 140246097688128 is running task

2024-07-17 23:34:17.660317 INFO: fd: 38, events: 1

2024-07-17 23:34:17.660507 INFO: HttpConn 38 read success
2024-07-17 23:34:17.660518 INFO: GET / HTTP/1.1
2024-07-17 23:34:17.660524 INFO: Host: 39.98.202.182:9006
2024-07-17 23:34:17.660531 INFO: User-Agent: Go-http-client/1.1
2024-07-17 23:34:17.660537 INFO: oop!unknow header: User-Agent: Go-http-client/1.1
2024-07-17 23:34:17.660544 INFO: X-Vegeta-Seq: 490
2024-07-17 23:34:17.660550 INFO: oop!unknow header: X-Vegeta-Seq: 490
2024-07-17 23:34:17.660557 INFO: Accept-Encoding: gzip
2024-07-17 23:34:17.660563 INFO: oop!unknow header: Accept-Encoding: gzip
2024-07-17 23:34:17.660567 INFO: 
2024-07-17 23:34:17.660582 INFO: request:HTTP/1.1 200 OK

2024-07-17 23:34:17.660586 INFO: request:HTTP/1.1 200 OK
Content-Length:542

2024-07-17 23:34:17.660591 INFO: request:HTTP/1.1 200 OK
Content-Length:542
Connection:close

2024-07-17 23:34:17.660595 INFO: request:HTTP/1.1 200 OK
Content-Length:542
Connection:close


2024-07-17 23:34:17.660604 INFO: Thread 140246131258944 is running task

2024-07-17 23:34:17.660618 INFO: eventNum: 4
2024-07-17 23:34:17.660626 INFO: fd: 52, events: 8193

