2024-07-17 23:31:29.028689 INFO: GET / HTTP/1.1
2024-07-17 23:31:29.028799 INFO: Host: 39.98.202.182:9006
2024-07-17 23:31:29.028805 INFO: User-Agent: Go-http-client/1.1
2024-07-17 23:31:29.028809 INFO: oop!unknow header: User-Agent: Go-http-client/1.1
2024-07-17 23:31:29.028814 INFO: X-Vegeta-Seq: 316
2024-07-17 23:31:29.028818 INFO: oop!unknow header: X-Vegeta-Seq: 316
2024-07-17 23:31:29.028823 INFO: Accept-Encoding: gzip
2024-07-17 23:31:29.028827 INFO: oop!unknow header: Accept-Encoding: gzip
2024-07-17 23:31:29.028831 INFO: 
2024-07-17 23:31:29.028844 INFO: request:HTTP/1.1 200 OK

2024-07-17 23:31:29.028849 INFO: request:HTTP/1.1 200 OK
Content-Length:542

2024-07-17 23:31:29.028853 INFO: request:HTTP/1.1 200 OK
Content-Length:542
Connection:close

2024-07-17 23:31:29.028857 INFO: request:HTTP/1.1 200 OK
Content-Length:542
Connection:close


2024-07-17 23:31:29.028865 INFO: Thread 140246122866240 is running task

2024-07-17 23:31:29.028879 INFO: eventNum: 1
2024-07-17 23:31:29.028884 INFO: fd: 272, events: 4

2024-07-17 23:31:29.028897 INFO: eventNum: 1
2024-07-17 23:31:29.028903 INFO: fd: 13, events: 1

2024-07-17 23:31:29.028907 INFO: HandleListenEvent 13
2024-07-17 23:31:29.028932 INFO: HttpConn 273 init success
2024-07-17 23:31:29.028938 INFO: addTimer id:273 expireTime:1721230789
2024-07-17 23:31:29.028940 INFO: Thread 140246106080832 is running task

2024-07-17 23:31:29.028948 INFO: Client[273] in!
2024-07-17 23:31:29.028977 INFO: HandleListenEvent 13
2024-07-17 23:31:29.028991 ERROR: Accept failure -1
2024-07-17 23:31:29.029260 INFO: eventNum: 1
2024-07-17 23:31:29.029276 INFO: fd: 273, events: 1

2024-07-17 23:31:29.029289 INFO: HttpConn 273 read success
2024-07-17 23:31:29.029299 INFO: GET / HTTP/1.1
2024-07-17 23:31:29.029304 INFO: Host: 39.98.202.182:9006
2024-07-17 23:31:29.029309 INFO: User-Agent: Go-http-client/1.1
2024-07-17 23:31:29.029313 INFO: oop!unknow header: User-Agent: Go-http-client/1.1
2024-07-17 23:31:29.029317 INFO: X-Vegeta-Seq: 315
2024-07-17 23:31:29.029322 INFO: oop!unknow header: X-Vegeta-Seq: 315
2024-07-17 23:31:29.029326 INFO: Accept-Encoding: gzip
2024-07-17 23:31:29.029330 INFO: oop!unknow header: Accept-Encoding: gzip
2024-07-17 23:31:29.029334 INFO: 
2024-07-17 23:31:29.029348 INFO: request:HTTP/1.1 200 OK

2024-07-17 23:31:29.029353 INFO: request:HTTP/1.1 200 OK
Content-Length:542

2024-07-17 23:31:29.029357 INFO: request:HTTP/1.1 200 OK
Content-Length:542
Connection:close

2024-07-17 23:31:29.029362 INFO: request:HTTP/1.1 200 OK
Content-Length:542
Connection:close


2024-07-17 23:31:29.029370 INFO: Thread 140246156437056 is running task

2024-07-17 23:31:29.029378 INFO: eventNum: 1
2024-07-17 23:31:29.029383 INFO: fd: 273, events: 4

2024-07-17 23:31:29.029416 INFO: Thread 140246114473536 is running task

2024-07-17 23:31:29.029616 INFO: eventNum: 1
2024-07-17 23:31:29.029632 INFO: fd: 13, events: 1

2024-07-17 23:31:29.029637 INFO: HandleListenEvent 13
2024-07-17 23:31:29.029650 INFO: HttpConn 274 init success
2024-07-17 23:31:29.029656 INFO: addTimer id:274 expireTime:1721230789
2024-07-17 23:31:29.029665 INFO: Client[274] in!
2024-07-17 23:31:29.029670 INFO: HandleListenEvent 13
2024-07-17 23:31:29.029683 ERROR: Accept failure -1
2024-07-17 23:31:29.029689 INFO: eventNum: 1
2024-07-17 23:31:29.029693 INFO: fd: 274, events: 1

2024-07-17 23:31:29.029704 INFO: HttpConn 274 read success
2024-07-17 23:31:29.029713 INFO: GET / HTTP/1.1
2024-07-17 23:31:29.029718 INFO: Host: 39.98.202.182:9006
2024-07-17 23:31:29.029723 INFO: User-Agent: Go-http-client/1.1
2024-07-17 23:31:29.029727 INFO: oop!unknow header: User-Agent: Go-http-client/1.1
2024-07-17 23:31:29.029731 INFO: X-Vegeta-Seq: 318
2024-07-17 23:31:29.029735 INFO: oop!unknow header: X-Vegeta-Seq: 318
2024-07-17 23:31:29.029740 INFO: Accept-Encoding: gzip
2024-07-17 23:31:29.029744 INFO: oop!unknow header: Accept-Encoding: gzip
2024-07-17 23:31:29.029748 INFO: 
2024-07-17 23:31:29.029761 INFO: request:HTTP/1.1 200 OK

2024-07-17 23:31:29.029766 INFO: request:HTTP/1.1 200 OK
Content-Length:542

2024-07-17 23:31:29.029770 INFO: request:HTTP/1.1 200 OK
Content-Length:542
Connection:close

2024-07-17 23:31:29.029780 INFO: request:HTTP/1.1 200 OK
Content-Length:542
Connection:close


2024-07-17 23:31:29.029788 INFO: Thread 140246139651648 is running task

2024-07-17 23:31:29.029797 INFO: eventNum: 2
2024-07-17 23:31:29.029802 INFO: fd: 13, events: 1

2024-07-17 23:31:29.029806 INFO: HandleListenEvent 13
2024-07-17 23:31:29.029816 INFO: HttpConn 275 init success
2024-07-17 23:31:29.029822 INFO: addTimer id:275 expireTime:1721230789
2024-07-17 23:31:29.029836 INFO: Client[275] in!
2024-07-17 23:31:29.029841 INFO: HandleListenEvent 13
2024-07-17 23:31:29.029848 ERROR: Accept failure -1
2024-07-17 23:31:29.029852 INFO: fd: 274, events: 4

2024-07-17 23:31:29.029880 INFO: Thread 140246097688128 is running task

2024-07-17 23:31:29.029893 INFO: eventNum: 1
2024-07-17 23:31:29.029898 INFO: fd: 13, events: 1

2024-07-17 23:31:29.029902 INFO: HandleListenEvent 13
2024-07-17 23:31:29.029913 INFO: HttpConn 276 init success
2024-07-17 23:31:29.029918 INFO: addTimer id:276 expireTime:1721230789
2024-07-17 23:31:29.029930 INFO: Client[276] in!
2024-07-17 23:31:29.029935 INFO: HandleListenEvent 13
2024-07-17 23:31:29.029942 ERROR: Accept failure -1
2024-07-17 23:31:29.029947 INFO: eventNum: 1
2024-07-17 23:31:29.029952 INFO: fd: 276, events: 1

2024-07-17 23:31:29.029961 INFO: HttpConn 276 read success
2024-07-17 23:31:29.029969 INFO: GET / HTTP/1.1
2024-07-17 23:31:29.029974 INFO: Host: 39.98.202.182:9006
2024-07-17 23:31:29.029979 INFO: User-Agent: Go-http-client/1.1
2024-07-17 23:31:29.029983 INFO: oop!unknow header: User-Agent: Go-http-client/1.1
2024-07-17 23:31:29.029987 INFO: X-Vegeta-Seq: 319
2024-07-17 23:31:29.029991 INFO: oop!unknow header: X-Vegeta-Seq: 319
2024-07-17 23:31:29.029996 INFO: Accept-Encoding: gzip
2024-07-17 23:31:29.030000 INFO: oop!unknow header: Accept-Encoding: gzip
2024-07-17 23:31:29.030004 INFO: 
2024-07-17 23:31:29.030016 INFO: request:HTTP/1.1 200 OK

2024-07-17 23:31:29.030020 INFO: request:HTTP/1.1 200 OK
Content-Length:542

2024-07-17 23:31:29.030025 INFO: request:HTTP/1.1 200 OK
Content-Length:542
Connection:close

2024-07-17 23:31:29.030029 INFO: request:HTTP/1.1 200 OK
Content-Length:542
Connection:close


2024-07-17 23:31:29.030036 INFO: Thread 140246148044352 is running task

2024-07-17 23:31:29.030043 INFO: eventNum: 1
2024-07-17 23:31:29.030048 INFO: fd: 276, events: 4

2024-07-17 23:31:29.030070 INFO: Thread 140246131258944 is running task

2024-07-17 23:31:29.030085 INFO: eventNum: 1
2024-07-17 23:31:29.030090 INFO: fd: 275, events: 1

2024-07-17 23:31:29.030099 INFO: HttpConn 275 read success
2024-07-17 23:31:29.030106 INFO: GET / HTTP/1.1
2024-07-17 23:31:29.030111 INFO: Host: 39.98.202.182:9006
2024-07-17 23:31:29.030132 INFO: User-Agent: Go-http-client/1.1
2024-07-17 23:31:29.030137 INFO: oop!unknow header: User-Agent: Go-http-client/1.1
2024-07-17 23:31:29.030142 INFO: X-Vegeta-Seq: 320
2024-07-17 23:31:29.030146 INFO: oop!unknow header: X-Vegeta-Seq: 320
2024-07-17 23:31:29.030150 INFO: Accept-Encoding: gzip
2024-07-17 23:31:29.030154 INFO: oop!unknow header: Accept-Encoding: gzip
2024-07-17 23:31:29.030159 INFO: 
2024-07-17 23:31:29.030171 INFO: request:HTTP/1.1 200 OK

2024-07-17 23:31:29.030176 INFO: request:HTTP/1.1 200 OK
Content-Length:542

2024-07-17 23:31:29.030180 INFO: request:HTTP/1.1 200 OK
Content-Length:542
Connection:close

2024-07-17 23:31:29.030184 INFO: request:HTTP/1.1 200 OK
Content-Length:542
Connection:close


2024-07-17 23:31:29.030192 INFO: Thread 140246122866240 is running task

2024-07-17 23:31:29.030201 INFO: eventNum: 1
2024-07-17 23:31:29.030206 INFO: fd: 275, events: 4

2024-07-17 23:31:29.030244 INFO: eventNum: 1
2024-07-17 23:31:29.030252 INFO: fd: 13, events: 1

2024-07-17 23:31:29.030260 INFO: HandleListenEvent 13
2024-07-17 23:31:29.030264 INFO: Thread 140246106080832 is running task

2024-07-17 23:31:29.030272 INFO: HttpConn 277 init success
2024-07-17 23:31:29.030297 INFO: addTimer id:277 expireTime:1721230789
2024-07-17 23:31:29.030312 INFO: Client[277] in!
2024-07-17 23:31:29.030321 INFO: HandleListenEvent 13
2024-07-17 23:31:29.030329 ERROR: Accept failure -1
2024-07-17 23:31:29.030335 INFO: eventNum: 2
2024-07-17 23:31:29.030339 INFO: fd: 277, events: 1

2024-07-17 23:31:29.030352 INFO: HttpConn 277 read success
2024-07-17 23:31:29.030364 INFO: GET / HTTP/1.1
2024-07-17 23:31:29.030371 INFO: Host: 39.98.202.182:9006
2024-07-17 23:31:29.030377 INFO: User-Agent: Go-http-client/1.1
2024-07-17 23:31:29.030384 INFO: oop!unknow header: User-Agent: Go-http-client/1.1
2024-07-17 23:31:29.030390 INFO: X-Vegeta-Seq: 321
2024-07-17 23:31:29.030395 INFO: oop!unknow header: X-Vegeta-Seq: 321
2024-07-17 23:31:29.030401 INFO: Accept-Encoding: gzip
2024-07-17 23:31:29.030408 INFO: oop!unknow header: Accept-Encoding: gzip
2024-07-17 23:31:29.030414 INFO: 
2024-07-17 23:31:29.030459 INFO: request:HTTP/1.1 200 OK

2024-07-17 23:31:29.030468 INFO: request:HTTP/1.1 200 OK
Content-Length:542

2024-07-17 23:31:29.030473 INFO: request:HTTP/1.1 200 OK
Content-Length:542
Connection:close

2024-07-17 23:31:29.030477 INFO: request:HTTP/1.1 200 OK
Content-Length:542
Connection:close


2024-07-17 23:31:29.030486 INFO: Thread 140246156437056 is running task

2024-07-17 23:31:29.030501 INFO: fd: 13, events: 1

2024-07-17 23:31:29.030507 INFO: HandleListenEvent 13
2024-07-17 23:31:29.030519 INFO: HttpConn 278 init success
2024-07-17 23:31:29.030524 INFO: addTimer id:278 expireTime:1721230789
2024-07-17 23:31:29.030539 INFO: Client[278] in!
2024-07-17 23:31:29.030543 INFO: HandleListenEvent 13
2024-07-17 23:31:29.030551 ERROR: Accept failure -1
2024-07-17 23:31:29.030557 INFO: eventNum: 2
2024-07-17 23:31:29.030561 INFO: fd: 277, events: 4

2024-07-17 23:31:29.030592 INFO: Thread 140246114473536 is running task

2024-07-17 23:31:29.030612 INFO: fd: 278, events: 1

2024-07-17 23:31:29.030624 INFO: HttpConn 278 read success
2024-07-17 23:31:29.030635 INFO: GET / HTTP/1.1
2024-07-17 23:31:29.030640 INFO: Host: 39.98.202.182:9006
2024-07-17 23:31:29.030644 INFO: User-Agent: Go-http-client/1.1
2024-07-17 23:31:29.030652 INFO: oop!unknow header: User-Agent: Go-http-client/1.1
2024-07-17 23:31:29.030656 INFO: X-Vegeta-Seq: 322
2024-07-17 23:31:29.030660 INFO: oop!unknow header: X-Vegeta-Seq: 322
2024-07-17 23:31:29.030665 INFO: Accept-Encoding: gzip
2024-07-17 23:31:29.030669 INFO: oop!unknow header: Accept-Encoding: gzip
2024-07-17 23:31:29.030673 INFO: 
2024-07-17 23:31:29.030686 INFO: request:HTTP/1.1 200 OK

2024-07-17 23:31:29.030691 INFO: request:HTTP/1.1 200 OK
Content-Length:542

2024-07-17 23:31:29.030695 INFO: request:HTTP/1.1 200 OK
Content-Length:542
Connection:close

2024-07-17 23:31:29.030700 INFO: request:HTTP/1.1 200 OK
Content-Length:542
Connection:close


2024-07-17 23:31:29.030707 INFO: Thread 140246139651648 is running task

2024-07-17 23:31:29.030715 INFO: eventNum: 2
2024-07-17 23:31:29.030720 INFO: fd: 13, events: 1

2024-07-17 23:31:29.030724 INFO: HandleListenEvent 13
2024-07-17 23:31:29.030738 INFO: HttpConn 279 init success
2024-07-17 23:31:29.030743 INFO: addTimer id:279 expireTime:1721230789
2024-07-17 23:31:29.030751 INFO: Client[279] in!
2024-07-17 23:31:29.030756 INFO: HandleListenEvent 13
2024-07-17 23:31:29.030765 INFO: HttpConn 280 init success
2024-07-17 23:31:29.030770 INFO: addTimer id:280 expireTime:1721230789
2024-07-17 23:31:29.030779 INFO: Client[280] in!
2024-07-17 23:31:29.030784 INFO: HandleListenEvent 13
2024-07-17 23:31:29.030791 ERROR: Accept failure -1
2024-07-17 23:31:29.030796 INFO: fd: 278, events: 4

2024-07-17 23:31:29.030820 INFO: Thread 140246097688128 is running task

2024-07-17 23:31:29.030833 INFO: eventNum: 1
2024-07-17 23:31:29.030837 INFO: fd: 280, events: 1

2024-07-17 23:31:29.030847 INFO: HttpConn 280 read success
2024-07-17 23:31:29.030855 INFO: GET / HTTP/1.1
2024-07-17 23:31:29.030862 INFO: Host: 39.98.202.182:9006
2024-07-17 23:31:29.030869 INFO: User-Agent: Go-http-client/1.1
2024-07-17 23:31:29.030875 INFO: oop!unknow header: User-Agent: Go-http-client/1.1
2024-07-17 23:31:29.030882 INFO: X-Vegeta-Seq: 323
2024-07-17 23:31:29.030892 INFO: oop!unknow header: X-Vegeta-Seq: 323
2024-07-17 23:31:29.030899 INFO: Accept-Encoding: gzip
2024-07-17 23:31:29.030905 INFO: oop!unknow header: Accept-Encoding: gzip
2024-07-17 23:31:29.030910 INFO: 
2024-07-17 23:31:29.030922 INFO: request:HTTP/1.1 200 OK

2024-07-17 23:31:29.030927 INFO: request:HTTP/1.1 200 OK
Content-Length:542

2024-07-17 23:31:29.030931 INFO: request:HTTP/1.1 200 OK
Content-Length:542
Connection:close

2024-07-17 23:31:29.030935 INFO: request:HTTP/1.1 200 OK
Content-Length:542
Connection:close


2024-07-17 23:31:29.030943 INFO: Thread 140246148044352 is running task

2024-07-17 23:31:29.030952 INFO: eventNum: 2
2024-07-17 23:31:29.030957 INFO: fd: 13, events: 1

2024-07-17 23:31:29.030961 INFO: HandleListenEvent 13
2024-07-17 23:31:29.030972 INFO: HttpConn 281 init success
2024-07-17 23:31:29.030978 INFO: addTimer id:281 expireTime:1721230789
2024-07-17 23:31:29.030987 INFO: Client[281] in!
2024-07-17 23:31:29.030992 INFO: HandleListenEvent 13
2024-07-17 23:31:29.030999 INFO: HttpConn 282 init success
2024-07-17 23:31:29.031004 INFO: addTimer id:282 expireTime:1721230789
2024-07-17 23:31:29.031013 INFO: Client[282] in!
2024-07-17 23:31:29.031018 INFO: HandleListenEvent 13
2024-07-17 23:31:29.031026 ERROR: Accept failure -1
2024-07-17 23:31:29.031030 INFO: fd: 280, events: 4

2024-07-17 23:31:29.031055 INFO: Thread 140246131258944 is running task

2024-07-17 23:31:29.031272 INFO: eventNum: 1
2024-07-17 23:31:29.031288 INFO: fd: 281, events: 1

2024-07-17 23:31:29.031299 INFO: HttpConn 281 read success
2024-07-17 23:31:29.031307 INFO: GET / HTTP/1.1
2024-07-17 23:31:29.031313 INFO: Host: 39.98.202.182:9006
2024-07-17 23:31:29.031317 INFO: User-Agent: Go-http-client/1.1
2024-07-17 23:31:29.031323 INFO: oop!unknow header: User-Agent: Go-http-client/1.1
2024-07-17 23:31:29.031330 INFO: X-Vegeta-Seq: 324
2024-07-17 23:31:29.031336 INFO: oop!unknow header: X-Vegeta-Seq: 324
2024-07-17 23:31:29.031346 INFO: Accept-Encoding: gzip
2024-07-17 23:31:29.031352 INFO: oop!unknow header: Accept-Encoding: gzip
2024-07-17 23:31:29.031358 INFO: 
2024-07-17 23:31:29.031378 INFO: request:HTTP/1.1 200 OK

2024-07-17 23:31:29.031388 INFO: request:HTTP/1.1 200 OK
Content-Length:542

2024-07-17 23:31:29.031395 INFO: request:HTTP/1.1 200 OK
Content-Length:542
Connection:close

2024-07-17 23:31:29.031402 INFO: request:HTTP/1.1 200 OK
Content-Length:542
Connection:close


2024-07-17 23:31:29.031413 INFO: Thread 140246122866240 is running task

2024-07-17 23:31:29.031452 INFO: eventNum: 3
2024-07-17 23:31:29.031471 INFO: fd: 279, events: 1

2024-07-17 23:31:29.031483 INFO: fd: 282, events: 1

2024-07-17 23:31:29.031495 INFO: fd: 281, events: 4

2024-07-17 23:31:29.031493 INFO: HttpConn 282 read success
2024-07-17 23:31:29.031518 INFO: GET / HTTP/1.1
2024-07-17 23:31:29.031526 INFO: Host: 39.98.202.182:9006
2024-07-17 23:31:29.031531 INFO: User-Agent: Go-http-client/1.1
2024-07-17 23:31:29.031489 INFO: HttpConn 279 read success
2024-07-17 23:31:29.031541 INFO: oop!unknow header: User-Agent: Go-http-client/1.1
2024-07-17 23:31:29.031560 INFO: X-Vegeta-Seq: 326
2024-07-17 23:31:29.031569 INFO: oop!unknow header: X-Vegeta-Seq: 326
2024-07-17 23:31:29.031574 INFO: Accept-Encoding: gzip
2024-07-17 23:31:29.031553 INFO: GET / HTTP/1.1
2024-07-17 23:31:29.031532 INFO: Thread 140246114473536 is running task

2024-07-17 23:31:29.031587 INFO: Host: 39.98.202.182:9006
2024-07-17 23:31:29.031597 INFO: User-Agent: Go-http-client/1.1
2024-07-17 23:31:29.031610 INFO: oop!unknow header: User-Agent: Go-http-client/1.1
2024-07-17 23:31:29.031616 INFO: X-Vegeta-Seq: 317
2024-07-17 23:31:29.031627 INFO: oop!unknow header: X-Vegeta-Seq: 317
2024-07-17 23:31:29.031640 INFO: Accept-Encoding: gzip
2024-07-17 23:31:29.031656 INFO: oop!unknow header: Accept-Encoding: gzip
2024-07-17 23:31:29.031672 INFO: 
2024-07-17 23:31:29.031578 INFO: oop!unknow header: Accept-Encoding: gzip
2024-07-17 23:31:29.031695 INFO: 
2024-07-17 23:31:29.031710 INFO: request:HTTP/1.1 200 OK

2024-07-17 23:31:29.031715 INFO: request:HTTP/1.1 200 OK
Content-Length:542

2024-07-17 23:31:29.031720 INFO: request:HTTP/1.1 200 OK

2024-07-17 23:31:29.031735 INFO: eventNum: 1
2024-07-17 23:31:29.031729 INFO: request:HTTP/1.1 200 OK
Content-Length:542
Connection:close

2024-07-17 23:31:29.031741 INFO: request:HTTP/1.1 200 OK
Content-Length:542

2024-07-17 23:31:29.031765 INFO: request:HTTP/1.1 200 OK
Content-Length:542
Connection:close

2024-07-17 23:31:29.031778 INFO: request:HTTP/1.1 200 OK
Content-Length:542
Connection:close


2024-07-17 23:31:29.031757 INFO: request:HTTP/1.1 200 OK
Content-Length:542
Connection:close


2024-07-17 23:31:29.031789 INFO: Thread 140246106080832 is running task

2024-07-17 23:31:29.031795 INFO: Thread 140246156437056 is running task

2024-07-17 23:31:29.031761 INFO: fd: 13, events: 1

2024-07-17 23:31:29.031808 INFO: HandleListenEvent 13
2024-07-17 23:31:29.031821 INFO: HttpConn 283 init success
2024-07-17 23:31:29.031827 INFO: addTimer id:283 expireTime:1721230789
2024-07-17 23:31:29.031840 INFO: Client[283] in!
2024-07-17 23:31:29.031845 INFO: HandleListenEvent 13
2024-07-17 23:31:29.031853 ERROR: Accept failure -1
2024-07-17 23:31:29.031859 INFO: eventNum: 2
2024-07-17 23:31:29.031864 INFO: fd: 279, events: 4

2024-07-17 23:31:29.031893 INFO: Thread 140246139651648 is running task

2024-07-17 23:31:29.031908 INFO: fd: 282, events: 4

2024-07-17 23:31:29.031930 INFO: Thread 140246097688128 is running task

2024-07-17 23:31:29.031962 INFO: eventNum: 1
2024-07-17 23:31:29.031968 INFO: fd: 35, events: 8193

2024-07-17 23:31:29.031983 INFO: HttpConn 35 close success
2024-07-17 23:31:29.031991 INFO: Client[35] quit!
2024-07-17 23:31:29.032124 INFO: eventNum: 1
2024-07-17 23:31:29.032138 INFO: fd: 283, events: 1

2024-07-17 23:31:29.032149 INFO: HttpConn 283 read success
2024-07-17 23:31:29.032157 INFO: GET / HTTP/1.1
2024-07-17 23:31:29.032163 INFO: Host: 39.98.202.182:9006
2024-07-17 23:31:29.032167 INFO: User-Agent: Go-http-client/1.1
2024-07-17 23:31:29.032172 INFO: oop!unknow header: User-Agent: Go-http-client/1.1
2024-07-17 23:31:29.032176 INFO: X-Vegeta-Seq: 325
2024-07-17 23:31:29.032180 INFO: oop!unknow header: X-Vegeta-Seq: 325
2024-07-17 23:31:29.032184 INFO: Accept-Encoding: gzip
2024-07-17 23:31:29.032188 INFO: oop!unknow header: Accept-Encoding: gzip
2024-07-17 23:31:29.032192 INFO: 
2024-07-17 23:31:29.032206 INFO: request:HTTP/1.1 200 OK

2024-07-17 23:31:29.032211 INFO: request:HTTP/1.1 200 OK
Content-Length:542

2024-07-17 23:31:29.032215 INFO: request:HTTP/1.1 200 OK
Content-Length:542
Connection:close

2024-07-17 23:31:29.032219 INFO: request:HTTP/1.1 200 OK
Content-Length:542
Connection:close


2024-07-17 23:31:29.032227 INFO: Thread 140246148044352 is running task

2024-07-17 23:31:29.032235 INFO: eventNum: 1
2024-07-17 23:31:29.032240 INFO: fd: 283, events: 4

2024-07-17 23:31:29.032262 INFO: Thread 140246131258944 is running task

2024-07-17 23:31:29.033094 INFO: eventNum: 1
2024-07-17 23:31:29.033109 INFO: fd: 41, events: 8193

2024-07-17 23:31:29.033129 INFO: HttpConn 41 close success
2024-07-17 23:31:29.033137 INFO: Client[41] quit!
2024-07-17 23:31:29.033383 INFO: eventNum: 1
2024-07-17 23:31:29.033395 INFO: fd: 13, events: 1

2024-07-17 23:31:29.033400 INFO: HandleListenEvent 13
2024-07-17 23:31:29.033413 INFO: HttpConn 35 init success
2024-07-17 23:31:29.033419 INFO: addTimer id:35 expireTime:1721230789
2024-07-17 23:31:29.033447 INFO: Client[35] in!
2024-07-17 23:31:29.033452 INFO: HandleListenEvent 13
2024-07-17 23:31:29.033460 ERROR: Accept failure -1
2024-07-17 23:31:29.033473 INFO: eventNum: 1
2024-07-17 23:31:29.033478 INFO: fd: 36, events: 8193

2024-07-17 23:31:29.033494 INFO: HttpConn 36 close success
2024-07-17 23:31:29.033502 INFO: Client[36] quit!
2024-07-17 23:31:29.033953 INFO: eventNum: 1
2024-07-17 23:31:29.033965 INFO: fd: 40, events: 8193

2024-07-17 23:31:29.033978 INFO: HttpConn 40 close success
2024-07-17 23:31:29.033985 INFO: Client[40] quit!
2024-07-17 23:31:29.034101 INFO: eventNum: 1
2024-07-17 23:31:29.034127 INFO: fd: 35, events: 1

2024-07-17 23:31:29.034145 INFO: HttpConn 35 read success
2024-07-17 23:31:29.034154 INFO: GET / HTTP/1.1
2024-07-17 23:31:29.034159 INFO: Host: 39.98.202.182:9006
2024-07-17 23:31:29.034164 INFO: User-Agent: Go-http-client/1.1
2024-07-17 23:31:29.034168 INFO: oop!unknow header: User-Agent: Go-http-client/1.1
2024-07-17 23:31:29.034172 INFO: X-Vegeta-Seq: 327
2024-07-17 23:31:29.034177 INFO: oop!unknow header: X-Vegeta-Seq: 327
2024-07-17 23:31:29.034181 INFO: Accept-Encoding: gzip
2024-07-17 23:31:29.034185 INFO: oop!unknow header: Accept-Encoding: gzip
2024-07-17 23:31:29.034189 INFO: 
2024-07-17 23:31:29.034204 INFO: request:HTTP/1.1 200 OK

2024-07-17 23:31:29.034208 INFO: request:HTTP/1.1 200 OK
Content-Length:542

2024-07-17 23:31:29.034213 INFO: request:HTTP/1.1 200 OK
Content-Length:542
Connection:close

2024-07-17 23:31:29.034217 INFO: request:HTTP/1.1 200 OK
Content-Length:542
Connection:close


2024-07-17 23:31:29.034226 INFO: Thread 140246122866240 is running task

2024-07-17 23:31:29.034235 INFO: eventNum: 2
2024-07-17 23:31:29.034239 INFO: fd: 39, events: 8193

2024-07-17 23:31:29.034253 INFO: HttpConn 39 close success
2024-07-17 23:31:29.034260 INFO: Client[39] quit!
2024-07-17 23:31:29.034265 INFO: fd: 35, events: 4

2024-07-17 23:31:29.034288 INFO: Thread 140246114473536 is running task

2024-07-17 23:31:29.034718 INFO: eventNum: 1
2024-07-17 23:31:29.034731 INFO: fd: 43, events: 8193

2024-07-17 23:31:29.034745 INFO: HttpConn 43 close success
2024-07-17 23:31:29.034753 INFO: Client[43] quit!
2024-07-17 23:31:29.035122 INFO: eventNum: 1
2024-07-17 23:31:29.035134 INFO: fd: 13, events: 1

2024-07-17 23:31:29.035139 INFO: HandleListenEvent 13
2024-07-17 23:31:29.035157 INFO: HttpConn 36 init success
2024-07-17 23:31:29.035162 INFO: addTimer id:36 expireTime:1721230789
2024-07-17 23:31:29.035172 INFO: Client[36] in!
2024-07-17 23:31:29.035176 INFO: HandleListenEvent 13
2024-07-17 23:31:29.035183 ERROR: Accept failure -1
2024-07-17 23:31:29.035485 INFO: eventNum: 1
2024-07-17 23:31:29.035499 INFO: fd: 36, events: 1

2024-07-17 23:31:29.035526 INFO: HttpConn 36 read success
2024-07-17 23:31:29.035548 INFO: GET / HTTP/1.1
2024-07-17 23:31:29.035555 INFO: Host: 39.98.202.182:9006
2024-07-17 23:31:29.035559 INFO: User-Agent: Go-http-client/1.1
2024-07-17 23:31:29.035563 INFO: oop!unknow header: User-Agent: Go-http-client/1.1
2024-07-17 23:31:29.035568 INFO: X-Vegeta-Seq: 328
2024-07-17 23:31:29.035572 INFO: oop!unknow header: X-Vegeta-Seq: 328
2024-07-17 23:31:29.035576 INFO: Accept-Encoding: gzip
2024-07-17 23:31:29.035580 INFO: oop!unknow header: Accept-Encoding: gzip
2024-07-17 23:31:29.035584 INFO: 
2024-07-17 23:31:29.035601 INFO: request:HTTP/1.1 200 OK

2024-07-17 23:31:29.035606 INFO: request:HTTP/1.1 200 OK
Content-Length:542

2024-07-17 23:31:29.035611 INFO: request:HTTP/1.1 200 OK
Content-Length:542
Connection:close

2024-07-17 23:31:29.035617 INFO: request:HTTP/1.1 200 OK
Content-Length:542
Connection:close


2024-07-17 23:31:29.035636 INFO: Thread 140246106080832 is running task

2024-07-17 23:31:29.035637 INFO: eventNum: 1
2024-07-17 23:31:29.035659 INFO: fd: 36, events: 4

2024-07-17 23:31:29.035690 INFO: Thread 140246156437056 is running task

2024-07-17 23:31:29.036090 INFO: eventNum: 1
2024-07-17 23:31:29.036105 INFO: fd: 42, events: 8193

2024-07-17 23:31:29.036121 INFO: HttpConn 42 close success
2024-07-17 23:31:29.036128 INFO: Client[42] quit!
2024-07-17 23:31:29.036271 INFO: eventNum: 1
2024-07-17 23:31:29.036283 INFO: fd: 13, events: 1

2024-07-17 23:31:29.036288 INFO: HandleListenEvent 13
2024-07-17 23:31:29.036301 INFO: HttpConn 39 init success
2024-07-17 23:31:29.036307 INFO: addTimer id:39 expireTime:1721230789
2024-07-17 23:31:29.036320 INFO: Client[39] in!
2024-07-17 23:31:29.036327 INFO: HandleListenEvent 13
2024-07-17 23:31:29.036337 ERROR: Accept failure -1
2024-07-17 23:31:29.036656 INFO: eventNum: 1
2024-07-17 23:31:29.036668 INFO: fd: 87, events: 8193

2024-07-17 23:31:29.036684 INFO: HttpConn 87 close success
2024-07-17 23:31:29.036692 INFO: Client[87] quit!
2024-07-17 23:31:29.036703 INFO: eventNum: 1
2024-07-17 23:31:29.036707 INFO: fd: 13, events: 1

2024-07-17 23:31:29.036711 INFO: HandleListenEvent 13
2024-07-17 23:31:29.036723 INFO: HttpConn 40 init success
2024-07-17 23:31:29.036728 INFO: addTimer id:40 expireTime:1721230789
2024-07-17 23:31:29.036737 INFO: Client[40] in!
2024-07-17 23:31:29.036742 INFO: HandleListenEvent 13
2024-07-17 23:31:29.036749 ERROR: Accept failure -1
2024-07-17 23:31:29.037404 INFO: eventNum: 1
2024-07-17 23:31:29.037420 INFO: fd: 39, events: 1

2024-07-17 23:31:29.037455 INFO: HttpConn 39 read success
2024-07-17 23:31:29.037468 INFO: GET / HTTP/1.1
2024-07-17 23:31:29.037477 INFO: Host: 39.98.202.182:9006
2024-07-17 23:31:29.037481 INFO: User-Agent: Go-http-client/1.1
2024-07-17 23:31:29.037485 INFO: oop!unknow header: User-Agent: Go-http-client/1.1
2024-07-17 23:31:29.037493 INFO: X-Vegeta-Seq: 352
2024-07-17 23:31:29.037497 INFO: oop!unknow header: X-Vegeta-Seq: 352
2024-07-17 23:31:29.037501 INFO: Accept-Encoding: gzip
2024-07-17 23:31:29.037505 INFO: oop!unknow header: Accept-Encoding: gzip
2024-07-17 23:31:29.037509 INFO: 
2024-07-17 23:31:29.037525 INFO: request:HTTP/1.1 200 OK

2024-07-17 23:31:29.037529 INFO: request:HTTP/1.1 200 OK
Content-Length:542

2024-07-17 23:31:29.037534 INFO: request:HTTP/1.1 200 OK
Content-Length:542
Connection:close

2024-07-17 23:31:29.037538 INFO: request:HTTP/1.1 200 OK
Content-Length:542
Connection:close


2024-07-17 23:31:29.037548 INFO: Thread 140246139651648 is running task

2024-07-17 23:31:29.037557 INFO: eventNum: 1
2024-07-17 23:31:29.037562 INFO: fd: 39, events: 4

2024-07-17 23:31:29.037594 INFO: Thread 140246097688128 is running task

2024-07-17 23:31:29.037811 INFO: eventNum: 1
2024-07-17 23:31:29.037827 INFO: fd: 40, events: 1

2024-07-17 23:31:29.037839 INFO: HttpConn 40 read success
2024-07-17 23:31:29.037847 INFO: GET / HTTP/1.1
2024-07-17 23:31:29.037852 INFO: Host: 39.98.202.182:9006
2024-07-17 23:31:29.037857 INFO: User-Agent: Go-http-client/1.1
2024-07-17 23:31:29.037861 INFO: oop!unknow header: User-Agent: Go-http-client/1.1
2024-07-17 23:31:29.037866 INFO: X-Vegeta-Seq: 354
2024-07-17 23:31:29.037870 INFO: oop!unknow header: X-Vegeta-Seq: 354
2024-07-17 23:31:29.037874 INFO: Accept-Encoding: gzip
2024-07-17 23:31:29.037879 INFO: oop!unknow header: Accept-Encoding: gzip
2024-07-17 23:31:29.037883 INFO: 
2024-07-17 23:31:29.037896 INFO: request:HTTP/1.1 200 OK

2024-07-17 23:31:29.037900 INFO: request:HTTP/1.1 200 OK
Content-Length:542

2024-07-17 23:31:29.037905 INFO: request:HTTP/1.1 200 OK
Content-Length:542
Connection:close

2024-07-17 23:31:29.037909 INFO: request:HTTP/1.1 200 OK
Content-Length:542
Connection:close


2024-07-17 23:31:29.037917 INFO: Thread 140246148044352 is running task

2024-07-17 23:31:29.037925 INFO: eventNum: 1
2024-07-17 23:31:29.037930 INFO: fd: 40, events: 4

2024-07-17 23:31:29.037954 INFO: Thread 140246131258944 is running task

2024-07-17 23:31:29.038298 INFO: eventNum: 1
2024-07-17 23:31:29.038314 INFO: fd: 91, events: 8193

2024-07-17 23:31:29.038332 INFO: HttpConn 91 close success
2024-07-17 23:31:29.038343 INFO: Client[91] quit!
2024-07-17 23:31:29.039371 INFO: eventNum: 1
2024-07-17 23:31:29.039394 INFO: fd: 105, events: 8193

2024-07-17 23:31:29.039416 INFO: HttpConn 105 close success
2024-07-17 23:31:29.039443 INFO: Client[105] quit!
2024-07-17 23:31:29.039484 INFO: eventNum: 1
2024-07-17 23:31:29.039500 INFO: fd: 13, events: 1

2024-07-17 23:31:29.039505 INFO: HandleListenEvent 13
2024-07-17 23:31:29.039520 INFO: HttpConn 41 init success
2024-07-17 23:31:29.039526 INFO: addTimer id:41 expireTime:1721230789
2024-07-17 23:31:29.039536 INFO: Client[41] in!
2024-07-17 23:31:29.039541 INFO: HandleListenEvent 13
2024-07-17 23:31:29.039548 ERROR: Accept failure -1
2024-07-17 23:31:29.039637 INFO: eventNum: 1
2024-07-17 23:31:29.039650 INFO: fd: 97, events: 8193

2024-07-17 23:31:29.039665 INFO: HttpConn 97 close success
2024-07-17 23:31:29.039672 INFO: Client[97] quit!
2024-07-17 23:31:29.039697 INFO: eventNum: 1
2024-07-17 23:31:29.039712 INFO: fd: 13, events: 1

2024-07-17 23:31:29.039717 INFO: HandleListenEvent 13
2024-07-17 23:31:29.039728 INFO: HttpConn 42 init success
2024-07-17 23:31:29.039734 INFO: addTimer id:42 expireTime:1721230789
2024-07-17 23:31:29.039742 INFO: Client[42] in!
2024-07-17 23:31:29.039747 INFO: HandleListenEvent 13
2024-07-17 23:31:29.039754 ERROR: Accept failure -1
2024-07-17 23:31:29.039760 INFO: eventNum: 1
2024-07-17 23:31:29.039764 INFO: fd: 42, events: 1

2024-07-17 23:31:29.039775 INFO: HttpConn 42 read success
2024-07-17 23:31:29.039784 INFO: GET / HTTP/1.1
2024-07-17 23:31:29.039789 INFO: Host: 39.98.202.182:9006
2024-07-17 23:31:29.039793 INFO: User-Agent: Go-http-client/1.1
2024-07-17 23:31:29.039798 INFO: oop!unknow header: User-Agent: Go-http-client/1.1
2024-07-17 23:31:29.039802 INFO: X-Vegeta-Seq: 356
2024-07-17 23:31:29.039806 INFO: oop!unknow header: X-Vegeta-Seq: 356
2024-07-17 23:31:29.039811 INFO: Accept-Encoding: gzip
2024-07-17 23:31:29.039815 INFO: oop!unknow header: Accept-Encoding: gzip
2024-07-17 23:31:29.039819 INFO: 
2024-07-17 23:31:29.039834 INFO: request:HTTP/1.1 200 OK

2024-07-17 23:31:29.039839 INFO: request:HTTP/1.1 200 OK
Content-Length:542

2024-07-17 23:31:29.039843 INFO: request:HTTP/1.1 200 OK
Content-Length:542
Connection:close

2024-07-17 23:31:29.039851 INFO: request:HTTP/1.1 200 OK
Content-Length:542
Connection:close


2024-07-17 23:31:29.039861 INFO: Thread 140246122866240 is running task

2024-07-17 23:31:29.039870 INFO: eventNum: 2
2024-07-17 23:31:29.039874 INFO: fd: 41, events: 1

2024-07-17 23:31:29.039885 INFO: HttpConn 41 read success
2024-07-17 23:31:29.039893 INFO: GET / HTTP/1.1
2024-07-17 23:31:29.039898 INFO: Host: 39.98.202.182:9006
2024-07-17 23:31:29.039902 INFO: User-Agent: Go-http-client/1.1
2024-07-17 23:31:29.039906 INFO: oop!unknow header: User-Agent: Go-http-client/1.1
2024-07-17 23:31:29.039911 INFO: X-Vegeta-Seq: 351
2024-07-17 23:31:29.039915 INFO: oop!unknow header: X-Vegeta-Seq: 351
2024-07-17 23:31:29.039919 INFO: Accept-Encoding: gzip
2024-07-17 23:31:29.039923 INFO: oop!unknow header: Accept-Encoding: gzip
2024-07-17 23:31:29.039928 INFO: 
2024-07-17 23:31:29.039939 INFO: request:HTTP/1.1 200 OK

2024-07-17 23:31:29.039944 INFO: request:HTTP/1.1 200 OK
Content-Length:542

2024-07-17 23:31:29.039948 INFO: request:HTTP/1.1 200 OK
Content-Length:542
Connection:close

2024-07-17 23:31:29.039952 INFO: request:HTTP/1.1 200 OK
Content-Length:542
Connection:close


2024-07-17 23:31:29.039959 INFO: Thread 140246114473536 is running task

2024-07-17 23:31:29.039966 INFO: fd: 42, events: 4

2024-07-17 23:31:29.039977 INFO: eventNum: 1
2024-07-17 23:31:29.039982 INFO: fd: 41, events: 4

2024-07-17 23:31:29.040013 INFO: Thread 140246106080832 is running task

2024-07-17 23:31:29.040019 INFO: Thread 140246156437056 is running task

2024-07-17 23:31:29.040091 INFO: eventNum: 1
2024-07-17 23:31:29.040097 INFO: fd: 115, events: 8193

2024-07-17 23:31:29.040121 INFO: HttpConn 115 close success
2024-07-17 23:31:29.040129 INFO: Client[115] quit!
2024-07-17 23:31:29.040328 INFO: eventNum: 1
2024-07-17 23:31:29.040340 INFO: fd: 13, events: 1

2024-07-17 23:31:29.040345 INFO: HandleListenEvent 13
2024-07-17 23:31:29.040357 INFO: HttpConn 43 init success
2024-07-17 23:31:29.040363 INFO: addTimer id:43 expireTime:1721230789
2024-07-17 23:31:29.040374 INFO: Client[43] in!
2024-07-17 23:31:29.040380 INFO: HandleListenEvent 13
2024-07-17 23:31:29.040390 ERROR: Accept failure -1
2024-07-17 23:31:29.040712 INFO: eventNum: 1
2024-07-17 23:31:29.040728 INFO: fd: 43, events: 1

2024-07-17 23:31:29.040741 INFO: HttpConn 43 read success
2024-07-17 23:31:29.040750 INFO: GET / HTTP/1.1
2024-07-17 23:31:29.040756 INFO: Host: 39.98.202.182:9006
2024-07-17 23:31:29.040761 INFO: User-Agent: Go-http-client/1.1
2024-07-17 23:31:29.040765 INFO: oop!unknow header: User-Agent: Go-http-client/1.1
2024-07-17 23:31:29.040769 INFO: X-Vegeta-Seq: 355
2024-07-17 23:31:29.040774 INFO: oop!unknow header: X-Vegeta-Seq: 355
2024-07-17 23:31:29.040778 INFO: Accept-Encoding: gzip
2024-07-17 23:31:29.040787 INFO: oop!unknow header: Accept-Encoding: gzip
2024-07-17 23:31:29.040792 INFO: 
2024-07-17 23:31:29.040806 INFO: request:HTTP/1.1 200 OK

2024-07-17 23:31:29.040811 INFO: request:HTTP/1.1 200 OK
Content-Length:542

2024-07-17 23:31:29.040815 INFO: request:HTTP/1.1 200 OK
Content-Length:542
Connection:close

2024-07-17 23:31:29.040820 INFO: request:HTTP/1.1 200 OK
Content-Length:542
Connection:close


2024-07-17 23:31:29.040829 INFO: Thread 140246139651648 is running task

2024-07-17 23:31:29.040838 INFO: eventNum: 1
2024-07-17 23:31:29.040842 INFO: fd: 43, events: 4

2024-07-17 23:31:29.040876 INFO: Thread 140246097688128 is running task

2024-07-17 23:31:29.041171 INFO: eventNum: 1
2024-07-17 23:31:29.041189 INFO: fd: 13, events: 1

2024-07-17 23:31:29.041194 INFO: HandleListenEvent 13
2024-07-17 23:31:29.041211 INFO: HttpConn 87 init success
2024-07-17 23:31:29.041217 INFO: addTimer id:87 expireTime:1721230789
2024-07-17 23:31:29.041230 INFO: Client[87] in!
2024-07-17 23:31:29.041235 INFO: HandleListenEvent 13
2024-07-17 23:31:29.041248 INFO: HttpConn 91 init success
2024-07-17 23:31:29.041257 INFO: addTimer id:91 expireTime:1721230789
2024-07-17 23:31:29.041265 INFO: Client[91] in!
2024-07-17 23:31:29.041269 INFO: HandleListenEvent 13
2024-07-17 23:31:29.041278 ERROR: Accept failure -1
2024-07-17 23:31:29.041284 INFO: eventNum: 1
2024-07-17 23:31:29.041288 INFO: fd: 91, events: 1

2024-07-17 23:31:29.041300 INFO: HttpConn 91 read success
2024-07-17 23:31:29.041309 INFO: GET / HTTP/1.1
2024-07-17 23:31:29.041314 INFO: Host: 39.98.202.182:9006
2024-07-17 23:31:29.041318 INFO: User-Agent: Go-http-client/1.1
2024-07-17 23:31:29.041323 INFO: oop!unknow header: User-Agent: Go-http-client/1.1
2024-07-17 23:31:29.041327 INFO: X-Vegeta-Seq: 343
2024-07-17 23:31:29.041331 INFO: oop!unknow header: X-Vegeta-Seq: 343
2024-07-17 23:31:29.041335 INFO: Accept-Encoding: gzip
2024-07-17 23:31:29.041339 INFO: oop!unknow header: Accept-Encoding: gzip
2024-07-17 23:31:29.041344 INFO: 
2024-07-17 23:31:29.041358 INFO: request:HTTP/1.1 200 OK

2024-07-17 23:31:29.041362 INFO: request:HTTP/1.1 200 OK
Content-Length:542

2024-07-17 23:31:29.041366 INFO: request:HTTP/1.1 200 OK
Content-Length:542
Connection:close

2024-07-17 23:31:29.041372 INFO: request:HTTP/1.1 200 OK
Content-Length:542
Connection:close


2024-07-17 23:31:29.041383 INFO: Thread 140246148044352 is running task

2024-07-17 23:31:29.041395 INFO: eventNum: 1
2024-07-17 23:31:29.041402 INFO: fd: 91, events: 4

2024-07-17 23:31:29.041495 INFO: Thread 140246131258944 is running task

2024-07-17 23:31:29.041516 INFO: eventNum: 1
2024-07-17 23:31:29.041521 INFO: fd: 13, events: 1

2024-07-17 23:31:29.041526 INFO: HandleListenEvent 13
2024-07-17 23:31:29.041535 INFO: HttpConn 97 init success
2024-07-17 23:31:29.041544 INFO: addTimer id:97 expireTime:1721230789
2024-07-17 23:31:29.041553 INFO: Client[97] in!
2024-07-17 23:31:29.041558 INFO: HandleListenEvent 13
2024-07-17 23:31:29.041566 ERROR: Accept failure -1
2024-07-17 23:31:29.041572 INFO: eventNum: 1
2024-07-17 23:31:29.041576 INFO: fd: 87, events: 1

2024-07-17 23:31:29.041587 INFO: HttpConn 87 read success
2024-07-17 23:31:29.041595 INFO: GET / HTTP/1.1
2024-07-17 23:31:29.041600 INFO: Host: 39.98.202.182:9006
2024-07-17 23:31:29.041604 INFO: User-Agent: Go-http-client/1.1
2024-07-17 23:31:29.041609 INFO: oop!unknow header: User-Agent: Go-http-client/1.1
2024-07-17 23:31:29.041613 INFO: X-Vegeta-Seq: 363
2024-07-17 23:31:29.041617 INFO: oop!unknow header: X-Vegeta-Seq: 363
2024-07-17 23:31:29.041622 INFO: Accept-Encoding: gzip
2024-07-17 23:31:29.041626 INFO: oop!unknow header: Accept-Encoding: gzip
2024-07-17 23:31:29.041630 INFO: 
2024-07-17 23:31:29.041647 INFO: request:HTTP/1.1 200 OK

2024-07-17 23:31:29.041652 INFO: request:HTTP/1.1 200 OK
Content-Length:542

2024-07-17 23:31:29.041656 INFO: request:HTTP/1.1 200 OK
Content-Length:542
Connection:close

2024-07-17 23:31:29.041661 INFO: request:HTTP/1.1 200 OK
Content-Length:542
Connection:close


2024-07-17 23:31:29.041672 INFO: Thread 140246122866240 is running task

2024-07-17 23:31:29.041680 INFO: eventNum: 1
2024-07-17 23:31:29.041685 INFO: fd: 87, events: 4

2024-07-17 23:31:29.041710 INFO: Thread 140246114473536 is running task

2024-07-17 23:31:29.041794 INFO: eventNum: 1
2024-07-17 23:31:29.041807 INFO: fd: 97, events: 1

2024-07-17 23:31:29.041817 INFO: eventNum: 1
2024-07-17 23:31:29.041822 INFO: fd: 13, events: 1

2024-07-17 23:31:29.041824 INFO: HttpConn 97 read success
2024-07-17 23:31:29.041826 INFO: HandleListenEvent 13
2024-07-17 23:31:29.041852 INFO: GET / HTTP/1.1
2024-07-17 23:31:29.041868 INFO: HttpConn 105 init success
2024-07-17 23:31:29.041869 INFO: Host: 39.98.202.182:9006
2024-07-17 23:31:29.041891 INFO: User-Agent: Go-http-client/1.1
2024-07-17 23:31:29.041880 INFO: addTimer id:105 expireTime:1721230789
2024-07-17 23:31:29.041897 INFO: oop!unknow header: User-Agent: Go-http-client/1.1
2024-07-17 23:31:29.041912 INFO: Client[105] in!
2024-07-17 23:31:29.041913 INFO: X-Vegeta-Seq: 362
2024-07-17 23:31:29.041932 INFO: oop!unknow header: X-Vegeta-Seq: 362
2024-07-17 23:31:29.041921 INFO: HandleListenEvent 13
2024-07-17 23:31:29.041938 INFO: Accept-Encoding: gzip
2024-07-17 23:31:29.041951 ERROR: Accept failure -1
2024-07-17 23:31:29.041953 INFO: oop!unknow header: Accept-Encoding: gzip
2024-07-17 23:31:29.041966 INFO: 
2024-07-17 23:31:29.041982 INFO: request:HTTP/1.1 200 OK

2024-07-17 23:31:29.041987 INFO: request:HTTP/1.1 200 OK
Content-Length:542

2024-07-17 23:31:29.041991 INFO: request:HTTP/1.1 200 OK
Content-Length:542
Connection:close

2024-07-17 23:31:29.041996 INFO: request:HTTP/1.1 200 OK
Content-Length:542
Connection:close


2024-07-17 23:31:29.042010 INFO: Thread 140246106080832 is running task

2024-07-17 23:31:29.042013 INFO: eventNum: 1
2024-07-17 23:31:29.042027 INFO: fd: 97, events: 4

2024-07-17 23:31:29.042058 INFO: Thread 140246156437056 is running task

2024-07-17 23:31:29.042069 INFO: eventNum: 1
2024-07-17 23:31:29.042074 INFO: fd: 13, events: 1

2024-07-17 23:31:29.042078 INFO: HandleListenEvent 13
2024-07-17 23:31:29.042094 INFO: HttpConn 115 init success
2024-07-17 23:31:29.042100 INFO: addTimer id:115 expireTime:1721230789
2024-07-17 23:31:29.042109 INFO: Client[115] in!
2024-07-17 23:31:29.042157 INFO: HandleListenEvent 13
2024-07-17 23:31:29.042166 ERROR: Accept failure -1
2024-07-17 23:31:29.042171 INFO: eventNum: 1
2024-07-17 23:31:29.042176 INFO: fd: 115, events: 1

2024-07-17 23:31:29.042190 INFO: HttpConn 115 read success
2024-07-17 23:31:29.042199 INFO: GET / HTTP/1.1
2024-07-17 23:31:29.042204 INFO: Host: 39.98.202.182:9006
2024-07-17 23:31:29.042209 INFO: User-Agent: Go-http-client/1.1
2024-07-17 23:31:29.042213 INFO: oop!unknow header: User-Agent: Go-http-client/1.1
2024-07-17 23:31:29.042217 INFO: X-Vegeta-Seq: 346
2024-07-17 23:31:29.042221 INFO: oop!unknow header: X-Vegeta-Seq: 346
2024-07-17 23:31:29.042226 INFO: Accept-Encoding: gzip
2024-07-17 23:31:29.042230 INFO: oop!unknow header: Accept-Encoding: gzip
2024-07-17 23:31:29.042234 INFO: 
