2024-07-17 23:32:22.191767 INFO: Client[194] quit!
2024-07-17 23:32:22.192208 INFO: eventNum: 1
2024-07-17 23:32:22.192221 INFO: fd: 225, events: 8193

2024-07-17 23:32:22.192237 INFO: HttpConn 225 close success
2024-07-17 23:32:22.192247 INFO: Client[225] quit!
2024-07-17 23:32:22.192607 INFO: eventNum: 1
2024-07-17 23:32:22.192623 INFO: fd: 193, events: 8193

2024-07-17 23:32:22.192642 INFO: HttpConn 193 close success
2024-07-17 23:32:22.192649 INFO: Client[193] quit!
2024-07-17 23:32:22.194310 INFO: eventNum: 1
2024-07-17 23:32:22.194330 INFO: fd: 202, events: 8193

2024-07-17 23:32:22.194350 INFO: HttpConn 202 close success
2024-07-17 23:32:22.194357 INFO: Client[202] quit!
2024-07-17 23:32:22.198359 INFO: eventNum: 1
2024-07-17 23:32:22.198414 INFO: fd: 208, events: 8193

2024-07-17 23:32:22.198436 INFO: HttpConn 208 close success
2024-07-17 23:32:22.198442 INFO: Client[208] quit!
2024-07-17 23:32:22.198651 INFO: eventNum: 1
2024-07-17 23:32:22.198663 INFO: fd: 210, events: 8193

2024-07-17 23:32:22.198676 INFO: HttpConn 210 close success
2024-07-17 23:32:22.198681 INFO: Client[210] quit!
2024-07-17 23:32:22.198833 INFO: eventNum: 1
2024-07-17 23:32:22.198844 INFO: fd: 216, events: 8193

2024-07-17 23:32:22.198858 INFO: HttpConn 216 close success
2024-07-17 23:32:22.198863 INFO: Client[216] quit!
2024-07-17 23:32:22.201769 INFO: eventNum: 1
2024-07-17 23:32:22.201795 INFO: fd: 201, events: 8193

2024-07-17 23:32:22.201817 INFO: HttpConn 201 close success
2024-07-17 23:32:22.201822 INFO: Client[201] quit!
2024-07-17 23:32:22.226933 INFO: eventNum: 1
2024-07-17 23:32:22.227002 INFO: fd: 13, events: 1

2024-07-17 23:32:22.227016 INFO: HandleListenEvent 13
2024-07-17 23:32:22.227046 INFO: HttpConn 16 init success
2024-07-17 23:32:22.227058 INFO: addTimer id:16 expireTime:1721230842
2024-07-17 23:32:22.227078 INFO: Client[16] in!
2024-07-17 23:32:22.227085 INFO: HandleListenEvent 13
2024-07-17 23:32:22.227100 ERROR: Accept failure -1
2024-07-17 23:32:22.227190 INFO: eventNum: 1
2024-07-17 23:32:22.227223 INFO: fd: 247, events: 8193

2024-07-17 23:32:22.227266 INFO: HttpConn 247 close success
2024-07-17 23:32:22.227276 INFO: Client[247] quit!
2024-07-17 23:32:22.227404 INFO: eventNum: 1
2024-07-17 23:32:22.227426 INFO: fd: 230, events: 8193

2024-07-17 23:32:22.227452 INFO: HttpConn 230 close success
2024-07-17 23:32:22.227464 INFO: Client[230] quit!
2024-07-17 23:32:22.228058 INFO: eventNum: 1
2024-07-17 23:32:22.228082 INFO: fd: 218, events: 8193

2024-07-17 23:32:22.228104 INFO: HttpConn 218 close success
2024-07-17 23:32:22.228112 INFO: Client[218] quit!
2024-07-17 23:32:22.230949 INFO: eventNum: 1
2024-07-17 23:32:22.230994 INFO: fd: 256, events: 8193

2024-07-17 23:32:22.231029 INFO: HttpConn 256 close success
2024-07-17 23:32:22.231037 INFO: Client[256] quit!
2024-07-17 23:32:22.241102 INFO: eventNum: 1
2024-07-17 23:32:22.241151 INFO: fd: 228, events: 8193

2024-07-17 23:32:22.241185 INFO: HttpConn 228 close success
2024-07-17 23:32:22.241191 INFO: Client[228] quit!
2024-07-17 23:32:22.243610 INFO: eventNum: 1
2024-07-17 23:32:22.243650 INFO: fd: 187, events: 8193

2024-07-17 23:32:22.243676 INFO: HttpConn 187 close success
2024-07-17 23:32:22.243686 INFO: Client[187] quit!
2024-07-17 23:32:22.248611 INFO: eventNum: 1
2024-07-17 23:32:22.248649 INFO: fd: 260, events: 8193

2024-07-17 23:32:22.248677 INFO: HttpConn 260 close success
2024-07-17 23:32:22.248686 INFO: Client[260] quit!
2024-07-17 23:32:22.259858 INFO: eventNum: 1
2024-07-17 23:32:22.259914 INFO: fd: 280, events: 8193

2024-07-17 23:32:22.259945 INFO: HttpConn 280 close success
2024-07-17 23:32:22.259951 INFO: Client[280] quit!
2024-07-17 23:32:22.260659 INFO: eventNum: 1
2024-07-17 23:32:22.260691 INFO: fd: 286, events: 8193

2024-07-17 23:32:22.260732 INFO: HttpConn 286 close success
2024-07-17 23:32:22.260742 INFO: Client[286] quit!
2024-07-17 23:32:22.260754 INFO: eventNum: 1
2024-07-17 23:32:22.260762 INFO: fd: 287, events: 8193

2024-07-17 23:32:22.260784 INFO: HttpConn 287 close success
2024-07-17 23:32:22.260797 INFO: Client[287] quit!
2024-07-17 23:32:22.265544 INFO: eventNum: 1
2024-07-17 23:32:22.265603 INFO: fd: 281, events: 8193

2024-07-17 23:32:22.265648 INFO: HttpConn 281 close success
2024-07-17 23:32:22.265662 INFO: Client[281] quit!
2024-07-17 23:32:22.265669 INFO: eventNum: 1
2024-07-17 23:32:22.265673 INFO: fd: 283, events: 8193

2024-07-17 23:32:22.265688 INFO: HttpConn 283 close success
2024-07-17 23:32:22.265693 INFO: Client[283] quit!
2024-07-17 23:32:22.266837 INFO: eventNum: 1
2024-07-17 23:32:22.266864 INFO: fd: 290, events: 8193

2024-07-17 23:32:22.266885 INFO: HttpConn 290 close success
2024-07-17 23:32:22.266895 INFO: Client[290] quit!
2024-07-17 23:32:22.267442 INFO: eventNum: 1
2024-07-17 23:32:22.267463 INFO: fd: 291, events: 8193

2024-07-17 23:32:22.267488 INFO: HttpConn 291 close success
2024-07-17 23:32:22.267499 INFO: Client[291] quit!
2024-07-17 23:32:22.269408 INFO: eventNum: 1
2024-07-17 23:32:22.269433 INFO: fd: 277, events: 8193

2024-07-17 23:32:22.269454 INFO: HttpConn 277 close success
2024-07-17 23:32:22.269463 INFO: Client[277] quit!
2024-07-17 23:32:22.273716 INFO: eventNum: 1
2024-07-17 23:32:22.273750 INFO: fd: 284, events: 8193

2024-07-17 23:32:22.273785 INFO: HttpConn 284 close success
2024-07-17 23:32:22.273795 INFO: Client[284] quit!
2024-07-17 23:32:22.300582 INFO: eventNum: 1
2024-07-17 23:32:22.300658 INFO: fd: 270, events: 8193

2024-07-17 23:32:22.300706 INFO: HttpConn 270 close success
2024-07-17 23:32:22.300716 INFO: Client[270] quit!
2024-07-17 23:32:22.301233 INFO: eventNum: 1
2024-07-17 23:32:22.301253 INFO: fd: 264, events: 8193

2024-07-17 23:32:22.301274 INFO: HttpConn 264 close success
2024-07-17 23:32:22.301283 INFO: Client[264] quit!
2024-07-17 23:32:22.301766 INFO: eventNum: 1
2024-07-17 23:32:22.301798 INFO: fd: 266, events: 8193

2024-07-17 23:32:22.301825 INFO: HttpConn 266 close success
2024-07-17 23:32:22.301836 INFO: Client[266] quit!
2024-07-17 23:32:22.302077 INFO: eventNum: 1
2024-07-17 23:32:22.302095 INFO: fd: 265, events: 8193

2024-07-17 23:32:22.302136 INFO: HttpConn 265 close success
2024-07-17 23:32:22.302146 INFO: Client[265] quit!
2024-07-17 23:32:22.302430 INFO: eventNum: 1
2024-07-17 23:32:22.302457 INFO: fd: 263, events: 8193

2024-07-17 23:32:22.302483 INFO: HttpConn 263 close success
2024-07-17 23:32:22.302497 INFO: Client[263] quit!
2024-07-17 23:32:22.303455 INFO: eventNum: 1
2024-07-17 23:32:22.303482 INFO: fd: 269, events: 8193

2024-07-17 23:32:22.303502 INFO: HttpConn 269 close success
2024-07-17 23:32:22.303512 INFO: Client[269] quit!
2024-07-17 23:32:22.304094 INFO: eventNum: 1
2024-07-17 23:32:22.304127 INFO: fd: 301, events: 8193

2024-07-17 23:32:22.304155 INFO: HttpConn 301 close success
2024-07-17 23:32:22.304164 INFO: Client[301] quit!
2024-07-17 23:32:22.304823 INFO: eventNum: 2
2024-07-17 23:32:22.304846 INFO: fd: 296, events: 8193

2024-07-17 23:32:22.304874 INFO: HttpConn 296 close success
2024-07-17 23:32:22.304885 INFO: Client[296] quit!
2024-07-17 23:32:22.304889 INFO: fd: 297, events: 8193

2024-07-17 23:32:22.304904 INFO: HttpConn 297 close success
2024-07-17 23:32:22.304915 INFO: Client[297] quit!
2024-07-17 23:32:22.304965 INFO: eventNum: 1
2024-07-17 23:32:22.304972 INFO: fd: 294, events: 8193

2024-07-17 23:32:22.304987 INFO: HttpConn 294 close success
2024-07-17 23:32:22.305000 INFO: Client[294] quit!
2024-07-17 23:32:22.305320 INFO: eventNum: 1
2024-07-17 23:32:22.305336 INFO: fd: 299, events: 8193

2024-07-17 23:32:22.305353 INFO: HttpConn 299 close success
2024-07-17 23:32:22.305361 INFO: Client[299] quit!
2024-07-17 23:32:22.306047 INFO: eventNum: 1
2024-07-17 23:32:22.306069 INFO: fd: 300, events: 8193

2024-07-17 23:32:22.306093 INFO: HttpConn 300 close success
2024-07-17 23:32:22.306104 INFO: Client[300] quit!
2024-07-17 23:32:22.306109 INFO: eventNum: 1
2024-07-17 23:32:22.306133 INFO: fd: 295, events: 8193

2024-07-17 23:32:22.306155 INFO: HttpConn 295 close success
2024-07-17 23:32:22.306166 INFO: Client[295] quit!
2024-07-17 23:32:22.307842 INFO: eventNum: 1
2024-07-17 23:32:22.307869 INFO: fd: 262, events: 8193

2024-07-17 23:32:22.307889 INFO: HttpConn 262 close success
2024-07-17 23:32:22.307908 INFO: Client[262] quit!
2024-07-17 23:32:22.308299 INFO: eventNum: 1
2024-07-17 23:32:22.308319 INFO: fd: 314, events: 8193

2024-07-17 23:32:22.308345 INFO: HttpConn 314 close success
2024-07-17 23:32:22.308352 INFO: Client[314] quit!
2024-07-17 23:32:22.308853 INFO: eventNum: 1
2024-07-17 23:32:22.308864 INFO: fd: 317, events: 8193

2024-07-17 23:32:22.308879 INFO: HttpConn 317 close success
2024-07-17 23:32:22.308889 INFO: Client[317] quit!
2024-07-17 23:32:22.309851 INFO: eventNum: 1
2024-07-17 23:32:22.309870 INFO: fd: 318, events: 8193

2024-07-17 23:32:22.309890 INFO: HttpConn 318 close success
2024-07-17 23:32:22.309897 INFO: Client[318] quit!
2024-07-17 23:32:22.310097 INFO: eventNum: 1
2024-07-17 23:32:22.310130 INFO: fd: 319, events: 8193

2024-07-17 23:32:22.310154 INFO: HttpConn 319 close success
2024-07-17 23:32:22.310164 INFO: Client[319] quit!
2024-07-17 23:32:22.310683 INFO: eventNum: 1
2024-07-17 23:32:22.310696 INFO: fd: 311, events: 8193

2024-07-17 23:32:22.310713 INFO: HttpConn 311 close success
2024-07-17 23:32:22.310720 INFO: Client[311] quit!
2024-07-17 23:32:22.311840 INFO: eventNum: 1
2024-07-17 23:32:22.311861 INFO: fd: 310, events: 8193

2024-07-17 23:32:22.311880 INFO: HttpConn 310 close success
2024-07-17 23:32:22.311889 INFO: Client[310] quit!
2024-07-17 23:32:22.311966 INFO: eventNum: 1
2024-07-17 23:32:22.311972 INFO: fd: 312, events: 8193

2024-07-17 23:32:22.311996 INFO: HttpConn 312 close success
2024-07-17 23:32:22.312004 INFO: Client[312] quit!
2024-07-17 23:32:22.321790 INFO: eventNum: 1
2024-07-17 23:32:22.321845 INFO: fd: 316, events: 8193

2024-07-17 23:32:22.321890 INFO: HttpConn 316 close success
2024-07-17 23:32:22.321899 INFO: Client[316] quit!
2024-07-17 23:32:22.321907 INFO: eventNum: 1
2024-07-17 23:32:22.321912 INFO: fd: 273, events: 8193

2024-07-17 23:32:22.321926 INFO: HttpConn 273 close success
2024-07-17 23:32:22.321933 INFO: Client[273] quit!
2024-07-17 23:32:22.325617 INFO: eventNum: 1
2024-07-17 23:32:22.325678 INFO: fd: 13, events: 1

2024-07-17 23:32:22.325689 INFO: HandleListenEvent 13
2024-07-17 23:32:22.325724 INFO: HttpConn 55 init success
2024-07-17 23:32:22.325735 INFO: addTimer id:55 expireTime:1721230842
2024-07-17 23:32:22.325755 INFO: Client[55] in!
2024-07-17 23:32:22.325763 INFO: HandleListenEvent 13
2024-07-17 23:32:22.325777 INFO: HttpConn 76 init success
2024-07-17 23:32:22.325783 INFO: addTimer id:76 expireTime:1721230842
2024-07-17 23:32:22.325793 INFO: Client[76] in!
2024-07-17 23:32:22.325797 INFO: HandleListenEvent 13
2024-07-17 23:32:22.325808 ERROR: Accept failure -1
2024-07-17 23:32:22.326445 INFO: eventNum: 2
2024-07-17 23:32:22.326479 INFO: fd: 76, events: 1

2024-07-17 23:32:22.326501 INFO: HttpConn 76 read success
2024-07-17 23:32:22.326516 INFO: GET / HTTP/1.1
2024-07-17 23:32:22.326525 INFO: Host: 39.98.202.182:9006
2024-07-17 23:32:22.326532 INFO: User-Agent: Go-http-client/1.1
2024-07-17 23:32:22.326540 INFO: oop!unknow header: User-Agent: Go-http-client/1.1
2024-07-17 23:32:22.326546 INFO: X-Vegeta-Seq: 13178
2024-07-17 23:32:22.326552 INFO: oop!unknow header: X-Vegeta-Seq: 13178
2024-07-17 23:32:22.326558 INFO: Accept-Encoding: gzip
2024-07-17 23:32:22.326563 INFO: oop!unknow header: Accept-Encoding: gzip
2024-07-17 23:32:22.326569 INFO: 
2024-07-17 23:32:22.326603 INFO: request:HTTP/1.1 200 OK

2024-07-17 23:32:22.326612 INFO: request:HTTP/1.1 200 OK
Content-Length:542

2024-07-17 23:32:22.326618 INFO: request:HTTP/1.1 200 OK
Content-Length:542
Connection:close

2024-07-17 23:32:22.326622 INFO: request:HTTP/1.1 200 OK
Content-Length:542
Connection:close


2024-07-17 23:32:22.326640 INFO: Thread 140246131258944 is running task

2024-07-17 23:32:22.326651 INFO: fd: 55, events: 1

2024-07-17 23:32:22.326666 INFO: eventNum: 1
2024-07-17 23:32:22.326671 INFO: fd: 76, events: 4

2024-07-17 23:32:22.326677 INFO: HttpConn 55 read success
2024-07-17 23:32:22.326720 INFO: GET / HTTP/1.1
2024-07-17 23:32:22.326724 INFO: Thread 140246156437056 is running task

2024-07-17 23:32:22.326728 INFO: Host: 39.98.202.182:9006
2024-07-17 23:32:22.326759 INFO: User-Agent: Go-http-client/1.1
2024-07-17 23:32:22.326764 INFO: oop!unknow header: User-Agent: Go-http-client/1.1
2024-07-17 23:32:22.326769 INFO: X-Vegeta-Seq: 13173
2024-07-17 23:32:22.326773 INFO: oop!unknow header: X-Vegeta-Seq: 13173
2024-07-17 23:32:22.326778 INFO: Accept-Encoding: gzip
2024-07-17 23:32:22.326782 INFO: oop!unknow header: Accept-Encoding: gzip
2024-07-17 23:32:22.326787 INFO: 
2024-07-17 23:32:22.326807 INFO: request:HTTP/1.1 200 OK

2024-07-17 23:32:22.326812 INFO: request:HTTP/1.1 200 OK
Content-Length:542

2024-07-17 23:32:22.326816 INFO: request:HTTP/1.1 200 OK
Content-Length:542
Connection:close

2024-07-17 23:32:22.326821 INFO: request:HTTP/1.1 200 OK
Content-Length:542
Connection:close


2024-07-17 23:32:22.326834 INFO: Thread 140246148044352 is running task

2024-07-17 23:32:22.326742 INFO: eventNum: 1
2024-07-17 23:32:22.326856 INFO: fd: 13, events: 1

2024-07-17 23:32:22.326861 INFO: HandleListenEvent 13
2024-07-17 23:32:22.326877 INFO: HttpConn 83 init success
2024-07-17 23:32:22.326883 INFO: addTimer id:83 expireTime:1721230842
2024-07-17 23:32:22.326899 INFO: Client[83] in!
2024-07-17 23:32:22.326904 INFO: HandleListenEvent 13
2024-07-17 23:32:22.326916 ERROR: Accept failure -1
2024-07-17 23:32:22.326922 INFO: eventNum: 1
2024-07-17 23:32:22.326926 INFO: fd: 55, events: 4

2024-07-17 23:32:22.326992 INFO: Thread 140246114473536 is running task

2024-07-17 23:32:22.327047 INFO: eventNum: 1
2024-07-17 23:32:22.327056 INFO: fd: 83, events: 1

2024-07-17 23:32:22.327088 INFO: HttpConn 83 read success
2024-07-17 23:32:22.327103 INFO: GET / HTTP/1.1
2024-07-17 23:32:22.327111 INFO: Host: 39.98.202.182:9006
2024-07-17 23:32:22.327118 INFO: User-Agent: Go-http-client/1.1
2024-07-17 23:32:22.327125 INFO: oop!unknow header: User-Agent: Go-http-client/1.1
2024-07-17 23:32:22.327131 INFO: X-Vegeta-Seq: 13174
2024-07-17 23:32:22.327135 INFO: oop!unknow header: X-Vegeta-Seq: 13174
2024-07-17 23:32:22.327139 INFO: Accept-Encoding: gzip
2024-07-17 23:32:22.327144 INFO: oop!unknow header: Accept-Encoding: gzip
2024-07-17 23:32:22.327148 INFO: 
2024-07-17 23:32:22.327165 INFO: request:HTTP/1.1 200 OK

2024-07-17 23:32:22.327169 INFO: request:HTTP/1.1 200 OK
Content-Length:542

2024-07-17 23:32:22.327175 INFO: request:HTTP/1.1 200 OK
Content-Length:542
Connection:close

2024-07-17 23:32:22.327179 INFO: request:HTTP/1.1 200 OK
Content-Length:542
Connection:close


2024-07-17 23:32:22.327190 INFO: Thread 140246106080832 is running task

2024-07-17 23:32:22.327199 INFO: eventNum: 1
2024-07-17 23:32:22.327203 INFO: fd: 83, events: 4

2024-07-17 23:32:22.327238 INFO: Thread 140246139651648 is running task

2024-07-17 23:32:22.330194 INFO: eventNum: 1
2024-07-17 23:32:22.330254 INFO: fd: 323, events: 8193

2024-07-17 23:32:22.330304 INFO: HttpConn 323 close success
2024-07-17 23:32:22.330315 INFO: Client[323] quit!
2024-07-17 23:32:22.336863 INFO: eventNum: 1
2024-07-17 23:32:22.336912 INFO: fd: 325, events: 8193

2024-07-17 23:32:22.336975 INFO: HttpConn 325 close success
2024-07-17 23:32:22.336986 INFO: Client[325] quit!
2024-07-17 23:32:22.337863 INFO: eventNum: 1
2024-07-17 23:32:22.337903 INFO: fd: 322, events: 8193

2024-07-17 23:32:22.337941 INFO: HttpConn 322 close success
2024-07-17 23:32:22.337949 INFO: Client[322] quit!
2024-07-17 23:32:22.343228 INFO: eventNum: 1
2024-07-17 23:32:22.343272 INFO: fd: 326, events: 8193

2024-07-17 23:32:22.343301 INFO: HttpConn 326 close success
2024-07-17 23:32:22.343311 INFO: Client[326] quit!
2024-07-17 23:32:22.343435 INFO: eventNum: 1
2024-07-17 23:32:22.343448 INFO: fd: 330, events: 8193

2024-07-17 23:32:22.343471 INFO: HttpConn 330 close success
2024-07-17 23:32:22.343480 INFO: Client[330] quit!
2024-07-17 23:32:22.352601 INFO: eventNum: 1
2024-07-17 23:32:22.352671 INFO: fd: 83, events: 8193

2024-07-17 23:32:22.352715 INFO: HttpConn 83 close success
2024-07-17 23:32:22.352723 INFO: Client[83] quit!
2024-07-17 23:32:22.356050 INFO: eventNum: 1
2024-07-17 23:32:22.356092 INFO: fd: 13, events: 1

2024-07-17 23:32:22.356166 INFO: HandleListenEvent 13
2024-07-17 23:32:22.356196 INFO: HttpConn 83 init success
2024-07-17 23:32:22.356205 INFO: addTimer id:83 expireTime:1721230842
2024-07-17 23:32:22.356235 INFO: Client[83] in!
2024-07-17 23:32:22.356240 INFO: HandleListenEvent 13
2024-07-17 23:32:22.356255 ERROR: Accept failure -1
2024-07-17 23:32:22.356264 INFO: eventNum: 1
2024-07-17 23:32:22.356270 INFO: fd: 83, events: 1

2024-07-17 23:32:22.356294 INFO: HttpConn 83 read success
2024-07-17 23:32:22.356309 INFO: GET / HTTP/1.1
2024-07-17 23:32:22.356316 INFO: Host: 39.98.202.182:9006
2024-07-17 23:32:22.356321 INFO: User-Agent: Go-http-client/1.1
2024-07-17 23:32:22.356325 INFO: oop!unknow header: User-Agent: Go-http-client/1.1
2024-07-17 23:32:22.356330 INFO: X-Vegeta-Seq: 12110
2024-07-17 23:32:22.356336 INFO: oop!unknow header: X-Vegeta-Seq: 12110
2024-07-17 23:32:22.356342 INFO: Accept-Encoding: gzip
2024-07-17 23:32:22.356348 INFO: oop!unknow header: Accept-Encoding: gzip
2024-07-17 23:32:22.356354 INFO: 
2024-07-17 23:32:22.356432 INFO: request:HTTP/1.1 200 OK

2024-07-17 23:32:22.356443 INFO: request:HTTP/1.1 200 OK
Content-Length:542

2024-07-17 23:32:22.356449 INFO: request:HTTP/1.1 200 OK
Content-Length:542
Connection:close

2024-07-17 23:32:22.356455 INFO: request:HTTP/1.1 200 OK
Content-Length:542
Connection:close


2024-07-17 23:32:22.356479 INFO: Thread 140246122866240 is running task

2024-07-17 23:32:22.356498 INFO: eventNum: 3
2024-07-17 23:32:22.356504 INFO: fd: 13, events: 1

2024-07-17 23:32:22.356509 INFO: HandleListenEvent 13
2024-07-17 23:32:22.356525 INFO: HttpConn 84 init success
2024-07-17 23:32:22.356534 INFO: addTimer id:84 expireTime:1721230842
2024-07-17 23:32:22.356548 INFO: Client[84] in!
2024-07-17 23:32:22.356556 INFO: HandleListenEvent 13
2024-07-17 23:32:22.356568 INFO: HttpConn 128 init success
2024-07-17 23:32:22.356573 INFO: addTimer id:128 expireTime:1721230842
2024-07-17 23:32:22.356582 INFO: Client[128] in!
2024-07-17 23:32:22.356587 INFO: HandleListenEvent 13
2024-07-17 23:32:22.356596 ERROR: Accept failure -1
2024-07-17 23:32:22.356601 INFO: fd: 337, events: 8193

2024-07-17 23:32:22.356621 INFO: HttpConn 337 close success
2024-07-17 23:32:22.356629 INFO: Client[337] quit!
2024-07-17 23:32:22.356634 INFO: fd: 83, events: 4

2024-07-17 23:32:22.356688 INFO: Thread 140246097688128 is running task

2024-07-17 23:32:22.356709 INFO: eventNum: 4
2024-07-17 23:32:22.356715 INFO: fd: 84, events: 1

2024-07-17 23:32:22.356728 INFO: HttpConn 84 read success
2024-07-17 23:32:22.356739 INFO: GET / HTTP/1.1
2024-07-17 23:32:22.356745 INFO: Host: 39.98.202.182:9006
2024-07-17 23:32:22.356749 INFO: User-Agent: Go-http-client/1.1
2024-07-17 23:32:22.356754 INFO: oop!unknow header: User-Agent: Go-http-client/1.1
2024-07-17 23:32:22.356758 INFO: X-Vegeta-Seq: 3008
2024-07-17 23:32:22.356762 INFO: oop!unknow header: X-Vegeta-Seq: 3008
2024-07-17 23:32:22.356767 INFO: Accept-Encoding: gzip
2024-07-17 23:32:22.356771 INFO: oop!unknow header: Accept-Encoding: gzip
2024-07-17 23:32:22.356775 INFO: 
2024-07-17 23:32:22.356794 INFO: request:HTTP/1.1 200 OK

2024-07-17 23:32:22.356799 INFO: request:HTTP/1.1 200 OK
Content-Length:542

2024-07-17 23:32:22.356804 INFO: request:HTTP/1.1 200 OK
Content-Length:542
Connection:close

2024-07-17 23:32:22.356811 INFO: request:HTTP/1.1 200 OK
Content-Length:542
Connection:close


2024-07-17 23:32:22.356821 INFO: Thread 140246131258944 is running task

2024-07-17 23:32:22.356832 INFO: fd: 128, events: 1

2024-07-17 23:32:22.356847 INFO: HttpConn 128 read success
2024-07-17 23:32:22.356858 INFO: GET / HTTP/1.1
2024-07-17 23:32:22.356865 INFO: Host: 39.98.202.182:9006
2024-07-17 23:32:22.356871 INFO: User-Agent: Go-http-client/1.1
2024-07-17 23:32:22.356878 INFO: oop!unknow header: User-Agent: Go-http-client/1.1
2024-07-17 23:32:22.356885 INFO: X-Vegeta-Seq: 3043
2024-07-17 23:32:22.356890 INFO: oop!unknow header: X-Vegeta-Seq: 3043
2024-07-17 23:32:22.356895 INFO: Accept-Encoding: gzip
2024-07-17 23:32:22.356899 INFO: oop!unknow header: Accept-Encoding: gzip
2024-07-17 23:32:22.356920 INFO: 
2024-07-17 23:32:22.356939 INFO: request:HTTP/1.1 200 OK

2024-07-17 23:32:22.356950 INFO: request:HTTP/1.1 200 OK
Content-Length:542

2024-07-17 23:32:22.356956 INFO: request:HTTP/1.1 200 OK
Content-Length:542
Connection:close

2024-07-17 23:32:22.356962 INFO: request:HTTP/1.1 200 OK
Content-Length:542
Connection:close


2024-07-17 23:32:22.356974 INFO: Thread 140246156437056 is running task

2024-07-17 23:32:22.356984 INFO: fd: 293, events: 1

2024-07-17 23:32:22.356999 INFO: fd: 13, events: 1

2024-07-17 23:32:22.357007 INFO: HandleListenEvent 13
2024-07-17 23:32:22.357019 INFO: HttpConn 293 read success
2024-07-17 23:32:22.357057 INFO: GET / HTTP/1.1
2024-07-17 23:32:22.357065 INFO: Host: 39.98.202.182:9006
2024-07-17 23:32:22.357070 INFO: User-Agent: Go-http-client/1.1
2024-07-17 23:32:22.357074 INFO: oop!unknow header: User-Agent: Go-http-client/1.1
2024-07-17 23:32:22.357079 INFO: X-Vegeta-Seq: 3039
2024-07-17 23:32:22.357083 INFO: oop!unknow header: X-Vegeta-Seq: 3039
2024-07-17 23:32:22.357090 INFO: Accept-Encoding: gzip
2024-07-17 23:32:22.357095 INFO: oop!unknow header: Accept-Encoding: gzip
2024-07-17 23:32:22.357099 INFO: 
2024-07-17 23:32:22.357121 INFO: request:HTTP/1.1 200 OK

2024-07-17 23:32:22.357129 INFO: request:HTTP/1.1 200 OK
Content-Length:542

2024-07-17 23:32:22.357136 INFO: request:HTTP/1.1 200 OK
Content-Length:542
Connection:close

2024-07-17 23:32:22.357143 INFO: request:HTTP/1.1 200 OK
Content-Length:542
Connection:close


2024-07-17 23:32:22.357167 INFO: Thread 140246148044352 is running task

2024-07-17 23:32:22.357029 INFO: HttpConn 131 init success
2024-07-17 23:32:22.357204 INFO: addTimer id:131 expireTime:1721230842
2024-07-17 23:32:22.357229 INFO: Client[131] in!
2024-07-17 23:32:22.357240 INFO: HandleListenEvent 13
2024-07-17 23:32:22.357276 INFO: HttpConn 137 init success
2024-07-17 23:32:22.357285 INFO: addTimer id:137 expireTime:1721230842
2024-07-17 23:32:22.357299 INFO: Client[137] in!
2024-07-17 23:32:22.357306 INFO: HandleListenEvent 13
2024-07-17 23:32:22.357321 INFO: HttpConn 185 init success
2024-07-17 23:32:22.357328 INFO: addTimer id:185 expireTime:1721230842
2024-07-17 23:32:22.357339 INFO: Client[185] in!
2024-07-17 23:32:22.357345 INFO: HandleListenEvent 13
2024-07-17 23:32:22.357358 ERROR: Accept failure -1
2024-07-17 23:32:22.357369 INFO: eventNum: 9
2024-07-17 23:32:22.357382 INFO: fd: 84, events: 4

2024-07-17 23:32:22.357407 INFO: fd: 128, events: 4

2024-07-17 23:32:22.357418 INFO: fd: 303, events: 1

2024-07-17 23:32:22.357430 INFO: fd: 31, events: 8193

2024-07-17 23:32:22.357457 INFO: Thread 140246114473536 is running task

2024-07-17 23:32:22.357483 INFO: HttpConn 303 read success
2024-07-17 23:32:22.357493 INFO: GET / HTTP/1.1
2024-07-17 23:32:22.357503 INFO: Host: 39.98.202.182:9006
2024-07-17 23:32:22.357509 INFO: User-Agent: Go-http-client/1.1
2024-07-17 23:32:22.357513 INFO: oop!unknow header: User-Agent: Go-http-client/1.1
2024-07-17 23:32:22.357517 INFO: X-Vegeta-Seq: 3007
2024-07-17 23:32:22.357528 INFO: oop!unknow header: X-Vegeta-Seq: 3007
2024-07-17 23:32:22.357533 INFO: Accept-Encoding: gzip
2024-07-17 23:32:22.357539 INFO: oop!unknow header: Accept-Encoding: gzip
2024-07-17 23:32:22.357545 INFO: 
2024-07-17 23:32:22.357565 INFO: request:HTTP/1.1 200 OK

2024-07-17 23:32:22.357572 INFO: request:HTTP/1.1 200 OK
Content-Length:542

2024-07-17 23:32:22.357579 INFO: request:HTTP/1.1 200 OK
Content-Length:542
Connection:close

2024-07-17 23:32:22.357586 INFO: request:HTTP/1.1 200 OK
Content-Length:542
Connection:close


2024-07-17 23:32:22.357597 INFO: Thread 140246114473536 is running task

2024-07-17 23:32:22.357518 INFO: Thread 140246106080832 is running task

2024-07-17 23:32:22.357459 INFO: HttpConn 31 close success
2024-07-17 23:32:22.357634 INFO: Client[31] quit!
2024-07-17 23:32:22.357639 INFO: fd: 293, events: 4

2024-07-17 23:32:22.357675 INFO: Thread 140246122866240 is running task

2024-07-17 23:32:22.357694 INFO: fd: 131, events: 1

2024-07-17 23:32:22.357734 INFO: fd: 333, events: 8193

2024-07-17 23:32:22.357741 INFO: HttpConn 131 read success
2024-07-17 23:32:22.357756 INFO: GET / HTTP/1.1
2024-07-17 23:32:22.357760 INFO: HttpConn 333 close success
2024-07-17 23:32:22.357762 INFO: Host: 39.98.202.182:9006
2024-07-17 23:32:22.357790 INFO: User-Agent: Go-http-client/1.1
2024-07-17 23:32:22.357796 INFO: oop!unknow header: User-Agent: Go-http-client/1.1
2024-07-17 23:32:22.357800 INFO: X-Vegeta-Seq: 3010
2024-07-17 23:32:22.357805 INFO: oop!unknow header: X-Vegeta-Seq: 3010
2024-07-17 23:32:22.357809 INFO: Accept-Encoding: gzip
2024-07-17 23:32:22.357813 INFO: oop!unknow header: Accept-Encoding: gzip
2024-07-17 23:32:22.357817 INFO: 
2024-07-17 23:32:22.357833 INFO: request:HTTP/1.1 200 OK

2024-07-17 23:32:22.357838 INFO: request:HTTP/1.1 200 OK
Content-Length:542

2024-07-17 23:32:22.357842 INFO: request:HTTP/1.1 200 OK
Content-Length:542
Connection:close

2024-07-17 23:32:22.357846 INFO: request:HTTP/1.1 200 OK
Content-Length:542
Connection:close


2024-07-17 23:32:22.357858 INFO: Thread 140246097688128 is running task

2024-07-17 23:32:22.357780 INFO: Client[333] quit!
2024-07-17 23:32:22.357875 INFO: fd: 137, events: 1

2024-07-17 23:32:22.357889 INFO: HttpConn 137 read success
2024-07-17 23:32:22.357898 INFO: GET / HTTP/1.1
2024-07-17 23:32:22.357902 INFO: Host: 39.98.202.182:9006
2024-07-17 23:32:22.357907 INFO: User-Agent: Go-http-client/1.1
2024-07-17 23:32:22.357911 INFO: oop!unknow header: User-Agent: Go-http-client/1.1
2024-07-17 23:32:22.357916 INFO: X-Vegeta-Seq: 3040
2024-07-17 23:32:22.357920 INFO: oop!unknow header: X-Vegeta-Seq: 3040
2024-07-17 23:32:22.357924 INFO: Accept-Encoding: gzip
2024-07-17 23:32:22.357928 INFO: oop!unknow header: Accept-Encoding: gzip
2024-07-17 23:32:22.357932 INFO: 
2024-07-17 23:32:22.357944 INFO: request:HTTP/1.1 200 OK

2024-07-17 23:32:22.357948 INFO: request:HTTP/1.1 200 OK
Content-Length:542

2024-07-17 23:32:22.357953 INFO: request:HTTP/1.1 200 OK
Content-Length:542
Connection:close

2024-07-17 23:32:22.357957 INFO: request:HTTP/1.1 200 OK
Content-Length:542
Connection:close


2024-07-17 23:32:22.357964 INFO: Thread 140246131258944 is running task

2024-07-17 23:32:22.357971 INFO: fd: 185, events: 1

2024-07-17 23:32:22.357984 INFO: HttpConn 185 read success
2024-07-17 23:32:22.357992 INFO: GET / HTTP/1.1
2024-07-17 23:32:22.357998 INFO: Host: 39.98.202.182:9006
2024-07-17 23:32:22.358002 INFO: User-Agent: Go-http-client/1.1
2024-07-17 23:32:22.358006 INFO: oop!unknow header: User-Agent: Go-http-client/1.1
2024-07-17 23:32:22.358011 INFO: X-Vegeta-Seq: 3048
2024-07-17 23:32:22.358015 INFO: oop!unknow header: X-Vegeta-Seq: 3048
2024-07-17 23:32:22.358020 INFO: Accept-Encoding: gzip
2024-07-17 23:32:22.358024 INFO: oop!unknow header: Accept-Encoding: gzip
2024-07-17 23:32:22.358028 INFO: 
2024-07-17 23:32:22.358039 INFO: request:HTTP/1.1 200 OK

2024-07-17 23:32:22.358044 INFO: request:HTTP/1.1 200 OK
Content-Length:542

2024-07-17 23:32:22.358048 INFO: request:HTTP/1.1 200 OK
Content-Length:542
Connection:close

2024-07-17 23:32:22.358052 INFO: request:HTTP/1.1 200 OK
Content-Length:542
Connection:close


2024-07-17 23:32:22.358059 INFO: Thread 140246156437056 is running task

2024-07-17 23:32:22.358068 INFO: eventNum: 5
2024-07-17 23:32:22.358073 INFO: fd: 303, events: 4

2024-07-17 23:32:22.358082 INFO: fd: 13, events: 1

2024-07-17 23:32:22.358087 INFO: HandleListenEvent 13
2024-07-17 23:32:22.358097 INFO: HttpConn 31 init success
2024-07-17 23:32:22.358103 INFO: addTimer id:31 expireTime:1721230842
2024-07-17 23:32:22.358130 INFO: Client[31] in!
2024-07-17 23:32:22.358134 INFO: Thread 140246148044352 is running task

2024-07-17 23:32:22.358138 INFO: HandleListenEvent 13
2024-07-17 23:32:22.358170 ERROR: Accept failure -1
2024-07-17 23:32:22.358176 INFO: fd: 131, events: 4

2024-07-17 23:32:22.358187 INFO: fd: 137, events: 4

2024-07-17 23:32:22.358198 INFO: fd: 185, events: 4

2024-07-17 23:32:22.358213 INFO: eventNum: 1
2024-07-17 23:32:22.358222 INFO: Thread 140246114473536 is running task

2024-07-17 23:32:22.358263 INFO: Thread 140246114473536 is running task

2024-07-17 23:32:22.358267 INFO: Thread 140246139651648 is running task

2024-07-17 23:32:22.358224 INFO: fd: 31, events: 1

2024-07-17 23:32:22.358296 INFO: HttpConn 31 read success
2024-07-17 23:32:22.358305 INFO: GET / HTTP/1.1
2024-07-17 23:32:22.358311 INFO: Host: 39.98.202.182:9006
2024-07-17 23:32:22.358315 INFO: User-Agent: Go-http-client/1.1
2024-07-17 23:32:22.358320 INFO: oop!unknow header: User-Agent: Go-http-client/1.1
2024-07-17 23:32:22.358324 INFO: X-Vegeta-Seq: 2946
2024-07-17 23:32:22.358328 INFO: oop!unknow header: X-Vegeta-Seq: 2946
2024-07-17 23:32:22.358332 INFO: Accept-Encoding: gzip
2024-07-17 23:32:22.358336 INFO: oop!unknow header: Accept-Encoding: gzip
2024-07-17 23:32:22.358341 INFO: 
2024-07-17 23:32:22.358354 INFO: request:HTTP/1.1 200 OK

2024-07-17 23:32:22.358359 INFO: request:HTTP/1.1 200 OK
Content-Length:542

2024-07-17 23:32:22.358363 INFO: request:HTTP/1.1 200 OK
Content-Length:542
Connection:close

2024-07-17 23:32:22.358367 INFO: request:HTTP/1.1 200 OK
Content-Length:542
Connection:close


2024-07-17 23:32:22.358382 INFO: Thread 140246122866240 is running task

2024-07-17 23:32:22.358394 INFO: eventNum: 1
2024-07-17 23:32:22.358400 INFO: fd: 31, events: 4

2024-07-17 23:32:22.358424 INFO: Thread 140246097688128 is running task

2024-07-17 23:32:22.371333 INFO: eventNum: 1
2024-07-17 23:32:22.371409 INFO: fd: 293, events: 8193

2024-07-17 23:32:22.371454 INFO: HttpConn 293 close success
2024-07-17 23:32:22.371464 INFO: Client[293] quit!
2024-07-17 23:32:22.376514 INFO: eventNum: 1
2024-07-17 23:32:22.376566 INFO: fd: 84, events: 8193

2024-07-17 23:32:22.376612 INFO: HttpConn 84 close success
2024-07-17 23:32:22.376621 INFO: Client[84] quit!
2024-07-17 23:32:22.376635 INFO: eventNum: 1
2024-07-17 23:32:22.376644 INFO: fd: 131, events: 8193

2024-07-17 23:32:22.376664 INFO: HttpConn 131 close success
2024-07-17 23:32:22.376675 INFO: Client[131] quit!
2024-07-17 23:32:22.377245 INFO: eventNum: 1
2024-07-17 23:32:22.377278 INFO: fd: 303, events: 8193

2024-07-17 23:32:22.377306 INFO: HttpConn 303 close success
2024-07-17 23:32:22.377313 INFO: Client[303] quit!
2024-07-17 23:32:22.377827 INFO: eventNum: 1
2024-07-17 23:32:22.377890 INFO: fd: 128, events: 8193

2024-07-17 23:32:22.377944 INFO: HttpConn 128 close success
2024-07-17 23:32:22.377957 INFO: Client[128] quit!
2024-07-17 23:32:22.428177 INFO: eventNum: 1
2024-07-17 23:32:22.428234 INFO: fd: 13, events: 1

2024-07-17 23:32:22.428243 INFO: HandleListenEvent 13
2024-07-17 23:32:22.428281 INFO: HttpConn 84 init success
2024-07-17 23:32:22.428292 INFO: addTimer id:84 expireTime:1721230842
2024-07-17 23:32:22.428312 INFO: Client[84] in!
2024-07-17 23:32:22.428319 INFO: HandleListenEvent 13
2024-07-17 23:32:22.428331 ERROR: Accept failure -1
2024-07-17 23:32:22.428339 INFO: eventNum: 1
2024-07-17 23:32:22.428345 INFO: fd: 84, events: 1

2024-07-17 23:32:22.428367 INFO: HttpConn 84 read success
2024-07-17 23:32:22.428404 INFO: GET / HTTP/1.1
2024-07-17 23:32:22.428411 INFO: Host: 39.98.202.182:9006
2024-07-17 23:32:22.428416 INFO: User-Agent: Go-http-client/1.1
2024-07-17 23:32:22.428424 INFO: oop!unknow header: User-Agent: Go-http-client/1.1
2024-07-17 23:32:22.428428 INFO: X-Vegeta-Seq: 12336
2024-07-17 23:32:22.428434 INFO: oop!unknow header: X-Vegeta-Seq: 12336
2024-07-17 23:32:22.428444 INFO: Accept-Encoding: gzip
2024-07-17 23:32:22.428450 INFO: oop!unknow header: Accept-Encoding: gzip
2024-07-17 23:32:22.428456 INFO: 
2024-07-17 23:32:22.428496 INFO: request:HTTP/1.1 200 OK

2024-07-17 23:32:22.428503 INFO: request:HTTP/1.1 200 OK
Content-Length:542

2024-07-17 23:32:22.428510 INFO: request:HTTP/1.1 200 OK
Content-Length:542
Connection:close

2024-07-17 23:32:22.428519 INFO: request:HTTP/1.1 200 OK
Content-Length:542
Connection:close


2024-07-17 23:32:22.428540 INFO: Thread 140246131258944 is running task

2024-07-17 23:32:22.428585 INFO: eventNum: 1
2024-07-17 23:32:22.428620 INFO: fd: 84, events: 4

2024-07-17 23:32:22.428792 INFO: Thread 140246156437056 is running task

2024-07-17 23:32:22.428868 INFO: eventNum: 1
2024-07-17 23:32:22.428881 INFO: fd: 13, events: 1

2024-07-17 23:32:22.428888 INFO: HandleListenEvent 13
2024-07-17 23:32:22.428910 INFO: HttpConn 128 init success
2024-07-17 23:32:22.428922 INFO: addTimer id:128 expireTime:1721230842
2024-07-17 23:32:22.428935 INFO: Client[128] in!
2024-07-17 23:32:22.428939 INFO: HandleListenEvent 13
2024-07-17 23:32:22.428949 ERROR: Accept failure -1
2024-07-17 23:32:22.429235 INFO: eventNum: 1
2024-07-17 23:32:22.429248 INFO: fd: 128, events: 1

2024-07-17 23:32:22.429263 INFO: HttpConn 128 read success
2024-07-17 23:32:22.429288 INFO: GET / HTTP/1.1
2024-07-17 23:32:22.429294 INFO: Host: 39.98.202.182:9006
2024-07-17 23:32:22.429299 INFO: User-Agent: Go-http-client/1.1
2024-07-17 23:32:22.429304 INFO: oop!unknow header: User-Agent: Go-http-client/1.1
2024-07-17 23:32:22.429309 INFO: X-Vegeta-Seq: 14249
2024-07-17 23:32:22.429313 INFO: oop!unknow header: X-Vegeta-Seq: 14249
2024-07-17 23:32:22.429317 INFO: Accept-Encoding: gzip
2024-07-17 23:32:22.429344 INFO: oop!unknow header: Accept-Encoding: gzip
2024-07-17 23:32:22.429349 INFO: 
2024-07-17 23:32:22.429369 INFO: request:HTTP/1.1 200 OK

2024-07-17 23:32:22.429374 INFO: request:HTTP/1.1 200 OK
Content-Length:542

2024-07-17 23:32:22.429400 INFO: request:HTTP/1.1 200 OK
Content-Length:542
Connection:close

2024-07-17 23:32:22.429405 INFO: request:HTTP/1.1 200 OK
Content-Length:542
Connection:close


2024-07-17 23:32:22.429416 INFO: Thread 140246148044352 is running task

2024-07-17 23:32:22.429426 INFO: eventNum: 1
2024-07-17 23:32:22.429431 INFO: fd: 128, events: 4

2024-07-17 23:32:22.429495 INFO: Thread 140246114473536 is running task

2024-07-17 23:32:22.430007 INFO: eventNum: 1
2024-07-17 23:32:22.430028 INFO: fd: 13, events: 1

2024-07-17 23:32:22.430033 INFO: HandleListenEvent 13
2024-07-17 23:32:22.430050 INFO: HttpConn 131 init success
2024-07-17 23:32:22.430056 INFO: addTimer id:131 expireTime:1721230842
2024-07-17 23:32:22.430067 INFO: Client[131] in!
2024-07-17 23:32:22.430071 INFO: HandleListenEvent 13
2024-07-17 23:32:22.430138 ERROR: Accept failure -1
2024-07-17 23:32:22.430160 INFO: eventNum: 1
2024-07-17 23:32:22.430166 INFO: fd: 131, events: 1

2024-07-17 23:32:22.430187 INFO: HttpConn 131 read success
2024-07-17 23:32:22.430203 INFO: GET / HTTP/1.1
2024-07-17 23:32:22.430211 INFO: Host: 39.98.202.182:9006
2024-07-17 23:32:22.430218 INFO: User-Agent: Go-http-client/1.1
2024-07-17 23:32:22.430227 INFO: oop!unknow header: User-Agent: Go-http-client/1.1
2024-07-17 23:32:22.430234 INFO: X-Vegeta-Seq: 12335
2024-07-17 23:32:22.430240 INFO: oop!unknow header: X-Vegeta-Seq: 12335
2024-07-17 23:32:22.430247 INFO: Accept-Encoding: gzip
2024-07-17 23:32:22.430252 INFO: oop!unknow header: Accept-Encoding: gzip
2024-07-17 23:32:22.430256 INFO: 
2024-07-17 23:32:22.430279 INFO: request:HTTP/1.1 200 OK

2024-07-17 23:32:22.430284 INFO: request:HTTP/1.1 200 OK
Content-Length:542

2024-07-17 23:32:22.430289 INFO: request:HTTP/1.1 200 OK
Content-Length:542
Connection:close

2024-07-17 23:32:22.430293 INFO: request:HTTP/1.1 200 OK
Content-Length:542
Connection:close


2024-07-17 23:32:22.430304 INFO: Thread 140246106080832 is running task

2024-07-17 23:32:22.430314 INFO: eventNum: 1
2024-07-17 23:32:22.430319 INFO: fd: 131, events: 4

2024-07-17 23:32:22.430404 INFO: Thread 140246139651648 is running task

2024-07-17 23:32:22.430430 INFO: eventNum: 1
2024-07-17 23:32:22.430450 INFO: fd: 13, events: 1

2024-07-17 23:32:22.430455 INFO: HandleListenEvent 13
2024-07-17 23:32:22.430472 INFO: HttpConn 186 init success
2024-07-17 23:32:22.430478 INFO: addTimer id:186 expireTime:1721230842
2024-07-17 23:32:22.430492 INFO: Client[186] in!
2024-07-17 23:32:22.430496 INFO: HandleListenEvent 13
2024-07-17 23:32:22.430507 INFO: HttpConn 187 init success
2024-07-17 23:32:22.430513 INFO: addTimer id:187 expireTime:1721230842
2024-07-17 23:32:22.430521 INFO: Client[187] in!
2024-07-17 23:32:22.430529 INFO: HandleListenEvent 13
2024-07-17 23:32:22.430548 ERROR: Accept failure -1
2024-07-17 23:32:22.430554 INFO: eventNum: 2
2024-07-17 23:32:22.430558 INFO: fd: 186, events: 1

2024-07-17 23:32:22.430571 INFO: HttpConn 186 read success
2024-07-17 23:32:22.430582 INFO: GET / HTTP/1.1
2024-07-17 23:32:22.430588 INFO: Host: 39.98.202.182:9006
2024-07-17 23:32:22.430592 INFO: User-Agent: Go-http-client/1.1
2024-07-17 23:32:22.430597 INFO: oop!unknow header: User-Agent: Go-http-client/1.1
2024-07-17 23:32:22.430602 INFO: X-Vegeta-Seq: 12334
2024-07-17 23:32:22.430606 INFO: oop!unknow header: X-Vegeta-Seq: 12334
2024-07-17 23:32:22.430610 INFO: Accept-Encoding: gzip
2024-07-17 23:32:22.430614 INFO: oop!unknow header: Accept-Encoding: gzip
2024-07-17 23:32:22.430618 INFO: 
2024-07-17 23:32:22.430636 INFO: request:HTTP/1.1 200 OK

2024-07-17 23:32:22.430643 INFO: request:HTTP/1.1 200 OK
Content-Length:542

2024-07-17 23:32:22.430650 INFO: request:HTTP/1.1 200 OK
Content-Length:542
Connection:close

2024-07-17 23:32:22.430657 INFO: request:HTTP/1.1 200 OK
Content-Length:542
Connection:close


2024-07-17 23:32:22.430669 INFO: Thread 140246122866240 is running task

2024-07-17 23:32:22.430680 INFO: fd: 187, events: 1

2024-07-17 23:32:22.430697 INFO: HttpConn 187 read success
2024-07-17 23:32:22.430706 INFO: GET / HTTP/1.1
2024-07-17 23:32:22.430715 INFO: Host: 39.98.202.182:9006
2024-07-17 23:32:22.430720 INFO: User-Agent: Go-http-client/1.1
2024-07-17 23:32:22.430724 INFO: oop!unknow header: User-Agent: Go-http-client/1.1
2024-07-17 23:32:22.430728 INFO: X-Vegeta-Seq: 12333
2024-07-17 23:32:22.430732 INFO: oop!unknow header: X-Vegeta-Seq: 12333
2024-07-17 23:32:22.430737 INFO: Accept-Encoding: gzip
2024-07-17 23:32:22.430741 INFO: oop!unknow header: Accept-Encoding: gzip
2024-07-17 23:32:22.430745 INFO: 
2024-07-17 23:32:22.430758 INFO: request:HTTP/1.1 200 OK

2024-07-17 23:32:22.430763 INFO: request:HTTP/1.1 200 OK
Content-Length:542

2024-07-17 23:32:22.430767 INFO: request:HTTP/1.1 200 OK
Content-Length:542
Connection:close

2024-07-17 23:32:22.430772 INFO: request:HTTP/1.1 200 OK
Content-Length:542
Connection:close


2024-07-17 23:32:22.430779 INFO: Thread 140246097688128 is running task

2024-07-17 23:32:22.430788 INFO: eventNum: 3
2024-07-17 23:32:22.430793 INFO: fd: 186, events: 4

2024-07-17 23:32:22.430827 INFO: Thread 140246131258944 is running task

2024-07-17 23:32:22.430837 INFO: fd: 13, events: 1

2024-07-17 23:32:22.430842 INFO: HandleListenEvent 13
2024-07-17 23:32:22.430855 INFO: HttpConn 188 init success
2024-07-17 23:32:22.430860 INFO: addTimer id:188 expireTime:1721230842
2024-07-17 23:32:22.430870 INFO: Client[188] in!
2024-07-17 23:32:22.430875 INFO: HandleListenEvent 13
2024-07-17 23:32:22.430892 ERROR: Accept failure -1
2024-07-17 23:32:22.430901 INFO: fd: 187, events: 4

2024-07-17 23:32:22.430917 INFO: eventNum: 1
2024-07-17 23:32:22.430924 INFO: fd: 188, events: 1

2024-07-17 23:32:22.430954 INFO: Thread 140246156437056 is running task

2024-07-17 23:32:22.430971 INFO: HttpConn 188 read success
