2024-07-17 23:30:24.539244 INFO: request:HTTP/1.1 200 OK
Content-Length:542
Connection:close


2024-07-17 23:30:24.539312 INFO: Thread 140246106080832 is running task

2024-07-17 23:30:24.539335 INFO: eventNum: 1
2024-07-17 23:30:24.539343 INFO: fd: 16, events: 4

2024-07-17 23:30:24.539386 INFO: Thread 140246097688128 is running task

2024-07-17 23:30:24.559030 INFO: eventNum: 1
2024-07-17 23:30:24.559089 INFO: fd: 17, events: 8193

2024-07-17 23:30:24.559135 INFO: HttpConn 17 close success
2024-07-17 23:30:24.559142 INFO: Client[17] quit!
2024-07-17 23:30:24.562101 INFO: eventNum: 1
2024-07-17 23:30:24.562147 INFO: fd: 13, events: 1

2024-07-17 23:30:24.562153 INFO: HandleListenEvent 13
2024-07-17 23:30:24.562172 INFO: HttpConn 17 init success
2024-07-17 23:30:24.562178 INFO: addTimer id:17 expireTime:1721230724
2024-07-17 23:30:24.562191 INFO: Client[17] in!
2024-07-17 23:30:24.562196 INFO: HandleListenEvent 13
2024-07-17 23:30:24.562221 INFO: HttpConn 31 init success
2024-07-17 23:30:24.562229 INFO: addTimer id:31 expireTime:1721230724
2024-07-17 23:30:24.562244 INFO: Client[31] in!
2024-07-17 23:30:24.562253 INFO: HandleListenEvent 13
2024-07-17 23:30:24.562270 ERROR: Accept failure -1
2024-07-17 23:30:24.562279 INFO: eventNum: 1
2024-07-17 23:30:24.562286 INFO: fd: 28, events: 8193

2024-07-17 23:30:24.562313 INFO: HttpConn 28 close success
2024-07-17 23:30:24.562324 INFO: Client[28] quit!
2024-07-17 23:30:24.562612 INFO: eventNum: 1
2024-07-17 23:30:24.562627 INFO: fd: 26, events: 8193

2024-07-17 23:30:24.562642 INFO: HttpConn 26 close success
2024-07-17 23:30:24.562650 INFO: Client[26] quit!
2024-07-17 23:30:24.562655 INFO: eventNum: 1
2024-07-17 23:30:24.562660 INFO: fd: 18, events: 8193

2024-07-17 23:30:24.562674 INFO: HttpConn 18 close success
2024-07-17 23:30:24.562681 INFO: Client[18] quit!
2024-07-17 23:30:24.563000 INFO: eventNum: 1
2024-07-17 23:30:24.563015 INFO: fd: 29, events: 8193

2024-07-17 23:30:24.563029 INFO: HttpConn 29 close success
2024-07-17 23:30:24.563038 INFO: Client[29] quit!
2024-07-17 23:30:24.564379 INFO: eventNum: 1
2024-07-17 23:30:24.564408 INFO: fd: 30, events: 8193

2024-07-17 23:30:24.564429 INFO: HttpConn 30 close success
2024-07-17 23:30:24.564439 INFO: Client[30] quit!
2024-07-17 23:30:24.564794 INFO: eventNum: 1
2024-07-17 23:30:24.564810 INFO: fd: 31, events: 1

2024-07-17 23:30:24.564830 INFO: HttpConn 31 read success
2024-07-17 23:30:24.564847 INFO: GET / HTTP/1.1
2024-07-17 23:30:24.564856 INFO: Host: 39.98.202.182:9006
2024-07-17 23:30:24.564863 INFO: User-Agent: Go-http-client/1.1
2024-07-17 23:30:24.564870 INFO: oop!unknow header: User-Agent: Go-http-client/1.1
2024-07-17 23:30:24.564877 INFO: X-Vegeta-Seq: 3920
2024-07-17 23:30:24.564884 INFO: oop!unknow header: X-Vegeta-Seq: 3920
2024-07-17 23:30:24.564891 INFO: Accept-Encoding: gzip
2024-07-17 23:30:24.564896 INFO: oop!unknow header: Accept-Encoding: gzip
2024-07-17 23:30:24.564900 INFO: 
2024-07-17 23:30:24.564926 INFO: request:HTTP/1.1 200 OK

2024-07-17 23:30:24.564932 INFO: request:HTTP/1.1 200 OK
Content-Length:542

2024-07-17 23:30:24.564936 INFO: request:HTTP/1.1 200 OK
Content-Length:542
Connection:close

2024-07-17 23:30:24.564941 INFO: request:HTTP/1.1 200 OK
Content-Length:542
Connection:close


2024-07-17 23:30:24.564958 INFO: Thread 140246156437056 is running task

2024-07-17 23:30:24.564969 INFO: eventNum: 1
2024-07-17 23:30:24.564974 INFO: fd: 31, events: 4

2024-07-17 23:30:24.565018 INFO: Thread 140246122866240 is running task

2024-07-17 23:30:24.565074 INFO: eventNum: 1
2024-07-17 23:30:24.565082 INFO: fd: 17, events: 1

2024-07-17 23:30:24.565095 INFO: HttpConn 17 read success
2024-07-17 23:30:24.565104 INFO: GET / HTTP/1.1
2024-07-17 23:30:24.565110 INFO: Host: 39.98.202.182:9006
2024-07-17 23:30:24.565114 INFO: User-Agent: Go-http-client/1.1
2024-07-17 23:30:24.565119 INFO: oop!unknow header: User-Agent: Go-http-client/1.1
2024-07-17 23:30:24.565123 INFO: X-Vegeta-Seq: 3919
2024-07-17 23:30:24.565127 INFO: oop!unknow header: X-Vegeta-Seq: 3919
2024-07-17 23:30:24.565132 INFO: Accept-Encoding: gzip
2024-07-17 23:30:24.565145 INFO: oop!unknow header: Accept-Encoding: gzip
2024-07-17 23:30:24.565149 INFO: 
2024-07-17 23:30:24.565164 INFO: request:HTTP/1.1 200 OK

2024-07-17 23:30:24.565169 INFO: request:HTTP/1.1 200 OK
Content-Length:542

2024-07-17 23:30:24.565176 INFO: request:HTTP/1.1 200 OK
Content-Length:542
Connection:close

2024-07-17 23:30:24.565182 INFO: request:HTTP/1.1 200 OK
Content-Length:542
Connection:close


2024-07-17 23:30:24.565192 INFO: Thread 140246148044352 is running task

2024-07-17 23:30:24.565204 INFO: eventNum: 1
2024-07-17 23:30:24.565211 INFO: fd: 17, events: 4

2024-07-17 23:30:24.565253 INFO: Thread 140246114473536 is running task

2024-07-17 23:30:24.568855 INFO: eventNum: 1
2024-07-17 23:30:24.568885 INFO: fd: 13, events: 1

2024-07-17 23:30:24.568891 INFO: HandleListenEvent 13
2024-07-17 23:30:24.568913 INFO: HttpConn 18 init success
2024-07-17 23:30:24.568919 INFO: addTimer id:18 expireTime:1721230724
2024-07-17 23:30:24.568930 INFO: Client[18] in!
2024-07-17 23:30:24.568935 INFO: HandleListenEvent 13
2024-07-17 23:30:24.568946 INFO: HttpConn 26 init success
2024-07-17 23:30:24.568951 INFO: addTimer id:26 expireTime:1721230724
2024-07-17 23:30:24.568959 INFO: Client[26] in!
2024-07-17 23:30:24.568963 INFO: HandleListenEvent 13
2024-07-17 23:30:24.568973 ERROR: Accept failure -1
2024-07-17 23:30:24.569059 INFO: eventNum: 1
2024-07-17 23:30:24.569073 INFO: fd: 13, events: 1

2024-07-17 23:30:24.569078 INFO: HandleListenEvent 13
2024-07-17 23:30:24.569095 INFO: HttpConn 28 init success
2024-07-17 23:30:24.569103 INFO: addTimer id:28 expireTime:1721230724
2024-07-17 23:30:24.569115 INFO: Client[28] in!
2024-07-17 23:30:24.569120 INFO: HandleListenEvent 13
2024-07-17 23:30:24.569128 ERROR: Accept failure -1
2024-07-17 23:30:24.569307 INFO: eventNum: 1
2024-07-17 23:30:24.569323 INFO: fd: 13, events: 1

2024-07-17 23:30:24.569329 INFO: HandleListenEvent 13
2024-07-17 23:30:24.569341 INFO: HttpConn 29 init success
2024-07-17 23:30:24.569346 INFO: addTimer id:29 expireTime:1721230724
2024-07-17 23:30:24.569355 INFO: Client[29] in!
2024-07-17 23:30:24.569359 INFO: HandleListenEvent 13
2024-07-17 23:30:24.569367 ERROR: Accept failure -1
2024-07-17 23:30:24.569390 INFO: eventNum: 1
2024-07-17 23:30:24.569396 INFO: fd: 13, events: 1

2024-07-17 23:30:24.569401 INFO: HandleListenEvent 13
2024-07-17 23:30:24.569411 INFO: HttpConn 30 init success
2024-07-17 23:30:24.569416 INFO: addTimer id:30 expireTime:1721230724
2024-07-17 23:30:24.569424 INFO: Client[30] in!
2024-07-17 23:30:24.569429 INFO: HandleListenEvent 13
2024-07-17 23:30:24.569435 ERROR: Accept failure -1
2024-07-17 23:30:24.569942 INFO: eventNum: 1
2024-07-17 23:30:24.569954 INFO: fd: 13, events: 1

2024-07-17 23:30:24.569959 INFO: HandleListenEvent 13
2024-07-17 23:30:24.569967 INFO: HttpConn 32 init success
2024-07-17 23:30:24.569972 INFO: addTimer id:32 expireTime:1721230724
2024-07-17 23:30:24.569981 INFO: Client[32] in!
2024-07-17 23:30:24.569985 INFO: HandleListenEvent 13
2024-07-17 23:30:24.569993 ERROR: Accept failure -1
2024-07-17 23:30:24.570500 INFO: eventNum: 1
2024-07-17 23:30:24.570519 INFO: fd: 13, events: 1

2024-07-17 23:30:24.570524 INFO: HandleListenEvent 13
2024-07-17 23:30:24.570538 INFO: HttpConn 33 init success
2024-07-17 23:30:24.570543 INFO: addTimer id:33 expireTime:1721230724
2024-07-17 23:30:24.570553 INFO: Client[33] in!
2024-07-17 23:30:24.570557 INFO: HandleListenEvent 13
2024-07-17 23:30:24.570566 ERROR: Accept failure -1
2024-07-17 23:30:24.570572 INFO: eventNum: 1
2024-07-17 23:30:24.570577 INFO: fd: 16, events: 8193

2024-07-17 23:30:24.570595 INFO: HttpConn 16 close success
2024-07-17 23:30:24.570604 INFO: Client[16] quit!
2024-07-17 23:30:24.570669 INFO: eventNum: 1
2024-07-17 23:30:24.570713 INFO: fd: 13, events: 1

2024-07-17 23:30:24.570720 INFO: HandleListenEvent 13
2024-07-17 23:30:24.570739 INFO: HttpConn 16 init success
2024-07-17 23:30:24.570745 INFO: addTimer id:16 expireTime:1721230724
2024-07-17 23:30:24.570757 INFO: Client[16] in!
2024-07-17 23:30:24.570762 INFO: HandleListenEvent 13
2024-07-17 23:30:24.570782 ERROR: Accept failure -1
2024-07-17 23:30:24.570800 INFO: eventNum: 1
2024-07-17 23:30:24.570805 INFO: fd: 29, events: 1

2024-07-17 23:30:24.570824 INFO: HttpConn 29 read success
2024-07-17 23:30:24.570838 INFO: GET / HTTP/1.1
2024-07-17 23:30:24.570844 INFO: Host: 39.98.202.182:9006
2024-07-17 23:30:24.570849 INFO: User-Agent: Go-http-client/1.1
2024-07-17 23:30:24.570853 INFO: oop!unknow header: User-Agent: Go-http-client/1.1
2024-07-17 23:30:24.570857 INFO: X-Vegeta-Seq: 3929
2024-07-17 23:30:24.570862 INFO: oop!unknow header: X-Vegeta-Seq: 3929
2024-07-17 23:30:24.570866 INFO: Accept-Encoding: gzip
2024-07-17 23:30:24.570871 INFO: oop!unknow header: Accept-Encoding: gzip
2024-07-17 23:30:24.570875 INFO: 
2024-07-17 23:30:24.570895 INFO: request:HTTP/1.1 200 OK

2024-07-17 23:30:24.570900 INFO: request:HTTP/1.1 200 OK
Content-Length:542

2024-07-17 23:30:24.570905 INFO: request:HTTP/1.1 200 OK
Content-Length:542
Connection:close

2024-07-17 23:30:24.570909 INFO: request:HTTP/1.1 200 OK
Content-Length:542
Connection:close


2024-07-17 23:30:24.570925 INFO: Thread 140246131258944 is running task

2024-07-17 23:30:24.570970 INFO: eventNum: 1
2024-07-17 23:30:24.570985 INFO: fd: 29, events: 4

2024-07-17 23:30:24.571026 INFO: Thread 140246139651648 is running task

2024-07-17 23:30:24.571328 INFO: eventNum: 1
2024-07-17 23:30:24.571350 INFO: fd: 28, events: 1

2024-07-17 23:30:24.571373 INFO: HttpConn 28 read success
2024-07-17 23:30:24.571390 INFO: GET / HTTP/1.1
2024-07-17 23:30:24.571396 INFO: Host: 39.98.202.182:9006
2024-07-17 23:30:24.571401 INFO: User-Agent: Go-http-client/1.1
2024-07-17 23:30:24.571405 INFO: oop!unknow header: User-Agent: Go-http-client/1.1
2024-07-17 23:30:24.571410 INFO: X-Vegeta-Seq: 3928
2024-07-17 23:30:24.571414 INFO: oop!unknow header: X-Vegeta-Seq: 3928
2024-07-17 23:30:24.571418 INFO: Accept-Encoding: gzip
2024-07-17 23:30:24.571422 INFO: oop!unknow header: Accept-Encoding: gzip
2024-07-17 23:30:24.571426 INFO: 
2024-07-17 23:30:24.571441 INFO: request:HTTP/1.1 200 OK

2024-07-17 23:30:24.571446 INFO: request:HTTP/1.1 200 OK
Content-Length:542

2024-07-17 23:30:24.571451 INFO: request:HTTP/1.1 200 OK
Content-Length:542
Connection:close

2024-07-17 23:30:24.571455 INFO: request:HTTP/1.1 200 OK
Content-Length:542
Connection:close


2024-07-17 23:30:24.571468 INFO: Thread 140246106080832 is running task

2024-07-17 23:30:24.571573 INFO: eventNum: 2
2024-07-17 23:30:24.571588 INFO: fd: 28, events: 4

2024-07-17 23:30:24.571599 INFO: fd: 26, events: 1

2024-07-17 23:30:24.571628 INFO: Thread 140246097688128 is running task

2024-07-17 23:30:24.571640 INFO: HttpConn 26 read success
2024-07-17 23:30:24.571648 INFO: GET / HTTP/1.1
2024-07-17 23:30:24.571653 INFO: Host: 39.98.202.182:9006
2024-07-17 23:30:24.571657 INFO: User-Agent: Go-http-client/1.1
2024-07-17 23:30:24.571661 INFO: oop!unknow header: User-Agent: Go-http-client/1.1
2024-07-17 23:30:24.571666 INFO: X-Vegeta-Seq: 3923
2024-07-17 23:30:24.571670 INFO: oop!unknow header: X-Vegeta-Seq: 3923
2024-07-17 23:30:24.571674 INFO: Accept-Encoding: gzip
2024-07-17 23:30:24.571678 INFO: oop!unknow header: Accept-Encoding: gzip
2024-07-17 23:30:24.571683 INFO: 
2024-07-17 23:30:24.571696 INFO: request:HTTP/1.1 200 OK

2024-07-17 23:30:24.571700 INFO: request:HTTP/1.1 200 OK
Content-Length:542

2024-07-17 23:30:24.571705 INFO: request:HTTP/1.1 200 OK
Content-Length:542
Connection:close

2024-07-17 23:30:24.571710 INFO: request:HTTP/1.1 200 OK
Content-Length:542
Connection:close


2024-07-17 23:30:24.571718 INFO: Thread 140246097688128 is running task

2024-07-17 23:30:24.571764 INFO: eventNum: 1
2024-07-17 23:30:24.571777 INFO: fd: 26, events: 4

2024-07-17 23:30:24.571812 INFO: Thread 140246122866240 is running task

2024-07-17 23:30:24.571848 INFO: eventNum: 1
2024-07-17 23:30:24.571855 INFO: fd: 18, events: 1

2024-07-17 23:30:24.571869 INFO: HttpConn 18 read success
2024-07-17 23:30:24.571879 INFO: GET / HTTP/1.1
2024-07-17 23:30:24.571884 INFO: Host: 39.98.202.182:9006
2024-07-17 23:30:24.571895 INFO: User-Agent: Go-http-client/1.1
2024-07-17 23:30:24.571899 INFO: oop!unknow header: User-Agent: Go-http-client/1.1
2024-07-17 23:30:24.571904 INFO: X-Vegeta-Seq: 3925
2024-07-17 23:30:24.571908 INFO: oop!unknow header: X-Vegeta-Seq: 3925
2024-07-17 23:30:24.571912 INFO: Accept-Encoding: gzip
2024-07-17 23:30:24.571916 INFO: oop!unknow header: Accept-Encoding: gzip
2024-07-17 23:30:24.571921 INFO: 
2024-07-17 23:30:24.571934 INFO: request:HTTP/1.1 200 OK

2024-07-17 23:30:24.571939 INFO: request:HTTP/1.1 200 OK
Content-Length:542

2024-07-17 23:30:24.571943 INFO: request:HTTP/1.1 200 OK
Content-Length:542
Connection:close

2024-07-17 23:30:24.571947 INFO: request:HTTP/1.1 200 OK
Content-Length:542
Connection:close


2024-07-17 23:30:24.571954 INFO: Thread 140246148044352 is running task

2024-07-17 23:30:24.571963 INFO: eventNum: 1
2024-07-17 23:30:24.571968 INFO: fd: 18, events: 4

2024-07-17 23:30:24.571994 INFO: Thread 140246114473536 is running task

2024-07-17 23:30:24.572011 INFO: eventNum: 1
2024-07-17 23:30:24.572018 INFO: fd: 33, events: 1

2024-07-17 23:30:24.572032 INFO: HttpConn 33 read success
2024-07-17 23:30:24.572043 INFO: GET / HTTP/1.1
2024-07-17 23:30:24.572050 INFO: Host: 39.98.202.182:9006
2024-07-17 23:30:24.572056 INFO: User-Agent: Go-http-client/1.1
2024-07-17 23:30:24.572062 INFO: oop!unknow header: User-Agent: Go-http-client/1.1
2024-07-17 23:30:24.572068 INFO: X-Vegeta-Seq: 3933
2024-07-17 23:30:24.572073 INFO: oop!unknow header: X-Vegeta-Seq: 3933
2024-07-17 23:30:24.572079 INFO: Accept-Encoding: gzip
2024-07-17 23:30:24.572084 INFO: oop!unknow header: Accept-Encoding: gzip
2024-07-17 23:30:24.572090 INFO: 
2024-07-17 23:30:24.572107 INFO: request:HTTP/1.1 200 OK

2024-07-17 23:30:24.572114 INFO: request:HTTP/1.1 200 OK
Content-Length:542

2024-07-17 23:30:24.572121 INFO: request:HTTP/1.1 200 OK
Content-Length:542
Connection:close

2024-07-17 23:30:24.572127 INFO: request:HTTP/1.1 200 OK
Content-Length:542
Connection:close


2024-07-17 23:30:24.572136 INFO: Thread 140246131258944 is running task

2024-07-17 23:30:24.572145 INFO: eventNum: 1
2024-07-17 23:30:24.572149 INFO: fd: 33, events: 4

2024-07-17 23:30:24.572175 INFO: Thread 140246139651648 is running task

2024-07-17 23:30:24.572192 INFO: eventNum: 1
2024-07-17 23:30:24.572200 INFO: fd: 16, events: 1

2024-07-17 23:30:24.572211 INFO: HttpConn 16 read success
2024-07-17 23:30:24.572223 INFO: GET / HTTP/1.1
2024-07-17 23:30:24.572231 INFO: Host: 39.98.202.182:9006
2024-07-17 23:30:24.572235 INFO: User-Agent: Go-http-client/1.1
2024-07-17 23:30:24.572239 INFO: oop!unknow header: User-Agent: Go-http-client/1.1
2024-07-17 23:30:24.572244 INFO: X-Vegeta-Seq: 3931
2024-07-17 23:30:24.572248 INFO: oop!unknow header: X-Vegeta-Seq: 3931
2024-07-17 23:30:24.572252 INFO: Accept-Encoding: gzip
2024-07-17 23:30:24.572257 INFO: oop!unknow header: Accept-Encoding: gzip
2024-07-17 23:30:24.572261 INFO: 
2024-07-17 23:30:24.572274 INFO: request:HTTP/1.1 200 OK

2024-07-17 23:30:24.572278 INFO: request:HTTP/1.1 200 OK
Content-Length:542

2024-07-17 23:30:24.572283 INFO: request:HTTP/1.1 200 OK
Content-Length:542
Connection:close

2024-07-17 23:30:24.572287 INFO: request:HTTP/1.1 200 OK
Content-Length:542
Connection:close


2024-07-17 23:30:24.572294 INFO: Thread 140246106080832 is running task

2024-07-17 23:30:24.572302 INFO: eventNum: 2
2024-07-17 23:30:24.572307 INFO: fd: 32, events: 1

2024-07-17 23:30:24.572317 INFO: HttpConn 32 read success
2024-07-17 23:30:24.572325 INFO: GET / HTTP/1.1
2024-07-17 23:30:24.572330 INFO: Host: 39.98.202.182:9006
2024-07-17 23:30:24.572334 INFO: User-Agent: Go-http-client/1.1
2024-07-17 23:30:24.572339 INFO: oop!unknow header: User-Agent: Go-http-client/1.1
2024-07-17 23:30:24.572345 INFO: X-Vegeta-Seq: 3924
2024-07-17 23:30:24.572352 INFO: oop!unknow header: X-Vegeta-Seq: 3924
2024-07-17 23:30:24.572358 INFO: Accept-Encoding: gzip
2024-07-17 23:30:24.572364 INFO: oop!unknow header: Accept-Encoding: gzip
2024-07-17 23:30:24.572370 INFO: 
2024-07-17 23:30:24.572390 INFO: request:HTTP/1.1 200 OK

2024-07-17 23:30:24.572403 INFO: request:HTTP/1.1 200 OK
Content-Length:542

2024-07-17 23:30:24.572410 INFO: request:HTTP/1.1 200 OK
Content-Length:542
Connection:close

2024-07-17 23:30:24.572417 INFO: request:HTTP/1.1 200 OK
Content-Length:542
Connection:close


2024-07-17 23:30:24.572426 INFO: Thread 140246097688128 is running task

2024-07-17 23:30:24.572435 INFO: fd: 16, events: 4

2024-07-17 23:30:24.572461 INFO: Thread 140246156437056 is running task

2024-07-17 23:30:24.572474 INFO: eventNum: 2
2024-07-17 23:30:24.572479 INFO: fd: 30, events: 1

2024-07-17 23:30:24.572491 INFO: HttpConn 30 read success
2024-07-17 23:30:24.572524 INFO: GET / HTTP/1.1
2024-07-17 23:30:24.572530 INFO: Host: 39.98.202.182:9006
2024-07-17 23:30:24.572534 INFO: User-Agent: Go-http-client/1.1
2024-07-17 23:30:24.572539 INFO: oop!unknow header: User-Agent: Go-http-client/1.1
2024-07-17 23:30:24.572543 INFO: X-Vegeta-Seq: 3926
2024-07-17 23:30:24.572547 INFO: oop!unknow header: X-Vegeta-Seq: 3926
2024-07-17 23:30:24.572552 INFO: Accept-Encoding: gzip
2024-07-17 23:30:24.572556 INFO: oop!unknow header: Accept-Encoding: gzip
2024-07-17 23:30:24.572560 INFO: 
2024-07-17 23:30:24.572572 INFO: request:HTTP/1.1 200 OK

2024-07-17 23:30:24.572577 INFO: request:HTTP/1.1 200 OK
Content-Length:542

2024-07-17 23:30:24.572581 INFO: request:HTTP/1.1 200 OK
Content-Length:542
Connection:close

2024-07-17 23:30:24.572586 INFO: request:HTTP/1.1 200 OK
Content-Length:542
Connection:close


2024-07-17 23:30:24.572593 INFO: Thread 140246122866240 is running task

2024-07-17 23:30:24.572600 INFO: fd: 32, events: 4

2024-07-17 23:30:24.572624 INFO: Thread 140246148044352 is running task

2024-07-17 23:30:24.572637 INFO: eventNum: 1
2024-07-17 23:30:24.572642 INFO: fd: 30, events: 4

2024-07-17 23:30:24.572665 INFO: Thread 140246114473536 is running task

2024-07-17 23:30:24.573055 INFO: eventNum: 1
2024-07-17 23:30:24.573075 INFO: fd: 13, events: 1

2024-07-17 23:30:24.573080 INFO: HandleListenEvent 13
2024-07-17 23:30:24.573098 INFO: HttpConn 34 init success
2024-07-17 23:30:24.573104 INFO: addTimer id:34 expireTime:1721230724
2024-07-17 23:30:24.573114 INFO: Client[34] in!
2024-07-17 23:30:24.573119 INFO: HandleListenEvent 13
2024-07-17 23:30:24.573128 ERROR: Accept failure -1
2024-07-17 23:30:24.573134 INFO: eventNum: 1
2024-07-17 23:30:24.573138 INFO: fd: 34, events: 1

2024-07-17 23:30:24.573149 INFO: HttpConn 34 read success
2024-07-17 23:30:24.573158 INFO: GET / HTTP/1.1
2024-07-17 23:30:24.573163 INFO: Host: 39.98.202.182:9006
2024-07-17 23:30:24.573167 INFO: User-Agent: Go-http-client/1.1
2024-07-17 23:30:24.573171 INFO: oop!unknow header: User-Agent: Go-http-client/1.1
2024-07-17 23:30:24.573176 INFO: X-Vegeta-Seq: 3934
2024-07-17 23:30:24.573180 INFO: oop!unknow header: X-Vegeta-Seq: 3934
2024-07-17 23:30:24.573184 INFO: Accept-Encoding: gzip
2024-07-17 23:30:24.573188 INFO: oop!unknow header: Accept-Encoding: gzip
2024-07-17 23:30:24.573193 INFO: 
2024-07-17 23:30:24.573206 INFO: request:HTTP/1.1 200 OK

2024-07-17 23:30:24.573211 INFO: request:HTTP/1.1 200 OK
Content-Length:542

2024-07-17 23:30:24.573215 INFO: request:HTTP/1.1 200 OK
Content-Length:542
Connection:close

2024-07-17 23:30:24.573219 INFO: request:HTTP/1.1 200 OK
Content-Length:542
Connection:close


2024-07-17 23:30:24.573228 INFO: Thread 140246131258944 is running task

2024-07-17 23:30:24.573236 INFO: eventNum: 1
2024-07-17 23:30:24.573244 INFO: fd: 34, events: 4

2024-07-17 23:30:24.573272 INFO: Thread 140246139651648 is running task

2024-07-17 23:30:24.586918 INFO: eventNum: 1
2024-07-17 23:30:24.586973 INFO: fd: 13, events: 1

2024-07-17 23:30:24.586979 INFO: HandleListenEvent 13
2024-07-17 23:30:24.587005 INFO: HttpConn 35 init success
2024-07-17 23:30:24.587013 INFO: addTimer id:35 expireTime:1721230724
2024-07-17 23:30:24.587027 INFO: Client[35] in!
2024-07-17 23:30:24.587032 INFO: HandleListenEvent 13
2024-07-17 23:30:24.587043 ERROR: Accept failure -1
2024-07-17 23:30:24.587161 INFO: eventNum: 2
2024-07-17 23:30:24.587181 INFO: fd: 13, events: 1

2024-07-17 23:30:24.587186 INFO: HandleListenEvent 13
2024-07-17 23:30:24.587198 INFO: HttpConn 36 init success
2024-07-17 23:30:24.587203 INFO: addTimer id:36 expireTime:1721230724
2024-07-17 23:30:24.587212 INFO: Client[36] in!
2024-07-17 23:30:24.587217 INFO: HandleListenEvent 13
2024-07-17 23:30:24.587231 INFO: HttpConn 37 init success
2024-07-17 23:30:24.587239 INFO: addTimer id:37 expireTime:1721230724
2024-07-17 23:30:24.587249 INFO: Client[37] in!
2024-07-17 23:30:24.587256 INFO: HandleListenEvent 13
2024-07-17 23:30:24.587267 ERROR: Accept failure -1
2024-07-17 23:30:24.587274 INFO: fd: 17, events: 8193

2024-07-17 23:30:24.587301 INFO: HttpConn 17 close success
2024-07-17 23:30:24.587312 INFO: Client[17] quit!
2024-07-17 23:30:24.587318 INFO: eventNum: 1
2024-07-17 23:30:24.587323 INFO: fd: 29, events: 8193

2024-07-17 23:30:24.587335 INFO: HttpConn 29 close success
2024-07-17 23:30:24.587342 INFO: Client[29] quit!
2024-07-17 23:30:24.587366 INFO: eventNum: 1
2024-07-17 23:30:24.587374 INFO: fd: 13, events: 1

2024-07-17 23:30:24.587378 INFO: HandleListenEvent 13
2024-07-17 23:30:24.587390 INFO: HttpConn 17 init success
2024-07-17 23:30:24.587395 INFO: addTimer id:17 expireTime:1721230724
2024-07-17 23:30:24.587404 INFO: Client[17] in!
2024-07-17 23:30:24.587409 INFO: HandleListenEvent 13
2024-07-17 23:30:24.587416 ERROR: Accept failure -1
2024-07-17 23:30:24.587599 INFO: eventNum: 1
2024-07-17 23:30:24.587609 INFO: fd: 31, events: 8193

2024-07-17 23:30:24.587626 INFO: HttpConn 31 close success
2024-07-17 23:30:24.587635 INFO: Client[31] quit!
2024-07-17 23:30:24.587642 INFO: eventNum: 1
2024-07-17 23:30:24.587649 INFO: fd: 35, events: 1

2024-07-17 23:30:24.587669 INFO: HttpConn 35 read success
2024-07-17 23:30:24.587686 INFO: GET / HTTP/1.1
2024-07-17 23:30:24.587693 INFO: Host: 39.98.202.182:9006
2024-07-17 23:30:24.587698 INFO: User-Agent: Go-http-client/1.1
2024-07-17 23:30:24.587702 INFO: oop!unknow header: User-Agent: Go-http-client/1.1
2024-07-17 23:30:24.587707 INFO: X-Vegeta-Seq: 3935
2024-07-17 23:30:24.587711 INFO: oop!unknow header: X-Vegeta-Seq: 3935
2024-07-17 23:30:24.587715 INFO: Accept-Encoding: gzip
2024-07-17 23:30:24.587720 INFO: oop!unknow header: Accept-Encoding: gzip
2024-07-17 23:30:24.587724 INFO: 
2024-07-17 23:30:24.587749 INFO: request:HTTP/1.1 200 OK

2024-07-17 23:30:24.587754 INFO: request:HTTP/1.1 200 OK
Content-Length:542

2024-07-17 23:30:24.587758 INFO: request:HTTP/1.1 200 OK
Content-Length:542
Connection:close

2024-07-17 23:30:24.587763 INFO: request:HTTP/1.1 200 OK
Content-Length:542
Connection:close


2024-07-17 23:30:24.587780 INFO: Thread 140246106080832 is running task

2024-07-17 23:30:24.587791 INFO: eventNum: 1
2024-07-17 23:30:24.587795 INFO: fd: 35, events: 4

2024-07-17 23:30:24.587834 INFO: Thread 140246097688128 is running task

2024-07-17 23:30:24.588439 INFO: eventNum: 1
2024-07-17 23:30:24.588471 INFO: fd: 13, events: 1

2024-07-17 23:30:24.588478 INFO: HandleListenEvent 13
2024-07-17 23:30:24.588502 INFO: HttpConn 29 init success
2024-07-17 23:30:24.588509 INFO: addTimer id:29 expireTime:1721230724
2024-07-17 23:30:24.588521 INFO: Client[29] in!
2024-07-17 23:30:24.588526 INFO: HandleListenEvent 13
2024-07-17 23:30:24.588535 ERROR: Accept failure -1
2024-07-17 23:30:24.589540 INFO: eventNum: 1
2024-07-17 23:30:24.589565 INFO: fd: 34, events: 8193

2024-07-17 23:30:24.589587 INFO: HttpConn 34 close success
2024-07-17 23:30:24.589593 INFO: Client[34] quit!
2024-07-17 23:30:24.589623 INFO: eventNum: 1
2024-07-17 23:30:24.589630 INFO: fd: 30, events: 8193

2024-07-17 23:30:24.589642 INFO: HttpConn 30 close success
2024-07-17 23:30:24.589648 INFO: Client[30] quit!
2024-07-17 23:30:24.589973 INFO: eventNum: 1
2024-07-17 23:30:24.589989 INFO: fd: 33, events: 8193

2024-07-17 23:30:24.590005 INFO: HttpConn 33 close success
2024-07-17 23:30:24.590010 INFO: Client[33] quit!
2024-07-17 23:30:24.590200 INFO: eventNum: 1
2024-07-17 23:30:24.590215 INFO: fd: 18, events: 8193

2024-07-17 23:30:24.590228 INFO: HttpConn 18 close success
2024-07-17 23:30:24.590242 INFO: Client[18] quit!
2024-07-17 23:30:24.591585 INFO: eventNum: 1
2024-07-17 23:30:24.591613 INFO: fd: 28, events: 8193

2024-07-17 23:30:24.591632 INFO: HttpConn 28 close success
2024-07-17 23:30:24.591637 INFO: Client[28] quit!
2024-07-17 23:30:24.591778 INFO: eventNum: 1
2024-07-17 23:30:24.591790 INFO: fd: 26, events: 8193

2024-07-17 23:30:24.591803 INFO: HttpConn 26 close success
2024-07-17 23:30:24.591809 INFO: Client[26] quit!
2024-07-17 23:30:24.592040 INFO: eventNum: 1
2024-07-17 23:30:24.592054 INFO: fd: 32, events: 8193

2024-07-17 23:30:24.592069 INFO: HttpConn 32 close success
2024-07-17 23:30:24.592074 INFO: Client[32] quit!
2024-07-17 23:30:24.592871 INFO: eventNum: 1
2024-07-17 23:30:24.592892 INFO: fd: 37, events: 1

2024-07-17 23:30:24.592918 INFO: HttpConn 37 read success
2024-07-17 23:30:24.592946 INFO: GET / HTTP/1.1
2024-07-17 23:30:24.592953 INFO: Host: 39.98.202.182:9006
2024-07-17 23:30:24.592957 INFO: User-Agent: Go-http-client/1.1
2024-07-17 23:30:24.592962 INFO: oop!unknow header: User-Agent: Go-http-client/1.1
2024-07-17 23:30:24.592966 INFO: X-Vegeta-Seq: 3942
2024-07-17 23:30:24.592970 INFO: oop!unknow header: X-Vegeta-Seq: 3942
2024-07-17 23:30:24.592975 INFO: Accept-Encoding: gzip
2024-07-17 23:30:24.592979 INFO: oop!unknow header: Accept-Encoding: gzip
2024-07-17 23:30:24.592983 INFO: 
2024-07-17 23:30:24.593009 INFO: request:HTTP/1.1 200 OK

2024-07-17 23:30:24.593012 INFO: eventNum: 1
2024-07-17 23:30:24.593031 INFO: fd: 29, events: 1

2024-07-17 23:30:24.593013 INFO: request:HTTP/1.1 200 OK
Content-Length:542

2024-07-17 23:30:24.593046 INFO: request:HTTP/1.1 200 OK
Content-Length:542
Connection:close

2024-07-17 23:30:24.593051 INFO: request:HTTP/1.1 200 OK
Content-Length:542
Connection:close


2024-07-17 23:30:24.593069 INFO: eventNum: 1
2024-07-17 23:30:24.593079 INFO: fd: 37, events: 4

2024-07-17 23:30:24.593081 INFO: HttpConn 29 read success
2024-07-17 23:30:24.593092 INFO: GET / HTTP/1.1
2024-07-17 23:30:24.593097 INFO: Host: 39.98.202.182:9006
2024-07-17 23:30:24.593102 INFO: User-Agent: Go-http-client/1.1
2024-07-17 23:30:24.593106 INFO: oop!unknow header: User-Agent: Go-http-client/1.1
2024-07-17 23:30:24.593110 INFO: X-Vegeta-Seq: 3941
2024-07-17 23:30:24.593115 INFO: oop!unknow header: X-Vegeta-Seq: 3941
2024-07-17 23:30:24.593119 INFO: Accept-Encoding: gzip
2024-07-17 23:30:24.593123 INFO: oop!unknow header: Accept-Encoding: gzip
2024-07-17 23:30:24.593127 INFO: 
2024-07-17 23:30:24.593140 INFO: request:HTTP/1.1 200 OK

2024-07-17 23:30:24.593145 INFO: request:HTTP/1.1 200 OK
Content-Length:542

2024-07-17 23:30:24.593149 INFO: request:HTTP/1.1 200 OK
Content-Length:542
Connection:close

2024-07-17 23:30:24.593163 INFO: request:HTTP/1.1 200 OK
Content-Length:542
Connection:close


2024-07-17 23:30:24.593175 INFO: Thread 140246122866240 is running task

2024-07-17 23:30:24.593202 INFO: eventNum: 1
2024-07-17 23:30:24.593213 INFO: Thread 140246122866240 is running task

2024-07-17 23:30:24.593213 INFO: fd: 29, events: 4

2024-07-17 23:30:24.593071 INFO: Thread 140246156437056 is running task

2024-07-17 23:30:24.593249 INFO: Thread 140246156437056 is running task

2024-07-17 23:30:24.593606 INFO: eventNum: 1
2024-07-17 23:30:24.593622 INFO: fd: 16, events: 8193

2024-07-17 23:30:24.593639 INFO: HttpConn 16 close success
2024-07-17 23:30:24.593644 INFO: Client[16] quit!
2024-07-17 23:30:24.593943 INFO: eventNum: 1
2024-07-17 23:30:24.593956 INFO: fd: 36, events: 1

2024-07-17 23:30:24.593975 INFO: HttpConn 36 read success
2024-07-17 23:30:24.593996 INFO: GET / HTTP/1.1
2024-07-17 23:30:24.594002 INFO: Host: 39.98.202.182:9006
2024-07-17 23:30:24.594007 INFO: User-Agent: Go-http-client/1.1
2024-07-17 23:30:24.594011 INFO: oop!unknow header: User-Agent: Go-http-client/1.1
2024-07-17 23:30:24.594016 INFO: X-Vegeta-Seq: 3939
2024-07-17 23:30:24.594020 INFO: oop!unknow header: X-Vegeta-Seq: 3939
2024-07-17 23:30:24.594024 INFO: Accept-Encoding: gzip
2024-07-17 23:30:24.594029 INFO: oop!unknow header: Accept-Encoding: gzip
2024-07-17 23:30:24.594041 INFO: 
2024-07-17 23:30:24.594059 INFO: request:HTTP/1.1 200 OK

2024-07-17 23:30:24.594064 INFO: request:HTTP/1.1 200 OK
Content-Length:542

2024-07-17 23:30:24.594069 INFO: request:HTTP/1.1 200 OK
Content-Length:542
Connection:close

2024-07-17 23:30:24.594073 INFO: request:HTTP/1.1 200 OK
Content-Length:542
Connection:close


2024-07-17 23:30:24.594075 INFO: eventNum: 1
2024-07-17 23:30:24.594084 INFO: Thread 140246131258944 is running task

2024-07-17 23:30:24.594086 INFO: fd: 13, events: 1

2024-07-17 23:30:24.594099 INFO: HandleListenEvent 13
2024-07-17 23:30:24.594130 INFO: HttpConn 16 init success
2024-07-17 23:30:24.594138 INFO: addTimer id:16 expireTime:1721230724
2024-07-17 23:30:24.594158 INFO: Client[16] in!
2024-07-17 23:30:24.594163 INFO: HandleListenEvent 13
2024-07-17 23:30:24.594172 ERROR: Accept failure -1
2024-07-17 23:30:24.594178 INFO: eventNum: 2
2024-07-17 23:30:24.594182 INFO: fd: 36, events: 4

2024-07-17 23:30:24.594193 INFO: fd: 17, events: 1

2024-07-17 23:30:24.594224 INFO: Thread 140246139651648 is running task

2024-07-17 23:30:24.594236 INFO: HttpConn 17 read success
2024-07-17 23:30:24.594247 INFO: GET / HTTP/1.1
2024-07-17 23:30:24.594255 INFO: Host: 39.98.202.182:9006
2024-07-17 23:30:24.594260 INFO: User-Agent: Go-http-client/1.1
2024-07-17 23:30:24.594264 INFO: oop!unknow header: User-Agent: Go-http-client/1.1
2024-07-17 23:30:24.594268 INFO: X-Vegeta-Seq: 3936
2024-07-17 23:30:24.594272 INFO: oop!unknow header: X-Vegeta-Seq: 3936
2024-07-17 23:30:24.594277 INFO: Accept-Encoding: gzip
2024-07-17 23:30:24.594281 INFO: oop!unknow header: Accept-Encoding: gzip
2024-07-17 23:30:24.594285 INFO: 
2024-07-17 23:30:24.594299 INFO: request:HTTP/1.1 200 OK

2024-07-17 23:30:24.594303 INFO: request:HTTP/1.1 200 OK
Content-Length:542

2024-07-17 23:30:24.594307 INFO: request:HTTP/1.1 200 OK
Content-Length:542
Connection:close

2024-07-17 23:30:24.594312 INFO: request:HTTP/1.1 200 OK
Content-Length:542
Connection:close


2024-07-17 23:30:24.594324 INFO: Thread 140246139651648 is running task

2024-07-17 23:30:24.594331 INFO: eventNum: 1
2024-07-17 23:30:24.594342 INFO: fd: 17, events: 4

2024-07-17 23:30:24.594372 INFO: Thread 140246097688128 is running task

2024-07-17 23:30:24.594397 INFO: eventNum: 1
2024-07-17 23:30:24.594411 INFO: fd: 13, events: 1

2024-07-17 23:30:24.594415 INFO: HandleListenEvent 13
2024-07-17 23:30:24.594425 INFO: HttpConn 18 init success
2024-07-17 23:30:24.594430 INFO: addTimer id:18 expireTime:1721230724
2024-07-17 23:30:24.594447 INFO: Client[18] in!
2024-07-17 23:30:24.594487 INFO: HandleListenEvent 13
2024-07-17 23:30:24.594529 ERROR: Accept failure -1
2024-07-17 23:30:24.594536 INFO: eventNum: 2
2024-07-17 23:30:24.594540 INFO: fd: 16, events: 1

2024-07-17 23:30:24.594550 INFO: fd: 18, events: 1

2024-07-17 23:30:24.594557 INFO: HttpConn 16 read success
2024-07-17 23:30:24.594573 INFO: GET / HTTP/1.1
2024-07-17 23:30:24.594579 INFO: Host: 39.98.202.182:9006
2024-07-17 23:30:24.594583 INFO: User-Agent: Go-http-client/1.1
2024-07-17 23:30:24.594588 INFO: oop!unknow header: User-Agent: Go-http-client/1.1
2024-07-17 23:30:24.594592 INFO: X-Vegeta-Seq: 3940
2024-07-17 23:30:24.594596 INFO: oop!unknow header: X-Vegeta-Seq: 3940
2024-07-17 23:30:24.594601 INFO: Accept-Encoding: gzip
2024-07-17 23:30:24.594605 INFO: oop!unknow header: Accept-Encoding: gzip
2024-07-17 23:30:24.594609 INFO: 
2024-07-17 23:30:24.594623 INFO: request:HTTP/1.1 200 OK

2024-07-17 23:30:24.594629 INFO: request:HTTP/1.1 200 OK
Content-Length:542

2024-07-17 23:30:24.594633 INFO: request:HTTP/1.1 200 OK
Content-Length:542
Connection:close

2024-07-17 23:30:24.594637 INFO: request:HTTP/1.1 200 OK
Content-Length:542
Connection:close


2024-07-17 23:30:24.594651 INFO: Thread 140246122866240 is running task

2024-07-17 23:30:24.594656 INFO: eventNum: 1
2024-07-17 23:30:24.594658 INFO: HttpConn 18 read success
2024-07-17 23:30:24.594669 INFO: fd: 16, events: 4

2024-07-17 23:30:24.594678 INFO: GET / HTTP/1.1
2024-07-17 23:30:24.594693 INFO: Host: 39.98.202.182:9006
2024-07-17 23:30:24.594704 INFO: User-Agent: Go-http-client/1.1
2024-07-17 23:30:24.594709 INFO: oop!unknow header: User-Agent: Go-http-client/1.1
2024-07-17 23:30:24.594713 INFO: X-Vegeta-Seq: 3944
2024-07-17 23:30:24.594717 INFO: oop!unknow header: X-Vegeta-Seq: 3944
2024-07-17 23:30:24.594722 INFO: Accept-Encoding: gzip
2024-07-17 23:30:24.594726 INFO: oop!unknow header: Accept-Encoding: gzip
2024-07-17 23:30:24.594730 INFO: 
2024-07-17 23:30:24.594742 INFO: request:HTTP/1.1 200 OK

2024-07-17 23:30:24.594747 INFO: request:HTTP/1.1 200 OK
Content-Length:542

2024-07-17 23:30:24.594751 INFO: request:HTTP/1.1 200 OK
Content-Length:542
Connection:close

2024-07-17 23:30:24.594755 INFO: request:HTTP/1.1 200 OK
Content-Length:542
Connection:close


2024-07-17 23:30:24.594767 INFO: Thread 140246122866240 is running task

2024-07-17 23:30:24.594771 INFO: eventNum: 1
2024-07-17 23:30:24.594780 INFO: fd: 18, events: 4

2024-07-17 23:30:24.594795 INFO: Thread 140246122866240 is running task

2024-07-17 23:30:24.594814 INFO: Thread 140246122866240 is running task

2024-07-17 23:30:24.595387 INFO: eventNum: 1
2024-07-17 23:30:24.595406 INFO: fd: 13, events: 1

2024-07-17 23:30:24.595411 INFO: HandleListenEvent 13
2024-07-17 23:30:24.595422 INFO: HttpConn 26 init success
2024-07-17 23:30:24.595428 INFO: addTimer id:26 expireTime:1721230724
2024-07-17 23:30:24.595444 INFO: Client[26] in!
2024-07-17 23:30:24.595455 INFO: HandleListenEvent 13
2024-07-17 23:30:24.595463 ERROR: Accept failure -1
2024-07-17 23:30:24.597329 INFO: eventNum: 1
2024-07-17 23:30:24.597355 INFO: fd: 13, events: 1

2024-07-17 23:30:24.597360 INFO: HandleListenEvent 13
2024-07-17 23:30:24.597376 INFO: HttpConn 28 init success
2024-07-17 23:30:24.597382 INFO: addTimer id:28 expireTime:1721230724
2024-07-17 23:30:24.597392 INFO: Client[28] in!
2024-07-17 23:30:24.597397 INFO: HandleListenEvent 13
2024-07-17 23:30:24.597405 ERROR: Accept failure -1
2024-07-17 23:30:24.597624 INFO: eventNum: 1
2024-07-17 23:30:24.597636 INFO: fd: 26, events: 1

2024-07-17 23:30:24.597657 INFO: HttpConn 26 read success
2024-07-17 23:30:24.597679 INFO: GET / HTTP/1.1
2024-07-17 23:30:24.597685 INFO: Host: 39.98.202.182:9006
2024-07-17 23:30:24.597690 INFO: User-Agent: Go-http-client/1.1
2024-07-17 23:30:24.597692 INFO: eventNum: 1
2024-07-17 23:30:24.597709 INFO: fd: 28, events: 1

2024-07-17 23:30:24.597694 INFO: oop!unknow header: User-Agent: Go-http-client/1.1
2024-07-17 23:30:24.597724 INFO: X-Vegeta-Seq: 3943
2024-07-17 23:30:24.597728 INFO: oop!unknow header: X-Vegeta-Seq: 3943
2024-07-17 23:30:24.597733 INFO: Accept-Encoding: gzip
2024-07-17 23:30:24.597737 INFO: oop!unknow header: Accept-Encoding: gzip
2024-07-17 23:30:24.597741 INFO: 
2024-07-17 23:30:24.597759 INFO: request:HTTP/1.1 200 OK

2024-07-17 23:30:24.597764 INFO: request:HTTP/1.1 200 OK
Content-Length:542

2024-07-17 23:30:24.597769 INFO: request:HTTP/1.1 200 OK
Content-Length:542
Connection:close

2024-07-17 23:30:24.597773 INFO: request:HTTP/1.1 200 OK
Content-Length:542
Connection:close


2024-07-17 23:30:24.597789 INFO: Thread 140246131258944 is running task

2024-07-17 23:30:24.597790 INFO: eventNum: 1
2024-07-17 23:30:24.597807 INFO: fd: 26, events: 4

2024-07-17 23:30:24.597798 INFO: HttpConn 28 read success
2024-07-17 23:30:24.597825 INFO: GET / HTTP/1.1
2024-07-17 23:30:24.597830 INFO: Host: 39.98.202.182:9006
2024-07-17 23:30:24.597835 INFO: User-Agent: Go-http-client/1.1
2024-07-17 23:30:24.597839 INFO: oop!unknow header: User-Agent: Go-http-client/1.1
2024-07-17 23:30:24.597843 INFO: X-Vegeta-Seq: 3947
2024-07-17 23:30:24.597848 INFO: oop!unknow header: X-Vegeta-Seq: 3947
2024-07-17 23:30:24.597852 INFO: Accept-Encoding: gzip
2024-07-17 23:30:24.597856 INFO: oop!unknow header: Accept-Encoding: gzip
2024-07-17 23:30:24.597860 INFO: 
2024-07-17 23:30:24.597872 INFO: request:HTTP/1.1 200 OK

2024-07-17 23:30:24.597877 INFO: request:HTTP/1.1 200 OK
Content-Length:542

2024-07-17 23:30:24.597881 INFO: request:HTTP/1.1 200 OK
Content-Length:542
Connection:close

2024-07-17 23:30:24.597892 INFO: request:HTTP/1.1 200 OK
Content-Length:542
Connection:close


2024-07-17 23:30:24.597906 INFO: Thread 140246131258944 is running task

2024-07-17 23:30:24.597911 INFO: eventNum: 1
2024-07-17 23:30:24.597920 INFO: fd: 28, events: 4

2024-07-17 23:30:24.597939 INFO: Thread 140246131258944 is running task

2024-07-17 23:30:24.597963 INFO: Thread 140246131258944 is running task

2024-07-17 23:30:24.602616 INFO: eventNum: 1
2024-07-17 23:30:24.602660 INFO: fd: 35, events: 8193

2024-07-17 23:30:24.602687 INFO: HttpConn 35 close success
2024-07-17 23:30:24.602693 INFO: Client[35] quit!
2024-07-17 23:30:24.605209 INFO: eventNum: 1
2024-07-17 23:30:24.605244 INFO: fd: 37, events: 8193

2024-07-17 23:30:24.605267 INFO: HttpConn 37 close success
2024-07-17 23:30:24.605273 INFO: Client[37] quit!
2024-07-17 23:30:24.609018 INFO: eventNum: 1
2024-07-17 23:30:24.609054 INFO: fd: 18, events: 8193

2024-07-17 23:30:24.609078 INFO: HttpConn 18 close success
2024-07-17 23:30:24.609084 INFO: Client[18] quit!
2024-07-17 23:30:24.609528 INFO: eventNum: 1
2024-07-17 23:30:24.609544 INFO: fd: 17, events: 8193

2024-07-17 23:30:24.609560 INFO: HttpConn 17 close success
2024-07-17 23:30:24.609566 INFO: Client[17] quit!
2024-07-17 23:30:24.609703 INFO: eventNum: 1
2024-07-17 23:30:24.609714 INFO: fd: 36, events: 8193

2024-07-17 23:30:24.609728 INFO: HttpConn 36 close success
2024-07-17 23:30:24.609733 INFO: Client[36] quit!
2024-07-17 23:30:24.609832 INFO: eventNum: 1
2024-07-17 23:30:24.609859 INFO: fd: 29, events: 8193

2024-07-17 23:30:24.609884 INFO: HttpConn 29 close success
2024-07-17 23:30:24.609894 INFO: Client[29] quit!
2024-07-17 23:30:24.616267 INFO: eventNum: 1
2024-07-17 23:30:24.616311 INFO: fd: 13, events: 1

2024-07-17 23:30:24.616317 INFO: HandleListenEvent 13
2024-07-17 23:30:24.616344 INFO: HttpConn 17 init success
2024-07-17 23:30:24.616351 INFO: addTimer id:17 expireTime:1721230724
2024-07-17 23:30:24.616365 INFO: Client[17] in!
2024-07-17 23:30:24.616371 INFO: HandleListenEvent 13
2024-07-17 23:30:24.616385 ERROR: Accept failure -1
2024-07-17 23:30:24.617021 INFO: eventNum: 1
2024-07-17 23:30:24.617038 INFO: fd: 17, events: 1

2024-07-17 23:30:24.617056 INFO: HttpConn 17 read success
2024-07-17 23:30:24.617068 INFO: GET / HTTP/1.1
2024-07-17 23:30:24.617075 INFO: Host: 39.98.202.182:9006
2024-07-17 23:30:24.617081 INFO: User-Agent: Go-http-client/1.1
2024-07-17 23:30:24.617085 INFO: oop!unknow header: User-Agent: Go-http-client/1.1
2024-07-17 23:30:24.617090 INFO: X-Vegeta-Seq: 3951
2024-07-17 23:30:24.617094 INFO: oop!unknow header: X-Vegeta-Seq: 3951
2024-07-17 23:30:24.617098 INFO: Accept-Encoding: gzip
2024-07-17 23:30:24.617103 INFO: oop!unknow header: Accept-Encoding: gzip
2024-07-17 23:30:24.617107 INFO: 
2024-07-17 23:30:24.617132 INFO: request:HTTP/1.1 200 OK

2024-07-17 23:30:24.617137 INFO: request:HTTP/1.1 200 OK
Content-Length:542

2024-07-17 23:30:24.617142 INFO: request:HTTP/1.1 200 OK
Content-Length:542
Connection:close

2024-07-17 23:30:24.617146 INFO: request:HTTP/1.1 200 OK
Content-Length:542
