2024-07-17 23:32:22.879765 INFO: 
2024-07-17 23:32:22.879845 INFO: request:HTTP/1.1 200 OK

2024-07-17 23:32:22.879853 INFO: request:HTTP/1.1 200 OK
Content-Length:542

2024-07-17 23:32:22.879860 INFO: request:HTTP/1.1 200 OK
Content-Length:542
Connection:close

2024-07-17 23:32:22.879866 INFO: request:HTTP/1.1 200 OK
Content-Length:542
Connection:close


2024-07-17 23:32:22.879878 INFO: Thread 140246122866240 is running task

2024-07-17 23:32:22.879928 INFO: Thread 140246131258944 is running task

2024-07-17 23:32:22.879941 INFO: fd: 198, events: 4

2024-07-17 23:32:22.879957 INFO: eventNum: 1
2024-07-17 23:32:22.879963 INFO: fd: 162, events: 4

2024-07-17 23:32:22.880029 INFO: Thread 140246148044352 is running task

2024-07-17 23:32:22.880048 INFO: Thread 140246156437056 is running task

2024-07-17 23:32:22.906225 INFO: eventNum: 2
2024-07-17 23:32:22.906282 INFO: fd: 126, events: 8193

2024-07-17 23:32:22.906318 INFO: HttpConn 126 close success
2024-07-17 23:32:22.906324 INFO: Client[126] quit!
2024-07-17 23:32:22.906329 INFO: fd: 426, events: 8193

2024-07-17 23:32:22.906343 INFO: HttpConn 426 close success
2024-07-17 23:32:22.906349 INFO: Client[426] quit!
2024-07-17 23:32:22.906678 INFO: eventNum: 1
2024-07-17 23:32:22.906692 INFO: fd: 172, events: 8193

2024-07-17 23:32:22.906710 INFO: HttpConn 172 close success
2024-07-17 23:32:22.906718 INFO: Client[172] quit!
2024-07-17 23:32:22.906724 INFO: eventNum: 1
2024-07-17 23:32:22.906728 INFO: fd: 173, events: 8193

2024-07-17 23:32:22.906741 INFO: HttpConn 173 close success
2024-07-17 23:32:22.906748 INFO: Client[173] quit!
2024-07-17 23:32:22.907077 INFO: eventNum: 1
2024-07-17 23:32:22.907091 INFO: fd: 136, events: 8193

2024-07-17 23:32:22.907108 INFO: HttpConn 136 close success
2024-07-17 23:32:22.907115 INFO: Client[136] quit!
2024-07-17 23:32:22.907957 INFO: eventNum: 1
2024-07-17 23:32:22.907981 INFO: fd: 32, events: 8193

2024-07-17 23:32:22.908003 INFO: HttpConn 32 close success
2024-07-17 23:32:22.908012 INFO: Client[32] quit!
2024-07-17 23:32:22.908175 INFO: eventNum: 1
2024-07-17 23:32:22.908185 INFO: fd: 384, events: 8193

2024-07-17 23:32:22.908204 INFO: HttpConn 384 close success
2024-07-17 23:32:22.908212 INFO: Client[384] quit!
2024-07-17 23:32:22.909629 INFO: eventNum: 1
2024-07-17 23:32:22.909669 INFO: fd: 138, events: 8193

2024-07-17 23:32:22.909694 INFO: HttpConn 138 close success
2024-07-17 23:32:22.909705 INFO: Client[138] quit!
2024-07-17 23:32:22.909788 INFO: eventNum: 1
2024-07-17 23:32:22.909799 INFO: fd: 371, events: 8193

2024-07-17 23:32:22.909814 INFO: HttpConn 371 close success
2024-07-17 23:32:22.909827 INFO: Client[371] quit!
2024-07-17 23:32:22.910526 INFO: eventNum: 1
2024-07-17 23:32:22.910555 INFO: fd: 13, events: 1

2024-07-17 23:32:22.910563 INFO: HandleListenEvent 13
2024-07-17 23:32:22.910594 INFO: HttpConn 32 init success
2024-07-17 23:32:22.910606 INFO: addTimer id:32 expireTime:1721230842
2024-07-17 23:32:22.910625 INFO: Client[32] in!
2024-07-17 23:32:22.910632 INFO: HandleListenEvent 13
2024-07-17 23:32:22.910647 ERROR: Accept failure -1
2024-07-17 23:32:22.910656 INFO: eventNum: 1
2024-07-17 23:32:22.910662 INFO: fd: 32, events: 1

2024-07-17 23:32:22.910683 INFO: HttpConn 32 read success
2024-07-17 23:32:22.910701 INFO: GET / HTTP/1.1
2024-07-17 23:32:22.910711 INFO: Host: 39.98.202.182:9006
2024-07-17 23:32:22.910718 INFO: User-Agent: Go-http-client/1.1
2024-07-17 23:32:22.910725 INFO: oop!unknow header: User-Agent: Go-http-client/1.1
2024-07-17 23:32:22.910732 INFO: X-Vegeta-Seq: 2172
2024-07-17 23:32:22.910739 INFO: oop!unknow header: X-Vegeta-Seq: 2172
2024-07-17 23:32:22.910746 INFO: Accept-Encoding: gzip
2024-07-17 23:32:22.910753 INFO: oop!unknow header: Accept-Encoding: gzip
2024-07-17 23:32:22.910759 INFO: 
2024-07-17 23:32:22.910792 INFO: request:HTTP/1.1 200 OK

2024-07-17 23:32:22.910800 INFO: request:HTTP/1.1 200 OK
Content-Length:542

2024-07-17 23:32:22.910807 INFO: request:HTTP/1.1 200 OK
Content-Length:542
Connection:close

2024-07-17 23:32:22.910813 INFO: request:HTTP/1.1 200 OK
Content-Length:542
Connection:close


2024-07-17 23:32:22.910846 INFO: Thread 140246114473536 is running task

2024-07-17 23:32:22.910861 INFO: eventNum: 2
2024-07-17 23:32:22.910868 INFO: fd: 164, events: 8193

2024-07-17 23:32:22.910891 INFO: HttpConn 164 close success
2024-07-17 23:32:22.910902 INFO: Client[164] quit!
2024-07-17 23:32:22.910918 INFO: fd: 32, events: 4

2024-07-17 23:32:22.910966 INFO: Thread 140246106080832 is running task

2024-07-17 23:32:22.918169 INFO: eventNum: 1
2024-07-17 23:32:22.918222 INFO: fd: 13, events: 1

2024-07-17 23:32:22.918229 INFO: HandleListenEvent 13
2024-07-17 23:32:22.918257 INFO: HttpConn 126 init success
2024-07-17 23:32:22.918265 INFO: addTimer id:126 expireTime:1721230842
2024-07-17 23:32:22.918285 INFO: Client[126] in!
2024-07-17 23:32:22.918294 INFO: HandleListenEvent 13
2024-07-17 23:32:22.918312 ERROR: Accept failure -1
2024-07-17 23:32:22.918321 INFO: eventNum: 1
2024-07-17 23:32:22.918327 INFO: fd: 126, events: 1

2024-07-17 23:32:22.918350 INFO: HttpConn 126 read success
2024-07-17 23:32:22.918367 INFO: GET / HTTP/1.1
2024-07-17 23:32:22.918383 INFO: Host: 39.98.202.182:9006
2024-07-17 23:32:22.918391 INFO: User-Agent: Go-http-client/1.1
2024-07-17 23:32:22.918398 INFO: oop!unknow header: User-Agent: Go-http-client/1.1
2024-07-17 23:32:22.918405 INFO: X-Vegeta-Seq: 2299
2024-07-17 23:32:22.918411 INFO: oop!unknow header: X-Vegeta-Seq: 2299
2024-07-17 23:32:22.918418 INFO: Accept-Encoding: gzip
2024-07-17 23:32:22.918424 INFO: oop!unknow header: Accept-Encoding: gzip
2024-07-17 23:32:22.918430 INFO: 
2024-07-17 23:32:22.918462 INFO: request:HTTP/1.1 200 OK

2024-07-17 23:32:22.918470 INFO: request:HTTP/1.1 200 OK
Content-Length:542

2024-07-17 23:32:22.918477 INFO: request:HTTP/1.1 200 OK
Content-Length:542
Connection:close

2024-07-17 23:32:22.918483 INFO: request:HTTP/1.1 200 OK
Content-Length:542
Connection:close


2024-07-17 23:32:22.918505 INFO: Thread 140246097688128 is running task

2024-07-17 23:32:22.918522 INFO: eventNum: 1
2024-07-17 23:32:22.918531 INFO: fd: 126, events: 4

2024-07-17 23:32:22.918604 INFO: Thread 140246139651648 is running task

2024-07-17 23:32:22.919122 INFO: eventNum: 1
2024-07-17 23:32:22.919150 INFO: fd: 106, events: 8193

2024-07-17 23:32:22.919184 INFO: HttpConn 106 close success
2024-07-17 23:32:22.919196 INFO: Client[106] quit!
2024-07-17 23:32:22.919202 INFO: eventNum: 1
2024-07-17 23:32:22.919207 INFO: fd: 13, events: 1

2024-07-17 23:32:22.919211 INFO: HandleListenEvent 13
2024-07-17 23:32:22.919228 INFO: HttpConn 106 init success
2024-07-17 23:32:22.919235 INFO: addTimer id:106 expireTime:1721230842
2024-07-17 23:32:22.919246 INFO: Client[106] in!
2024-07-17 23:32:22.919250 INFO: HandleListenEvent 13
2024-07-17 23:32:22.919258 ERROR: Accept failure -1
2024-07-17 23:32:22.919264 INFO: eventNum: 1
2024-07-17 23:32:22.919268 INFO: fd: 106, events: 1

2024-07-17 23:32:22.919283 INFO: HttpConn 106 read success
2024-07-17 23:32:22.919294 INFO: GET / HTTP/1.1
2024-07-17 23:32:22.919300 INFO: Host: 39.98.202.182:9006
2024-07-17 23:32:22.919305 INFO: User-Agent: Go-http-client/1.1
2024-07-17 23:32:22.919309 INFO: oop!unknow header: User-Agent: Go-http-client/1.1
2024-07-17 23:32:22.919314 INFO: X-Vegeta-Seq: 2324
2024-07-17 23:32:22.919318 INFO: oop!unknow header: X-Vegeta-Seq: 2324
2024-07-17 23:32:22.919322 INFO: Accept-Encoding: gzip
2024-07-17 23:32:22.919326 INFO: oop!unknow header: Accept-Encoding: gzip
2024-07-17 23:32:22.919331 INFO: 
2024-07-17 23:32:22.919353 INFO: request:HTTP/1.1 200 OK

2024-07-17 23:32:22.919358 INFO: request:HTTP/1.1 200 OK
Content-Length:542

2024-07-17 23:32:22.919362 INFO: request:HTTP/1.1 200 OK
Content-Length:542
Connection:close

2024-07-17 23:32:22.919370 INFO: request:HTTP/1.1 200 OK
Content-Length:542
Connection:close


2024-07-17 23:32:22.919388 INFO: Thread 140246122866240 is running task

2024-07-17 23:32:22.919399 INFO: eventNum: 3
2024-07-17 23:32:22.919404 INFO: fd: 109, events: 8193

2024-07-17 23:32:22.919420 INFO: HttpConn 109 close success
2024-07-17 23:32:22.919428 INFO: Client[109] quit!
2024-07-17 23:32:22.919440 INFO: fd: 110, events: 8193

2024-07-17 23:32:22.919452 INFO: HttpConn 110 close success
2024-07-17 23:32:22.919459 INFO: Client[110] quit!
2024-07-17 23:32:22.919463 INFO: fd: 106, events: 4

2024-07-17 23:32:22.919497 INFO: Thread 140246131258944 is running task

2024-07-17 23:32:22.919508 INFO: eventNum: 1
2024-07-17 23:32:22.919513 INFO: fd: 112, events: 8193

2024-07-17 23:32:22.919525 INFO: HttpConn 112 close success
2024-07-17 23:32:22.919532 INFO: Client[112] quit!
2024-07-17 23:32:22.919770 INFO: eventNum: 1
2024-07-17 23:32:22.919783 INFO: fd: 120, events: 8193

2024-07-17 23:32:22.919799 INFO: HttpConn 120 close success
2024-07-17 23:32:22.919806 INFO: Client[120] quit!
2024-07-17 23:32:22.930363 INFO: eventNum: 1
2024-07-17 23:32:22.930426 INFO: fd: 13, events: 1

2024-07-17 23:32:22.930433 INFO: HandleListenEvent 13
2024-07-17 23:32:22.930462 INFO: HttpConn 109 init success
2024-07-17 23:32:22.930469 INFO: addTimer id:109 expireTime:1721230842
2024-07-17 23:32:22.930484 INFO: Client[109] in!
2024-07-17 23:32:22.930489 INFO: HandleListenEvent 13
2024-07-17 23:32:22.930500 ERROR: Accept failure -1
2024-07-17 23:32:22.930506 INFO: eventNum: 1
2024-07-17 23:32:22.930511 INFO: fd: 109, events: 1

2024-07-17 23:32:22.930527 INFO: HttpConn 109 read success
2024-07-17 23:32:22.930542 INFO: GET / HTTP/1.1
2024-07-17 23:32:22.930549 INFO: Host: 39.98.202.182:9006
2024-07-17 23:32:22.930554 INFO: User-Agent: Go-http-client/1.1
2024-07-17 23:32:22.930559 INFO: oop!unknow header: User-Agent: Go-http-client/1.1
2024-07-17 23:32:22.930564 INFO: X-Vegeta-Seq: 2291
2024-07-17 23:32:22.930568 INFO: oop!unknow header: X-Vegeta-Seq: 2291
2024-07-17 23:32:22.930572 INFO: Accept-Encoding: gzip
2024-07-17 23:32:22.930577 INFO: oop!unknow header: Accept-Encoding: gzip
2024-07-17 23:32:22.930581 INFO: 
2024-07-17 23:32:22.930605 INFO: request:HTTP/1.1 200 OK

2024-07-17 23:32:22.930610 INFO: request:HTTP/1.1 200 OK
Content-Length:542

2024-07-17 23:32:22.930615 INFO: request:HTTP/1.1 200 OK
Content-Length:542
Connection:close

2024-07-17 23:32:22.930620 INFO: request:HTTP/1.1 200 OK
Content-Length:542
Connection:close


2024-07-17 23:32:22.930640 INFO: Thread 140246148044352 is running task

2024-07-17 23:32:22.930652 INFO: eventNum: 2
2024-07-17 23:32:22.930656 INFO: fd: 13, events: 1

2024-07-17 23:32:22.930661 INFO: HandleListenEvent 13
2024-07-17 23:32:22.930670 INFO: HttpConn 110 init success
2024-07-17 23:32:22.930675 INFO: addTimer id:110 expireTime:1721230842
2024-07-17 23:32:22.930684 INFO: Client[110] in!
2024-07-17 23:32:22.930689 INFO: HandleListenEvent 13
2024-07-17 23:32:22.930715 ERROR: Accept failure -1
2024-07-17 23:32:22.930721 INFO: fd: 109, events: 4

2024-07-17 23:32:22.930733 INFO: eventNum: 1
2024-07-17 23:32:22.930738 INFO: fd: 110, events: 1

2024-07-17 23:32:22.930792 INFO: Thread 140246156437056 is running task

2024-07-17 23:32:22.930861 INFO: HttpConn 110 read success
2024-07-17 23:32:22.930875 INFO: GET / HTTP/1.1
2024-07-17 23:32:22.930880 INFO: Host: 39.98.202.182:9006
2024-07-17 23:32:22.930885 INFO: User-Agent: Go-http-client/1.1
2024-07-17 23:32:22.930889 INFO: oop!unknow header: User-Agent: Go-http-client/1.1
2024-07-17 23:32:22.930893 INFO: X-Vegeta-Seq: 2296
2024-07-17 23:32:22.930898 INFO: oop!unknow header: X-Vegeta-Seq: 2296
2024-07-17 23:32:22.930902 INFO: Accept-Encoding: gzip
2024-07-17 23:32:22.930907 INFO: oop!unknow header: Accept-Encoding: gzip
2024-07-17 23:32:22.930911 INFO: 
2024-07-17 23:32:22.930926 INFO: request:HTTP/1.1 200 OK

2024-07-17 23:32:22.930931 INFO: request:HTTP/1.1 200 OK
Content-Length:542

2024-07-17 23:32:22.930935 INFO: request:HTTP/1.1 200 OK
Content-Length:542
Connection:close

2024-07-17 23:32:22.930940 INFO: request:HTTP/1.1 200 OK
Content-Length:542
Connection:close


2024-07-17 23:32:22.930951 INFO: Thread 140246114473536 is running task

2024-07-17 23:32:22.931032 INFO: eventNum: 1
2024-07-17 23:32:22.931043 INFO: fd: 110, events: 4

2024-07-17 23:32:22.931101 INFO: Thread 140246106080832 is running task

2024-07-17 23:32:22.934931 INFO: eventNum: 1
2024-07-17 23:32:22.934995 INFO: fd: 13, events: 1

2024-07-17 23:32:22.935005 INFO: HandleListenEvent 13
2024-07-17 23:32:22.935035 INFO: HttpConn 112 init success
2024-07-17 23:32:22.935043 INFO: addTimer id:112 expireTime:1721230842
2024-07-17 23:32:22.935059 INFO: Client[112] in!
2024-07-17 23:32:22.935064 INFO: HandleListenEvent 13
2024-07-17 23:32:22.935074 INFO: HttpConn 120 init success
2024-07-17 23:32:22.935080 INFO: addTimer id:120 expireTime:1721230842
2024-07-17 23:32:22.935088 INFO: Client[120] in!
2024-07-17 23:32:22.935093 INFO: HandleListenEvent 13
2024-07-17 23:32:22.935104 ERROR: Accept failure -1
2024-07-17 23:32:22.935110 INFO: eventNum: 2
2024-07-17 23:32:22.935115 INFO: fd: 112, events: 1

2024-07-17 23:32:22.935132 INFO: HttpConn 112 read success
2024-07-17 23:32:22.935144 INFO: GET / HTTP/1.1
2024-07-17 23:32:22.935150 INFO: Host: 39.98.202.182:9006
2024-07-17 23:32:22.935155 INFO: User-Agent: Go-http-client/1.1
2024-07-17 23:32:22.935160 INFO: oop!unknow header: User-Agent: Go-http-client/1.1
2024-07-17 23:32:22.935167 INFO: X-Vegeta-Seq: 2740
2024-07-17 23:32:22.935172 INFO: oop!unknow header: X-Vegeta-Seq: 2740
2024-07-17 23:32:22.935176 INFO: Accept-Encoding: gzip
2024-07-17 23:32:22.935183 INFO: oop!unknow header: Accept-Encoding: gzip
2024-07-17 23:32:22.935189 INFO: 
2024-07-17 23:32:22.935215 INFO: request:HTTP/1.1 200 OK

2024-07-17 23:32:22.935222 INFO: request:HTTP/1.1 200 OK
Content-Length:542

2024-07-17 23:32:22.935229 INFO: request:HTTP/1.1 200 OK
Content-Length:542
Connection:close

2024-07-17 23:32:22.935236 INFO: request:HTTP/1.1 200 OK
Content-Length:542
Connection:close


2024-07-17 23:32:22.935253 INFO: Thread 140246097688128 is running task

2024-07-17 23:32:22.935268 INFO: fd: 120, events: 1

2024-07-17 23:32:22.935288 INFO: eventNum: 2
2024-07-17 23:32:22.935293 INFO: fd: 13, events: 1

2024-07-17 23:32:22.935298 INFO: HandleListenEvent 13
2024-07-17 23:32:22.935298 INFO: HttpConn 120 read success
2024-07-17 23:32:22.935344 INFO: GET / HTTP/1.1
2024-07-17 23:32:22.935354 INFO: Host: 39.98.202.182:9006
2024-07-17 23:32:22.935365 INFO: User-Agent: Go-http-client/1.1
2024-07-17 23:32:22.935371 INFO: oop!unknow header: User-Agent: Go-http-client/1.1
2024-07-17 23:32:22.935384 INFO: X-Vegeta-Seq: 2815
2024-07-17 23:32:22.935390 INFO: oop!unknow header: X-Vegeta-Seq: 2815
2024-07-17 23:32:22.935397 INFO: Accept-Encoding: gzip
2024-07-17 23:32:22.935403 INFO: oop!unknow header: Accept-Encoding: gzip
2024-07-17 23:32:22.935410 INFO: 
2024-07-17 23:32:22.935435 INFO: request:HTTP/1.1 200 OK

2024-07-17 23:32:22.935466 INFO: request:HTTP/1.1 200 OK
Content-Length:542

2024-07-17 23:32:22.935472 INFO: request:HTTP/1.1 200 OK
Content-Length:542
Connection:close

2024-07-17 23:32:22.935477 INFO: request:HTTP/1.1 200 OK
Content-Length:542
Connection:close


2024-07-17 23:32:22.935505 INFO: Thread 140246139651648 is running task

2024-07-17 23:32:22.935320 INFO: HttpConn 136 init success
2024-07-17 23:32:22.935548 INFO: addTimer id:136 expireTime:1721230842
2024-07-17 23:32:22.935562 INFO: Client[136] in!
2024-07-17 23:32:22.935567 INFO: HandleListenEvent 13
2024-07-17 23:32:22.935584 INFO: HttpConn 138 init success
2024-07-17 23:32:22.935590 INFO: addTimer id:138 expireTime:1721230842
2024-07-17 23:32:22.935599 INFO: Client[138] in!
2024-07-17 23:32:22.935606 INFO: HandleListenEvent 13
2024-07-17 23:32:22.935620 ERROR: Accept failure -1
2024-07-17 23:32:22.935635 INFO: fd: 112, events: 4

2024-07-17 23:32:22.935656 INFO: eventNum: 4
2024-07-17 23:32:22.935662 INFO: fd: 235, events: 1

2024-07-17 23:32:22.935671 INFO: fd: 120, events: 4

2024-07-17 23:32:22.935678 INFO: fd: 136, events: 1

2024-07-17 23:32:22.935692 INFO: HttpConn 235 read success
2024-07-17 23:32:22.935706 INFO: GET / HTTP/1.1
2024-07-17 23:32:22.935714 INFO: Host: 39.98.202.182:9006
2024-07-17 23:32:22.935721 INFO: fd: 138, events: 1

2024-07-17 23:32:22.935694 INFO: Thread 140246122866240 is running task

2024-07-17 23:32:22.935748 INFO: HttpConn 138 read success
2024-07-17 23:32:22.935833 INFO: GET / HTTP/1.1
2024-07-17 23:32:22.935844 INFO: Host: 39.98.202.182:9006
2024-07-17 23:32:22.935849 INFO: User-Agent: Go-http-client/1.1
2024-07-17 23:32:22.935853 INFO: oop!unknow header: User-Agent: Go-http-client/1.1
2024-07-17 23:32:22.935858 INFO: X-Vegeta-Seq: 2736
2024-07-17 23:32:22.935863 INFO: oop!unknow header: X-Vegeta-Seq: 2736
2024-07-17 23:32:22.935870 INFO: Accept-Encoding: gzip
2024-07-17 23:32:22.935875 INFO: oop!unknow header: Accept-Encoding: gzip
2024-07-17 23:32:22.935884 INFO: 
2024-07-17 23:32:22.935907 INFO: request:HTTP/1.1 200 OK

2024-07-17 23:32:22.935915 INFO: request:HTTP/1.1 200 OK
Content-Length:542

2024-07-17 23:32:22.935921 INFO: request:HTTP/1.1 200 OK
Content-Length:542
Connection:close

2024-07-17 23:32:22.935928 INFO: request:HTTP/1.1 200 OK
Content-Length:542
Connection:close


2024-07-17 23:32:22.935942 INFO: Thread 140246122866240 is running task

2024-07-17 23:32:22.935719 INFO: User-Agent: Go-http-client/1.1
2024-07-17 23:32:22.935958 INFO: oop!unknow header: User-Agent: Go-http-client/1.1
2024-07-17 23:32:22.935963 INFO: X-Vegeta-Seq: 2741
2024-07-17 23:32:22.935967 INFO: oop!unknow header: X-Vegeta-Seq: 2741
2024-07-17 23:32:22.935972 INFO: Accept-Encoding: gzip
2024-07-17 23:32:22.935976 INFO: oop!unknow header: Accept-Encoding: gzip
2024-07-17 23:32:22.935980 INFO: 
2024-07-17 23:32:22.935993 INFO: request:HTTP/1.1 200 OK

2024-07-17 23:32:22.935998 INFO: request:HTTP/1.1 200 OK
Content-Length:542

2024-07-17 23:32:22.936002 INFO: request:HTTP/1.1 200 OK
Content-Length:542
Connection:close

2024-07-17 23:32:22.936007 INFO: request:HTTP/1.1 200 OK
Content-Length:542
Connection:close


2024-07-17 23:32:22.936014 INFO: Thread 140246156437056 is running task

2024-07-17 23:32:22.935731 INFO: HttpConn 136 read success
2024-07-17 23:32:22.936031 INFO: GET / HTTP/1.1
2024-07-17 23:32:22.936036 INFO: Host: 39.98.202.182:9006
2024-07-17 23:32:22.936041 INFO: User-Agent: Go-http-client/1.1
2024-07-17 23:32:22.936045 INFO: oop!unknow header: User-Agent: Go-http-client/1.1
2024-07-17 23:32:22.936049 INFO: X-Vegeta-Seq: 2735
2024-07-17 23:32:22.936054 INFO: oop!unknow header: X-Vegeta-Seq: 2735
2024-07-17 23:32:22.936058 INFO: Accept-Encoding: gzip
2024-07-17 23:32:22.936062 INFO: oop!unknow header: Accept-Encoding: gzip
2024-07-17 23:32:22.936066 INFO: 
2024-07-17 23:32:22.936078 INFO: request:HTTP/1.1 200 OK

2024-07-17 23:32:22.936083 INFO: request:HTTP/1.1 200 OK
Content-Length:542

2024-07-17 23:32:22.936087 INFO: request:HTTP/1.1 200 OK
Content-Length:542
Connection:close

2024-07-17 23:32:22.936091 INFO: request:HTTP/1.1 200 OK
Content-Length:542
Connection:close


2024-07-17 23:32:22.936098 INFO: Thread 140246148044352 is running task

2024-07-17 23:32:22.935716 INFO: Thread 140246131258944 is running task

2024-07-17 23:32:22.936120 INFO: eventNum: 4
2024-07-17 23:32:22.936125 INFO: fd: 138, events: 4

2024-07-17 23:32:22.936160 INFO: Thread 140246106080832 is running task

2024-07-17 23:32:22.936170 INFO: fd: 235, events: 4

2024-07-17 23:32:22.936194 INFO: Thread 140246097688128 is running task

2024-07-17 23:32:22.936206 INFO: fd: 136, events: 4

2024-07-17 23:32:22.936216 INFO: fd: 126, events: 8193

2024-07-17 23:32:22.936234 INFO: HttpConn 126 close success
2024-07-17 23:32:22.936242 INFO: Client[126] quit!
2024-07-17 23:32:22.936265 INFO: Thread 140246139651648 is running task

2024-07-17 23:32:22.936774 INFO: eventNum: 1
2024-07-17 23:32:22.936789 INFO: fd: 13, events: 1

2024-07-17 23:32:22.936794 INFO: HandleListenEvent 13
2024-07-17 23:32:22.936810 INFO: HttpConn 126 init success
2024-07-17 23:32:22.936816 INFO: addTimer id:126 expireTime:1721230842
2024-07-17 23:32:22.936826 INFO: Client[126] in!
2024-07-17 23:32:22.936831 INFO: HandleListenEvent 13
2024-07-17 23:32:22.936840 ERROR: Accept failure -1
2024-07-17 23:32:22.936845 INFO: eventNum: 1
2024-07-17 23:32:22.936850 INFO: fd: 126, events: 1

2024-07-17 23:32:22.936862 INFO: HttpConn 126 read success
2024-07-17 23:32:22.936872 INFO: GET / HTTP/1.1
2024-07-17 23:32:22.936886 INFO: Host: 39.98.202.182:9006
2024-07-17 23:32:22.936890 INFO: User-Agent: Go-http-client/1.1
2024-07-17 23:32:22.936897 INFO: oop!unknow header: User-Agent: Go-http-client/1.1
2024-07-17 23:32:22.936902 INFO: X-Vegeta-Seq: 2734
2024-07-17 23:32:22.936906 INFO: oop!unknow header: X-Vegeta-Seq: 2734
2024-07-17 23:32:22.936911 INFO: Accept-Encoding: gzip
2024-07-17 23:32:22.936915 INFO: oop!unknow header: Accept-Encoding: gzip
2024-07-17 23:32:22.936920 INFO: 
2024-07-17 23:32:22.936934 INFO: request:HTTP/1.1 200 OK

2024-07-17 23:32:22.936939 INFO: request:HTTP/1.1 200 OK
Content-Length:542

2024-07-17 23:32:22.936943 INFO: request:HTTP/1.1 200 OK
Content-Length:542
Connection:close

2024-07-17 23:32:22.936947 INFO: request:HTTP/1.1 200 OK
Content-Length:542
Connection:close


2024-07-17 23:32:22.936956 INFO: Thread 140246114473536 is running task

2024-07-17 23:32:22.936965 INFO: eventNum: 1
2024-07-17 23:32:22.936970 INFO: fd: 126, events: 4

2024-07-17 23:32:22.936999 INFO: Thread 140246122866240 is running task

2024-07-17 23:32:22.942532 INFO: eventNum: 1
2024-07-17 23:32:22.942573 INFO: fd: 373, events: 8193

2024-07-17 23:32:22.942606 INFO: HttpConn 373 close success
2024-07-17 23:32:22.942616 INFO: Client[373] quit!
2024-07-17 23:32:22.943708 INFO: eventNum: 1
2024-07-17 23:32:22.943730 INFO: fd: 446, events: 8193

2024-07-17 23:32:22.943756 INFO: HttpConn 446 close success
2024-07-17 23:32:22.943766 INFO: Client[446] quit!
2024-07-17 23:32:22.943810 INFO: eventNum: 1
2024-07-17 23:32:22.943837 INFO: fd: 449, events: 8193

2024-07-17 23:32:22.943856 INFO: HttpConn 449 close success
2024-07-17 23:32:22.943867 INFO: Client[449] quit!
2024-07-17 23:32:22.947683 INFO: eventNum: 1
2024-07-17 23:32:22.947706 INFO: fd: 13, events: 1

2024-07-17 23:32:22.947711 INFO: HandleListenEvent 13
2024-07-17 23:32:22.947735 INFO: HttpConn 164 init success
2024-07-17 23:32:22.947742 INFO: addTimer id:164 expireTime:1721230842
2024-07-17 23:32:22.947757 INFO: Client[164] in!
2024-07-17 23:32:22.947762 INFO: HandleListenEvent 13
2024-07-17 23:32:22.947770 ERROR: Accept failure -1
2024-07-17 23:32:22.947776 INFO: eventNum: 1
2024-07-17 23:32:22.947780 INFO: fd: 164, events: 1

2024-07-17 23:32:22.947795 INFO: HttpConn 164 read success
2024-07-17 23:32:22.947815 INFO: GET / HTTP/1.1
2024-07-17 23:32:22.947822 INFO: Host: 39.98.202.182:9006
2024-07-17 23:32:22.947826 INFO: User-Agent: Go-http-client/1.1
2024-07-17 23:32:22.947831 INFO: oop!unknow header: User-Agent: Go-http-client/1.1
2024-07-17 23:32:22.947835 INFO: X-Vegeta-Seq: 2738
2024-07-17 23:32:22.947840 INFO: oop!unknow header: X-Vegeta-Seq: 2738
2024-07-17 23:32:22.947844 INFO: Accept-Encoding: gzip
2024-07-17 23:32:22.947848 INFO: oop!unknow header: Accept-Encoding: gzip
2024-07-17 23:32:22.947853 INFO: 
2024-07-17 23:32:22.947875 INFO: request:HTTP/1.1 200 OK

2024-07-17 23:32:22.947880 INFO: request:HTTP/1.1 200 OK
Content-Length:542

2024-07-17 23:32:22.947884 INFO: request:HTTP/1.1 200 OK
Content-Length:542
Connection:close

2024-07-17 23:32:22.947889 INFO: request:HTTP/1.1 200 OK
Content-Length:542
Connection:close


2024-07-17 23:32:22.947903 INFO: Thread 140246156437056 is running task

2024-07-17 23:32:22.947914 INFO: eventNum: 1
2024-07-17 23:32:22.947919 INFO: fd: 164, events: 4

2024-07-17 23:32:22.947958 INFO: Thread 140246148044352 is running task

2024-07-17 23:32:22.960295 INFO: eventNum: 1
2024-07-17 23:32:22.960345 INFO: fd: 136, events: 8193

2024-07-17 23:32:22.960403 INFO: HttpConn 136 close success
2024-07-17 23:32:22.960409 INFO: Client[136] quit!
2024-07-17 23:32:22.960907 INFO: eventNum: 1
2024-07-17 23:32:22.960923 INFO: fd: 13, events: 1

2024-07-17 23:32:22.960928 INFO: HandleListenEvent 13
2024-07-17 23:32:22.960951 INFO: HttpConn 136 init success
2024-07-17 23:32:22.960958 INFO: addTimer id:136 expireTime:1721230842
2024-07-17 23:32:22.960972 INFO: Client[136] in!
2024-07-17 23:32:22.960976 INFO: HandleListenEvent 13
2024-07-17 23:32:22.960984 ERROR: Accept failure -1
2024-07-17 23:32:22.960990 INFO: eventNum: 1
2024-07-17 23:32:22.961003 INFO: fd: 136, events: 1

2024-07-17 23:32:22.961019 INFO: HttpConn 136 read success
2024-07-17 23:32:22.961032 INFO: GET / HTTP/1.1
2024-07-17 23:32:22.961039 INFO: Host: 39.98.202.182:9006
2024-07-17 23:32:22.961044 INFO: User-Agent: Go-http-client/1.1
2024-07-17 23:32:22.961048 INFO: oop!unknow header: User-Agent: Go-http-client/1.1
2024-07-17 23:32:22.961053 INFO: X-Vegeta-Seq: 2709
2024-07-17 23:32:22.961057 INFO: oop!unknow header: X-Vegeta-Seq: 2709
2024-07-17 23:32:22.961062 INFO: Accept-Encoding: gzip
2024-07-17 23:32:22.961066 INFO: oop!unknow header: Accept-Encoding: gzip
2024-07-17 23:32:22.961070 INFO: 
2024-07-17 23:32:22.961093 INFO: request:HTTP/1.1 200 OK

2024-07-17 23:32:22.961098 INFO: request:HTTP/1.1 200 OK
Content-Length:542

2024-07-17 23:32:22.961103 INFO: request:HTTP/1.1 200 OK
Content-Length:542
Connection:close

2024-07-17 23:32:22.961107 INFO: request:HTTP/1.1 200 OK
Content-Length:542
Connection:close


2024-07-17 23:32:22.961142 INFO: Thread 140246131258944 is running task

2024-07-17 23:32:22.961154 INFO: eventNum: 1
2024-07-17 23:32:22.961158 INFO: fd: 136, events: 4

2024-07-17 23:32:22.961199 INFO: Thread 140246106080832 is running task

2024-07-17 23:32:22.961806 INFO: eventNum: 1
2024-07-17 23:32:22.961821 INFO: fd: 13, events: 1

2024-07-17 23:32:22.961826 INFO: HandleListenEvent 13
2024-07-17 23:32:22.961842 INFO: HttpConn 172 init success
2024-07-17 23:32:22.961848 INFO: addTimer id:172 expireTime:1721230842
2024-07-17 23:32:22.961879 INFO: Client[172] in!
2024-07-17 23:32:22.961886 INFO: HandleListenEvent 13
2024-07-17 23:32:22.961895 ERROR: Accept failure -1
2024-07-17 23:32:22.961901 INFO: eventNum: 1
2024-07-17 23:32:22.961905 INFO: fd: 172, events: 1

2024-07-17 23:32:22.961917 INFO: HttpConn 172 read success
2024-07-17 23:32:22.961927 INFO: GET / HTTP/1.1
2024-07-17 23:32:22.961933 INFO: Host: 39.98.202.182:9006
2024-07-17 23:32:22.961937 INFO: User-Agent: Go-http-client/1.1
2024-07-17 23:32:22.961941 INFO: oop!unknow header: User-Agent: Go-http-client/1.1
2024-07-17 23:32:22.961946 INFO: X-Vegeta-Seq: 2708
2024-07-17 23:32:22.961950 INFO: oop!unknow header: X-Vegeta-Seq: 2708
2024-07-17 23:32:22.961955 INFO: Accept-Encoding: gzip
2024-07-17 23:32:22.961959 INFO: oop!unknow header: Accept-Encoding: gzip
2024-07-17 23:32:22.961963 INFO: 
2024-07-17 23:32:22.961979 INFO: request:HTTP/1.1 200 OK

2024-07-17 23:32:22.961984 INFO: request:HTTP/1.1 200 OK
Content-Length:542

2024-07-17 23:32:22.961988 INFO: request:HTTP/1.1 200 OK
Content-Length:542
Connection:close

2024-07-17 23:32:22.961992 INFO: request:HTTP/1.1 200 OK
Content-Length:542
Connection:close


2024-07-17 23:32:22.962001 INFO: Thread 140246097688128 is running task

2024-07-17 23:32:22.962010 INFO: eventNum: 1
2024-07-17 23:32:22.962015 INFO: fd: 172, events: 4

2024-07-17 23:32:22.962073 INFO: Thread 140246139651648 is running task

2024-07-17 23:32:22.962456 INFO: eventNum: 1
2024-07-17 23:32:22.962475 INFO: fd: 13, events: 1

2024-07-17 23:32:22.962480 INFO: HandleListenEvent 13
2024-07-17 23:32:22.962495 INFO: HttpConn 173 init success
2024-07-17 23:32:22.962501 INFO: addTimer id:173 expireTime:1721230842
2024-07-17 23:32:22.962512 INFO: Client[173] in!
2024-07-17 23:32:22.962516 INFO: HandleListenEvent 13
2024-07-17 23:32:22.962524 ERROR: Accept failure -1
2024-07-17 23:32:22.962530 INFO: eventNum: 1
2024-07-17 23:32:22.962534 INFO: fd: 173, events: 1

2024-07-17 23:32:22.962548 INFO: HttpConn 173 read success
2024-07-17 23:32:22.962558 INFO: GET / HTTP/1.1
2024-07-17 23:32:22.962564 INFO: Host: 39.98.202.182:9006
2024-07-17 23:32:22.962569 INFO: User-Agent: Go-http-client/1.1
2024-07-17 23:32:22.962573 INFO: oop!unknow header: User-Agent: Go-http-client/1.1
2024-07-17 23:32:22.962578 INFO: X-Vegeta-Seq: 12985
2024-07-17 23:32:22.962582 INFO: oop!unknow header: X-Vegeta-Seq: 12985
2024-07-17 23:32:22.962586 INFO: Accept-Encoding: gzip
2024-07-17 23:32:22.962590 INFO: oop!unknow header: Accept-Encoding: gzip
2024-07-17 23:32:22.962595 INFO: 
2024-07-17 23:32:22.962619 INFO: request:HTTP/1.1 200 OK

2024-07-17 23:32:22.962624 INFO: request:HTTP/1.1 200 OK
Content-Length:542

2024-07-17 23:32:22.962628 INFO: request:HTTP/1.1 200 OK
Content-Length:542
Connection:close

2024-07-17 23:32:22.962633 INFO: request:HTTP/1.1 200 OK
Content-Length:542
Connection:close


2024-07-17 23:32:22.962643 INFO: Thread 140246114473536 is running task

2024-07-17 23:32:22.962652 INFO: eventNum: 1
2024-07-17 23:32:22.962656 INFO: fd: 173, events: 4

2024-07-17 23:32:22.962691 INFO: Thread 140246122866240 is running task

2024-07-17 23:32:22.962704 INFO: eventNum: 1
2024-07-17 23:32:22.962709 INFO: fd: 13, events: 1

2024-07-17 23:32:22.962714 INFO: HandleListenEvent 13
2024-07-17 23:32:22.962725 INFO: HttpConn 181 init success
2024-07-17 23:32:22.962730 INFO: addTimer id:181 expireTime:1721230842
2024-07-17 23:32:22.962740 INFO: Client[181] in!
2024-07-17 23:32:22.962747 INFO: HandleListenEvent 13
2024-07-17 23:32:22.962759 ERROR: Accept failure -1
2024-07-17 23:32:22.962767 INFO: eventNum: 1
2024-07-17 23:32:22.962774 INFO: fd: 181, events: 1

2024-07-17 23:32:22.962792 INFO: HttpConn 181 read success
2024-07-17 23:32:22.962803 INFO: GET / HTTP/1.1
2024-07-17 23:32:22.962808 INFO: Host: 39.98.202.182:9006
2024-07-17 23:32:22.962813 INFO: User-Agent: Go-http-client/1.1
2024-07-17 23:32:22.962817 INFO: oop!unknow header: User-Agent: Go-http-client/1.1
2024-07-17 23:32:22.962822 INFO: X-Vegeta-Seq: 2194
2024-07-17 23:32:22.962826 INFO: oop!unknow header: X-Vegeta-Seq: 2194
2024-07-17 23:32:22.962831 INFO: Accept-Encoding: gzip
2024-07-17 23:32:22.962835 INFO: oop!unknow header: Accept-Encoding: gzip
2024-07-17 23:32:22.962839 INFO: 
2024-07-17 23:32:22.962853 INFO: request:HTTP/1.1 200 OK

2024-07-17 23:32:22.962858 INFO: request:HTTP/1.1 200 OK
Content-Length:542

2024-07-17 23:32:22.962862 INFO: request:HTTP/1.1 200 OK
Content-Length:542
Connection:close

2024-07-17 23:32:22.962866 INFO: request:HTTP/1.1 200 OK
Content-Length:542
Connection:close


2024-07-17 23:32:22.962874 INFO: Thread 140246156437056 is running task

2024-07-17 23:32:22.962883 INFO: eventNum: 2
2024-07-17 23:32:22.962887 INFO: fd: 436, events: 1

2024-07-17 23:32:22.962900 INFO: HttpConn 436 read success
2024-07-17 23:32:22.962912 INFO: GET / HTTP/1.1
2024-07-17 23:32:22.962917 INFO: Host: 39.98.202.182:9006
2024-07-17 23:32:22.962924 INFO: User-Agent: Go-http-client/1.1
2024-07-17 23:32:22.962928 INFO: oop!unknow header: User-Agent: Go-http-client/1.1
2024-07-17 23:32:22.962933 INFO: X-Vegeta-Seq: 3531
2024-07-17 23:32:22.962937 INFO: oop!unknow header: X-Vegeta-Seq: 3531
2024-07-17 23:32:22.962941 INFO: Accept-Encoding: gzip
2024-07-17 23:32:22.962945 INFO: oop!unknow header: Accept-Encoding: gzip
2024-07-17 23:32:22.962949 INFO: 
2024-07-17 23:32:22.962961 INFO: request:HTTP/1.1 200 OK

2024-07-17 23:32:22.962966 INFO: request:HTTP/1.1 200 OK
Content-Length:542

2024-07-17 23:32:22.962971 INFO: request:HTTP/1.1 200 OK
Content-Length:542
Connection:close

2024-07-17 23:32:22.962978 INFO: request:HTTP/1.1 200 OK
Content-Length:542
Connection:close


2024-07-17 23:32:22.962986 INFO: Thread 140246148044352 is running task

2024-07-17 23:32:22.962993 INFO: fd: 181, events: 4

2024-07-17 23:32:22.963022 INFO: Thread 140246131258944 is running task

2024-07-17 23:32:22.963033 INFO: eventNum: 2
2024-07-17 23:32:22.963038 INFO: fd: 176, events: 1

2024-07-17 23:32:22.963049 INFO: HttpConn 176 read success
2024-07-17 23:32:22.963057 INFO: GET / HTTP/1.1
2024-07-17 23:32:22.963063 INFO: Host: 39.98.202.182:9006
2024-07-17 23:32:22.963067 INFO: User-Agent: Go-http-client/1.1
2024-07-17 23:32:22.963072 INFO: oop!unknow header: User-Agent: Go-http-client/1.1
2024-07-17 23:32:22.963076 INFO: X-Vegeta-Seq: 2188
2024-07-17 23:32:22.963081 INFO: oop!unknow header: X-Vegeta-Seq: 2188
2024-07-17 23:32:22.963085 INFO: Accept-Encoding: gzip
2024-07-17 23:32:22.963090 INFO: oop!unknow header: Accept-Encoding: gzip
2024-07-17 23:32:22.963094 INFO: 
2024-07-17 23:32:22.963106 INFO: request:HTTP/1.1 200 OK

2024-07-17 23:32:22.963117 INFO: request:HTTP/1.1 200 OK
Content-Length:542

2024-07-17 23:32:22.963122 INFO: request:HTTP/1.1 200 OK
Content-Length:542
Connection:close

2024-07-17 23:32:22.963127 INFO: request:HTTP/1.1 200 OK
Content-Length:542
Connection:close


2024-07-17 23:32:22.963134 INFO: Thread 140246106080832 is running task

2024-07-17 23:32:22.963141 INFO: fd: 436, events: 4

2024-07-17 23:32:22.963166 INFO: Thread 140246097688128 is running task

2024-07-17 23:32:22.963179 INFO: eventNum: 1
2024-07-17 23:32:22.963184 INFO: fd: 176, events: 4

2024-07-17 23:32:22.963229 INFO: Thread 140246139651648 is running task

2024-07-17 23:32:22.964562 INFO: eventNum: 1
2024-07-17 23:32:22.964585 INFO: fd: 120, events: 8193

2024-07-17 23:32:22.964607 INFO: HttpConn 120 close success
2024-07-17 23:32:22.964616 INFO: Client[120] quit!
2024-07-17 23:32:22.966338 INFO: eventNum: 1
2024-07-17 23:32:22.966361 INFO: fd: 126, events: 8193

2024-07-17 23:32:22.966399 INFO: HttpConn 126 close success
2024-07-17 23:32:22.966409 INFO: Client[126] quit!
2024-07-17 23:32:22.967677 INFO: eventNum: 1
2024-07-17 23:32:22.967700 INFO: fd: 13, events: 1

2024-07-17 23:32:22.967705 INFO: HandleListenEvent 13
2024-07-17 23:32:22.967723 INFO: HttpConn 120 init success
2024-07-17 23:32:22.967732 INFO: addTimer id:120 expireTime:1721230842
2024-07-17 23:32:22.967747 INFO: Client[120] in!
2024-07-17 23:32:22.967754 INFO: HandleListenEvent 13
2024-07-17 23:32:22.967766 ERROR: Accept failure -1
2024-07-17 23:32:22.967774 INFO: eventNum: 1
2024-07-17 23:32:22.967779 INFO: fd: 120, events: 1

2024-07-17 23:32:22.967794 INFO: HttpConn 120 read success
2024-07-17 23:32:22.967805 INFO: GET / HTTP/1.1
2024-07-17 23:32:22.967811 INFO: Host: 39.98.202.182:9006
2024-07-17 23:32:22.967816 INFO: User-Agent: Go-http-client/1.1
2024-07-17 23:32:22.967820 INFO: oop!unknow header: User-Agent: Go-http-client/1.1
2024-07-17 23:32:22.967825 INFO: X-Vegeta-Seq: 2750
2024-07-17 23:32:22.967829 INFO: oop!unknow header: X-Vegeta-Seq: 2750
2024-07-17 23:32:22.967834 INFO: Accept-Encoding: gzip
2024-07-17 23:32:22.967838 INFO: oop!unknow header: Accept-Encoding: gzip
2024-07-17 23:32:22.967842 INFO: 
2024-07-17 23:32:22.967861 INFO: request:HTTP/1.1 200 OK

2024-07-17 23:32:22.967866 INFO: request:HTTP/1.1 200 OK
Content-Length:542

2024-07-17 23:32:22.967870 INFO: request:HTTP/1.1 200 OK
Content-Length:542
Connection:close

2024-07-17 23:32:22.967875 INFO: request:HTTP/1.1 200 OK
Content-Length:542
Connection:close


2024-07-17 23:32:22.967886 INFO: Thread 140246114473536 is running task

2024-07-17 23:32:22.967897 INFO: eventNum: 2
2024-07-17 23:32:22.967901 INFO: fd: 164, events: 8193

2024-07-17 23:32:22.967919 INFO: HttpConn 164 close success
2024-07-17 23:32:22.967927 INFO: Client[164] quit!
2024-07-17 23:32:22.967934 INFO: fd: 120, events: 4

2024-07-17 23:32:22.967977 INFO: Thread 140246122866240 is running task

2024-07-17 23:32:22.975305 INFO: eventNum: 1
2024-07-17 23:32:22.975352 INFO: fd: 13, events: 1

2024-07-17 23:32:22.975358 INFO: HandleListenEvent 13
2024-07-17 23:32:22.975388 INFO: HttpConn 126 init success
2024-07-17 23:32:22.975395 INFO: addTimer id:126 expireTime:1721230842
2024-07-17 23:32:22.975409 INFO: Client[126] in!
2024-07-17 23:32:22.975413 INFO: HandleListenEvent 13
2024-07-17 23:32:22.975424 ERROR: Accept failure -1
2024-07-17 23:32:22.975432 INFO: eventNum: 1
2024-07-17 23:32:22.975439 INFO: fd: 126, events: 1

2024-07-17 23:32:22.975458 INFO: HttpConn 126 read success
2024-07-17 23:32:22.975471 INFO: GET / HTTP/1.1
2024-07-17 23:32:22.975478 INFO: Host: 39.98.202.182:9006
2024-07-17 23:32:22.975483 INFO: User-Agent: Go-http-client/1.1
2024-07-17 23:32:22.975487 INFO: oop!unknow header: User-Agent: Go-http-client/1.1
2024-07-17 23:32:22.975492 INFO: X-Vegeta-Seq: 6695
2024-07-17 23:32:22.975496 INFO: oop!unknow header: X-Vegeta-Seq: 6695
2024-07-17 23:32:22.975500 INFO: Accept-Encoding: gzip
2024-07-17 23:32:22.975505 INFO: oop!unknow header: Accept-Encoding: gzip
2024-07-17 23:32:22.975509 INFO: 
2024-07-17 23:32:22.975539 INFO: request:HTTP/1.1 200 OK

2024-07-17 23:32:22.975544 INFO: request:HTTP/1.1 200 OK
Content-Length:542

2024-07-17 23:32:22.975548 INFO: request:HTTP/1.1 200 OK
Content-Length:542
Connection:close

2024-07-17 23:32:22.975553 INFO: request:HTTP/1.1 200 OK
Content-Length:542
Connection:close


2024-07-17 23:32:22.975566 INFO: Thread 140246156437056 is running task

2024-07-17 23:32:22.975577 INFO: eventNum: 1
2024-07-17 23:32:22.975581 INFO: fd: 126, events: 4

2024-07-17 23:32:22.975629 INFO: Thread 140246148044352 is running task

2024-07-17 23:32:22.976586 INFO: eventNum: 1
2024-07-17 23:32:22.976630 INFO: fd: 13, events: 1

2024-07-17 23:32:22.976637 INFO: HandleListenEvent 13
2024-07-17 23:32:22.976660 INFO: HttpConn 164 init success
2024-07-17 23:32:22.976666 INFO: addTimer id:164 expireTime:1721230842
2024-07-17 23:32:22.976679 INFO: Client[164] in!
2024-07-17 23:32:22.976684 INFO: HandleListenEvent 13
2024-07-17 23:32:22.976694 ERROR: Accept failure -1
2024-07-17 23:32:22.976700 INFO: eventNum: 1
2024-07-17 23:32:22.976704 INFO: fd: 164, events: 1

2024-07-17 23:32:22.976726 INFO: HttpConn 164 read success
2024-07-17 23:32:22.976754 INFO: GET / HTTP/1.1
2024-07-17 23:32:22.976763 INFO: Host: 39.98.202.182:9006
2024-07-17 23:32:22.976769 INFO: User-Agent: Go-http-client/1.1
2024-07-17 23:32:22.976775 INFO: oop!unknow header: User-Agent: Go-http-client/1.1
2024-07-17 23:32:22.976781 INFO: X-Vegeta-Seq: 3583
2024-07-17 23:32:22.976787 INFO: oop!unknow header: X-Vegeta-Seq: 3583
2024-07-17 23:32:22.976793 INFO: Accept-Encoding: gzip
2024-07-17 23:32:22.976803 INFO: oop!unknow header: Accept-Encoding: gzip
2024-07-17 23:32:22.976809 INFO: 
2024-07-17 23:32:22.976832 INFO: request:HTTP/1.1 200 OK

2024-07-17 23:32:22.976838 INFO: request:HTTP/1.1 200 OK
Content-Length:542

2024-07-17 23:32:22.976843 INFO: request:HTTP/1.1 200 OK
Content-Length:542
Connection:close

2024-07-17 23:32:22.976847 INFO: request:HTTP/1.1 200 OK
Content-Length:542
Connection:close


2024-07-17 23:32:22.976861 INFO: Thread 140246131258944 is running task

2024-07-17 23:32:22.976913 INFO: eventNum: 2
2024-07-17 23:32:22.976928 INFO: fd: 13, events: 1

2024-07-17 23:32:22.976933 INFO: HandleListenEvent 13
2024-07-17 23:32:22.976947 INFO: HttpConn 206 init success
2024-07-17 23:32:22.976953 INFO: addTimer id:206 expireTime:1721230842
2024-07-17 23:32:22.976963 INFO: Client[206] in!
2024-07-17 23:32:22.976968 INFO: HandleListenEvent 13
2024-07-17 23:32:22.976977 ERROR: Accept failure -1
2024-07-17 23:32:22.976981 INFO: fd: 164, events: 4

2024-07-17 23:32:22.976993 INFO: eventNum: 1
2024-07-17 23:32:22.976998 INFO: fd: 206, events: 1

2024-07-17 23:32:22.977025 INFO: Thread 140246106080832 is running task

2024-07-17 23:32:22.977037 INFO: HttpConn 206 read success
2024-07-17 23:32:22.977045 INFO: GET / HTTP/1.1
2024-07-17 23:32:22.977051 INFO: Host: 39.98.202.182:9006
2024-07-17 23:32:22.977055 INFO: User-Agent: Go-http-client/1.1
2024-07-17 23:32:22.977060 INFO: oop!unknow header: User-Agent: Go-http-client/1.1
