2024-07-17 23:31:28.772242 ERROR: Accept failure -1
2024-07-17 23:31:28.772295 INFO: eventNum: 1
2024-07-17 23:31:28.772301 INFO: fd: 13, events: 1

2024-07-17 23:31:28.772305 INFO: HandleListenEvent 13
2024-07-17 23:31:28.772316 INFO: HttpConn 127 init success
2024-07-17 23:31:28.772321 INFO: addTimer id:127 expireTime:1721230788
2024-07-17 23:31:28.772333 INFO: Client[127] in!
2024-07-17 23:31:28.772337 INFO: HandleListenEvent 13
2024-07-17 23:31:28.772345 ERROR: Accept failure -1
2024-07-17 23:31:28.772447 INFO: eventNum: 1
2024-07-17 23:31:28.772458 INFO: fd: 13, events: 1

2024-07-17 23:31:28.772462 INFO: HandleListenEvent 13
2024-07-17 23:31:28.772473 INFO: HttpConn 128 init success
2024-07-17 23:31:28.772478 INFO: addTimer id:128 expireTime:1721230788
2024-07-17 23:31:28.772487 INFO: Client[128] in!
2024-07-17 23:31:28.772492 INFO: HandleListenEvent 13
2024-07-17 23:31:28.772499 ERROR: Accept failure -1
2024-07-17 23:31:28.772728 INFO: eventNum: 1
2024-07-17 23:31:28.772739 INFO: fd: 13, events: 1

2024-07-17 23:31:28.772743 INFO: HandleListenEvent 13
2024-07-17 23:31:28.772755 INFO: HttpConn 129 init success
2024-07-17 23:31:28.772760 INFO: addTimer id:129 expireTime:1721230788
2024-07-17 23:31:28.772768 INFO: Client[129] in!
2024-07-17 23:31:28.772773 INFO: HandleListenEvent 13
2024-07-17 23:31:28.772783 INFO: HttpConn 130 init success
2024-07-17 23:31:28.772788 INFO: addTimer id:130 expireTime:1721230788
2024-07-17 23:31:28.772801 INFO: Client[130] in!
2024-07-17 23:31:28.772805 INFO: HandleListenEvent 13
2024-07-17 23:31:28.772812 ERROR: Accept failure -1
2024-07-17 23:31:28.773227 INFO: eventNum: 1
2024-07-17 23:31:28.773240 INFO: fd: 13, events: 1

2024-07-17 23:31:28.773244 INFO: HandleListenEvent 13
2024-07-17 23:31:28.773257 INFO: HttpConn 131 init success
2024-07-17 23:31:28.773262 INFO: addTimer id:131 expireTime:1721230788
2024-07-17 23:31:28.773273 INFO: Client[131] in!
2024-07-17 23:31:28.773277 INFO: HandleListenEvent 13
2024-07-17 23:31:28.773285 ERROR: Accept failure -1
2024-07-17 23:31:28.773595 INFO: eventNum: 1
2024-07-17 23:31:28.773607 INFO: fd: 13, events: 1

2024-07-17 23:31:28.773611 INFO: HandleListenEvent 13
2024-07-17 23:31:28.773622 INFO: HttpConn 132 init success
2024-07-17 23:31:28.773627 INFO: addTimer id:132 expireTime:1721230788
2024-07-17 23:31:28.773637 INFO: Client[132] in!
2024-07-17 23:31:28.773641 INFO: HandleListenEvent 13
2024-07-17 23:31:28.773649 INFO: HttpConn 133 init success
2024-07-17 23:31:28.773653 INFO: addTimer id:133 expireTime:1721230788
2024-07-17 23:31:28.773666 INFO: Client[133] in!
2024-07-17 23:31:28.773670 INFO: HandleListenEvent 13
2024-07-17 23:31:28.773678 ERROR: Accept failure -1
2024-07-17 23:31:28.773795 INFO: eventNum: 1
2024-07-17 23:31:28.773806 INFO: fd: 13, events: 1

2024-07-17 23:31:28.773811 INFO: HandleListenEvent 13
2024-07-17 23:31:28.773821 INFO: HttpConn 134 init success
2024-07-17 23:31:28.773827 INFO: addTimer id:134 expireTime:1721230788
2024-07-17 23:31:28.773835 INFO: Client[134] in!
2024-07-17 23:31:28.773840 INFO: HandleListenEvent 13
2024-07-17 23:31:28.773849 INFO: HttpConn 135 init success
2024-07-17 23:31:28.773854 INFO: addTimer id:135 expireTime:1721230788
2024-07-17 23:31:28.773862 INFO: Client[135] in!
2024-07-17 23:31:28.773866 INFO: HandleListenEvent 13
2024-07-17 23:31:28.773873 ERROR: Accept failure -1
2024-07-17 23:31:28.773895 INFO: eventNum: 1
2024-07-17 23:31:28.773901 INFO: fd: 13, events: 1

2024-07-17 23:31:28.773906 INFO: HandleListenEvent 13
2024-07-17 23:31:28.773916 INFO: HttpConn 136 init success
2024-07-17 23:31:28.773922 INFO: addTimer id:136 expireTime:1721230788
2024-07-17 23:31:28.773929 INFO: Client[136] in!
2024-07-17 23:31:28.773934 INFO: HandleListenEvent 13
2024-07-17 23:31:28.773941 ERROR: Accept failure -1
2024-07-17 23:31:28.774608 INFO: eventNum: 1
2024-07-17 23:31:28.774622 INFO: fd: 13, events: 1

2024-07-17 23:31:28.774628 INFO: HandleListenEvent 13
2024-07-17 23:31:28.774642 INFO: HttpConn 137 init success
2024-07-17 23:31:28.774651 INFO: addTimer id:137 expireTime:1721230788
2024-07-17 23:31:28.774665 INFO: Client[137] in!
2024-07-17 23:31:28.774682 INFO: HandleListenEvent 13
2024-07-17 23:31:28.774693 ERROR: Accept failure -1
2024-07-17 23:31:28.774978 INFO: eventNum: 1
2024-07-17 23:31:28.774989 INFO: fd: 13, events: 1

2024-07-17 23:31:28.774993 INFO: HandleListenEvent 13
2024-07-17 23:31:28.775004 INFO: HttpConn 138 init success
2024-07-17 23:31:28.775009 INFO: addTimer id:138 expireTime:1721230788
2024-07-17 23:31:28.775018 INFO: Client[138] in!
2024-07-17 23:31:28.775022 INFO: HandleListenEvent 13
2024-07-17 23:31:28.775030 ERROR: Accept failure -1
2024-07-17 23:31:28.775035 INFO: eventNum: 1
2024-07-17 23:31:28.775040 INFO: fd: 13, events: 1

2024-07-17 23:31:28.775044 INFO: HandleListenEvent 13
2024-07-17 23:31:28.775053 INFO: HttpConn 139 init success
2024-07-17 23:31:28.775058 INFO: addTimer id:139 expireTime:1721230788
2024-07-17 23:31:28.775067 INFO: Client[139] in!
2024-07-17 23:31:28.775072 INFO: HandleListenEvent 13
2024-07-17 23:31:28.775079 ERROR: Accept failure -1
2024-07-17 23:31:28.775109 INFO: eventNum: 1
2024-07-17 23:31:28.775115 INFO: fd: 13, events: 1

2024-07-17 23:31:28.775119 INFO: HandleListenEvent 13
2024-07-17 23:31:28.775129 INFO: HttpConn 140 init success
2024-07-17 23:31:28.775135 INFO: addTimer id:140 expireTime:1721230788
2024-07-17 23:31:28.775144 INFO: Client[140] in!
2024-07-17 23:31:28.775151 INFO: HandleListenEvent 13
2024-07-17 23:31:28.775162 ERROR: Accept failure -1
2024-07-17 23:31:28.775255 INFO: eventNum: 1
2024-07-17 23:31:28.775266 INFO: fd: 13, events: 1

2024-07-17 23:31:28.775270 INFO: HandleListenEvent 13
2024-07-17 23:31:28.775283 INFO: HttpConn 141 init success
2024-07-17 23:31:28.775288 INFO: addTimer id:141 expireTime:1721230788
2024-07-17 23:31:28.775301 INFO: Client[141] in!
2024-07-17 23:31:28.775305 INFO: HandleListenEvent 13
2024-07-17 23:31:28.775312 ERROR: Accept failure -1
2024-07-17 23:31:28.775393 INFO: eventNum: 1
2024-07-17 23:31:28.775409 INFO: fd: 138, events: 1

2024-07-17 23:31:28.775481 INFO: HttpConn 138 read success
2024-07-17 23:31:28.775527 INFO: GET / HTTP/1.1
2024-07-17 23:31:28.775536 INFO: Host: 39.98.202.182:9006
2024-07-17 23:31:28.775542 INFO: User-Agent: Go-http-client/1.1
2024-07-17 23:31:28.775547 INFO: oop!unknow header: User-Agent: Go-http-client/1.1
2024-07-17 23:31:28.775552 INFO: X-Vegeta-Seq: 150
2024-07-17 23:31:28.775556 INFO: oop!unknow header: X-Vegeta-Seq: 150
2024-07-17 23:31:28.775561 INFO: Accept-Encoding: gzip
2024-07-17 23:31:28.775565 INFO: oop!unknow header: Accept-Encoding: gzip
2024-07-17 23:31:28.775569 INFO: 
2024-07-17 23:31:28.775590 INFO: request:HTTP/1.1 200 OK

2024-07-17 23:31:28.775596 INFO: request:HTTP/1.1 200 OK
Content-Length:542

2024-07-17 23:31:28.775600 INFO: request:HTTP/1.1 200 OK
Content-Length:542
Connection:close

2024-07-17 23:31:28.775605 INFO: request:HTTP/1.1 200 OK
Content-Length:542
Connection:close


2024-07-17 23:31:28.775619 INFO: Thread 140246148044352 is running task

2024-07-17 23:31:28.775676 INFO: eventNum: 2
2024-07-17 23:31:28.775690 INFO: fd: 55, events: 8193

2024-07-17 23:31:28.775712 INFO: HttpConn 55 close success
2024-07-17 23:31:28.775721 INFO: Client[55] quit!
2024-07-17 23:31:28.775726 INFO: fd: 138, events: 4

2024-07-17 23:31:28.775773 INFO: Thread 140246156437056 is running task

2024-07-17 23:31:28.775790 INFO: eventNum: 1
2024-07-17 23:31:28.775795 INFO: fd: 13, events: 1

2024-07-17 23:31:28.775799 INFO: HandleListenEvent 13
2024-07-17 23:31:28.775808 INFO: HttpConn 55 init success
2024-07-17 23:31:28.775814 INFO: addTimer id:55 expireTime:1721230788
2024-07-17 23:31:28.775823 INFO: Client[55] in!
2024-07-17 23:31:28.775827 INFO: HandleListenEvent 13
2024-07-17 23:31:28.775835 ERROR: Accept failure -1
2024-07-17 23:31:28.775872 INFO: eventNum: 1
2024-07-17 23:31:28.775879 INFO: fd: 13, events: 1

2024-07-17 23:31:28.775883 INFO: HandleListenEvent 13
2024-07-17 23:31:28.775894 INFO: HttpConn 142 init success
2024-07-17 23:31:28.775900 INFO: addTimer id:142 expireTime:1721230788
2024-07-17 23:31:28.775913 INFO: Client[142] in!
2024-07-17 23:31:28.775918 INFO: HandleListenEvent 13
2024-07-17 23:31:28.775930 ERROR: Accept failure -1
2024-07-17 23:31:28.776100 INFO: eventNum: 1
2024-07-17 23:31:28.776112 INFO: fd: 13, events: 1

2024-07-17 23:31:28.776117 INFO: HandleListenEvent 13
2024-07-17 23:31:28.776131 INFO: HttpConn 143 init success
2024-07-17 23:31:28.776139 INFO: addTimer id:143 expireTime:1721230788
2024-07-17 23:31:28.776150 INFO: Client[143] in!
2024-07-17 23:31:28.776155 INFO: HandleListenEvent 13
2024-07-17 23:31:28.776163 ERROR: Accept failure -1
2024-07-17 23:31:28.776567 INFO: eventNum: 1
2024-07-17 23:31:28.776579 INFO: fd: 13, events: 1

2024-07-17 23:31:28.776583 INFO: HandleListenEvent 13
2024-07-17 23:31:28.776594 INFO: HttpConn 144 init success
2024-07-17 23:31:28.776599 INFO: addTimer id:144 expireTime:1721230788
2024-07-17 23:31:28.776608 INFO: Client[144] in!
2024-07-17 23:31:28.776615 INFO: HandleListenEvent 13
2024-07-17 23:31:28.776625 ERROR: Accept failure -1
2024-07-17 23:31:28.776814 INFO: eventNum: 1
2024-07-17 23:31:28.776826 INFO: fd: 13, events: 1

2024-07-17 23:31:28.776830 INFO: HandleListenEvent 13
2024-07-17 23:31:28.776841 INFO: HttpConn 145 init success
2024-07-17 23:31:28.776846 INFO: addTimer id:145 expireTime:1721230788
2024-07-17 23:31:28.776857 INFO: Client[145] in!
2024-07-17 23:31:28.776862 INFO: HandleListenEvent 13
2024-07-17 23:31:28.776869 ERROR: Accept failure -1
2024-07-17 23:31:28.777075 INFO: eventNum: 1
2024-07-17 23:31:28.777086 INFO: fd: 13, events: 1

2024-07-17 23:31:28.777091 INFO: HandleListenEvent 13
2024-07-17 23:31:28.777104 INFO: HttpConn 146 init success
2024-07-17 23:31:28.777112 INFO: addTimer id:146 expireTime:1721230788
2024-07-17 23:31:28.777129 INFO: Client[146] in!
2024-07-17 23:31:28.777134 INFO: HandleListenEvent 13
2024-07-17 23:31:28.777141 ERROR: Accept failure -1
2024-07-17 23:31:28.777719 INFO: eventNum: 1
2024-07-17 23:31:28.777739 INFO: fd: 140, events: 1

2024-07-17 23:31:28.777753 INFO: HttpConn 140 read success
2024-07-17 23:31:28.777764 INFO: GET / HTTP/1.1
2024-07-17 23:31:28.777770 INFO: Host: 39.98.202.182:9006
2024-07-17 23:31:28.777775 INFO: User-Agent: Go-http-client/1.1
2024-07-17 23:31:28.777779 INFO: oop!unknow header: User-Agent: Go-http-client/1.1
2024-07-17 23:31:28.777784 INFO: X-Vegeta-Seq: 148
2024-07-17 23:31:28.777789 INFO: oop!unknow header: X-Vegeta-Seq: 148
2024-07-17 23:31:28.777793 INFO: Accept-Encoding: gzip
2024-07-17 23:31:28.777797 INFO: oop!unknow header: Accept-Encoding: gzip
2024-07-17 23:31:28.777802 INFO: 
2024-07-17 23:31:28.777819 INFO: request:HTTP/1.1 200 OK

2024-07-17 23:31:28.777824 INFO: request:HTTP/1.1 200 OK
Content-Length:542

2024-07-17 23:31:28.777829 INFO: request:HTTP/1.1 200 OK
Content-Length:542
Connection:close

2024-07-17 23:31:28.777833 INFO: request:HTTP/1.1 200 OK
Content-Length:542
Connection:close


2024-07-17 23:31:28.777843 INFO: Thread 140246114473536 is running task

2024-07-17 23:31:28.777853 INFO: eventNum: 1
2024-07-17 23:31:28.777857 INFO: fd: 140, events: 4

2024-07-17 23:31:28.777890 INFO: Thread 140246122866240 is running task

2024-07-17 23:31:28.778223 INFO: eventNum: 1
2024-07-17 23:31:28.778242 INFO: fd: 141, events: 1

2024-07-17 23:31:28.778256 INFO: HttpConn 141 read success
2024-07-17 23:31:28.778266 INFO: GET / HTTP/1.1
2024-07-17 23:31:28.778271 INFO: Host: 39.98.202.182:9006
2024-07-17 23:31:28.778277 INFO: User-Agent: Go-http-client/1.1
2024-07-17 23:31:28.778281 INFO: oop!unknow header: User-Agent: Go-http-client/1.1
2024-07-17 23:31:28.778286 INFO: X-Vegeta-Seq: 146
2024-07-17 23:31:28.778290 INFO: oop!unknow header: X-Vegeta-Seq: 146
2024-07-17 23:31:28.778294 INFO: Accept-Encoding: gzip
2024-07-17 23:31:28.778298 INFO: oop!unknow header: Accept-Encoding: gzip
2024-07-17 23:31:28.778303 INFO: 
2024-07-17 23:31:28.778317 INFO: request:HTTP/1.1 200 OK

2024-07-17 23:31:28.778322 INFO: request:HTTP/1.1 200 OK
Content-Length:542

2024-07-17 23:31:28.778326 INFO: request:HTTP/1.1 200 OK
Content-Length:542
Connection:close

2024-07-17 23:31:28.778331 INFO: request:HTTP/1.1 200 OK
Content-Length:542
Connection:close


2024-07-17 23:31:28.778344 INFO: Thread 140246139651648 is running task

2024-07-17 23:31:28.778354 INFO: eventNum: 1
2024-07-17 23:31:28.778359 INFO: fd: 141, events: 4

2024-07-17 23:31:28.778386 INFO: Thread 140246131258944 is running task

2024-07-17 23:31:28.797878 INFO: eventNum: 1
2024-07-17 23:31:28.797969 INFO: fd: 137, events: 1

2024-07-17 23:31:28.798000 INFO: HttpConn 137 read success
2024-07-17 23:31:28.798039 INFO: GET / HTTP/1.1
2024-07-17 23:31:28.798047 INFO: Host: 39.98.202.182:9006
2024-07-17 23:31:28.798052 INFO: User-Agent: Go-http-client/1.1
2024-07-17 23:31:28.798056 INFO: oop!unknow header: User-Agent: Go-http-client/1.1
2024-07-17 23:31:28.798061 INFO: X-Vegeta-Seq: 147
2024-07-17 23:31:28.798066 INFO: oop!unknow header: X-Vegeta-Seq: 147
2024-07-17 23:31:28.798070 INFO: Accept-Encoding: gzip
2024-07-17 23:31:28.798075 INFO: oop!unknow header: Accept-Encoding: gzip
2024-07-17 23:31:28.798079 INFO: 
2024-07-17 23:31:28.798107 INFO: request:HTTP/1.1 200 OK

2024-07-17 23:31:28.798126 INFO: request:HTTP/1.1 200 OK
Content-Length:542

2024-07-17 23:31:28.798132 INFO: request:HTTP/1.1 200 OK
Content-Length:542
Connection:close

2024-07-17 23:31:28.798137 INFO: request:HTTP/1.1 200 OK
Content-Length:542
Connection:close


2024-07-17 23:31:28.798159 INFO: Thread 140246106080832 is running task

2024-07-17 23:31:28.798175 INFO: eventNum: 1
2024-07-17 23:31:28.798182 INFO: fd: 137, events: 4

2024-07-17 23:31:28.798242 INFO: Thread 140246097688128 is running task

2024-07-17 23:31:28.798257 INFO: eventNum: 1
2024-07-17 23:31:28.798263 INFO: fd: 135, events: 1

2024-07-17 23:31:28.798283 INFO: HttpConn 135 read success
2024-07-17 23:31:28.798300 INFO: GET / HTTP/1.1
2024-07-17 23:31:28.798306 INFO: Host: 39.98.202.182:9006
2024-07-17 23:31:28.798311 INFO: User-Agent: Go-http-client/1.1
2024-07-17 23:31:28.798316 INFO: oop!unknow header: User-Agent: Go-http-client/1.1
2024-07-17 23:31:28.798321 INFO: X-Vegeta-Seq: 145
2024-07-17 23:31:28.798326 INFO: oop!unknow header: X-Vegeta-Seq: 145
2024-07-17 23:31:28.798330 INFO: Accept-Encoding: gzip
2024-07-17 23:31:28.798335 INFO: oop!unknow header: Accept-Encoding: gzip
2024-07-17 23:31:28.798339 INFO: 
2024-07-17 23:31:28.798359 INFO: request:HTTP/1.1 200 OK

2024-07-17 23:31:28.798364 INFO: request:HTTP/1.1 200 OK
Content-Length:542

2024-07-17 23:31:28.798370 INFO: request:HTTP/1.1 200 OK
Content-Length:542
Connection:close

2024-07-17 23:31:28.798375 INFO: request:HTTP/1.1 200 OK
Content-Length:542
Connection:close


2024-07-17 23:31:28.798390 INFO: Thread 140246148044352 is running task

2024-07-17 23:31:28.798405 INFO: eventNum: 1
2024-07-17 23:31:28.798411 INFO: fd: 135, events: 4

2024-07-17 23:31:28.798472 INFO: Thread 140246156437056 is running task

2024-07-17 23:31:28.798606 INFO: eventNum: 1
2024-07-17 23:31:28.798674 INFO: fd: 136, events: 1

2024-07-17 23:31:28.798703 INFO: eventNum: 1
2024-07-17 23:31:28.798710 INFO: HttpConn 136 read success
2024-07-17 23:31:28.798710 INFO: fd: 139, events: 1

2024-07-17 23:31:28.798737 INFO: GET / HTTP/1.1
2024-07-17 23:31:28.798755 INFO: Host: 39.98.202.182:9006
2024-07-17 23:31:28.798761 INFO: User-Agent: Go-http-client/1.1
2024-07-17 23:31:28.798765 INFO: oop!unknow header: User-Agent: Go-http-client/1.1
2024-07-17 23:31:28.798770 INFO: X-Vegeta-Seq: 144
2024-07-17 23:31:28.798774 INFO: oop!unknow header: X-Vegeta-Seq: 144
2024-07-17 23:31:28.798779 INFO: Accept-Encoding: gzip
2024-07-17 23:31:28.798784 INFO: oop!unknow header: Accept-Encoding: gzip
2024-07-17 23:31:28.798788 INFO: 
2024-07-17 23:31:28.798804 INFO: request:HTTP/1.1 200 OK

2024-07-17 23:31:28.798809 INFO: request:HTTP/1.1 200 OK
Content-Length:542

2024-07-17 23:31:28.798814 INFO: request:HTTP/1.1 200 OK
Content-Length:542
Connection:close

2024-07-17 23:31:28.798819 INFO: request:HTTP/1.1 200 OK
Content-Length:542
Connection:close


2024-07-17 23:31:28.798832 INFO: Thread 140246114473536 is running task

2024-07-17 23:31:28.798840 INFO: HttpConn 139 read success
2024-07-17 23:31:28.798848 INFO: GET / HTTP/1.1
2024-07-17 23:31:28.798869 INFO: Host: 39.98.202.182:9006
2024-07-17 23:31:28.798873 INFO: User-Agent: Go-http-client/1.1
2024-07-17 23:31:28.798878 INFO: oop!unknow header: User-Agent: Go-http-client/1.1
2024-07-17 23:31:28.798882 INFO: X-Vegeta-Seq: 143
2024-07-17 23:31:28.798890 INFO: oop!unknow header: X-Vegeta-Seq: 143
2024-07-17 23:31:28.798894 INFO: Accept-Encoding: gzip
2024-07-17 23:31:28.798898 INFO: oop!unknow header: Accept-Encoding: gzip
2024-07-17 23:31:28.798958 INFO: 
2024-07-17 23:31:28.798982 INFO: request:HTTP/1.1 200 OK

2024-07-17 23:31:28.798987 INFO: request:HTTP/1.1 200 OK
Content-Length:542

2024-07-17 23:31:28.798991 INFO: request:HTTP/1.1 200 OK
Content-Length:542
Connection:close

2024-07-17 23:31:28.798996 INFO: request:HTTP/1.1 200 OK
Content-Length:542
Connection:close


2024-07-17 23:31:28.799005 INFO: Thread 140246114473536 is running task

2024-07-17 23:31:28.798915 INFO: eventNum: 1
2024-07-17 23:31:28.799076 INFO: fd: 136, events: 4

2024-07-17 23:31:28.799090 INFO: eventNum: 1
2024-07-17 23:31:28.799095 INFO: fd: 139, events: 4

2024-07-17 23:31:28.799129 INFO: Thread 140246139651648 is running task

2024-07-17 23:31:28.799158 INFO: Thread 140246139651648 is running task

2024-07-17 23:31:28.799277 INFO: eventNum: 1
2024-07-17 23:31:28.799294 INFO: fd: 125, events: 1

2024-07-17 23:31:28.799313 INFO: HttpConn 125 read success
2024-07-17 23:31:28.799326 INFO: GET / HTTP/1.1
2024-07-17 23:31:28.799332 INFO: Host: 39.98.202.182:9006
2024-07-17 23:31:28.799337 INFO: User-Agent: Go-http-client/1.1
2024-07-17 23:31:28.799341 INFO: oop!unknow header: User-Agent: Go-http-client/1.1
2024-07-17 23:31:28.799345 INFO: X-Vegeta-Seq: 138
2024-07-17 23:31:28.799350 INFO: oop!unknow header: X-Vegeta-Seq: 138
2024-07-17 23:31:28.799359 INFO: Accept-Encoding: gzip
2024-07-17 23:31:28.799363 INFO: oop!unknow header: Accept-Encoding: gzip
2024-07-17 23:31:28.799367 INFO: 
2024-07-17 23:31:28.799382 INFO: request:HTTP/1.1 200 OK

2024-07-17 23:31:28.799387 INFO: request:HTTP/1.1 200 OK
Content-Length:542

2024-07-17 23:31:28.799391 INFO: request:HTTP/1.1 200 OK
Content-Length:542
Connection:close

2024-07-17 23:31:28.799396 INFO: request:HTTP/1.1 200 OK
Content-Length:542
Connection:close


2024-07-17 23:31:28.799405 INFO: Thread 140246106080832 is running task

2024-07-17 23:31:28.799501 INFO: eventNum: 6
2024-07-17 23:31:28.799515 INFO: fd: 143, events: 1

2024-07-17 23:31:28.799528 INFO: fd: 145, events: 1

2024-07-17 23:31:28.799534 INFO: HttpConn 143 read success
2024-07-17 23:31:28.799542 INFO: HttpConn 145 read success
2024-07-17 23:31:28.799548 INFO: GET / HTTP/1.1
2024-07-17 23:31:28.799558 INFO: fd: 125, events: 4

2024-07-17 23:31:28.799553 INFO: GET / HTTP/1.1
2024-07-17 23:31:28.799577 INFO: Host: 39.98.202.182:9006
2024-07-17 23:31:28.799582 INFO: User-Agent: Go-http-client/1.1
2024-07-17 23:31:28.799587 INFO: oop!unknow header: User-Agent: Go-http-client/1.1
2024-07-17 23:31:28.799592 INFO: X-Vegeta-Seq: 157
2024-07-17 23:31:28.799597 INFO: oop!unknow header: X-Vegeta-Seq: 157
2024-07-17 23:31:28.799601 INFO: Accept-Encoding: gzip
2024-07-17 23:31:28.799606 INFO: oop!unknow header: Accept-Encoding: gzip
2024-07-17 23:31:28.799610 INFO: 
2024-07-17 23:31:28.799629 INFO: request:HTTP/1.1 200 OK

2024-07-17 23:31:28.799635 INFO: request:HTTP/1.1 200 OK
Content-Length:542

2024-07-17 23:31:28.799639 INFO: request:HTTP/1.1 200 OK
Content-Length:542
Connection:close

2024-07-17 23:31:28.799644 INFO: request:HTTP/1.1 200 OK
Content-Length:542
Connection:close


2024-07-17 23:31:28.799663 INFO: Thread 140246148044352 is running task

2024-07-17 23:31:28.799562 INFO: Host: 39.98.202.182:9006
2024-07-17 23:31:28.799680 INFO: User-Agent: Go-http-client/1.1
2024-07-17 23:31:28.799692 INFO: oop!unknow header: User-Agent: Go-http-client/1.1
2024-07-17 23:31:28.799698 INFO: X-Vegeta-Seq: 154
2024-07-17 23:31:28.799703 INFO: oop!unknow header: X-Vegeta-Seq: 154
2024-07-17 23:31:28.799707 INFO: Accept-Encoding: gzip
2024-07-17 23:31:28.799711 INFO: oop!unknow header: Accept-Encoding: gzip
2024-07-17 23:31:28.799730 INFO: 
2024-07-17 23:31:28.799743 INFO: request:HTTP/1.1 200 OK

2024-07-17 23:31:28.799748 INFO: request:HTTP/1.1 200 OK
Content-Length:542

2024-07-17 23:31:28.799753 INFO: request:HTTP/1.1 200 OK
Content-Length:542
Connection:close

2024-07-17 23:31:28.799757 INFO: request:HTTP/1.1 200 OK
Content-Length:542
Connection:close


2024-07-17 23:31:28.799764 INFO: Thread 140246097688128 is running task

2024-07-17 23:31:28.799779 INFO: fd: 130, events: 1

2024-07-17 23:31:28.799789 INFO: fd: 132, events: 1

2024-07-17 23:31:28.799809 INFO: Thread 140246156437056 is running task

2024-07-17 23:31:28.799821 INFO: HttpConn 130 read success
2024-07-17 23:31:28.799831 INFO: GET / HTTP/1.1
2024-07-17 23:31:28.799845 INFO: Host: 39.98.202.182:9006
2024-07-17 23:31:28.799847 INFO: fd: 131, events: 1

2024-07-17 23:31:28.799864 INFO: HttpConn 132 read success
2024-07-17 23:31:28.799870 INFO: HttpConn 131 read success
2024-07-17 23:31:28.799853 INFO: User-Agent: Go-http-client/1.1
2024-07-17 23:31:28.799878 INFO: eventNum: 7
2024-07-17 23:31:28.799884 INFO: GET / HTTP/1.1
2024-07-17 23:31:28.799904 INFO: GET / HTTP/1.1
2024-07-17 23:31:28.799947 INFO: Host: 39.98.202.182:9006
2024-07-17 23:31:28.799963 INFO: User-Agent: Go-http-client/1.1
2024-07-17 23:31:28.799938 INFO: Host: 39.98.202.182:9006
2024-07-17 23:31:28.799983 INFO: User-Agent: Go-http-client/1.1
2024-07-17 23:31:28.799991 INFO: oop!unknow header: User-Agent: Go-http-client/1.1
2024-07-17 23:31:28.799996 INFO: X-Vegeta-Seq: 142
2024-07-17 23:31:28.800000 INFO: oop!unknow header: X-Vegeta-Seq: 142
2024-07-17 23:31:28.800005 INFO: Accept-Encoding: gzip
2024-07-17 23:31:28.800009 INFO: oop!unknow header: Accept-Encoding: gzip
2024-07-17 23:31:28.800014 INFO: 
2024-07-17 23:31:28.800030 INFO: request:HTTP/1.1 200 OK

2024-07-17 23:31:28.800036 INFO: request:HTTP/1.1 200 OK
Content-Length:542

2024-07-17 23:31:28.800046 INFO: request:HTTP/1.1 200 OK
Content-Length:542
Connection:close

2024-07-17 23:31:28.800051 INFO: request:HTTP/1.1 200 OK
Content-Length:542
Connection:close


2024-07-17 23:31:28.800061 INFO: Thread 140246122866240 is running task

2024-07-17 23:31:28.799913 INFO: oop!unknow header: User-Agent: Go-http-client/1.1
2024-07-17 23:31:28.799926 INFO: fd: 134, events: 1

2024-07-17 23:31:28.799967 INFO: oop!unknow header: User-Agent: Go-http-client/1.1
2024-07-17 23:31:28.800080 INFO: X-Vegeta-Seq: 140
2024-07-17 23:31:28.800118 INFO: fd: 145, events: 4

2024-07-17 23:31:28.800111 INFO: X-Vegeta-Seq: 137
2024-07-17 23:31:28.800135 INFO: oop!unknow header: X-Vegeta-Seq: 137
2024-07-17 23:31:28.800140 INFO: Accept-Encoding: gzip
2024-07-17 23:31:28.800144 INFO: oop!unknow header: Accept-Encoding: gzip
2024-07-17 23:31:28.800149 INFO: 
2024-07-17 23:31:28.800158 INFO: Thread 140246106080832 is running task

2024-07-17 23:31:28.800165 INFO: request:HTTP/1.1 200 OK

2024-07-17 23:31:28.800174 INFO: request:HTTP/1.1 200 OK
Content-Length:542

2024-07-17 23:31:28.800187 INFO: request:HTTP/1.1 200 OK
Content-Length:542
Connection:close

2024-07-17 23:31:28.800192 INFO: request:HTTP/1.1 200 OK
Content-Length:542
Connection:close


2024-07-17 23:31:28.800207 INFO: Thread 140246131258944 is running task

2024-07-17 23:31:28.800122 INFO: oop!unknow header: X-Vegeta-Seq: 140
2024-07-17 23:31:28.800169 INFO: fd: 55, events: 1

2024-07-17 23:31:28.800110 INFO: HttpConn 134 read success
2024-07-17 23:31:28.800250 INFO: GET / HTTP/1.1
2024-07-17 23:31:28.800257 INFO: Host: 39.98.202.182:9006
2024-07-17 23:31:28.800262 INFO: User-Agent: Go-http-client/1.1
2024-07-17 23:31:28.800267 INFO: oop!unknow header: User-Agent: Go-http-client/1.1
2024-07-17 23:31:28.800271 INFO: X-Vegeta-Seq: 141
2024-07-17 23:31:28.800278 INFO: oop!unknow header: X-Vegeta-Seq: 141
2024-07-17 23:31:28.800283 INFO: Accept-Encoding: gzip
2024-07-17 23:31:28.800287 INFO: oop!unknow header: Accept-Encoding: gzip
2024-07-17 23:31:28.800292 INFO: 
2024-07-17 23:31:28.800306 INFO: request:HTTP/1.1 200 OK

2024-07-17 23:31:28.800317 INFO: request:HTTP/1.1 200 OK
Content-Length:542

2024-07-17 23:31:28.800323 INFO: request:HTTP/1.1 200 OK
Content-Length:542
Connection:close

2024-07-17 23:31:28.800328 INFO: request:HTTP/1.1 200 OK
Content-Length:542
Connection:close


2024-07-17 23:31:28.800336 INFO: Thread 140246139651648 is running task

2024-07-17 23:31:28.800231 INFO: Accept-Encoding: gzip
2024-07-17 23:31:28.800349 INFO: oop!unknow header: Accept-Encoding: gzip
2024-07-17 23:31:28.800359 INFO: 
2024-07-17 23:31:28.800371 INFO: request:HTTP/1.1 200 OK

2024-07-17 23:31:28.800376 INFO: request:HTTP/1.1 200 OK
Content-Length:542

2024-07-17 23:31:28.800381 INFO: request:HTTP/1.1 200 OK
Content-Length:542
Connection:close

2024-07-17 23:31:28.800385 INFO: request:HTTP/1.1 200 OK
Content-Length:542
Connection:close


2024-07-17 23:31:28.800393 INFO: Thread 140246156437056 is running task

2024-07-17 23:31:28.800406 INFO: fd: 129, events: 1

2024-07-17 23:31:28.800410 INFO: HttpConn 55 read success
2024-07-17 23:31:28.800430 INFO: GET / HTTP/1.1
2024-07-17 23:31:28.800436 INFO: Host: 39.98.202.182:9006
2024-07-17 23:31:28.800455 INFO: User-Agent: Go-http-client/1.1
2024-07-17 23:31:28.800461 INFO: oop!unknow header: User-Agent: Go-http-client/1.1
2024-07-17 23:31:28.800471 INFO: X-Vegeta-Seq: 149
2024-07-17 23:31:28.800416 INFO: fd: 143, events: 4

2024-07-17 23:31:28.800483 INFO: HttpConn 129 read success
2024-07-17 23:31:28.800491 INFO: GET / HTTP/1.1
2024-07-17 23:31:28.800495 INFO: Host: 39.98.202.182:9006
2024-07-17 23:31:28.800500 INFO: User-Agent: Go-http-client/1.1
2024-07-17 23:31:28.800504 INFO: oop!unknow header: User-Agent: Go-http-client/1.1
2024-07-17 23:31:28.800476 INFO: oop!unknow header: X-Vegeta-Seq: 149
2024-07-17 23:31:28.800521 INFO: fd: 133, events: 1

2024-07-17 23:31:28.800514 INFO: Thread 140246114473536 is running task

2024-07-17 23:31:28.800534 INFO: Accept-Encoding: gzip
2024-07-17 23:31:28.800524 INFO: X-Vegeta-Seq: 139
2024-07-17 23:31:28.800559 INFO: HttpConn 133 read success
2024-07-17 23:31:28.800559 INFO: oop!unknow header: Accept-Encoding: gzip
2024-07-17 23:31:28.800565 INFO: oop!unknow header: X-Vegeta-Seq: 139
2024-07-17 23:31:28.800582 INFO: fd: 144, events: 1

2024-07-17 23:31:28.800576 INFO: 
2024-07-17 23:31:28.800600 INFO: HttpConn 144 read success
2024-07-17 23:31:28.800609 INFO: request:HTTP/1.1 200 OK

2024-07-17 23:31:28.800618 INFO: request:HTTP/1.1 200 OK
Content-Length:542

2024-07-17 23:31:28.800586 INFO: Accept-Encoding: gzip
2024-07-17 23:31:28.800609 INFO: GET / HTTP/1.1
2024-07-17 23:31:28.800627 INFO: request:HTTP/1.1 200 OK
Content-Length:542
Connection:close

2024-07-17 23:31:28.800575 INFO: GET / HTTP/1.1
2024-07-17 23:31:28.800635 INFO: oop!unknow header: Accept-Encoding: gzip
2024-07-17 23:31:28.800669 INFO: 
2024-07-17 23:31:28.800654 INFO: Host: 39.98.202.182:9006
2024-07-17 23:31:28.800683 INFO: request:HTTP/1.1 200 OK

2024-07-17 23:31:28.800683 INFO: User-Agent: Go-http-client/1.1
2024-07-17 23:31:28.800648 INFO: request:HTTP/1.1 200 OK
Content-Length:542
Connection:close


2024-07-17 23:31:28.800700 INFO: oop!unknow header: User-Agent: Go-http-client/1.1
2024-07-17 23:31:28.800693 INFO: request:HTTP/1.1 200 OK
Content-Length:542

2024-07-17 23:31:28.800718 INFO: request:HTTP/1.1 200 OK
Content-Length:542
Connection:close

2024-07-17 23:31:28.800621 INFO: eventNum: 11
2024-07-17 23:31:28.800735 INFO: request:HTTP/1.1 200 OK
Content-Length:542
Connection:close


2024-07-17 23:31:28.800707 INFO: X-Vegeta-Seq: 134
2024-07-17 23:31:28.800642 INFO: Host: 39.98.202.182:9006
2024-07-17 23:31:28.800744 INFO: fd: 142, events: 1

2024-07-17 23:31:28.800748 INFO: Thread 140246097688128 is running task

2024-07-17 23:31:28.800755 INFO: oop!unknow header: X-Vegeta-Seq: 134
2024-07-17 23:31:28.800781 INFO: fd: 146, events: 1

2024-07-17 23:31:28.800783 INFO: HttpConn 142 read success
2024-07-17 23:31:28.800797 INFO: Accept-Encoding: gzip
2024-07-17 23:31:28.800707 INFO: Thread 140246148044352 is running task

2024-07-17 23:31:28.800761 INFO: User-Agent: Go-http-client/1.1
2024-07-17 23:31:28.800841 INFO: oop!unknow header: User-Agent: Go-http-client/1.1
2024-07-17 23:31:28.800829 INFO: HttpConn 146 read success
2024-07-17 23:31:28.800822 INFO: oop!unknow header: Accept-Encoding: gzip
2024-07-17 23:31:28.800815 INFO: GET / HTTP/1.1
2024-07-17 23:31:28.800850 INFO: X-Vegeta-Seq: 151
2024-07-17 23:31:28.800872 INFO: Host: 39.98.202.182:9006
2024-07-17 23:31:28.800865 INFO: 
2024-07-17 23:31:28.800881 INFO: User-Agent: Go-http-client/1.1
2024-07-17 23:31:28.800888 INFO: oop!unknow header: User-Agent: Go-http-client/1.1
2024-07-17 23:31:28.800892 INFO: X-Vegeta-Seq: 152
2024-07-17 23:31:28.800860 INFO: GET / HTTP/1.1
2024-07-17 23:31:28.800874 INFO: oop!unknow header: X-Vegeta-Seq: 151
2024-07-17 23:31:28.800895 INFO: request:HTTP/1.1 200 OK

2024-07-17 23:31:28.800905 INFO: Host: 39.98.202.182:9006
2024-07-17 23:31:28.800927 INFO: User-Agent: Go-http-client/1.1
2024-07-17 23:31:28.800941 INFO: oop!unknow header: User-Agent: Go-http-client/1.1
2024-07-17 23:31:28.800914 INFO: request:HTTP/1.1 200 OK
Content-Length:542

2024-07-17 23:31:28.800897 INFO: oop!unknow header: X-Vegeta-Seq: 152
2024-07-17 23:31:28.800908 INFO: Accept-Encoding: gzip
2024-07-17 23:31:28.800946 INFO: X-Vegeta-Seq: 153
2024-07-17 23:31:28.800962 INFO: request:HTTP/1.1 200 OK
Content-Length:542
Connection:close

2024-07-17 23:31:28.800989 INFO: request:HTTP/1.1 200 OK
Content-Length:542
Connection:close


2024-07-17 23:31:28.800986 INFO: oop!unknow header: X-Vegeta-Seq: 153
2024-07-17 23:31:28.800999 INFO: Thread 140246122866240 is running task

2024-07-17 23:31:28.801001 INFO: Accept-Encoding: gzip
2024-07-17 23:31:28.800916 INFO: fd: 127, events: 1

2024-07-17 23:31:28.800973 INFO: Accept-Encoding: gzip
2024-07-17 23:31:28.801038 INFO: oop!unknow header: Accept-Encoding: gzip
2024-07-17 23:31:28.801024 INFO: oop!unknow header: Accept-Encoding: gzip
2024-07-17 23:31:28.800979 INFO: oop!unknow header: Accept-Encoding: gzip
2024-07-17 23:31:28.801044 INFO: HttpConn 127 read success
2024-07-17 23:31:28.801046 INFO: 
2024-07-17 23:31:28.801060 INFO: 
2024-07-17 23:31:28.801090 INFO: request:HTTP/1.1 200 OK

2024-07-17 23:31:28.801074 INFO: GET / HTTP/1.1
2024-07-17 23:31:28.801054 INFO: 
2024-07-17 23:31:28.801107 INFO: Host: 39.98.202.182:9006
2024-07-17 23:31:28.801113 INFO: User-Agent: Go-http-client/1.1
2024-07-17 23:31:28.801095 INFO: request:HTTP/1.1 200 OK

2024-07-17 23:31:28.801101 INFO: request:HTTP/1.1 200 OK
Content-Length:542

2024-07-17 23:31:28.801118 INFO: oop!unknow header: User-Agent: Go-http-client/1.1
2024-07-17 23:31:28.801117 INFO: request:HTTP/1.1 200 OK

2024-07-17 23:31:28.801126 INFO: request:HTTP/1.1 200 OK
Content-Length:542

2024-07-17 23:31:28.801132 INFO: request:HTTP/1.1 200 OK
Content-Length:542
Connection:close

2024-07-17 23:31:28.801140 INFO: X-Vegeta-Seq: 136
2024-07-17 23:31:28.801146 INFO: request:HTTP/1.1 200 OK
Content-Length:542

2024-07-17 23:31:28.801152 INFO: request:HTTP/1.1 200 OK
Content-Length:542
Connection:close

2024-07-17 23:31:28.801158 INFO: request:HTTP/1.1 200 OK
Content-Length:542
Connection:close


2024-07-17 23:31:28.801164 INFO: oop!unknow header: X-Vegeta-Seq: 136
2024-07-17 23:31:28.801169 INFO: request:HTTP/1.1 200 OK
Content-Length:542
Connection:close

2024-07-17 23:31:28.801193 INFO: fd: 124, events: 1

2024-07-17 23:31:28.801176 INFO: request:HTTP/1.1 200 OK
Content-Length:542
Connection:close


2024-07-17 23:31:28.801186 INFO: Thread 140246097688128 is running task

2024-07-17 23:31:28.801218 INFO: Thread 140246106080832 is running task

2024-07-17 23:31:28.801198 INFO: request:HTTP/1.1 200 OK
Content-Length:542
Connection:close


2024-07-17 23:31:28.801185 INFO: Accept-Encoding: gzip
2024-07-17 23:31:28.801241 INFO: Thread 140246148044352 is running task

2024-07-17 23:31:28.801255 INFO: HttpConn 124 read success
2024-07-17 23:31:28.801264 INFO: GET / HTTP/1.1
2024-07-17 23:31:28.801270 INFO: Host: 39.98.202.182:9006
2024-07-17 23:31:28.801275 INFO: User-Agent: Go-http-client/1.1
2024-07-17 23:31:28.801283 INFO: oop!unknow header: User-Agent: Go-http-client/1.1
2024-07-17 23:31:28.801288 INFO: X-Vegeta-Seq: 133
2024-07-17 23:31:28.801292 INFO: oop!unknow header: X-Vegeta-Seq: 133
2024-07-17 23:31:28.801297 INFO: Accept-Encoding: gzip
2024-07-17 23:31:28.801302 INFO: oop!unknow header: Accept-Encoding: gzip
2024-07-17 23:31:28.801306 INFO: 
2024-07-17 23:31:28.801318 INFO: request:HTTP/1.1 200 OK

2024-07-17 23:31:28.801323 INFO: request:HTTP/1.1 200 OK
Content-Length:542

2024-07-17 23:31:28.801327 INFO: request:HTTP/1.1 200 OK
Content-Length:542
Connection:close

2024-07-17 23:31:28.801335 INFO: request:HTTP/1.1 200 OK
Content-Length:542
Connection:close


2024-07-17 23:31:28.801343 INFO: Thread 140246114473536 is running task

2024-07-17 23:31:28.801249 INFO: oop!unknow header: Accept-Encoding: gzip
2024-07-17 23:31:28.801355 INFO: 
2024-07-17 23:31:28.801367 INFO: request:HTTP/1.1 200 OK

2024-07-17 23:31:28.801372 INFO: request:HTTP/1.1 200 OK
Content-Length:542

2024-07-17 23:31:28.801376 INFO: request:HTTP/1.1 200 OK
Content-Length:542
Connection:close

2024-07-17 23:31:28.801381 INFO: request:HTTP/1.1 200 OK
Content-Length:542
Connection:close


2024-07-17 23:31:28.801388 INFO: Thread 140246156437056 is running task

2024-07-17 23:31:28.801395 INFO: fd: 132, events: 4

2024-07-17 23:31:28.801407 INFO: fd: 131, events: 4

2024-07-17 23:31:28.801466 INFO: Thread 140246131258944 is running task

2024-07-17 23:31:28.801469 INFO: Thread 140246139651648 is running task

2024-07-17 23:31:28.801472 INFO: fd: 134, events: 4

2024-07-17 23:31:28.801536 INFO: Thread 140246122866240 is running task

2024-07-17 23:31:28.801548 INFO: fd: 126, events: 1

2024-07-17 23:31:28.801559 INFO: fd: 123, events: 1

2024-07-17 23:31:28.801564 INFO: HttpConn 126 read success
2024-07-17 23:31:28.801573 INFO: fd: 130, events: 4

2024-07-17 23:31:28.801582 INFO: GET / HTTP/1.1
2024-07-17 23:31:28.801569 INFO: HttpConn 123 read success
2024-07-17 23:31:28.801589 INFO: fd: 121, events: 1

2024-07-17 23:31:28.801617 INFO: Thread 140246148044352 is running task

2024-07-17 23:31:28.801602 INFO: GET / HTTP/1.1
2024-07-17 23:31:28.801593 INFO: Host: 39.98.202.182:9006
2024-07-17 23:31:28.801618 INFO: HttpConn 121 read success
2024-07-17 23:31:28.801641 INFO: User-Agent: Go-http-client/1.1
2024-07-17 23:31:28.801635 INFO: Host: 39.98.202.182:9006
2024-07-17 23:31:28.801657 INFO: oop!unknow header: User-Agent: Go-http-client/1.1
2024-07-17 23:31:28.801670 INFO: eventNum: 10
2024-07-17 23:31:28.801651 INFO: GET / HTTP/1.1
2024-07-17 23:31:28.801688 INFO: Host: 39.98.202.182:9006
2024-07-17 23:31:28.801693 INFO: User-Agent: Go-http-client/1.1
2024-07-17 23:31:28.801698 INFO: oop!unknow header: User-Agent: Go-http-client/1.1
2024-07-17 23:31:28.801702 INFO: X-Vegeta-Seq: 131
2024-07-17 23:31:28.801707 INFO: oop!unknow header: X-Vegeta-Seq: 131
2024-07-17 23:31:28.801711 INFO: Accept-Encoding: gzip
2024-07-17 23:31:28.801716 INFO: oop!unknow header: Accept-Encoding: gzip
2024-07-17 23:31:28.801720 INFO: 
2024-07-17 23:31:28.801734 INFO: request:HTTP/1.1 200 OK

2024-07-17 23:31:28.801739 INFO: request:HTTP/1.1 200 OK
Content-Length:542

2024-07-17 23:31:28.801743 INFO: request:HTTP/1.1 200 OK
Content-Length:542
Connection:close

2024-07-17 23:31:28.801748 INFO: request:HTTP/1.1 200 OK
Content-Length:542
Connection:close


2024-07-17 23:31:28.801756 INFO: Thread 140246114473536 is running task

2024-07-17 23:31:28.801664 INFO: User-Agent: Go-http-client/1.1
2024-07-17 23:31:28.801773 INFO: oop!unknow header: User-Agent: Go-http-client/1.1
2024-07-17 23:31:28.801674 INFO: X-Vegeta-Seq: 135
2024-07-17 23:31:28.801786 INFO: fd: 122, events: 1

2024-07-17 23:31:28.801782 INFO: X-Vegeta-Seq: 132
2024-07-17 23:31:28.801808 INFO: oop!unknow header: X-Vegeta-Seq: 132
2024-07-17 23:31:28.801792 INFO: oop!unknow header: X-Vegeta-Seq: 135
2024-07-17 23:31:28.801816 INFO: Accept-Encoding: gzip
2024-07-17 23:31:28.801843 INFO: oop!unknow header: Accept-Encoding: gzip
2024-07-17 23:31:28.801848 INFO: 
2024-07-17 23:31:28.801859 INFO: request:HTTP/1.1 200 OK

2024-07-17 23:31:28.801869 INFO: request:HTTP/1.1 200 OK
Content-Length:542

2024-07-17 23:31:28.801873 INFO: request:HTTP/1.1 200 OK
Content-Length:542
Connection:close

2024-07-17 23:31:28.801878 INFO: request:HTTP/1.1 200 OK
Content-Length:542
Connection:close


2024-07-17 23:31:28.801888 INFO: Thread 140246106080832 is running task

2024-07-17 23:31:28.801825 INFO: HttpConn 122 read success
2024-07-17 23:31:28.801901 INFO: GET / HTTP/1.1
2024-07-17 23:31:28.801906 INFO: Host: 39.98.202.182:9006
2024-07-17 23:31:28.801911 INFO: User-Agent: Go-http-client/1.1
2024-07-17 23:31:28.801915 INFO: oop!unknow header: User-Agent: Go-http-client/1.1
2024-07-17 23:31:28.801919 INFO: X-Vegeta-Seq: 130
2024-07-17 23:31:28.801923 INFO: oop!unknow header: X-Vegeta-Seq: 130
2024-07-17 23:31:28.801927 INFO: Accept-Encoding: gzip
2024-07-17 23:31:28.801932 INFO: oop!unknow header: Accept-Encoding: gzip
2024-07-17 23:31:28.801936 INFO: 
2024-07-17 23:31:28.801947 INFO: request:HTTP/1.1 200 OK

2024-07-17 23:31:28.801952 INFO: request:HTTP/1.1 200 OK
Content-Length:542

2024-07-17 23:31:28.801957 INFO: request:HTTP/1.1 200 OK
Content-Length:542
Connection:close

2024-07-17 23:31:28.801961 INFO: request:HTTP/1.1 200 OK
Content-Length:542
Connection:close


2024-07-17 23:31:28.801968 INFO: Thread 140246156437056 is running task

2024-07-17 23:31:28.801829 INFO: fd: 55, events: 4

2024-07-17 23:31:28.801833 INFO: Accept-Encoding: gzip
2024-07-17 23:31:28.801990 INFO: fd: 129, events: 4

2024-07-17 23:31:28.802021 INFO: Thread 140246131258944 is running task

2024-07-17 23:31:28.802033 INFO: Thread 140246139651648 is running task

2024-07-17 23:31:28.801993 INFO: oop!unknow header: Accept-Encoding: gzip
2024-07-17 23:31:28.802055 INFO: 
2024-07-17 23:31:28.802049 INFO: fd: 133, events: 4

2024-07-17 23:31:28.802080 INFO: request:HTTP/1.1 200 OK

2024-07-17 23:31:28.802086 INFO: request:HTTP/1.1 200 OK
Content-Length:542

2024-07-17 23:31:28.802091 INFO: request:HTTP/1.1 200 OK
Content-Length:542
Connection:close

2024-07-17 23:31:28.802096 INFO: request:HTTP/1.1 200 OK
Content-Length:542
Connection:close


2024-07-17 23:31:28.802105 INFO: Thread 140246097688128 is running task

2024-07-17 23:31:28.802106 INFO: Thread 140246122866240 is running task

2024-07-17 23:31:28.802109 INFO: fd: 142, events: 4

2024-07-17 23:31:28.802159 INFO: fd: 144, events: 4

2024-07-17 23:31:28.802181 INFO: Thread 140246148044352 is running task

2024-07-17 23:31:28.802189 INFO: Thread 140246114473536 is running task

2024-07-17 23:31:28.802199 INFO: fd: 146, events: 4

2024-07-17 23:31:28.802221 INFO: Thread 140246106080832 is running task

2024-07-17 23:31:28.802232 INFO: fd: 128, events: 1

2024-07-17 23:31:28.802242 INFO: HttpConn 128 read success
2024-07-17 23:31:28.802250 INFO: GET / HTTP/1.1
2024-07-17 23:31:28.802256 INFO: Host: 39.98.202.182:9006
2024-07-17 23:31:28.802260 INFO: User-Agent: Go-http-client/1.1
2024-07-17 23:31:28.802265 INFO: oop!unknow header: User-Agent: Go-http-client/1.1
