2024-07-17 23:31:28.667984 INFO: oop!unknow header: Accept-Encoding: gzip
2024-07-17 23:31:28.668035 INFO: 
2024-07-17 23:31:28.668050 INFO: request:HTTP/1.1 200 OK

2024-07-17 23:31:28.668054 INFO: request:HTTP/1.1 200 OK
Content-Length:542

2024-07-17 23:31:28.668059 INFO: request:HTTP/1.1 200 OK
Content-Length:542
Connection:close

2024-07-17 23:31:28.668063 INFO: request:HTTP/1.1 200 OK
Content-Length:542
Connection:close


2024-07-17 23:31:28.668073 INFO: Thread 140246097688128 is running task

2024-07-17 23:31:28.668083 INFO: eventNum: 1
2024-07-17 23:31:28.668087 INFO: fd: 17, events: 4

2024-07-17 23:31:28.668124 INFO: Thread 140246131258944 is running task

2024-07-17 23:31:28.668644 INFO: eventNum: 1
2024-07-17 23:31:28.668662 INFO: fd: 13, events: 1

2024-07-17 23:31:28.668667 INFO: HandleListenEvent 13
2024-07-17 23:31:28.668680 INFO: HttpConn 18 init success
2024-07-17 23:31:28.668686 INFO: addTimer id:18 expireTime:1721230788
2024-07-17 23:31:28.668696 INFO: Client[18] in!
2024-07-17 23:31:28.668704 INFO: HandleListenEvent 13
2024-07-17 23:31:28.668714 ERROR: Accept failure -1
2024-07-17 23:31:28.668719 INFO: eventNum: 1
2024-07-17 23:31:28.668723 INFO: fd: 18, events: 1

2024-07-17 23:31:28.668737 INFO: HttpConn 18 read success
2024-07-17 23:31:28.668747 INFO: GET / HTTP/1.1
2024-07-17 23:31:28.668752 INFO: Host: 39.98.202.182:9006
2024-07-17 23:31:28.668757 INFO: User-Agent: Go-http-client/1.1
2024-07-17 23:31:28.668761 INFO: oop!unknow header: User-Agent: Go-http-client/1.1
2024-07-17 23:31:28.668766 INFO: X-Vegeta-Seq: 5
2024-07-17 23:31:28.668770 INFO: oop!unknow header: X-Vegeta-Seq: 5
2024-07-17 23:31:28.668774 INFO: Accept-Encoding: gzip
2024-07-17 23:31:28.668780 INFO: oop!unknow header: Accept-Encoding: gzip
2024-07-17 23:31:28.668785 INFO: 
2024-07-17 23:31:28.668802 INFO: request:HTTP/1.1 200 OK

2024-07-17 23:31:28.668806 INFO: request:HTTP/1.1 200 OK
Content-Length:542

2024-07-17 23:31:28.668813 INFO: request:HTTP/1.1 200 OK
Content-Length:542
Connection:close

2024-07-17 23:31:28.668818 INFO: request:HTTP/1.1 200 OK
Content-Length:542
Connection:close


2024-07-17 23:31:28.668830 INFO: Thread 140246122866240 is running task

2024-07-17 23:31:28.668839 INFO: eventNum: 1
2024-07-17 23:31:28.668844 INFO: fd: 18, events: 4

2024-07-17 23:31:28.668872 INFO: Thread 140246139651648 is running task

2024-07-17 23:31:28.669147 INFO: eventNum: 1
2024-07-17 23:31:28.669158 INFO: fd: 13, events: 1

2024-07-17 23:31:28.669163 INFO: HandleListenEvent 13
2024-07-17 23:31:28.669184 INFO: HttpConn 28 init success
2024-07-17 23:31:28.669190 INFO: addTimer id:28 expireTime:1721230788
2024-07-17 23:31:28.669199 INFO: Client[28] in!
2024-07-17 23:31:28.669204 INFO: HandleListenEvent 13
2024-07-17 23:31:28.669211 ERROR: Accept failure -1
2024-07-17 23:31:28.669216 INFO: eventNum: 1
2024-07-17 23:31:28.669221 INFO: fd: 28, events: 1

2024-07-17 23:31:28.669232 INFO: HttpConn 28 read success
2024-07-17 23:31:28.669242 INFO: GET / HTTP/1.1
2024-07-17 23:31:28.669247 INFO: Host: 39.98.202.182:9006
2024-07-17 23:31:28.669252 INFO: User-Agent: Go-http-client/1.1
2024-07-17 23:31:28.669256 INFO: oop!unknow header: User-Agent: Go-http-client/1.1
2024-07-17 23:31:28.669260 INFO: X-Vegeta-Seq: 2
2024-07-17 23:31:28.669266 INFO: oop!unknow header: X-Vegeta-Seq: 2
2024-07-17 23:31:28.669273 INFO: Accept-Encoding: gzip
2024-07-17 23:31:28.669278 INFO: oop!unknow header: Accept-Encoding: gzip
2024-07-17 23:31:28.669282 INFO: 
2024-07-17 23:31:28.669294 INFO: request:HTTP/1.1 200 OK

2024-07-17 23:31:28.669299 INFO: request:HTTP/1.1 200 OK
Content-Length:542

2024-07-17 23:31:28.669304 INFO: request:HTTP/1.1 200 OK
Content-Length:542
Connection:close

2024-07-17 23:31:28.669308 INFO: request:HTTP/1.1 200 OK
Content-Length:542
Connection:close


2024-07-17 23:31:28.669316 INFO: Thread 140246114473536 is running task

2024-07-17 23:31:28.669325 INFO: eventNum: 2
2024-07-17 23:31:28.669329 INFO: fd: 13, events: 1

2024-07-17 23:31:28.669334 INFO: HandleListenEvent 13
2024-07-17 23:31:28.669344 INFO: HttpConn 29 init success
2024-07-17 23:31:28.669356 INFO: addTimer id:29 expireTime:1721230788
2024-07-17 23:31:28.669367 INFO: Client[29] in!
2024-07-17 23:31:28.669372 INFO: HandleListenEvent 13
2024-07-17 23:31:28.669382 ERROR: Accept failure -1
2024-07-17 23:31:28.669387 INFO: fd: 28, events: 4

2024-07-17 23:31:28.669415 INFO: Thread 140246106080832 is running task

2024-07-17 23:31:28.669451 INFO: eventNum: 1
2024-07-17 23:31:28.669456 INFO: fd: 29, events: 1

2024-07-17 23:31:28.669469 INFO: HttpConn 29 read success
2024-07-17 23:31:28.669478 INFO: GET / HTTP/1.1
2024-07-17 23:31:28.669484 INFO: Host: 39.98.202.182:9006
2024-07-17 23:31:28.669488 INFO: User-Agent: Go-http-client/1.1
2024-07-17 23:31:28.669492 INFO: oop!unknow header: User-Agent: Go-http-client/1.1
2024-07-17 23:31:28.669496 INFO: X-Vegeta-Seq: 0
2024-07-17 23:31:28.669501 INFO: oop!unknow header: X-Vegeta-Seq: 0
2024-07-17 23:31:28.669505 INFO: Accept-Encoding: gzip
2024-07-17 23:31:28.669509 INFO: oop!unknow header: Accept-Encoding: gzip
2024-07-17 23:31:28.669513 INFO: 
2024-07-17 23:31:28.669528 INFO: request:HTTP/1.1 200 OK

2024-07-17 23:31:28.669533 INFO: request:HTTP/1.1 200 OK
Content-Length:542

2024-07-17 23:31:28.669537 INFO: request:HTTP/1.1 200 OK
Content-Length:542
Connection:close

2024-07-17 23:31:28.669541 INFO: request:HTTP/1.1 200 OK
Content-Length:542
Connection:close


2024-07-17 23:31:28.669548 INFO: Thread 140246156437056 is running task

2024-07-17 23:31:28.669556 INFO: eventNum: 1
2024-07-17 23:31:28.669561 INFO: fd: 29, events: 4

2024-07-17 23:31:28.669585 INFO: Thread 140246148044352 is running task

2024-07-17 23:31:28.669600 INFO: eventNum: 1
2024-07-17 23:31:28.669604 INFO: fd: 13, events: 1

2024-07-17 23:31:28.669609 INFO: HandleListenEvent 13
2024-07-17 23:31:28.669621 INFO: HttpConn 30 init success
2024-07-17 23:31:28.669627 INFO: addTimer id:30 expireTime:1721230788
2024-07-17 23:31:28.669638 INFO: Client[30] in!
2024-07-17 23:31:28.669643 INFO: HandleListenEvent 13
2024-07-17 23:31:28.669650 ERROR: Accept failure -1
2024-07-17 23:31:28.669656 INFO: eventNum: 2
2024-07-17 23:31:28.669660 INFO: fd: 26, events: 1

2024-07-17 23:31:28.669671 INFO: HttpConn 26 read success
2024-07-17 23:31:28.669680 INFO: GET / HTTP/1.1
2024-07-17 23:31:28.669685 INFO: Host: 39.98.202.182:9006
2024-07-17 23:31:28.669690 INFO: User-Agent: Go-http-client/1.1
2024-07-17 23:31:28.669694 INFO: oop!unknow header: User-Agent: Go-http-client/1.1
2024-07-17 23:31:28.669698 INFO: X-Vegeta-Seq: 4
2024-07-17 23:31:28.669702 INFO: oop!unknow header: X-Vegeta-Seq: 4
2024-07-17 23:31:28.669707 INFO: Accept-Encoding: gzip
2024-07-17 23:31:28.669711 INFO: oop!unknow header: Accept-Encoding: gzip
2024-07-17 23:31:28.669715 INFO: 
2024-07-17 23:31:28.669727 INFO: request:HTTP/1.1 200 OK

2024-07-17 23:31:28.669731 INFO: request:HTTP/1.1 200 OK
Content-Length:542

2024-07-17 23:31:28.669736 INFO: request:HTTP/1.1 200 OK
Content-Length:542
Connection:close

2024-07-17 23:31:28.669740 INFO: request:HTTP/1.1 200 OK
Content-Length:542
Connection:close


2024-07-17 23:31:28.669747 INFO: Thread 140246097688128 is running task

2024-07-17 23:31:28.669754 INFO: fd: 30, events: 1

2024-07-17 23:31:28.669765 INFO: HttpConn 30 read success
2024-07-17 23:31:28.669773 INFO: GET / HTTP/1.1
2024-07-17 23:31:28.669778 INFO: Host: 39.98.202.182:9006
2024-07-17 23:31:28.669783 INFO: User-Agent: Go-http-client/1.1
2024-07-17 23:31:28.669787 INFO: oop!unknow header: User-Agent: Go-http-client/1.1
2024-07-17 23:31:28.669791 INFO: X-Vegeta-Seq: 1
2024-07-17 23:31:28.669795 INFO: oop!unknow header: X-Vegeta-Seq: 1
2024-07-17 23:31:28.669800 INFO: Accept-Encoding: gzip
2024-07-17 23:31:28.669804 INFO: oop!unknow header: Accept-Encoding: gzip
2024-07-17 23:31:28.669808 INFO: 
2024-07-17 23:31:28.669820 INFO: request:HTTP/1.1 200 OK

2024-07-17 23:31:28.669828 INFO: request:HTTP/1.1 200 OK
Content-Length:542

2024-07-17 23:31:28.669839 INFO: request:HTTP/1.1 200 OK
Content-Length:542
Connection:close

2024-07-17 23:31:28.669845 INFO: request:HTTP/1.1 200 OK
Content-Length:542
Connection:close


2024-07-17 23:31:28.669859 INFO: Thread 140246131258944 is running task

2024-07-17 23:31:28.669871 INFO: eventNum: 2
2024-07-17 23:31:28.669877 INFO: fd: 26, events: 4

2024-07-17 23:31:28.669912 INFO: Thread 140246122866240 is running task

2024-07-17 23:31:28.669926 INFO: fd: 30, events: 4

2024-07-17 23:31:28.669956 INFO: Thread 140246139651648 is running task

2024-07-17 23:31:28.695512 INFO: eventNum: 1
2024-07-17 23:31:28.695569 INFO: fd: 13, events: 1

2024-07-17 23:31:28.695575 INFO: HandleListenEvent 13
2024-07-17 23:31:28.695601 INFO: HttpConn 31 init success
2024-07-17 23:31:28.695609 INFO: addTimer id:31 expireTime:1721230788
2024-07-17 23:31:28.695624 INFO: Client[31] in!
2024-07-17 23:31:28.695629 INFO: HandleListenEvent 13
2024-07-17 23:31:28.695640 ERROR: Accept failure -1
2024-07-17 23:31:28.695646 INFO: eventNum: 1
2024-07-17 23:31:28.695650 INFO: fd: 13, events: 1

2024-07-17 23:31:28.695654 INFO: HandleListenEvent 13
2024-07-17 23:31:28.695662 INFO: HttpConn 32 init success
2024-07-17 23:31:28.695672 INFO: addTimer id:32 expireTime:1721230788
2024-07-17 23:31:28.695687 INFO: Client[32] in!
2024-07-17 23:31:28.695694 INFO: HandleListenEvent 13
2024-07-17 23:31:28.695705 ERROR: Accept failure -1
2024-07-17 23:31:28.699664 INFO: eventNum: 1
2024-07-17 23:31:28.699712 INFO: fd: 13, events: 1

2024-07-17 23:31:28.699719 INFO: HandleListenEvent 13
2024-07-17 23:31:28.699749 INFO: HttpConn 33 init success
2024-07-17 23:31:28.699761 INFO: addTimer id:33 expireTime:1721230788
2024-07-17 23:31:28.699777 INFO: Client[33] in!
2024-07-17 23:31:28.699784 INFO: HandleListenEvent 13
2024-07-17 23:31:28.699797 ERROR: Accept failure -1
2024-07-17 23:31:28.700098 INFO: eventNum: 1
2024-07-17 23:31:28.700118 INFO: fd: 13, events: 1

2024-07-17 23:31:28.700123 INFO: HandleListenEvent 13
2024-07-17 23:31:28.700137 INFO: HttpConn 37 init success
2024-07-17 23:31:28.700143 INFO: addTimer id:37 expireTime:1721230788
2024-07-17 23:31:28.700152 INFO: Client[37] in!
2024-07-17 23:31:28.700157 INFO: HandleListenEvent 13
2024-07-17 23:31:28.700165 ERROR: Accept failure -1
2024-07-17 23:31:28.700205 INFO: eventNum: 1
2024-07-17 23:31:28.700211 INFO: fd: 13, events: 1

2024-07-17 23:31:28.700216 INFO: HandleListenEvent 13
2024-07-17 23:31:28.700227 INFO: HttpConn 38 init success
2024-07-17 23:31:28.700232 INFO: addTimer id:38 expireTime:1721230788
2024-07-17 23:31:28.700240 INFO: Client[38] in!
2024-07-17 23:31:28.700245 INFO: HandleListenEvent 13
2024-07-17 23:31:28.700252 ERROR: Accept failure -1
2024-07-17 23:31:28.700334 INFO: eventNum: 1
2024-07-17 23:31:28.700345 INFO: fd: 35, events: 8193

2024-07-17 23:31:28.700369 INFO: HttpConn 35 close success
2024-07-17 23:31:28.700380 INFO: Client[35] quit!
2024-07-17 23:31:28.700773 INFO: eventNum: 1
2024-07-17 23:31:28.700790 INFO: fd: 36, events: 8193

2024-07-17 23:31:28.700813 INFO: HttpConn 36 close success
2024-07-17 23:31:28.700824 INFO: Client[36] quit!
2024-07-17 23:31:28.700925 INFO: eventNum: 1
2024-07-17 23:31:28.700936 INFO: fd: 39, events: 8193

2024-07-17 23:31:28.700950 INFO: HttpConn 39 close success
2024-07-17 23:31:28.700958 INFO: Client[39] quit!
2024-07-17 23:31:28.702277 INFO: eventNum: 1
2024-07-17 23:31:28.702301 INFO: fd: 49, events: 8193

2024-07-17 23:31:28.702322 INFO: HttpConn 49 close success
2024-07-17 23:31:28.702331 INFO: Client[49] quit!
2024-07-17 23:31:28.702457 INFO: eventNum: 1
2024-07-17 23:31:28.702468 INFO: fd: 43, events: 8193

2024-07-17 23:31:28.702482 INFO: HttpConn 43 close success
2024-07-17 23:31:28.702489 INFO: Client[43] quit!
2024-07-17 23:31:28.702996 INFO: eventNum: 1
2024-07-17 23:31:28.703025 INFO: fd: 48, events: 8193

2024-07-17 23:31:28.703048 INFO: HttpConn 48 close success
2024-07-17 23:31:28.703053 INFO: Client[48] quit!
2024-07-17 23:31:28.703135 INFO: eventNum: 1
2024-07-17 23:31:28.703147 INFO: fd: 51, events: 8193

2024-07-17 23:31:28.703162 INFO: HttpConn 51 close success
2024-07-17 23:31:28.703167 INFO: Client[51] quit!
2024-07-17 23:31:28.703862 INFO: eventNum: 1
2024-07-17 23:31:28.703877 INFO: fd: 45, events: 8193

2024-07-17 23:31:28.703952 INFO: HttpConn 45 close success
2024-07-17 23:31:28.703960 INFO: Client[45] quit!
2024-07-17 23:31:28.704526 INFO: eventNum: 1
2024-07-17 23:31:28.704544 INFO: fd: 47, events: 8193

2024-07-17 23:31:28.704559 INFO: HttpConn 47 close success
2024-07-17 23:31:28.704565 INFO: Client[47] quit!
2024-07-17 23:31:28.704885 INFO: eventNum: 1
2024-07-17 23:31:28.704911 INFO: fd: 46, events: 8193

2024-07-17 23:31:28.704929 INFO: HttpConn 46 close success
2024-07-17 23:31:28.704935 INFO: Client[46] quit!
2024-07-17 23:31:28.705013 INFO: eventNum: 1
2024-07-17 23:31:28.705035 INFO: fd: 40, events: 8193

2024-07-17 23:31:28.705057 INFO: HttpConn 40 close success
2024-07-17 23:31:28.705069 INFO: Client[40] quit!
2024-07-17 23:31:28.705141 INFO: eventNum: 1
2024-07-17 23:31:28.705158 INFO: fd: 44, events: 8193

2024-07-17 23:31:28.705175 INFO: HttpConn 44 close success
2024-07-17 23:31:28.705181 INFO: Client[44] quit!
2024-07-17 23:31:28.706196 INFO: eventNum: 1
2024-07-17 23:31:28.706216 INFO: fd: 34, events: 8193

2024-07-17 23:31:28.706232 INFO: HttpConn 34 close success
2024-07-17 23:31:28.706238 INFO: Client[34] quit!
2024-07-17 23:31:28.706723 INFO: eventNum: 1
2024-07-17 23:31:28.706740 INFO: fd: 42, events: 8193

2024-07-17 23:31:28.706757 INFO: HttpConn 42 close success
2024-07-17 23:31:28.706762 INFO: Client[42] quit!
2024-07-17 23:31:28.706817 INFO: eventNum: 1
2024-07-17 23:31:28.706826 INFO: fd: 50, events: 8193

2024-07-17 23:31:28.706853 INFO: HttpConn 50 close success
2024-07-17 23:31:28.706861 INFO: Client[50] quit!
2024-07-17 23:31:28.708007 INFO: eventNum: 1
2024-07-17 23:31:28.708029 INFO: fd: 32, events: 1

2024-07-17 23:31:28.708056 INFO: HttpConn 32 read success
2024-07-17 23:31:28.708084 INFO: eventNum: 1
2024-07-17 23:31:28.708092 INFO: GET / HTTP/1.1
2024-07-17 23:31:28.708092 INFO: fd: 38, events: 1

2024-07-17 23:31:28.708108 INFO: Host: 39.98.202.182:9006
2024-07-17 23:31:28.708125 INFO: User-Agent: Go-http-client/1.1
2024-07-17 23:31:28.708129 INFO: oop!unknow header: User-Agent: Go-http-client/1.1
2024-07-17 23:31:28.708134 INFO: X-Vegeta-Seq: 62
2024-07-17 23:31:28.708139 INFO: oop!unknow header: X-Vegeta-Seq: 62
2024-07-17 23:31:28.708143 INFO: Accept-Encoding: gzip
2024-07-17 23:31:28.708147 INFO: oop!unknow header: Accept-Encoding: gzip
2024-07-17 23:31:28.708151 INFO: 
2024-07-17 23:31:28.708176 INFO: request:HTTP/1.1 200 OK

2024-07-17 23:31:28.708181 INFO: request:HTTP/1.1 200 OK
Content-Length:542

2024-07-17 23:31:28.708185 INFO: request:HTTP/1.1 200 OK
Content-Length:542
Connection:close

2024-07-17 23:31:28.708192 INFO: request:HTTP/1.1 200 OK
Content-Length:542
Connection:close


2024-07-17 23:31:28.708210 INFO: eventNum: 1
2024-07-17 23:31:28.708221 INFO: fd: 32, events: 4

2024-07-17 23:31:28.708224 INFO: HttpConn 38 read success
2024-07-17 23:31:28.708234 INFO: GET / HTTP/1.1
2024-07-17 23:31:28.708239 INFO: Host: 39.98.202.182:9006
2024-07-17 23:31:28.708243 INFO: User-Agent: Go-http-client/1.1
2024-07-17 23:31:28.708248 INFO: oop!unknow header: User-Agent: Go-http-client/1.1
2024-07-17 23:31:28.708252 INFO: X-Vegeta-Seq: 66
2024-07-17 23:31:28.708256 INFO: oop!unknow header: X-Vegeta-Seq: 66
2024-07-17 23:31:28.708261 INFO: Accept-Encoding: gzip
2024-07-17 23:31:28.708265 INFO: oop!unknow header: Accept-Encoding: gzip
2024-07-17 23:31:28.708269 INFO: 
2024-07-17 23:31:28.708282 INFO: request:HTTP/1.1 200 OK

2024-07-17 23:31:28.708286 INFO: request:HTTP/1.1 200 OK
Content-Length:542

2024-07-17 23:31:28.708291 INFO: request:HTTP/1.1 200 OK
Content-Length:542
Connection:close

2024-07-17 23:31:28.708295 INFO: request:HTTP/1.1 200 OK
Content-Length:542
Connection:close


2024-07-17 23:31:28.708305 INFO: Thread 140246106080832 is running task

2024-07-17 23:31:28.708310 INFO: eventNum: 1
2024-07-17 23:31:28.708318 INFO: fd: 38, events: 4

2024-07-17 23:31:28.708342 INFO: Thread 140246106080832 is running task

2024-07-17 23:31:28.708360 INFO: Thread 140246106080832 is running task

2024-07-17 23:31:28.708214 INFO: Thread 140246114473536 is running task

2024-07-17 23:31:28.708611 INFO: eventNum: 1
2024-07-17 23:31:28.708630 INFO: fd: 31, events: 1

2024-07-17 23:31:28.708654 INFO: HttpConn 31 read success
2024-07-17 23:31:28.708660 INFO: eventNum: 1
2024-07-17 23:31:28.708680 INFO: GET / HTTP/1.1
2024-07-17 23:31:28.708704 INFO: Host: 39.98.202.182:9006
2024-07-17 23:31:28.708710 INFO: User-Agent: Go-http-client/1.1
2024-07-17 23:31:28.708714 INFO: oop!unknow header: User-Agent: Go-http-client/1.1
2024-07-17 23:31:28.708691 INFO: fd: 33, events: 1

2024-07-17 23:31:28.708729 INFO: X-Vegeta-Seq: 61
2024-07-17 23:31:28.708745 INFO: eventNum: 1
2024-07-17 23:31:28.708752 INFO: HttpConn 33 read success
2024-07-17 23:31:28.708754 INFO: fd: 37, events: 1

2024-07-17 23:31:28.708767 INFO: GET / HTTP/1.1
2024-07-17 23:31:28.708776 INFO: Host: 39.98.202.182:9006
2024-07-17 23:31:28.708782 INFO: User-Agent: Go-http-client/1.1
2024-07-17 23:31:28.708788 INFO: oop!unknow header: User-Agent: Go-http-client/1.1
2024-07-17 23:31:28.708796 INFO: X-Vegeta-Seq: 64
2024-07-17 23:31:28.708801 INFO: oop!unknow header: X-Vegeta-Seq: 64
2024-07-17 23:31:28.708807 INFO: Accept-Encoding: gzip
2024-07-17 23:31:28.708812 INFO: oop!unknow header: Accept-Encoding: gzip
2024-07-17 23:31:28.708818 INFO: 
2024-07-17 23:31:28.708838 INFO: request:HTTP/1.1 200 OK

2024-07-17 23:31:28.708843 INFO: request:HTTP/1.1 200 OK
Content-Length:542

2024-07-17 23:31:28.708848 INFO: request:HTTP/1.1 200 OK
Content-Length:542
Connection:close

2024-07-17 23:31:28.708852 INFO: request:HTTP/1.1 200 OK
Content-Length:542
Connection:close


2024-07-17 23:31:28.708867 INFO: Thread 140246131258944 is running task

2024-07-17 23:31:28.708869 INFO: eventNum: 1
2024-07-17 23:31:28.708746 INFO: oop!unknow header: X-Vegeta-Seq: 61
2024-07-17 23:31:28.708873 INFO: HttpConn 37 read success
2024-07-17 23:31:28.708888 INFO: fd: 33, events: 4

2024-07-17 23:31:28.708889 INFO: Accept-Encoding: gzip
2024-07-17 23:31:28.708918 INFO: oop!unknow header: Accept-Encoding: gzip
2024-07-17 23:31:28.708922 INFO: 
2024-07-17 23:31:28.708934 INFO: request:HTTP/1.1 200 OK

2024-07-17 23:31:28.708939 INFO: request:HTTP/1.1 200 OK
Content-Length:542

2024-07-17 23:31:28.708943 INFO: request:HTTP/1.1 200 OK
Content-Length:542
Connection:close

2024-07-17 23:31:28.708948 INFO: request:HTTP/1.1 200 OK
Content-Length:542
Connection:close


2024-07-17 23:31:28.708963 INFO: Thread 140246097688128 is running task

2024-07-17 23:31:28.708966 INFO: eventNum: 1
2024-07-17 23:31:28.708988 INFO: fd: 31, events: 4

2024-07-17 23:31:28.709005 INFO: Thread 140246097688128 is running task

2024-07-17 23:31:28.709030 INFO: Thread 140246097688128 is running task

2024-07-17 23:31:28.708907 INFO: GET / HTTP/1.1
2024-07-17 23:31:28.709053 INFO: Host: 39.98.202.182:9006
2024-07-17 23:31:28.709057 INFO: User-Agent: Go-http-client/1.1
2024-07-17 23:31:28.709062 INFO: oop!unknow header: User-Agent: Go-http-client/1.1
2024-07-17 23:31:28.709066 INFO: X-Vegeta-Seq: 63
2024-07-17 23:31:28.709070 INFO: oop!unknow header: X-Vegeta-Seq: 63
2024-07-17 23:31:28.709074 INFO: Accept-Encoding: gzip
2024-07-17 23:31:28.709078 INFO: oop!unknow header: Accept-Encoding: gzip
2024-07-17 23:31:28.709082 INFO: 
2024-07-17 23:31:28.709094 INFO: request:HTTP/1.1 200 OK

2024-07-17 23:31:28.709099 INFO: request:HTTP/1.1 200 OK
Content-Length:542

2024-07-17 23:31:28.709103 INFO: request:HTTP/1.1 200 OK
Content-Length:542
Connection:close

2024-07-17 23:31:28.709107 INFO: request:HTTP/1.1 200 OK
Content-Length:542
Connection:close


2024-07-17 23:31:28.709116 INFO: Thread 140246131258944 is running task

2024-07-17 23:31:28.709119 INFO: eventNum: 1
2024-07-17 23:31:28.709130 INFO: fd: 37, events: 4

2024-07-17 23:31:28.709158 INFO: Thread 140246156437056 is running task

2024-07-17 23:31:28.709233 INFO: eventNum: 1
2024-07-17 23:31:28.709248 INFO: fd: 13, events: 1

2024-07-17 23:31:28.709253 INFO: HandleListenEvent 13
2024-07-17 23:31:28.709278 INFO: HttpConn 34 init success
2024-07-17 23:31:28.709286 INFO: addTimer id:34 expireTime:1721230788
2024-07-17 23:31:28.709310 INFO: Client[34] in!
2024-07-17 23:31:28.709316 INFO: HandleListenEvent 13
2024-07-17 23:31:28.709324 ERROR: Accept failure -1
2024-07-17 23:31:28.709594 INFO: eventNum: 1
2024-07-17 23:31:28.709608 INFO: fd: 34, events: 1

2024-07-17 23:31:28.709625 INFO: HttpConn 34 read success
2024-07-17 23:31:28.709641 INFO: GET / HTTP/1.1
2024-07-17 23:31:28.709647 INFO: Host: 39.98.202.182:9006
2024-07-17 23:31:28.709651 INFO: User-Agent: Go-http-client/1.1
2024-07-17 23:31:28.709656 INFO: oop!unknow header: User-Agent: Go-http-client/1.1
2024-07-17 23:31:28.709660 INFO: X-Vegeta-Seq: 71
2024-07-17 23:31:28.709667 INFO: oop!unknow header: X-Vegeta-Seq: 71
2024-07-17 23:31:28.709671 INFO: Accept-Encoding: gzip
2024-07-17 23:31:28.709676 INFO: oop!unknow header: Accept-Encoding: gzip
2024-07-17 23:31:28.709680 INFO: 
2024-07-17 23:31:28.709694 INFO: request:HTTP/1.1 200 OK

2024-07-17 23:31:28.709699 INFO: request:HTTP/1.1 200 OK
Content-Length:542

2024-07-17 23:31:28.709703 INFO: request:HTTP/1.1 200 OK
Content-Length:542
Connection:close

2024-07-17 23:31:28.709707 INFO: request:HTTP/1.1 200 OK
Content-Length:542
Connection:close


2024-07-17 23:31:28.709722 INFO: Thread 140246148044352 is running task

2024-07-17 23:31:28.709725 INFO: eventNum: 1
2024-07-17 23:31:28.709734 INFO: fd: 34, events: 4

2024-07-17 23:31:28.709768 INFO: Thread 140246114473536 is running task

2024-07-17 23:31:28.742484 INFO: eventNum: 1
2024-07-17 23:31:28.742542 INFO: fd: 13, events: 1

2024-07-17 23:31:28.742548 INFO: HandleListenEvent 13
2024-07-17 23:31:28.742573 INFO: HttpConn 35 init success
2024-07-17 23:31:28.742581 INFO: addTimer id:35 expireTime:1721230788
2024-07-17 23:31:28.742595 INFO: Client[35] in!
2024-07-17 23:31:28.742600 INFO: HandleListenEvent 13
2024-07-17 23:31:28.742610 INFO: HttpConn 36 init success
2024-07-17 23:31:28.742615 INFO: addTimer id:36 expireTime:1721230788
2024-07-17 23:31:28.742623 INFO: Client[36] in!
2024-07-17 23:31:28.742628 INFO: HandleListenEvent 13
2024-07-17 23:31:28.742638 ERROR: Accept failure -1
2024-07-17 23:31:28.742805 INFO: eventNum: 1
2024-07-17 23:31:28.742818 INFO: fd: 13, events: 1

2024-07-17 23:31:28.742823 INFO: HandleListenEvent 13
2024-07-17 23:31:28.742834 INFO: HttpConn 39 init success
2024-07-17 23:31:28.742839 INFO: addTimer id:39 expireTime:1721230788
2024-07-17 23:31:28.742848 INFO: Client[39] in!
2024-07-17 23:31:28.742852 INFO: HandleListenEvent 13
2024-07-17 23:31:28.742860 ERROR: Accept failure -1
2024-07-17 23:31:28.742887 INFO: eventNum: 1
2024-07-17 23:31:28.742894 INFO: fd: 13, events: 1

2024-07-17 23:31:28.742899 INFO: HandleListenEvent 13
2024-07-17 23:31:28.742909 INFO: HttpConn 40 init success
2024-07-17 23:31:28.742914 INFO: addTimer id:40 expireTime:1721230788
2024-07-17 23:31:28.742922 INFO: Client[40] in!
2024-07-17 23:31:28.742926 INFO: HandleListenEvent 13
2024-07-17 23:31:28.742934 ERROR: Accept failure -1
2024-07-17 23:31:28.743160 INFO: eventNum: 1
2024-07-17 23:31:28.743179 INFO: fd: 13, events: 1

2024-07-17 23:31:28.743184 INFO: HandleListenEvent 13
2024-07-17 23:31:28.743195 INFO: HttpConn 41 init success
2024-07-17 23:31:28.743200 INFO: addTimer id:41 expireTime:1721230788
2024-07-17 23:31:28.743209 INFO: Client[41] in!
2024-07-17 23:31:28.743214 INFO: HandleListenEvent 13
2024-07-17 23:31:28.743222 INFO: HttpConn 42 init success
2024-07-17 23:31:28.743253 INFO: addTimer id:42 expireTime:1721230788
2024-07-17 23:31:28.743263 INFO: Client[42] in!
2024-07-17 23:31:28.743268 INFO: HandleListenEvent 13
2024-07-17 23:31:28.743276 ERROR: Accept failure -1
2024-07-17 23:31:28.743310 INFO: eventNum: 1
2024-07-17 23:31:28.743348 INFO: fd: 13, events: 1

2024-07-17 23:31:28.743363 INFO: HandleListenEvent 13
2024-07-17 23:31:28.743383 INFO: HttpConn 43 init success
2024-07-17 23:31:28.743391 INFO: addTimer id:43 expireTime:1721230788
2024-07-17 23:31:28.743403 INFO: Client[43] in!
2024-07-17 23:31:28.743408 INFO: HandleListenEvent 13
2024-07-17 23:31:28.743418 ERROR: Accept failure -1
2024-07-17 23:31:28.743603 INFO: eventNum: 1
2024-07-17 23:31:28.743623 INFO: fd: 13, events: 1

2024-07-17 23:31:28.743628 INFO: HandleListenEvent 13
2024-07-17 23:31:28.743639 INFO: HttpConn 44 init success
2024-07-17 23:31:28.743645 INFO: addTimer id:44 expireTime:1721230788
2024-07-17 23:31:28.743653 INFO: Client[44] in!
2024-07-17 23:31:28.743658 INFO: HandleListenEvent 13
2024-07-17 23:31:28.743666 ERROR: Accept failure -1
2024-07-17 23:31:28.743737 INFO: eventNum: 1
2024-07-17 23:31:28.743753 INFO: fd: 13, events: 1

2024-07-17 23:31:28.743758 INFO: HandleListenEvent 13
2024-07-17 23:31:28.743770 INFO: HttpConn 45 init success
2024-07-17 23:31:28.743775 INFO: addTimer id:45 expireTime:1721230788
2024-07-17 23:31:28.743783 INFO: Client[45] in!
2024-07-17 23:31:28.743788 INFO: HandleListenEvent 13
2024-07-17 23:31:28.743798 INFO: HttpConn 46 init success
2024-07-17 23:31:28.743802 INFO: addTimer id:46 expireTime:1721230788
2024-07-17 23:31:28.743810 INFO: Client[46] in!
2024-07-17 23:31:28.743815 INFO: HandleListenEvent 13
2024-07-17 23:31:28.743822 ERROR: Accept failure -1
2024-07-17 23:31:28.743886 INFO: eventNum: 1
2024-07-17 23:31:28.743897 INFO: fd: 13, events: 1

2024-07-17 23:31:28.743901 INFO: HandleListenEvent 13
2024-07-17 23:31:28.743912 INFO: HttpConn 47 init success
2024-07-17 23:31:28.743917 INFO: addTimer id:47 expireTime:1721230788
2024-07-17 23:31:28.743925 INFO: Client[47] in!
2024-07-17 23:31:28.743930 INFO: HandleListenEvent 13
2024-07-17 23:31:28.743937 ERROR: Accept failure -1
2024-07-17 23:31:28.744074 INFO: eventNum: 1
2024-07-17 23:31:28.744086 INFO: fd: 13, events: 1

2024-07-17 23:31:28.744091 INFO: HandleListenEvent 13
2024-07-17 23:31:28.744105 INFO: HttpConn 48 init success
2024-07-17 23:31:28.744113 INFO: addTimer id:48 expireTime:1721230788
2024-07-17 23:31:28.744121 INFO: Client[48] in!
2024-07-17 23:31:28.744125 INFO: HandleListenEvent 13
2024-07-17 23:31:28.744132 ERROR: Accept failure -1
2024-07-17 23:31:28.744194 INFO: eventNum: 1
2024-07-17 23:31:28.744204 INFO: fd: 13, events: 1

2024-07-17 23:31:28.744210 INFO: HandleListenEvent 13
2024-07-17 23:31:28.744224 INFO: HttpConn 49 init success
2024-07-17 23:31:28.744232 INFO: addTimer id:49 expireTime:1721230788
2024-07-17 23:31:28.744242 INFO: Client[49] in!
2024-07-17 23:31:28.744247 INFO: HandleListenEvent 13
2024-07-17 23:31:28.744257 INFO: HttpConn 50 init success
2024-07-17 23:31:28.744262 INFO: addTimer id:50 expireTime:1721230788
2024-07-17 23:31:28.744269 INFO: Client[50] in!
2024-07-17 23:31:28.744274 INFO: HandleListenEvent 13
2024-07-17 23:31:28.744281 ERROR: Accept failure -1
2024-07-17 23:31:28.744411 INFO: eventNum: 1
2024-07-17 23:31:28.744423 INFO: fd: 13, events: 1

2024-07-17 23:31:28.744446 INFO: HandleListenEvent 13
2024-07-17 23:31:28.744455 INFO: HttpConn 51 init success
2024-07-17 23:31:28.744460 INFO: addTimer id:51 expireTime:1721230788
2024-07-17 23:31:28.744468 INFO: Client[51] in!
2024-07-17 23:31:28.744473 INFO: HandleListenEvent 13
2024-07-17 23:31:28.744480 ERROR: Accept failure -1
2024-07-17 23:31:28.744489 INFO: eventNum: 1
2024-07-17 23:31:28.744494 INFO: fd: 13, events: 1

2024-07-17 23:31:28.744498 INFO: HandleListenEvent 13
2024-07-17 23:31:28.744508 INFO: HttpConn 77 init success
2024-07-17 23:31:28.744514 INFO: addTimer id:77 expireTime:1721230788
2024-07-17 23:31:28.744525 INFO: Client[77] in!
2024-07-17 23:31:28.744532 INFO: HandleListenEvent 13
2024-07-17 23:31:28.744539 ERROR: Accept failure -1
2024-07-17 23:31:28.744707 INFO: eventNum: 1
2024-07-17 23:31:28.744722 INFO: fd: 13, events: 1

2024-07-17 23:31:28.744727 INFO: HandleListenEvent 13
2024-07-17 23:31:28.744739 INFO: HttpConn 78 init success
2024-07-17 23:31:28.744745 INFO: addTimer id:78 expireTime:1721230788
2024-07-17 23:31:28.744756 INFO: Client[78] in!
2024-07-17 23:31:28.744760 INFO: HandleListenEvent 13
2024-07-17 23:31:28.744770 INFO: HttpConn 79 init success
2024-07-17 23:31:28.744775 INFO: addTimer id:79 expireTime:1721230788
2024-07-17 23:31:28.744783 INFO: Client[79] in!
2024-07-17 23:31:28.744788 INFO: HandleListenEvent 13
2024-07-17 23:31:28.744797 INFO: HttpConn 80 init success
2024-07-17 23:31:28.744807 INFO: addTimer id:80 expireTime:1721230788
2024-07-17 23:31:28.744818 INFO: Client[80] in!
2024-07-17 23:31:28.744822 INFO: HandleListenEvent 13
2024-07-17 23:31:28.744836 INFO: HttpConn 81 init success
2024-07-17 23:31:28.744841 INFO: addTimer id:81 expireTime:1721230788
2024-07-17 23:31:28.744851 INFO: Client[81] in!
2024-07-17 23:31:28.744856 INFO: HandleListenEvent 13
2024-07-17 23:31:28.744863 ERROR: Accept failure -1
2024-07-17 23:31:28.745075 INFO: eventNum: 1
2024-07-17 23:31:28.745087 INFO: fd: 13, events: 1

2024-07-17 23:31:28.745092 INFO: HandleListenEvent 13
2024-07-17 23:31:28.745104 INFO: HttpConn 82 init success
2024-07-17 23:31:28.745109 INFO: addTimer id:82 expireTime:1721230788
2024-07-17 23:31:28.745119 INFO: Client[82] in!
2024-07-17 23:31:28.745124 INFO: HandleListenEvent 13
2024-07-17 23:31:28.745132 ERROR: Accept failure -1
2024-07-17 23:31:28.745243 INFO: eventNum: 1
2024-07-17 23:31:28.745257 INFO: fd: 13, events: 1

2024-07-17 23:31:28.745262 INFO: HandleListenEvent 13
2024-07-17 23:31:28.745275 INFO: HttpConn 83 init success
2024-07-17 23:31:28.745281 INFO: addTimer id:83 expireTime:1721230788
2024-07-17 23:31:28.745290 INFO: Client[83] in!
2024-07-17 23:31:28.745295 INFO: HandleListenEvent 13
2024-07-17 23:31:28.745308 ERROR: Accept failure -1
2024-07-17 23:31:28.745781 INFO: eventNum: 1
2024-07-17 23:31:28.745798 INFO: fd: 13, events: 1

2024-07-17 23:31:28.745803 INFO: HandleListenEvent 13
2024-07-17 23:31:28.745816 INFO: HttpConn 84 init success
2024-07-17 23:31:28.745822 INFO: addTimer id:84 expireTime:1721230788
2024-07-17 23:31:28.745833 INFO: Client[84] in!
2024-07-17 23:31:28.745838 INFO: HandleListenEvent 13
2024-07-17 23:31:28.745846 ERROR: Accept failure -1
2024-07-17 23:31:28.746256 INFO: eventNum: 1
2024-07-17 23:31:28.746278 INFO: fd: 13, events: 1

2024-07-17 23:31:28.746284 INFO: HandleListenEvent 13
2024-07-17 23:31:28.746295 INFO: HttpConn 85 init success
2024-07-17 23:31:28.746301 INFO: addTimer id:85 expireTime:1721230788
2024-07-17 23:31:28.746312 INFO: Client[85] in!
2024-07-17 23:31:28.746316 INFO: HandleListenEvent 13
2024-07-17 23:31:28.746329 INFO: HttpConn 86 init success
2024-07-17 23:31:28.746335 INFO: addTimer id:86 expireTime:1721230788
2024-07-17 23:31:28.746347 INFO: Client[86] in!
2024-07-17 23:31:28.746352 INFO: HandleListenEvent 13
2024-07-17 23:31:28.746360 ERROR: Accept failure -1
2024-07-17 23:31:28.746373 INFO: eventNum: 1
2024-07-17 23:31:28.746378 INFO: fd: 13, events: 1

2024-07-17 23:31:28.746383 INFO: HandleListenEvent 13
2024-07-17 23:31:28.746393 INFO: HttpConn 87 init success
2024-07-17 23:31:28.746398 INFO: addTimer id:87 expireTime:1721230788
2024-07-17 23:31:28.746406 INFO: Client[87] in!
2024-07-17 23:31:28.746411 INFO: HandleListenEvent 13
2024-07-17 23:31:28.746418 ERROR: Accept failure -1
2024-07-17 23:31:28.746510 INFO: eventNum: 1
2024-07-17 23:31:28.746522 INFO: fd: 13, events: 1

2024-07-17 23:31:28.746527 INFO: HandleListenEvent 13
2024-07-17 23:31:28.746538 INFO: HttpConn 88 init success
2024-07-17 23:31:28.746544 INFO: addTimer id:88 expireTime:1721230788
2024-07-17 23:31:28.746555 INFO: Client[88] in!
2024-07-17 23:31:28.746560 INFO: HandleListenEvent 13
2024-07-17 23:31:28.746568 ERROR: Accept failure -1
2024-07-17 23:31:28.746574 INFO: eventNum: 1
2024-07-17 23:31:28.746578 INFO: fd: 52, events: 8193

2024-07-17 23:31:28.746601 INFO: HttpConn 52 close success
2024-07-17 23:31:28.746611 INFO: Client[52] quit!
2024-07-17 23:31:28.747318 INFO: eventNum: 1
2024-07-17 23:31:28.747349 INFO: fd: 35, events: 1

2024-07-17 23:31:28.747369 INFO: HttpConn 35 read success
2024-07-17 23:31:28.747403 INFO: GET / HTTP/1.1
2024-07-17 23:31:28.747412 INFO: Host: 39.98.202.182:9006
2024-07-17 23:31:28.747418 INFO: User-Agent: Go-http-client/1.1
2024-07-17 23:31:28.747422 INFO: oop!unknow header: User-Agent: Go-http-client/1.1
2024-07-17 23:31:28.747434 INFO: X-Vegeta-Seq: 69
2024-07-17 23:31:28.747439 INFO: oop!unknow header: X-Vegeta-Seq: 69
2024-07-17 23:31:28.747443 INFO: Accept-Encoding: gzip
2024-07-17 23:31:28.747453 INFO: oop!unknow header: Accept-Encoding: gzip
2024-07-17 23:31:28.747458 INFO: 
2024-07-17 23:31:28.747485 INFO: request:HTTP/1.1 200 OK

2024-07-17 23:31:28.747491 INFO: request:HTTP/1.1 200 OK
Content-Length:542

2024-07-17 23:31:28.747495 INFO: request:HTTP/1.1 200 OK
Content-Length:542
Connection:close

2024-07-17 23:31:28.747500 INFO: request:HTTP/1.1 200 OK
Content-Length:542
Connection:close


2024-07-17 23:31:28.747517 INFO: Thread 140246122866240 is running task

2024-07-17 23:31:28.747529 INFO: eventNum: 1
2024-07-17 23:31:28.747534 INFO: fd: 35, events: 4

2024-07-17 23:31:28.747577 INFO: Thread 140246097688128 is running task

2024-07-17 23:31:28.747745 INFO: eventNum: 1
2024-07-17 23:31:28.747759 INFO: fd: 53, events: 8193

2024-07-17 23:31:28.747777 INFO: HttpConn 53 close success
2024-07-17 23:31:28.747786 INFO: Client[53] quit!
2024-07-17 23:31:28.748035 INFO: eventNum: 1
2024-07-17 23:31:28.748050 INFO: fd: 41, events: 1

2024-07-17 23:31:28.748065 INFO: HttpConn 41 read success
2024-07-17 23:31:28.748075 INFO: GET / HTTP/1.1
2024-07-17 23:31:28.748081 INFO: Host: 39.98.202.182:9006
2024-07-17 23:31:28.748086 INFO: User-Agent: Go-http-client/1.1
2024-07-17 23:31:28.748090 INFO: oop!unknow header: User-Agent: Go-http-client/1.1
2024-07-17 23:31:28.748095 INFO: X-Vegeta-Seq: 75
2024-07-17 23:31:28.748099 INFO: oop!unknow header: X-Vegeta-Seq: 75
2024-07-17 23:31:28.748103 INFO: Accept-Encoding: gzip
2024-07-17 23:31:28.748108 INFO: oop!unknow header: Accept-Encoding: gzip
2024-07-17 23:31:28.748112 INFO: 
2024-07-17 23:31:28.748131 INFO: request:HTTP/1.1 200 OK

2024-07-17 23:31:28.748138 INFO: request:HTTP/1.1 200 OK
Content-Length:542

2024-07-17 23:31:28.748145 INFO: request:HTTP/1.1 200 OK
Content-Length:542
Connection:close

2024-07-17 23:31:28.748149 INFO: request:HTTP/1.1 200 OK
Content-Length:542
Connection:close


2024-07-17 23:31:28.748158 INFO: Thread 140246139651648 is running task

2024-07-17 23:31:28.748168 INFO: eventNum: 1
2024-07-17 23:31:28.748172 INFO: fd: 41, events: 4

2024-07-17 23:31:28.748201 INFO: Thread 140246106080832 is running task

2024-07-17 23:31:28.748443 INFO: eventNum: 1
2024-07-17 23:31:28.748470 INFO: fd: 36, events: 1

2024-07-17 23:31:28.748483 INFO: HttpConn 36 read success
2024-07-17 23:31:28.748494 INFO: GET / HTTP/1.1
2024-07-17 23:31:28.748499 INFO: Host: 39.98.202.182:9006
2024-07-17 23:31:28.748504 INFO: User-Agent: Go-http-client/1.1
2024-07-17 23:31:28.748508 INFO: oop!unknow header: User-Agent: Go-http-client/1.1
2024-07-17 23:31:28.748513 INFO: X-Vegeta-Seq: 72
2024-07-17 23:31:28.748517 INFO: oop!unknow header: X-Vegeta-Seq: 72
2024-07-17 23:31:28.748521 INFO: Accept-Encoding: gzip
2024-07-17 23:31:28.748525 INFO: oop!unknow header: Accept-Encoding: gzip
2024-07-17 23:31:28.748529 INFO: 
2024-07-17 23:31:28.748565 INFO: request:HTTP/1.1 200 OK

2024-07-17 23:31:28.748572 INFO: request:HTTP/1.1 200 OK
Content-Length:542

2024-07-17 23:31:28.748577 INFO: request:HTTP/1.1 200 OK
Content-Length:542
Connection:close

2024-07-17 23:31:28.748581 INFO: request:HTTP/1.1 200 OK
Content-Length:542
Connection:close


2024-07-17 23:31:28.748590 INFO: Thread 140246131258944 is running task

2024-07-17 23:31:28.748600 INFO: eventNum: 2
2024-07-17 23:31:28.748607 INFO: fd: 43, events: 1

2024-07-17 23:31:28.748624 INFO: HttpConn 43 read success
2024-07-17 23:31:28.748636 INFO: GET / HTTP/1.1
2024-07-17 23:31:28.748644 INFO: Host: 39.98.202.182:9006
2024-07-17 23:31:28.748650 INFO: User-Agent: Go-http-client/1.1
2024-07-17 23:31:28.748657 INFO: oop!unknow header: User-Agent: Go-http-client/1.1
2024-07-17 23:31:28.748664 INFO: X-Vegeta-Seq: 65
2024-07-17 23:31:28.748670 INFO: oop!unknow header: X-Vegeta-Seq: 65
2024-07-17 23:31:28.748677 INFO: Accept-Encoding: gzip
2024-07-17 23:31:28.748684 INFO: oop!unknow header: Accept-Encoding: gzip
2024-07-17 23:31:28.748689 INFO: 
2024-07-17 23:31:28.748703 INFO: request:HTTP/1.1 200 OK

2024-07-17 23:31:28.748711 INFO: request:HTTP/1.1 200 OK
Content-Length:542

2024-07-17 23:31:28.748724 INFO: request:HTTP/1.1 200 OK
Content-Length:542
Connection:close

2024-07-17 23:31:28.748731 INFO: request:HTTP/1.1 200 OK
Content-Length:542
Connection:close


2024-07-17 23:31:28.748742 INFO: Thread 140246156437056 is running task

2024-07-17 23:31:28.748754 INFO: fd: 36, events: 4

2024-07-17 23:31:28.748800 INFO: Thread 140246148044352 is running task

2024-07-17 23:31:28.748815 INFO: eventNum: 1
2024-07-17 23:31:28.748822 INFO: fd: 43, events: 4

2024-07-17 23:31:28.748857 INFO: Thread 140246114473536 is running task

2024-07-17 23:31:28.748902 INFO: eventNum: 1
2024-07-17 23:31:28.748912 INFO: fd: 40, events: 1

2024-07-17 23:31:28.748929 INFO: HttpConn 40 read success
2024-07-17 23:31:28.748942 INFO: GET / HTTP/1.1
2024-07-17 23:31:28.748958 INFO: Host: 39.98.202.182:9006
2024-07-17 23:31:28.748968 INFO: User-Agent: Go-http-client/1.1
2024-07-17 23:31:28.748977 INFO: oop!unknow header: User-Agent: Go-http-client/1.1
2024-07-17 23:31:28.748987 INFO: X-Vegeta-Seq: 73
2024-07-17 23:31:28.748993 INFO: oop!unknow header: X-Vegeta-Seq: 73
2024-07-17 23:31:28.749003 INFO: Accept-Encoding: gzip
2024-07-17 23:31:28.749009 INFO: oop!unknow header: Accept-Encoding: gzip
2024-07-17 23:31:28.749015 INFO: 
2024-07-17 23:31:28.749034 INFO: request:HTTP/1.1 200 OK

2024-07-17 23:31:28.749042 INFO: request:HTTP/1.1 200 OK
Content-Length:542

2024-07-17 23:31:28.749048 INFO: request:HTTP/1.1 200 OK
Content-Length:542
Connection:close

2024-07-17 23:31:28.749053 INFO: request:HTTP/1.1 200 OK
Content-Length:542
Connection:close


2024-07-17 23:31:28.749063 INFO: Thread 140246122866240 is running task

2024-07-17 23:31:28.749074 INFO: eventNum: 2
2024-07-17 23:31:28.749079 INFO: fd: 87, events: 1

2024-07-17 23:31:28.749091 INFO: HttpConn 87 read success
2024-07-17 23:31:28.749100 INFO: GET / HTTP/1.1
2024-07-17 23:31:28.749109 INFO: Host: 39.98.202.182:9006
2024-07-17 23:31:28.749113 INFO: User-Agent: Go-http-client/1.1
2024-07-17 23:31:28.749118 INFO: oop!unknow header: User-Agent: Go-http-client/1.1
2024-07-17 23:31:28.749122 INFO: X-Vegeta-Seq: 93
2024-07-17 23:31:28.749127 INFO: oop!unknow header: X-Vegeta-Seq: 93
2024-07-17 23:31:28.749131 INFO: Accept-Encoding: gzip
2024-07-17 23:31:28.749135 INFO: oop!unknow header: Accept-Encoding: gzip
2024-07-17 23:31:28.749139 INFO: 
2024-07-17 23:31:28.749152 INFO: request:HTTP/1.1 200 OK

2024-07-17 23:31:28.749157 INFO: request:HTTP/1.1 200 OK
Content-Length:542

2024-07-17 23:31:28.749161 INFO: request:HTTP/1.1 200 OK
Content-Length:542
Connection:close

2024-07-17 23:31:28.749166 INFO: request:HTTP/1.1 200 OK
Content-Length:542
Connection:close


2024-07-17 23:31:28.749173 INFO: Thread 140246097688128 is running task

2024-07-17 23:31:28.749185 INFO: fd: 40, events: 4

2024-07-17 23:31:28.749222 INFO: Thread 140246139651648 is running task

2024-07-17 23:31:28.749237 INFO: eventNum: 3
2024-07-17 23:31:28.749246 INFO: fd: 39, events: 1

2024-07-17 23:31:28.749259 INFO: HttpConn 39 read success
2024-07-17 23:31:28.749268 INFO: GET / HTTP/1.1
