2024-07-17 23:31:29.703108 INFO: Thread 140246156437056 is running task

2024-07-17 23:31:29.703116 ERROR: Accept failure -1
2024-07-17 23:31:29.703203 INFO: fd: 36, events: 1

2024-07-17 23:31:29.703215 INFO: eventNum: 1
2024-07-17 23:31:29.703220 INFO: fd: 35, events: 4

2024-07-17 23:31:29.703221 INFO: HttpConn 36 read success
2024-07-17 23:31:29.703236 INFO: GET / HTTP/1.1
2024-07-17 23:31:29.703242 INFO: Host: 39.98.202.182:9006
2024-07-17 23:31:29.703246 INFO: User-Agent: Go-http-client/1.1
2024-07-17 23:31:29.703250 INFO: oop!unknow header: User-Agent: Go-http-client/1.1
2024-07-17 23:31:29.703255 INFO: X-Vegeta-Seq: 571
2024-07-17 23:31:29.703259 INFO: oop!unknow header: X-Vegeta-Seq: 571
2024-07-17 23:31:29.703263 INFO: Accept-Encoding: gzip
2024-07-17 23:31:29.703268 INFO: oop!unknow header: Accept-Encoding: gzip
2024-07-17 23:31:29.703273 INFO: 
2024-07-17 23:31:29.703283 INFO: eventNum: 1
2024-07-17 23:31:29.703291 INFO: fd: 41, events: 1

2024-07-17 23:31:29.703297 INFO: request:HTTP/1.1 200 OK

2024-07-17 23:31:29.703307 INFO: request:HTTP/1.1 200 OK
Content-Length:542

2024-07-17 23:31:29.703312 INFO: request:HTTP/1.1 200 OK
Content-Length:542
Connection:close

2024-07-17 23:31:29.703317 INFO: request:HTTP/1.1 200 OK
Content-Length:542
Connection:close


2024-07-17 23:31:29.703332 INFO: Thread 140246139651648 is running task

2024-07-17 23:31:29.703334 INFO: eventNum: 1
2024-07-17 23:31:29.703342 INFO: fd: 36, events: 4

2024-07-17 23:31:29.703362 INFO: Thread 140246139651648 is running task

2024-07-17 23:31:29.703370 INFO: HttpConn 41 read success
2024-07-17 23:31:29.703378 INFO: GET / HTTP/1.1
2024-07-17 23:31:29.703382 INFO: Host: 39.98.202.182:9006
2024-07-17 23:31:29.703387 INFO: User-Agent: Go-http-client/1.1
2024-07-17 23:31:29.703391 INFO: oop!unknow header: User-Agent: Go-http-client/1.1
2024-07-17 23:31:29.703395 INFO: X-Vegeta-Seq: 572
2024-07-17 23:31:29.703399 INFO: oop!unknow header: X-Vegeta-Seq: 572
2024-07-17 23:31:29.703403 INFO: Accept-Encoding: gzip
2024-07-17 23:31:29.703407 INFO: oop!unknow header: Accept-Encoding: gzip
2024-07-17 23:31:29.703411 INFO: 
2024-07-17 23:31:29.703444 INFO: request:HTTP/1.1 200 OK

2024-07-17 23:31:29.703449 INFO: request:HTTP/1.1 200 OK
Content-Length:542

2024-07-17 23:31:29.703453 INFO: request:HTTP/1.1 200 OK
Content-Length:542
Connection:close

2024-07-17 23:31:29.703457 INFO: request:HTTP/1.1 200 OK
Content-Length:542
Connection:close


2024-07-17 23:31:29.703468 INFO: Thread 140246139651648 is running task

2024-07-17 23:31:29.703475 INFO: eventNum: 1
2024-07-17 23:31:29.703485 INFO: fd: 41, events: 4

2024-07-17 23:31:29.703500 INFO: Thread 140246139651648 is running task

2024-07-17 23:31:29.703524 INFO: Thread 140246139651648 is running task

2024-07-17 23:31:29.703717 INFO: eventNum: 1
2024-07-17 23:31:29.703735 INFO: fd: 13, events: 1

2024-07-17 23:31:29.703740 INFO: HandleListenEvent 13
2024-07-17 23:31:29.703756 INFO: HttpConn 42 init success
2024-07-17 23:31:29.703765 INFO: addTimer id:42 expireTime:1721230789
2024-07-17 23:31:29.703780 INFO: Client[42] in!
2024-07-17 23:31:29.703786 INFO: HandleListenEvent 13
2024-07-17 23:31:29.703799 ERROR: Accept failure -1
2024-07-17 23:31:29.703952 INFO: eventNum: 1
2024-07-17 23:31:29.703963 INFO: fd: 13, events: 1

2024-07-17 23:31:29.703967 INFO: HandleListenEvent 13
2024-07-17 23:31:29.703981 INFO: HttpConn 43 init success
2024-07-17 23:31:29.703986 INFO: addTimer id:43 expireTime:1721230789
2024-07-17 23:31:29.703995 INFO: Client[43] in!
2024-07-17 23:31:29.704000 INFO: HandleListenEvent 13
2024-07-17 23:31:29.704008 ERROR: Accept failure -1
2024-07-17 23:31:29.704102 INFO: eventNum: 1
2024-07-17 23:31:29.704129 INFO: fd: 13, events: 1

2024-07-17 23:31:29.704136 INFO: HandleListenEvent 13
2024-07-17 23:31:29.704153 INFO: HttpConn 87 init success
2024-07-17 23:31:29.704160 INFO: addTimer id:87 expireTime:1721230789
2024-07-17 23:31:29.704171 INFO: Client[87] in!
2024-07-17 23:31:29.704176 INFO: HandleListenEvent 13
2024-07-17 23:31:29.704185 ERROR: Accept failure -1
2024-07-17 23:31:29.704422 INFO: eventNum: 1
2024-07-17 23:31:29.704450 INFO: fd: 13, events: 1

2024-07-17 23:31:29.704456 INFO: HandleListenEvent 13
2024-07-17 23:31:29.704469 INFO: HttpConn 91 init success
2024-07-17 23:31:29.704475 INFO: addTimer id:91 expireTime:1721230789
2024-07-17 23:31:29.704485 INFO: Client[91] in!
2024-07-17 23:31:29.704490 INFO: HandleListenEvent 13
2024-07-17 23:31:29.704499 ERROR: Accept failure -1
2024-07-17 23:31:29.704598 INFO: eventNum: 1
2024-07-17 23:31:29.704614 INFO: fd: 39, events: 1

2024-07-17 23:31:29.704629 INFO: HttpConn 39 read success
2024-07-17 23:31:29.704640 INFO: GET / HTTP/1.1
2024-07-17 23:31:29.704647 INFO: Host: 39.98.202.182:9006
2024-07-17 23:31:29.704651 INFO: User-Agent: Go-http-client/1.1
2024-07-17 23:31:29.704656 INFO: oop!unknow header: User-Agent: Go-http-client/1.1
2024-07-17 23:31:29.704660 INFO: X-Vegeta-Seq: 569
2024-07-17 23:31:29.704664 INFO: oop!unknow header: X-Vegeta-Seq: 569
2024-07-17 23:31:29.704669 INFO: Accept-Encoding: gzip
2024-07-17 23:31:29.704673 INFO: oop!unknow header: Accept-Encoding: gzip
2024-07-17 23:31:29.704677 INFO: 
2024-07-17 23:31:29.704695 INFO: request:HTTP/1.1 200 OK

2024-07-17 23:31:29.704700 INFO: request:HTTP/1.1 200 OK
Content-Length:542

2024-07-17 23:31:29.704704 INFO: request:HTTP/1.1 200 OK
Content-Length:542
Connection:close

2024-07-17 23:31:29.704709 INFO: request:HTTP/1.1 200 OK
Content-Length:542
Connection:close


2024-07-17 23:31:29.704720 INFO: Thread 140246114473536 is running task

2024-07-17 23:31:29.704730 INFO: eventNum: 2
2024-07-17 23:31:29.704737 INFO: fd: 13, events: 1

2024-07-17 23:31:29.704742 INFO: HandleListenEvent 13
2024-07-17 23:31:29.704757 INFO: HttpConn 97 init success
2024-07-17 23:31:29.704763 INFO: addTimer id:97 expireTime:1721230789
2024-07-17 23:31:29.704780 INFO: Client[97] in!
2024-07-17 23:31:29.704787 INFO: HandleListenEvent 13
2024-07-17 23:31:29.704801 ERROR: Accept failure -1
2024-07-17 23:31:29.704808 INFO: fd: 39, events: 4

2024-07-17 23:31:29.704860 INFO: Thread 140246097688128 is running task

2024-07-17 23:31:29.705020 INFO: eventNum: 1
2024-07-17 23:31:29.705039 INFO: fd: 13, events: 1

2024-07-17 23:31:29.705044 INFO: HandleListenEvent 13
2024-07-17 23:31:29.705060 INFO: HttpConn 105 init success
2024-07-17 23:31:29.705065 INFO: addTimer id:105 expireTime:1721230789
2024-07-17 23:31:29.705076 INFO: Client[105] in!
2024-07-17 23:31:29.705081 INFO: HandleListenEvent 13
2024-07-17 23:31:29.705089 ERROR: Accept failure -1
2024-07-17 23:31:29.711264 INFO: eventNum: 1
2024-07-17 23:31:29.711317 INFO: fd: 125, events: 8193

2024-07-17 23:31:29.711351 INFO: HttpConn 125 close success
2024-07-17 23:31:29.711357 INFO: Client[125] quit!
2024-07-17 23:31:29.712039 INFO: eventNum: 1
2024-07-17 23:31:29.712065 INFO: fd: 42, events: 1

2024-07-17 23:31:29.712157 INFO: HttpConn 42 read success
2024-07-17 23:31:29.712176 INFO: GET / HTTP/1.1
2024-07-17 23:31:29.712185 INFO: Host: 39.98.202.182:9006
2024-07-17 23:31:29.712193 INFO: User-Agent: Go-http-client/1.1
2024-07-17 23:31:29.712208 INFO: oop!unknow header: User-Agent: Go-http-client/1.1
2024-07-17 23:31:29.712215 INFO: X-Vegeta-Seq: 574
2024-07-17 23:31:29.712219 INFO: oop!unknow header: X-Vegeta-Seq: 574
2024-07-17 23:31:29.712223 INFO: Accept-Encoding: gzip
2024-07-17 23:31:29.712228 INFO: oop!unknow header: Accept-Encoding: gzip
2024-07-17 23:31:29.712232 INFO: 
2024-07-17 23:31:29.712254 INFO: request:HTTP/1.1 200 OK

2024-07-17 23:31:29.712260 INFO: request:HTTP/1.1 200 OK
Content-Length:542

2024-07-17 23:31:29.712264 INFO: request:HTTP/1.1 200 OK
Content-Length:542
Connection:close

2024-07-17 23:31:29.712269 INFO: request:HTTP/1.1 200 OK
Content-Length:542
Connection:close


2024-07-17 23:31:29.712285 INFO: Thread 140246156437056 is running task

2024-07-17 23:31:29.712295 INFO: eventNum: 1
2024-07-17 23:31:29.712301 INFO: fd: 42, events: 4

2024-07-17 23:31:29.712385 INFO: Thread 140246139651648 is running task

2024-07-17 23:31:29.712455 INFO: eventNum: 1
2024-07-17 23:31:29.712464 INFO: fd: 136, events: 8193

2024-07-17 23:31:29.712490 INFO: HttpConn 136 close success
2024-07-17 23:31:29.712495 INFO: Client[136] quit!
2024-07-17 23:31:29.712557 INFO: eventNum: 1
2024-07-17 23:31:29.712566 INFO: fd: 13, events: 1

2024-07-17 23:31:29.712572 INFO: HandleListenEvent 13
2024-07-17 23:31:29.712592 INFO: HttpConn 115 init success
2024-07-17 23:31:29.712600 INFO: addTimer id:115 expireTime:1721230789
2024-07-17 23:31:29.712612 INFO: Client[115] in!
2024-07-17 23:31:29.712617 INFO: HandleListenEvent 13
2024-07-17 23:31:29.712625 ERROR: Accept failure -1
2024-07-17 23:31:29.712886 INFO: eventNum: 1
2024-07-17 23:31:29.712904 INFO: fd: 134, events: 8193

2024-07-17 23:31:29.712920 INFO: HttpConn 134 close success
2024-07-17 23:31:29.712934 INFO: Client[134] quit!
2024-07-17 23:31:29.713327 INFO: eventNum: 1
2024-07-17 23:31:29.713345 INFO: fd: 138, events: 8193

2024-07-17 23:31:29.713370 INFO: HttpConn 138 close success
2024-07-17 23:31:29.713375 INFO: Client[138] quit!
2024-07-17 23:31:29.713458 INFO: eventNum: 1
2024-07-17 23:31:29.713466 INFO: fd: 305, events: 8193

2024-07-17 23:31:29.713481 INFO: HttpConn 305 close success
2024-07-17 23:31:29.713486 INFO: Client[305] quit!
2024-07-17 23:31:29.713561 INFO: eventNum: 1
2024-07-17 23:31:29.713572 INFO: fd: 137, events: 8193

2024-07-17 23:31:29.713586 INFO: HttpConn 137 close success
2024-07-17 23:31:29.713591 INFO: Client[137] quit!
2024-07-17 23:31:29.714111 INFO: eventNum: 1
2024-07-17 23:31:29.714155 INFO: fd: 97, events: 1

2024-07-17 23:31:29.714173 INFO: eventNum: 1
2024-07-17 23:31:29.714181 INFO: fd: 91, events: 1

2024-07-17 23:31:29.714181 INFO: HttpConn 97 read success
2024-07-17 23:31:29.714225 INFO: GET / HTTP/1.1
2024-07-17 23:31:29.714235 INFO: Host: 39.98.202.182:9006
2024-07-17 23:31:29.714240 INFO: User-Agent: Go-http-client/1.1
2024-07-17 23:31:29.714244 INFO: oop!unknow header: User-Agent: Go-http-client/1.1
2024-07-17 23:31:29.714249 INFO: X-Vegeta-Seq: 578
2024-07-17 23:31:29.714253 INFO: oop!unknow header: X-Vegeta-Seq: 578
2024-07-17 23:31:29.714257 INFO: Accept-Encoding: gzip
2024-07-17 23:31:29.714262 INFO: oop!unknow header: Accept-Encoding: gzip
2024-07-17 23:31:29.714266 INFO: 
2024-07-17 23:31:29.714288 INFO: request:HTTP/1.1 200 OK

2024-07-17 23:31:29.714296 INFO: request:HTTP/1.1 200 OK
Content-Length:542

2024-07-17 23:31:29.714302 INFO: request:HTTP/1.1 200 OK
Content-Length:542
Connection:close

2024-07-17 23:31:29.714310 INFO: request:HTTP/1.1 200 OK
Content-Length:542
Connection:close


2024-07-17 23:31:29.714333 INFO: Thread 140246148044352 is running task

2024-07-17 23:31:29.714346 INFO: HttpConn 91 read success
2024-07-17 23:31:29.714356 INFO: GET / HTTP/1.1
2024-07-17 23:31:29.714363 INFO: Host: 39.98.202.182:9006
2024-07-17 23:31:29.714370 INFO: User-Agent: Go-http-client/1.1
2024-07-17 23:31:29.714377 INFO: oop!unknow header: User-Agent: Go-http-client/1.1
2024-07-17 23:31:29.714383 INFO: X-Vegeta-Seq: 577
2024-07-17 23:31:29.714387 INFO: oop!unknow header: X-Vegeta-Seq: 577
2024-07-17 23:31:29.714391 INFO: Accept-Encoding: gzip
2024-07-17 23:31:29.714395 INFO: oop!unknow header: Accept-Encoding: gzip
2024-07-17 23:31:29.714399 INFO: 
2024-07-17 23:31:29.714414 INFO: request:HTTP/1.1 200 OK

2024-07-17 23:31:29.714419 INFO: request:HTTP/1.1 200 OK
Content-Length:542

2024-07-17 23:31:29.714429 INFO: request:HTTP/1.1 200 OK
Content-Length:542
Connection:close

2024-07-17 23:31:29.714436 INFO: request:HTTP/1.1 200 OK
Content-Length:542
Connection:close


2024-07-17 23:31:29.714447 INFO: Thread 140246148044352 is running task

2024-07-17 23:31:29.714512 INFO: eventNum: 2
2024-07-17 23:31:29.714528 INFO: fd: 97, events: 4

2024-07-17 23:31:29.714543 INFO: fd: 91, events: 4

2024-07-17 23:31:29.714590 INFO: Thread 140246106080832 is running task

2024-07-17 23:31:29.714627 INFO: Thread 140246106080832 is running task

2024-07-17 23:31:29.714674 INFO: eventNum: 1
2024-07-17 23:31:29.714686 INFO: fd: 118, events: 8193

2024-07-17 23:31:29.714709 INFO: HttpConn 118 close success
2024-07-17 23:31:29.714716 INFO: Client[118] quit!
2024-07-17 23:31:29.714827 INFO: eventNum: 1
2024-07-17 23:31:29.714837 INFO: fd: 43, events: 1

2024-07-17 23:31:29.714860 INFO: HttpConn 43 read success
2024-07-17 23:31:29.714881 INFO: GET / HTTP/1.1
2024-07-17 23:31:29.714887 INFO: Host: 39.98.202.182:9006
2024-07-17 23:31:29.714891 INFO: User-Agent: Go-http-client/1.1
2024-07-17 23:31:29.714896 INFO: oop!unknow header: User-Agent: Go-http-client/1.1
2024-07-17 23:31:29.714900 INFO: X-Vegeta-Seq: 576
2024-07-17 23:31:29.714904 INFO: oop!unknow header: X-Vegeta-Seq: 576
2024-07-17 23:31:29.714909 INFO: Accept-Encoding: gzip
2024-07-17 23:31:29.714913 INFO: oop!unknow header: Accept-Encoding: gzip
2024-07-17 23:31:29.714918 INFO: 
2024-07-17 23:31:29.714933 INFO: request:HTTP/1.1 200 OK

2024-07-17 23:31:29.714938 INFO: request:HTTP/1.1 200 OK
Content-Length:542

2024-07-17 23:31:29.714943 INFO: request:HTTP/1.1 200 OK
Content-Length:542
Connection:close

2024-07-17 23:31:29.714947 INFO: request:HTTP/1.1 200 OK
Content-Length:542
Connection:close


2024-07-17 23:31:29.714960 INFO: Thread 140246114473536 is running task

2024-07-17 23:31:29.715002 INFO: eventNum: 1
2024-07-17 23:31:29.715009 INFO: fd: 43, events: 4

2024-07-17 23:31:29.715045 INFO: Thread 140246097688128 is running task

2024-07-17 23:31:29.715714 INFO: eventNum: 1
2024-07-17 23:31:29.715729 INFO: fd: 87, events: 1

2024-07-17 23:31:29.715744 INFO: HttpConn 87 read success
2024-07-17 23:31:29.715754 INFO: GET / HTTP/1.1
2024-07-17 23:31:29.715760 INFO: Host: 39.98.202.182:9006
2024-07-17 23:31:29.715765 INFO: User-Agent: Go-http-client/1.1
2024-07-17 23:31:29.715769 INFO: oop!unknow header: User-Agent: Go-http-client/1.1
2024-07-17 23:31:29.715773 INFO: X-Vegeta-Seq: 575
2024-07-17 23:31:29.715777 INFO: oop!unknow header: X-Vegeta-Seq: 575
2024-07-17 23:31:29.715782 INFO: Accept-Encoding: gzip
2024-07-17 23:31:29.715786 INFO: oop!unknow header: Accept-Encoding: gzip
2024-07-17 23:31:29.715790 INFO: 
2024-07-17 23:31:29.715807 INFO: request:HTTP/1.1 200 OK

2024-07-17 23:31:29.715812 INFO: request:HTTP/1.1 200 OK
Content-Length:542

2024-07-17 23:31:29.715817 INFO: request:HTTP/1.1 200 OK
Content-Length:542
Connection:close

2024-07-17 23:31:29.715821 INFO: request:HTTP/1.1 200 OK
Content-Length:542
Connection:close


2024-07-17 23:31:29.715831 INFO: Thread 140246156437056 is running task

2024-07-17 23:31:29.715840 INFO: eventNum: 1
2024-07-17 23:31:29.715845 INFO: fd: 87, events: 4

2024-07-17 23:31:29.715876 INFO: Thread 140246139651648 is running task

2024-07-17 23:31:29.715938 INFO: eventNum: 1
2024-07-17 23:31:29.715946 INFO: fd: 115, events: 1

2024-07-17 23:31:29.715969 INFO: HttpConn 115 read success
2024-07-17 23:31:29.716001 INFO: GET / HTTP/1.1
2024-07-17 23:31:29.716009 INFO: Host: 39.98.202.182:9006
2024-07-17 23:31:29.716014 INFO: User-Agent: Go-http-client/1.1
2024-07-17 23:31:29.716018 INFO: oop!unknow header: User-Agent: Go-http-client/1.1
2024-07-17 23:31:29.716022 INFO: X-Vegeta-Seq: 580
2024-07-17 23:31:29.716027 INFO: oop!unknow header: X-Vegeta-Seq: 580
2024-07-17 23:31:29.716032 INFO: Accept-Encoding: gzip
2024-07-17 23:31:29.716036 INFO: oop!unknow header: Accept-Encoding: gzip
2024-07-17 23:31:29.716040 INFO: 
2024-07-17 23:31:29.716057 INFO: request:HTTP/1.1 200 OK

2024-07-17 23:31:29.716064 INFO: request:HTTP/1.1 200 OK
Content-Length:542

2024-07-17 23:31:29.716068 INFO: request:HTTP/1.1 200 OK
Content-Length:542
Connection:close

2024-07-17 23:31:29.716073 INFO: request:HTTP/1.1 200 OK
Content-Length:542
Connection:close


2024-07-17 23:31:29.716085 INFO: Thread 140246148044352 is running task

2024-07-17 23:31:29.715980 INFO: eventNum: 1
2024-07-17 23:31:29.716135 INFO: fd: 40, events: 1

2024-07-17 23:31:29.716152 INFO: eventNum: 2
2024-07-17 23:31:29.716155 INFO: HttpConn 40 read success
2024-07-17 23:31:29.716164 INFO: fd: 115, events: 4

2024-07-17 23:31:29.716180 INFO: GET / HTTP/1.1
2024-07-17 23:31:29.716202 INFO: Host: 39.98.202.182:9006
2024-07-17 23:31:29.716210 INFO: User-Agent: Go-http-client/1.1
2024-07-17 23:31:29.716216 INFO: oop!unknow header: User-Agent: Go-http-client/1.1
2024-07-17 23:31:29.716230 INFO: X-Vegeta-Seq: 573
2024-07-17 23:31:29.716237 INFO: oop!unknow header: X-Vegeta-Seq: 573
2024-07-17 23:31:29.716242 INFO: Accept-Encoding: gzip
2024-07-17 23:31:29.716246 INFO: oop!unknow header: Accept-Encoding: gzip
2024-07-17 23:31:29.716250 INFO: 
2024-07-17 23:31:29.716269 INFO: request:HTTP/1.1 200 OK

2024-07-17 23:31:29.716274 INFO: request:HTTP/1.1 200 OK
Content-Length:542

2024-07-17 23:31:29.716281 INFO: request:HTTP/1.1 200 OK
Content-Length:542
Connection:close

2024-07-17 23:31:29.716288 INFO: request:HTTP/1.1 200 OK
Content-Length:542
Connection:close


2024-07-17 23:31:29.716301 INFO: Thread 140246131258944 is running task

2024-07-17 23:31:29.716337 INFO: Thread 140246131258944 is running task

2024-07-17 23:31:29.716193 INFO: fd: 135, events: 8193

2024-07-17 23:31:29.716395 INFO: HttpConn 135 close success
2024-07-17 23:31:29.716401 INFO: Client[135] quit!
2024-07-17 23:31:29.716408 INFO: eventNum: 2
2024-07-17 23:31:29.716412 INFO: fd: 105, events: 1

2024-07-17 23:31:29.716436 INFO: HttpConn 105 read success
2024-07-17 23:31:29.716459 INFO: GET / HTTP/1.1
2024-07-17 23:31:29.716473 INFO: Host: 39.98.202.182:9006
2024-07-17 23:31:29.716480 INFO: User-Agent: Go-http-client/1.1
2024-07-17 23:31:29.716485 INFO: oop!unknow header: User-Agent: Go-http-client/1.1
2024-07-17 23:31:29.716495 INFO: X-Vegeta-Seq: 579
2024-07-17 23:31:29.716501 INFO: oop!unknow header: X-Vegeta-Seq: 579
2024-07-17 23:31:29.716507 INFO: Accept-Encoding: gzip
2024-07-17 23:31:29.716511 INFO: oop!unknow header: Accept-Encoding: gzip
2024-07-17 23:31:29.716515 INFO: 
2024-07-17 23:31:29.716534 INFO: request:HTTP/1.1 200 OK

2024-07-17 23:31:29.716539 INFO: request:HTTP/1.1 200 OK
Content-Length:542

2024-07-17 23:31:29.716543 INFO: request:HTTP/1.1 200 OK
Content-Length:542
Connection:close

2024-07-17 23:31:29.716547 INFO: request:HTTP/1.1 200 OK
Content-Length:542
Connection:close


2024-07-17 23:31:29.716557 INFO: Thread 140246122866240 is running task

2024-07-17 23:31:29.716445 INFO: fd: 40, events: 4

2024-07-17 23:31:29.716632 INFO: eventNum: 1
2024-07-17 23:31:29.716642 INFO: fd: 105, events: 4

2024-07-17 23:31:29.716665 INFO: Thread 140246114473536 is running task

2024-07-17 23:31:29.716685 INFO: Thread 140246114473536 is running task

2024-07-17 23:31:29.719288 INFO: eventNum: 1
2024-07-17 23:31:29.719327 INFO: fd: 307, events: 8193

2024-07-17 23:31:29.719348 INFO: HttpConn 307 close success
2024-07-17 23:31:29.719353 INFO: Client[307] quit!
2024-07-17 23:31:29.719590 INFO: eventNum: 1
2024-07-17 23:31:29.719605 INFO: fd: 303, events: 8193

2024-07-17 23:31:29.719621 INFO: HttpConn 303 close success
2024-07-17 23:31:29.719626 INFO: Client[303] quit!
2024-07-17 23:31:29.719681 INFO: eventNum: 1
2024-07-17 23:31:29.719696 INFO: fd: 309, events: 8193

2024-07-17 23:31:29.719713 INFO: HttpConn 309 close success
2024-07-17 23:31:29.719718 INFO: Client[309] quit!
2024-07-17 23:31:29.719964 INFO: eventNum: 1
2024-07-17 23:31:29.719976 INFO: fd: 311, events: 8193

2024-07-17 23:31:29.719989 INFO: HttpConn 311 close success
2024-07-17 23:31:29.719994 INFO: Client[311] quit!
2024-07-17 23:31:29.720120 INFO: eventNum: 1
2024-07-17 23:31:29.720132 INFO: fd: 300, events: 8193

2024-07-17 23:31:29.720146 INFO: HttpConn 300 close success
2024-07-17 23:31:29.720151 INFO: Client[300] quit!
2024-07-17 23:31:29.721023 INFO: eventNum: 1
2024-07-17 23:31:29.721044 INFO: fd: 13, events: 1

2024-07-17 23:31:29.721051 INFO: HandleListenEvent 13
2024-07-17 23:31:29.721071 INFO: HttpConn 118 init success
2024-07-17 23:31:29.721077 INFO: addTimer id:118 expireTime:1721230789
2024-07-17 23:31:29.721089 INFO: Client[118] in!
2024-07-17 23:31:29.721105 INFO: HandleListenEvent 13
2024-07-17 23:31:29.721118 ERROR: Accept failure -1
2024-07-17 23:31:29.721126 INFO: eventNum: 1
2024-07-17 23:31:29.721131 INFO: fd: 294, events: 8193

2024-07-17 23:31:29.721148 INFO: HttpConn 294 close success
2024-07-17 23:31:29.721156 INFO: Client[294] quit!
2024-07-17 23:31:29.721474 INFO: eventNum: 1
2024-07-17 23:31:29.721517 INFO: fd: 13, events: 1

2024-07-17 23:31:29.721525 INFO: HandleListenEvent 13
2024-07-17 23:31:29.721544 INFO: HttpConn 119 init success
2024-07-17 23:31:29.721552 INFO: addTimer id:119 expireTime:1721230789
2024-07-17 23:31:29.721562 INFO: Client[119] in!
2024-07-17 23:31:29.721567 INFO: HandleListenEvent 13
2024-07-17 23:31:29.721576 ERROR: Accept failure -1
2024-07-17 23:31:29.721771 INFO: eventNum: 1
2024-07-17 23:31:29.721784 INFO: fd: 306, events: 8193

2024-07-17 23:31:29.721799 INFO: HttpConn 306 close success
2024-07-17 23:31:29.721804 INFO: Client[306] quit!
2024-07-17 23:31:29.721907 INFO: eventNum: 1
2024-07-17 23:31:29.721919 INFO: fd: 13, events: 1

2024-07-17 23:31:29.721923 INFO: HandleListenEvent 13
2024-07-17 23:31:29.721932 INFO: HttpConn 120 init success
2024-07-17 23:31:29.721938 INFO: addTimer id:120 expireTime:1721230789
2024-07-17 23:31:29.721947 INFO: Client[120] in!
2024-07-17 23:31:29.721952 INFO: HandleListenEvent 13
2024-07-17 23:31:29.721960 ERROR: Accept failure -1
2024-07-17 23:31:29.722330 INFO: eventNum: 1
2024-07-17 23:31:29.722345 INFO: fd: 296, events: 8193

2024-07-17 23:31:29.722362 INFO: HttpConn 296 close success
2024-07-17 23:31:29.722367 INFO: Client[296] quit!
2024-07-17 23:31:29.723178 INFO: eventNum: 1
2024-07-17 23:31:29.723193 INFO: fd: 133, events: 8193

2024-07-17 23:31:29.723211 INFO: HttpConn 133 close success
2024-07-17 23:31:29.723216 INFO: Client[133] quit!
2024-07-17 23:31:29.723297 INFO: eventNum: 1
2024-07-17 23:31:29.723311 INFO: fd: 295, events: 8193

2024-07-17 23:31:29.723325 INFO: HttpConn 295 close success
2024-07-17 23:31:29.723330 INFO: Client[295] quit!
2024-07-17 23:31:29.724459 INFO: eventNum: 1
2024-07-17 23:31:29.724480 INFO: fd: 302, events: 8193

2024-07-17 23:31:29.724498 INFO: HttpConn 302 close success
2024-07-17 23:31:29.724503 INFO: Client[302] quit!
2024-07-17 23:31:29.724679 INFO: eventNum: 1
2024-07-17 23:31:29.724690 INFO: fd: 301, events: 8193

2024-07-17 23:31:29.724703 INFO: HttpConn 301 close success
2024-07-17 23:31:29.724709 INFO: Client[301] quit!
2024-07-17 23:31:29.724813 INFO: eventNum: 1
2024-07-17 23:31:29.724823 INFO: fd: 119, events: 1

2024-07-17 23:31:29.724838 INFO: HttpConn 119 read success
2024-07-17 23:31:29.724849 INFO: GET / HTTP/1.1
2024-07-17 23:31:29.724855 INFO: Host: 39.98.202.182:9006
2024-07-17 23:31:29.724860 INFO: User-Agent: Go-http-client/1.1
2024-07-17 23:31:29.724864 INFO: oop!unknow header: User-Agent: Go-http-client/1.1
2024-07-17 23:31:29.724869 INFO: X-Vegeta-Seq: 611
2024-07-17 23:31:29.724873 INFO: oop!unknow header: X-Vegeta-Seq: 611
2024-07-17 23:31:29.724878 INFO: Accept-Encoding: gzip
2024-07-17 23:31:29.724882 INFO: oop!unknow header: Accept-Encoding: gzip
2024-07-17 23:31:29.724886 INFO: 
2024-07-17 23:31:29.724915 INFO: request:HTTP/1.1 200 OK

2024-07-17 23:31:29.724922 INFO: request:HTTP/1.1 200 OK
Content-Length:542

2024-07-17 23:31:29.724928 INFO: request:HTTP/1.1 200 OK
Content-Length:542
Connection:close

2024-07-17 23:31:29.724934 INFO: request:HTTP/1.1 200 OK
Content-Length:542
Connection:close


2024-07-17 23:31:29.724951 INFO: Thread 140246156437056 is running task

2024-07-17 23:31:29.724970 INFO: eventNum: 2
2024-07-17 23:31:29.724976 INFO: fd: 146, events: 8193

2024-07-17 23:31:29.724991 INFO: HttpConn 146 close success
2024-07-17 23:31:29.724996 INFO: Client[146] quit!
2024-07-17 23:31:29.725000 INFO: fd: 119, events: 4

2024-07-17 23:31:29.725046 INFO: Thread 140246139651648 is running task

2024-07-17 23:31:29.725670 INFO: eventNum: 1
2024-07-17 23:31:29.725687 INFO: fd: 140, events: 8193

2024-07-17 23:31:29.725704 INFO: HttpConn 140 close success
2024-07-17 23:31:29.725709 INFO: Client[140] quit!
2024-07-17 23:31:29.725885 INFO: eventNum: 1
2024-07-17 23:31:29.725896 INFO: fd: 118, events: 1

2024-07-17 23:31:29.725917 INFO: HttpConn 118 read success
2024-07-17 23:31:29.725942 INFO: GET / HTTP/1.1
2024-07-17 23:31:29.725949 INFO: Host: 39.98.202.182:9006
2024-07-17 23:31:29.725955 INFO: User-Agent: Go-http-client/1.1
2024-07-17 23:31:29.725966 INFO: oop!unknow header: User-Agent: Go-http-client/1.1
2024-07-17 23:31:29.725971 INFO: X-Vegeta-Seq: 614
2024-07-17 23:31:29.725975 INFO: oop!unknow header: X-Vegeta-Seq: 614
2024-07-17 23:31:29.725979 INFO: Accept-Encoding: gzip
2024-07-17 23:31:29.725984 INFO: oop!unknow header: Accept-Encoding: gzip
2024-07-17 23:31:29.725988 INFO: 
2024-07-17 23:31:29.726006 INFO: request:HTTP/1.1 200 OK

2024-07-17 23:31:29.726011 INFO: request:HTTP/1.1 200 OK
Content-Length:542

2024-07-17 23:31:29.726015 INFO: request:HTTP/1.1 200 OK
Content-Length:542
Connection:close

2024-07-17 23:31:29.726020 INFO: request:HTTP/1.1 200 OK
Content-Length:542
Connection:close


2024-07-17 23:31:29.726035 INFO: Thread 140246148044352 is running task

2024-07-17 23:31:29.726036 INFO: eventNum: 2
2024-07-17 23:31:29.726062 INFO: fd: 118, events: 4

2024-07-17 23:31:29.726074 INFO: fd: 120, events: 1

2024-07-17 23:31:29.726106 INFO: Thread 140246131258944 is running task

2024-07-17 23:31:29.726130 INFO: HttpConn 120 read success
2024-07-17 23:31:29.726140 INFO: GET / HTTP/1.1
2024-07-17 23:31:29.726157 INFO: Host: 39.98.202.182:9006
2024-07-17 23:31:29.726161 INFO: User-Agent: Go-http-client/1.1
2024-07-17 23:31:29.726166 INFO: oop!unknow header: User-Agent: Go-http-client/1.1
2024-07-17 23:31:29.726172 INFO: X-Vegeta-Seq: 609
2024-07-17 23:31:29.726178 INFO: oop!unknow header: X-Vegeta-Seq: 609
2024-07-17 23:31:29.726184 INFO: Accept-Encoding: gzip
2024-07-17 23:31:29.726190 INFO: oop!unknow header: Accept-Encoding: gzip
2024-07-17 23:31:29.726197 INFO: 
2024-07-17 23:31:29.726217 INFO: request:HTTP/1.1 200 OK

2024-07-17 23:31:29.726225 INFO: request:HTTP/1.1 200 OK
Content-Length:542

2024-07-17 23:31:29.726229 INFO: request:HTTP/1.1 200 OK
Content-Length:542
Connection:close

2024-07-17 23:31:29.726233 INFO: request:HTTP/1.1 200 OK
Content-Length:542
Connection:close


2024-07-17 23:31:29.726245 INFO: Thread 140246131258944 is running task

2024-07-17 23:31:29.726308 INFO: eventNum: 2
2024-07-17 23:31:29.726329 INFO: fd: 120, events: 4

2024-07-17 23:31:29.726357 INFO: fd: 13, events: 1

2024-07-17 23:31:29.726363 INFO: HandleListenEvent 13
2024-07-17 23:31:29.726389 INFO: HttpConn 125 init success
2024-07-17 23:31:29.726406 INFO: addTimer id:125 expireTime:1721230789
2024-07-17 23:31:29.726408 INFO: Thread 140246122866240 is running task

2024-07-17 23:31:29.726458 INFO: Client[125] in!
2024-07-17 23:31:29.726541 INFO: HandleListenEvent 13
2024-07-17 23:31:29.726563 ERROR: Accept failure -1
2024-07-17 23:31:29.726698 INFO: eventNum: 1
2024-07-17 23:31:29.726743 INFO: fd: 125, events: 1

2024-07-17 23:31:29.726786 INFO: HttpConn 125 read success
2024-07-17 23:31:29.726800 INFO: GET / HTTP/1.1
2024-07-17 23:31:29.726808 INFO: Host: 39.98.202.182:9006
2024-07-17 23:31:29.726815 INFO: User-Agent: Go-http-client/1.1
2024-07-17 23:31:29.726822 INFO: oop!unknow header: User-Agent: Go-http-client/1.1
2024-07-17 23:31:29.726828 INFO: X-Vegeta-Seq: 739
2024-07-17 23:31:29.726833 INFO: oop!unknow header: X-Vegeta-Seq: 739
2024-07-17 23:31:29.726841 INFO: Accept-Encoding: gzip
2024-07-17 23:31:29.726851 INFO: oop!unknow header: Accept-Encoding: gzip
2024-07-17 23:31:29.726862 INFO: 
2024-07-17 23:31:29.726884 INFO: request:HTTP/1.1 200 OK

2024-07-17 23:31:29.726892 INFO: request:HTTP/1.1 200 OK
Content-Length:542

2024-07-17 23:31:29.726902 INFO: request:HTTP/1.1 200 OK
Content-Length:542
Connection:close

2024-07-17 23:31:29.726907 INFO: request:HTTP/1.1 200 OK
Content-Length:542
Connection:close


2024-07-17 23:31:29.726948 INFO: Thread 140246114473536 is running task

2024-07-17 23:31:29.726963 INFO: eventNum: 1
2024-07-17 23:31:29.726971 INFO: fd: 125, events: 4

2024-07-17 23:31:29.727016 INFO: Thread 140246097688128 is running task

2024-07-17 23:31:29.727489 INFO: eventNum: 1
2024-07-17 23:31:29.727519 INFO: fd: 336, events: 8193

2024-07-17 23:31:29.727587 INFO: HttpConn 336 close success
2024-07-17 23:31:29.727605 INFO: Client[336] quit!
2024-07-17 23:31:29.727614 INFO: eventNum: 2
2024-07-17 23:31:29.727641 INFO: fd: 13, events: 1

2024-07-17 23:31:29.727647 INFO: HandleListenEvent 13
2024-07-17 23:31:29.727667 INFO: HttpConn 133 init success
2024-07-17 23:31:29.727686 INFO: addTimer id:133 expireTime:1721230789
2024-07-17 23:31:29.727710 INFO: Client[133] in!
2024-07-17 23:31:29.727720 INFO: HandleListenEvent 13
2024-07-17 23:31:29.727757 INFO: HttpConn 134 init success
2024-07-17 23:31:29.727769 INFO: addTimer id:134 expireTime:1721230789
2024-07-17 23:31:29.727780 INFO: Client[134] in!
2024-07-17 23:31:29.727786 INFO: HandleListenEvent 13
2024-07-17 23:31:29.727798 ERROR: Accept failure -1
2024-07-17 23:31:29.727804 INFO: fd: 334, events: 8193

2024-07-17 23:31:29.727825 INFO: HttpConn 334 close success
2024-07-17 23:31:29.727837 INFO: Client[334] quit!
2024-07-17 23:31:29.727844 INFO: eventNum: 1
2024-07-17 23:31:29.727851 INFO: fd: 13, events: 1

2024-07-17 23:31:29.727857 INFO: HandleListenEvent 13
2024-07-17 23:31:29.727872 INFO: HttpConn 135 init success
2024-07-17 23:31:29.727880 INFO: addTimer id:135 expireTime:1721230789
2024-07-17 23:31:29.727891 INFO: Client[135] in!
2024-07-17 23:31:29.727898 INFO: HandleListenEvent 13
2024-07-17 23:31:29.727909 ERROR: Accept failure -1
2024-07-17 23:31:29.728599 INFO: eventNum: 1
2024-07-17 23:31:29.728658 INFO: fd: 332, events: 8193

2024-07-17 23:31:29.728688 INFO: HttpConn 332 close success
2024-07-17 23:31:29.728700 INFO: Client[332] quit!
2024-07-17 23:31:29.728707 INFO: eventNum: 1
2024-07-17 23:31:29.728717 INFO: fd: 13, events: 1

2024-07-17 23:31:29.728723 INFO: HandleListenEvent 13
2024-07-17 23:31:29.728746 INFO: HttpConn 136 init success
2024-07-17 23:31:29.728765 INFO: addTimer id:136 expireTime:1721230789
2024-07-17 23:31:29.728780 INFO: Client[136] in!
2024-07-17 23:31:29.728787 INFO: HandleListenEvent 13
2024-07-17 23:31:29.728798 ERROR: Accept failure -1
2024-07-17 23:31:29.729115 INFO: eventNum: 1
2024-07-17 23:31:29.729148 INFO: fd: 148, events: 8193

2024-07-17 23:31:29.729196 INFO: HttpConn 148 close success
2024-07-17 23:31:29.729238 INFO: Client[148] quit!
2024-07-17 23:31:29.729404 INFO: eventNum: 1
2024-07-17 23:31:29.729454 INFO: fd: 335, events: 8193

2024-07-17 23:31:29.729529 INFO: HttpConn 335 close success
2024-07-17 23:31:29.729538 INFO: Client[335] quit!
2024-07-17 23:31:29.730349 INFO: eventNum: 1
2024-07-17 23:31:29.730373 INFO: fd: 133, events: 1

2024-07-17 23:31:29.730397 INFO: HttpConn 133 read success
2024-07-17 23:31:29.730415 INFO: GET / HTTP/1.1
2024-07-17 23:31:29.730445 INFO: Host: 39.98.202.182:9006
2024-07-17 23:31:29.730453 INFO: User-Agent: Go-http-client/1.1
2024-07-17 23:31:29.730458 INFO: oop!unknow header: User-Agent: Go-http-client/1.1
2024-07-17 23:31:29.730487 INFO: X-Vegeta-Seq: 743
2024-07-17 23:31:29.730488 INFO: eventNum: 1
2024-07-17 23:31:29.730496 INFO: oop!unknow header: X-Vegeta-Seq: 743
2024-07-17 23:31:29.730526 INFO: Accept-Encoding: gzip
2024-07-17 23:31:29.730513 INFO: fd: 136, events: 1

2024-07-17 23:31:29.730537 INFO: oop!unknow header: Accept-Encoding: gzip
2024-07-17 23:31:29.730555 INFO: 
2024-07-17 23:31:29.730579 INFO: request:HTTP/1.1 200 OK

2024-07-17 23:31:29.730585 INFO: request:HTTP/1.1 200 OK
Content-Length:542

2024-07-17 23:31:29.730595 INFO: request:HTTP/1.1 200 OK
Content-Length:542
Connection:close

2024-07-17 23:31:29.730599 INFO: request:HTTP/1.1 200 OK
Content-Length:542
Connection:close


2024-07-17 23:31:29.730616 INFO: Thread 140246156437056 is running task

2024-07-17 23:31:29.730620 INFO: eventNum: 1
2024-07-17 23:31:29.730649 INFO: fd: 133, events: 4

2024-07-17 23:31:29.730636 INFO: HttpConn 136 read success
2024-07-17 23:31:29.730670 INFO: GET / HTTP/1.1
2024-07-17 23:31:29.730677 INFO: Host: 39.98.202.182:9006
2024-07-17 23:31:29.730684 INFO: User-Agent: Go-http-client/1.1
2024-07-17 23:31:29.730691 INFO: oop!unknow header: User-Agent: Go-http-client/1.1
2024-07-17 23:31:29.730699 INFO: X-Vegeta-Seq: 741
2024-07-17 23:31:29.730706 INFO: oop!unknow header: X-Vegeta-Seq: 741
2024-07-17 23:31:29.730716 INFO: Accept-Encoding: gzip
2024-07-17 23:31:29.730729 INFO: oop!unknow header: Accept-Encoding: gzip
2024-07-17 23:31:29.730734 INFO: 
2024-07-17 23:31:29.730748 INFO: request:HTTP/1.1 200 OK

2024-07-17 23:31:29.730753 INFO: request:HTTP/1.1 200 OK
Content-Length:542

2024-07-17 23:31:29.730757 INFO: request:HTTP/1.1 200 OK
Content-Length:542
Connection:close

2024-07-17 23:31:29.730761 INFO: request:HTTP/1.1 200 OK
Content-Length:542
Connection:close


2024-07-17 23:31:29.730773 INFO: Thread 140246156437056 is running task

2024-07-17 23:31:29.730781 INFO: eventNum: 1
2024-07-17 23:31:29.730706 INFO: Thread 140246148044352 is running task

2024-07-17 23:31:29.730795 INFO: fd: 136, events: 4

2024-07-17 23:31:29.730851 INFO: Thread 140246106080832 is running task

2024-07-17 23:31:29.730909 INFO: eventNum: 1
2024-07-17 23:31:29.730922 INFO: fd: 135, events: 1

2024-07-17 23:31:29.730938 INFO: HttpConn 135 read success
2024-07-17 23:31:29.730951 INFO: GET / HTTP/1.1
2024-07-17 23:31:29.730959 INFO: Host: 39.98.202.182:9006
2024-07-17 23:31:29.730966 INFO: User-Agent: Go-http-client/1.1
2024-07-17 23:31:29.730973 INFO: oop!unknow header: User-Agent: Go-http-client/1.1
2024-07-17 23:31:29.730980 INFO: X-Vegeta-Seq: 742
2024-07-17 23:31:29.730987 INFO: oop!unknow header: X-Vegeta-Seq: 742
2024-07-17 23:31:29.730993 INFO: Accept-Encoding: gzip
2024-07-17 23:31:29.731000 INFO: oop!unknow header: Accept-Encoding: gzip
2024-07-17 23:31:29.731007 INFO: 
2024-07-17 23:31:29.731025 INFO: request:HTTP/1.1 200 OK

2024-07-17 23:31:29.731033 INFO: request:HTTP/1.1 200 OK
Content-Length:542

2024-07-17 23:31:29.731040 INFO: request:HTTP/1.1 200 OK
Content-Length:542
Connection:close

2024-07-17 23:31:29.731047 INFO: request:HTTP/1.1 200 OK
Content-Length:542
Connection:close


2024-07-17 23:31:29.731058 INFO: Thread 140246131258944 is running task

2024-07-17 23:31:29.731070 INFO: eventNum: 2
2024-07-17 23:31:29.731077 INFO: fd: 135, events: 4

2024-07-17 23:31:29.731115 INFO: Thread 140246122866240 is running task

2024-07-17 23:31:29.731128 INFO: fd: 13, events: 1

2024-07-17 23:31:29.731135 INFO: HandleListenEvent 13
2024-07-17 23:31:29.731156 INFO: HttpConn 137 init success
2024-07-17 23:31:29.731165 INFO: addTimer id:137 expireTime:1721230789
2024-07-17 23:31:29.731179 INFO: Client[137] in!
2024-07-17 23:31:29.731186 INFO: HandleListenEvent 13
2024-07-17 23:31:29.731197 ERROR: Accept failure -1
2024-07-17 23:31:29.731209 INFO: eventNum: 1
2024-07-17 23:31:29.731215 INFO: fd: 134, events: 1

2024-07-17 23:31:29.731231 INFO: HttpConn 134 read success
2024-07-17 23:31:29.731244 INFO: GET / HTTP/1.1
2024-07-17 23:31:29.731252 INFO: Host: 39.98.202.182:9006
2024-07-17 23:31:29.731259 INFO: User-Agent: Go-http-client/1.1
2024-07-17 23:31:29.731266 INFO: oop!unknow header: User-Agent: Go-http-client/1.1
2024-07-17 23:31:29.731276 INFO: X-Vegeta-Seq: 740
2024-07-17 23:31:29.731283 INFO: oop!unknow header: X-Vegeta-Seq: 740
2024-07-17 23:31:29.731290 INFO: Accept-Encoding: gzip
2024-07-17 23:31:29.731296 INFO: oop!unknow header: Accept-Encoding: gzip
2024-07-17 23:31:29.731303 INFO: 
2024-07-17 23:31:29.731321 INFO: request:HTTP/1.1 200 OK

2024-07-17 23:31:29.731328 INFO: request:HTTP/1.1 200 OK
Content-Length:542

2024-07-17 23:31:29.731335 INFO: request:HTTP/1.1 200 OK
Content-Length:542
Connection:close

2024-07-17 23:31:29.731342 INFO: request:HTTP/1.1 200 OK
Content-Length:542
Connection:close


2024-07-17 23:31:29.731352 INFO: Thread 140246114473536 is running task

2024-07-17 23:31:29.731364 INFO: eventNum: 1
2024-07-17 23:31:29.731372 INFO: fd: 134, events: 4

2024-07-17 23:31:29.731416 INFO: Thread 140246097688128 is running task

2024-07-17 23:31:29.731569 INFO: eventNum: 1
2024-07-17 23:31:29.731587 INFO: fd: 137, events: 1

2024-07-17 23:31:29.731661 INFO: HttpConn 137 read success
2024-07-17 23:31:29.731679 INFO: GET / HTTP/1.1
2024-07-17 23:31:29.731688 INFO: Host: 39.98.202.182:9006
2024-07-17 23:31:29.731695 INFO: User-Agent: Go-http-client/1.1
2024-07-17 23:31:29.731702 INFO: oop!unknow header: User-Agent: Go-http-client/1.1
2024-07-17 23:31:29.731717 INFO: X-Vegeta-Seq: 752
2024-07-17 23:31:29.731723 INFO: oop!unknow header: X-Vegeta-Seq: 752
2024-07-17 23:31:29.731727 INFO: Accept-Encoding: gzip
2024-07-17 23:31:29.731731 INFO: oop!unknow header: Accept-Encoding: gzip
2024-07-17 23:31:29.731746 INFO: 
2024-07-17 23:31:29.731767 INFO: request:HTTP/1.1 200 OK

2024-07-17 23:31:29.731773 INFO: request:HTTP/1.1 200 OK
Content-Length:542

2024-07-17 23:31:29.731778 INFO: request:HTTP/1.1 200 OK
Content-Length:542
Connection:close

2024-07-17 23:31:29.731791 INFO: request:HTTP/1.1 200 OK
Content-Length:542
Connection:close


2024-07-17 23:31:29.731809 INFO: eventNum: 1
2024-07-17 23:31:29.731809 INFO: Thread 140246139651648 is running task

2024-07-17 23:31:29.731829 INFO: fd: 137, events: 4

2024-07-17 23:31:29.731888 INFO: Thread 140246156437056 is running task

2024-07-17 23:31:29.754128 INFO: eventNum: 1
2024-07-17 23:31:29.754189 INFO: fd: 13, events: 1

2024-07-17 23:31:29.754198 INFO: HandleListenEvent 13
2024-07-17 23:31:29.754235 INFO: HttpConn 138 init success
2024-07-17 23:31:29.754247 INFO: addTimer id:138 expireTime:1721230789
2024-07-17 23:31:29.754262 INFO: Client[138] in!
2024-07-17 23:31:29.754267 INFO: HandleListenEvent 13
2024-07-17 23:31:29.754281 ERROR: Accept failure -1
2024-07-17 23:31:29.754864 INFO: eventNum: 1
2024-07-17 23:31:29.754890 INFO: fd: 13, events: 1

2024-07-17 23:31:29.754896 INFO: HandleListenEvent 13
2024-07-17 23:31:29.754914 INFO: HttpConn 140 init success
2024-07-17 23:31:29.754920 INFO: addTimer id:140 expireTime:1721230789
2024-07-17 23:31:29.754931 INFO: Client[140] in!
2024-07-17 23:31:29.754936 INFO: HandleListenEvent 13
2024-07-17 23:31:29.754945 ERROR: Accept failure -1
2024-07-17 23:31:29.755152 INFO: eventNum: 1
2024-07-17 23:31:29.755167 INFO: fd: 13, events: 1

2024-07-17 23:31:29.755171 INFO: HandleListenEvent 13
2024-07-17 23:31:29.755192 INFO: HttpConn 146 init success
2024-07-17 23:31:29.755198 INFO: addTimer id:146 expireTime:1721230789
2024-07-17 23:31:29.755209 INFO: Client[146] in!
2024-07-17 23:31:29.755213 INFO: HandleListenEvent 13
2024-07-17 23:31:29.755221 ERROR: Accept failure -1
2024-07-17 23:31:29.756647 INFO: eventNum: 1
2024-07-17 23:31:29.756682 INFO: fd: 327, events: 8193

2024-07-17 23:31:29.756725 INFO: HttpConn 327 close success
2024-07-17 23:31:29.756735 INFO: Client[327] quit!
2024-07-17 23:31:29.757223 INFO: eventNum: 1
2024-07-17 23:31:29.757251 INFO: fd: 331, events: 8193

2024-07-17 23:31:29.757279 INFO: HttpConn 331 close success
2024-07-17 23:31:29.757292 INFO: Client[331] quit!
2024-07-17 23:31:29.757604 INFO: eventNum: 1
2024-07-17 23:31:29.757637 INFO: fd: 316, events: 8193

2024-07-17 23:31:29.757670 INFO: HttpConn 316 close success
2024-07-17 23:31:29.757680 INFO: Client[316] quit!
2024-07-17 23:31:29.757871 INFO: eventNum: 1
2024-07-17 23:31:29.757890 INFO: fd: 138, events: 1

2024-07-17 23:31:29.757915 INFO: HttpConn 138 read success
2024-07-17 23:31:29.757942 INFO: GET / HTTP/1.1
2024-07-17 23:31:29.757950 INFO: Host: 39.98.202.182:9006
