2024-07-17 23:30:21.506704 INFO: Host: 39.98.202.182:9006
2024-07-17 23:30:21.506752 INFO: User-Agent: Go-http-client/1.1
2024-07-17 23:30:21.506757 INFO: oop!unknow header: User-Agent: Go-http-client/1.1
2024-07-17 23:30:21.506762 INFO: X-Vegeta-Seq: 2399
2024-07-17 23:30:21.506766 INFO: oop!unknow header: X-Vegeta-Seq: 2399
2024-07-17 23:30:21.506770 INFO: Accept-Encoding: gzip
2024-07-17 23:30:21.506774 INFO: oop!unknow header: Accept-Encoding: gzip
2024-07-17 23:30:21.506778 INFO: 
2024-07-17 23:30:21.506791 INFO: request:HTTP/1.1 200 OK

2024-07-17 23:30:21.506795 INFO: request:HTTP/1.1 200 OK
Content-Length:542

2024-07-17 23:30:21.506799 INFO: request:HTTP/1.1 200 OK
Content-Length:542
Connection:close

2024-07-17 23:30:21.506804 INFO: request:HTTP/1.1 200 OK
Content-Length:542
Connection:close


2024-07-17 23:30:21.506811 INFO: Thread 140246122866240 is running task

2024-07-17 23:30:21.506818 INFO: fd: 18, events: 8193

2024-07-17 23:30:21.506835 INFO: HttpConn 18 close success
2024-07-17 23:30:21.506843 INFO: Client[18] quit!
2024-07-17 23:30:21.506847 INFO: fd: 38, events: 4

2024-07-17 23:30:21.506876 INFO: Thread 140246097688128 is running task

2024-07-17 23:30:21.506887 INFO: eventNum: 1
2024-07-17 23:30:21.506892 INFO: fd: 39, events: 4

2024-07-17 23:30:21.506914 INFO: Thread 140246139651648 is running task

2024-07-17 23:30:21.506963 INFO: eventNum: 1
2024-07-17 23:30:21.506973 INFO: fd: 37, events: 1

2024-07-17 23:30:21.506984 INFO: HttpConn 37 read success
2024-07-17 23:30:21.506992 INFO: GET / HTTP/1.1
2024-07-17 23:30:21.506997 INFO: Host: 39.98.202.182:9006
2024-07-17 23:30:21.507001 INFO: User-Agent: Go-http-client/1.1
2024-07-17 23:30:21.507006 INFO: oop!unknow header: User-Agent: Go-http-client/1.1
2024-07-17 23:30:21.507010 INFO: X-Vegeta-Seq: 2396
2024-07-17 23:30:21.507014 INFO: oop!unknow header: X-Vegeta-Seq: 2396
2024-07-17 23:30:21.507018 INFO: Accept-Encoding: gzip
2024-07-17 23:30:21.507022 INFO: oop!unknow header: Accept-Encoding: gzip
2024-07-17 23:30:21.507027 INFO: 
2024-07-17 23:30:21.507039 INFO: request:HTTP/1.1 200 OK

2024-07-17 23:30:21.507044 INFO: request:HTTP/1.1 200 OK
Content-Length:542

2024-07-17 23:30:21.507048 INFO: request:HTTP/1.1 200 OK
Content-Length:542
Connection:close

2024-07-17 23:30:21.507052 INFO: request:HTTP/1.1 200 OK
Content-Length:542
Connection:close


2024-07-17 23:30:21.507059 INFO: Thread 140246156437056 is running task

2024-07-17 23:30:21.507067 INFO: eventNum: 1
2024-07-17 23:30:21.507072 INFO: fd: 37, events: 4

2024-07-17 23:30:21.507130 INFO: Thread 140246114473536 is running task

2024-07-17 23:30:21.510853 INFO: eventNum: 1
2024-07-17 23:30:21.510883 INFO: fd: 30, events: 8193

2024-07-17 23:30:21.510906 INFO: HttpConn 30 close success
2024-07-17 23:30:21.510915 INFO: Client[30] quit!
2024-07-17 23:30:21.511184 INFO: eventNum: 1
2024-07-17 23:30:21.511197 INFO: fd: 26, events: 8193

2024-07-17 23:30:21.511210 INFO: HttpConn 26 close success
2024-07-17 23:30:21.511217 INFO: Client[26] quit!
2024-07-17 23:30:21.516859 INFO: eventNum: 1
2024-07-17 23:30:21.516900 INFO: fd: 13, events: 1

2024-07-17 23:30:21.516906 INFO: HandleListenEvent 13
2024-07-17 23:30:21.516930 INFO: HttpConn 18 init success
2024-07-17 23:30:21.516937 INFO: addTimer id:18 expireTime:1721230721
2024-07-17 23:30:21.516951 INFO: Client[18] in!
2024-07-17 23:30:21.516956 INFO: HandleListenEvent 13
2024-07-17 23:30:21.516966 ERROR: Accept failure -1
2024-07-17 23:30:21.517078 INFO: eventNum: 1
2024-07-17 23:30:21.517089 INFO: fd: 13, events: 1

2024-07-17 23:30:21.517094 INFO: HandleListenEvent 13
2024-07-17 23:30:21.517105 INFO: HttpConn 26 init success
2024-07-17 23:30:21.517111 INFO: addTimer id:26 expireTime:1721230721
2024-07-17 23:30:21.517120 INFO: Client[26] in!
2024-07-17 23:30:21.517124 INFO: HandleListenEvent 13
2024-07-17 23:30:21.517132 ERROR: Accept failure -1
2024-07-17 23:30:21.518058 INFO: eventNum: 1
2024-07-17 23:30:21.518100 INFO: fd: 13, events: 1

2024-07-17 23:30:21.518105 INFO: HandleListenEvent 13
2024-07-17 23:30:21.518130 INFO: HttpConn 30 init success
2024-07-17 23:30:21.518146 INFO: addTimer id:30 expireTime:1721230721
2024-07-17 23:30:21.518156 INFO: Client[30] in!
2024-07-17 23:30:21.518161 INFO: HandleListenEvent 13
2024-07-17 23:30:21.518168 ERROR: Accept failure -1
2024-07-17 23:30:21.520171 INFO: eventNum: 1
2024-07-17 23:30:21.520188 INFO: fd: 18, events: 1

2024-07-17 23:30:21.520214 INFO: HttpConn 18 read success
2024-07-17 23:30:21.520247 INFO: GET / HTTP/1.1
2024-07-17 23:30:21.520256 INFO: Host: 39.98.202.182:9006
2024-07-17 23:30:21.520261 INFO: User-Agent: Go-http-client/1.1
2024-07-17 23:30:21.520265 INFO: oop!unknow header: User-Agent: Go-http-client/1.1
2024-07-17 23:30:21.520270 INFO: X-Vegeta-Seq: 2402
2024-07-17 23:30:21.520274 INFO: oop!unknow header: X-Vegeta-Seq: 2402
2024-07-17 23:30:21.520278 INFO: Accept-Encoding: gzip
2024-07-17 23:30:21.520283 INFO: oop!unknow header: Accept-Encoding: gzip
2024-07-17 23:30:21.520287 INFO: 
2024-07-17 23:30:21.520314 INFO: request:HTTP/1.1 200 OK

2024-07-17 23:30:21.520319 INFO: request:HTTP/1.1 200 OK
Content-Length:542

2024-07-17 23:30:21.520323 INFO: request:HTTP/1.1 200 OK
Content-Length:542
Connection:close

2024-07-17 23:30:21.520328 INFO: request:HTTP/1.1 200 OK
Content-Length:542
Connection:close


2024-07-17 23:30:21.520356 INFO: Thread 140246148044352 is running task

2024-07-17 23:30:21.520380 INFO: eventNum: 1
2024-07-17 23:30:21.520390 INFO: fd: 18, events: 4

2024-07-17 23:30:21.520449 INFO: Thread 140246106080832 is running task

2024-07-17 23:30:21.520664 INFO: eventNum: 1
2024-07-17 23:30:21.520681 INFO: fd: 30, events: 1

2024-07-17 23:30:21.520696 INFO: HttpConn 30 read success
2024-07-17 23:30:21.520706 INFO: GET / HTTP/1.1
2024-07-17 23:30:21.520712 INFO: Host: 39.98.202.182:9006
2024-07-17 23:30:21.520717 INFO: User-Agent: Go-http-client/1.1
2024-07-17 23:30:21.520721 INFO: oop!unknow header: User-Agent: Go-http-client/1.1
2024-07-17 23:30:21.520729 INFO: X-Vegeta-Seq: 2400
2024-07-17 23:30:21.520733 INFO: oop!unknow header: X-Vegeta-Seq: 2400
2024-07-17 23:30:21.520738 INFO: Accept-Encoding: gzip
2024-07-17 23:30:21.520745 INFO: oop!unknow header: Accept-Encoding: gzip
2024-07-17 23:30:21.520749 INFO: 
2024-07-17 23:30:21.520766 INFO: request:HTTP/1.1 200 OK

2024-07-17 23:30:21.520771 INFO: request:HTTP/1.1 200 OK
Content-Length:542

2024-07-17 23:30:21.520776 INFO: request:HTTP/1.1 200 OK
Content-Length:542
Connection:close

2024-07-17 23:30:21.520780 INFO: request:HTTP/1.1 200 OK
Content-Length:542
Connection:close


2024-07-17 23:30:21.520792 INFO: Thread 140246131258944 is running task

2024-07-17 23:30:21.520802 INFO: eventNum: 1
2024-07-17 23:30:21.520806 INFO: fd: 30, events: 4

2024-07-17 23:30:21.520847 INFO: Thread 140246122866240 is running task

2024-07-17 23:30:21.520858 INFO: eventNum: 1
2024-07-17 23:30:21.520863 INFO: fd: 26, events: 1

2024-07-17 23:30:21.520875 INFO: HttpConn 26 read success
2024-07-17 23:30:21.520883 INFO: GET / HTTP/1.1
2024-07-17 23:30:21.520888 INFO: Host: 39.98.202.182:9006
2024-07-17 23:30:21.520893 INFO: User-Agent: Go-http-client/1.1
2024-07-17 23:30:21.520897 INFO: oop!unknow header: User-Agent: Go-http-client/1.1
2024-07-17 23:30:21.520901 INFO: X-Vegeta-Seq: 2401
2024-07-17 23:30:21.520906 INFO: oop!unknow header: X-Vegeta-Seq: 2401
2024-07-17 23:30:21.520910 INFO: Accept-Encoding: gzip
2024-07-17 23:30:21.520914 INFO: oop!unknow header: Accept-Encoding: gzip
2024-07-17 23:30:21.520919 INFO: 
2024-07-17 23:30:21.520932 INFO: request:HTTP/1.1 200 OK

2024-07-17 23:30:21.520936 INFO: request:HTTP/1.1 200 OK
Content-Length:542

2024-07-17 23:30:21.520941 INFO: request:HTTP/1.1 200 OK
Content-Length:542
Connection:close

2024-07-17 23:30:21.520945 INFO: request:HTTP/1.1 200 OK
Content-Length:542
Connection:close


2024-07-17 23:30:21.520952 INFO: Thread 140246097688128 is running task

2024-07-17 23:30:21.520961 INFO: eventNum: 2
2024-07-17 23:30:21.520965 INFO: fd: 26, events: 4

2024-07-17 23:30:21.520990 INFO: Thread 140246139651648 is running task

2024-07-17 23:30:21.521002 INFO: fd: 28, events: 8193

2024-07-17 23:30:21.521023 INFO: HttpConn 28 close success
2024-07-17 23:30:21.521031 INFO: Client[28] quit!
2024-07-17 23:30:21.521487 INFO: eventNum: 1
2024-07-17 23:30:21.521514 INFO: fd: 29, events: 8193

2024-07-17 23:30:21.521528 INFO: HttpConn 29 close success
2024-07-17 23:30:21.521536 INFO: Client[29] quit!
2024-07-17 23:30:21.522270 INFO: eventNum: 1
2024-07-17 23:30:21.522289 INFO: fd: 32, events: 8193

2024-07-17 23:30:21.522304 INFO: HttpConn 32 close success
2024-07-17 23:30:21.522311 INFO: Client[32] quit!
2024-07-17 23:30:21.525540 INFO: eventNum: 1
2024-07-17 23:30:21.525573 INFO: fd: 31, events: 8193

2024-07-17 23:30:21.525597 INFO: HttpConn 31 close success
2024-07-17 23:30:21.525605 INFO: Client[31] quit!
2024-07-17 23:30:21.525733 INFO: eventNum: 2
2024-07-17 23:30:21.525745 INFO: fd: 34, events: 8193

2024-07-17 23:30:21.525760 INFO: HttpConn 34 close success
2024-07-17 23:30:21.525767 INFO: Client[34] quit!
2024-07-17 23:30:21.525772 INFO: fd: 35, events: 8193

2024-07-17 23:30:21.525783 INFO: HttpConn 35 close success
2024-07-17 23:30:21.525790 INFO: Client[35] quit!
2024-07-17 23:30:21.525850 INFO: eventNum: 1
2024-07-17 23:30:21.525881 INFO: fd: 16, events: 8193

2024-07-17 23:30:21.525906 INFO: HttpConn 16 close success
2024-07-17 23:30:21.525912 INFO: Client[16] quit!
2024-07-17 23:30:21.525952 INFO: eventNum: 1
2024-07-17 23:30:21.525965 INFO: fd: 33, events: 8193

2024-07-17 23:30:21.525979 INFO: HttpConn 33 close success
2024-07-17 23:30:21.525985 INFO: Client[33] quit!
2024-07-17 23:30:21.526347 INFO: eventNum: 1
2024-07-17 23:30:21.526369 INFO: fd: 17, events: 8193

2024-07-17 23:30:21.526388 INFO: HttpConn 17 close success
2024-07-17 23:30:21.526394 INFO: Client[17] quit!
2024-07-17 23:30:21.526469 INFO: eventNum: 1
2024-07-17 23:30:21.526485 INFO: fd: 38, events: 8193

2024-07-17 23:30:21.526522 INFO: HttpConn 38 close success
2024-07-17 23:30:21.526530 INFO: Client[38] quit!
2024-07-17 23:30:21.526919 INFO: eventNum: 1
2024-07-17 23:30:21.526931 INFO: fd: 39, events: 8193

2024-07-17 23:30:21.526946 INFO: HttpConn 39 close success
2024-07-17 23:30:21.526954 INFO: Client[39] quit!
2024-07-17 23:30:21.527248 INFO: eventNum: 1
2024-07-17 23:30:21.527258 INFO: fd: 36, events: 8193

2024-07-17 23:30:21.527272 INFO: HttpConn 36 close success
2024-07-17 23:30:21.527279 INFO: Client[36] quit!
2024-07-17 23:30:21.529114 INFO: eventNum: 1
2024-07-17 23:30:21.529138 INFO: fd: 37, events: 8193

2024-07-17 23:30:21.529156 INFO: HttpConn 37 close success
2024-07-17 23:30:21.529164 INFO: Client[37] quit!
2024-07-17 23:30:21.529630 INFO: eventNum: 1
2024-07-17 23:30:21.529642 INFO: fd: 13, events: 1

2024-07-17 23:30:21.529647 INFO: HandleListenEvent 13
2024-07-17 23:30:21.529669 INFO: HttpConn 16 init success
2024-07-17 23:30:21.529676 INFO: addTimer id:16 expireTime:1721230721
2024-07-17 23:30:21.529688 INFO: Client[16] in!
2024-07-17 23:30:21.529693 INFO: HandleListenEvent 13
2024-07-17 23:30:21.529701 ERROR: Accept failure -1
2024-07-17 23:30:21.529998 INFO: eventNum: 1
2024-07-17 23:30:21.530013 INFO: fd: 16, events: 1

2024-07-17 23:30:21.530027 INFO: HttpConn 16 read success
2024-07-17 23:30:21.530038 INFO: GET / HTTP/1.1
2024-07-17 23:30:21.530045 INFO: Host: 39.98.202.182:9006
2024-07-17 23:30:21.530049 INFO: User-Agent: Go-http-client/1.1
2024-07-17 23:30:21.530054 INFO: oop!unknow header: User-Agent: Go-http-client/1.1
2024-07-17 23:30:21.530059 INFO: X-Vegeta-Seq: 2410
2024-07-17 23:30:21.530063 INFO: oop!unknow header: X-Vegeta-Seq: 2410
2024-07-17 23:30:21.530068 INFO: Accept-Encoding: gzip
2024-07-17 23:30:21.530072 INFO: oop!unknow header: Accept-Encoding: gzip
2024-07-17 23:30:21.530076 INFO: 
2024-07-17 23:30:21.530099 INFO: request:HTTP/1.1 200 OK

2024-07-17 23:30:21.530104 INFO: request:HTTP/1.1 200 OK
Content-Length:542

2024-07-17 23:30:21.530108 INFO: request:HTTP/1.1 200 OK
Content-Length:542
Connection:close

2024-07-17 23:30:21.530125 INFO: request:HTTP/1.1 200 OK
Content-Length:542
Connection:close


2024-07-17 23:30:21.530142 INFO: Thread 140246156437056 is running task

2024-07-17 23:30:21.530160 INFO: eventNum: 1
2024-07-17 23:30:21.530165 INFO: fd: 16, events: 4

2024-07-17 23:30:21.530217 INFO: Thread 140246114473536 is running task

2024-07-17 23:30:21.532063 INFO: eventNum: 1
2024-07-17 23:30:21.532080 INFO: fd: 13, events: 1

2024-07-17 23:30:21.532085 INFO: HandleListenEvent 13
2024-07-17 23:30:21.532101 INFO: HttpConn 17 init success
2024-07-17 23:30:21.532107 INFO: addTimer id:17 expireTime:1721230721
2024-07-17 23:30:21.532116 INFO: Client[17] in!
2024-07-17 23:30:21.532121 INFO: HandleListenEvent 13
2024-07-17 23:30:21.532129 ERROR: Accept failure -1
2024-07-17 23:30:21.533556 INFO: eventNum: 1
2024-07-17 23:30:21.533578 INFO: fd: 17, events: 1

2024-07-17 23:30:21.533601 INFO: HttpConn 17 read success
2024-07-17 23:30:21.533632 INFO: GET / HTTP/1.1
2024-07-17 23:30:21.533639 INFO: Host: 39.98.202.182:9006
2024-07-17 23:30:21.533644 INFO: User-Agent: Go-http-client/1.1
2024-07-17 23:30:21.533649 INFO: oop!unknow header: User-Agent: Go-http-client/1.1
2024-07-17 23:30:21.533653 INFO: X-Vegeta-Seq: 2412
2024-07-17 23:30:21.533658 INFO: oop!unknow header: X-Vegeta-Seq: 2412
2024-07-17 23:30:21.533662 INFO: Accept-Encoding: gzip
2024-07-17 23:30:21.533666 INFO: oop!unknow header: Accept-Encoding: gzip
2024-07-17 23:30:21.533670 INFO: 
2024-07-17 23:30:21.533693 INFO: request:HTTP/1.1 200 OK

2024-07-17 23:30:21.533698 INFO: request:HTTP/1.1 200 OK
Content-Length:542

2024-07-17 23:30:21.533702 INFO: request:HTTP/1.1 200 OK
Content-Length:542
Connection:close

2024-07-17 23:30:21.533707 INFO: request:HTTP/1.1 200 OK
Content-Length:542
Connection:close


2024-07-17 23:30:21.533723 INFO: eventNum: 1
2024-07-17 23:30:21.533725 INFO: Thread 140246148044352 is running task

2024-07-17 23:30:21.533736 INFO: fd: 17, events: 4

2024-07-17 23:30:21.533802 INFO: Thread 140246106080832 is running task

2024-07-17 23:30:21.534537 INFO: eventNum: 1
2024-07-17 23:30:21.534555 INFO: fd: 13, events: 1

2024-07-17 23:30:21.534560 INFO: HandleListenEvent 13
2024-07-17 23:30:21.534577 INFO: HttpConn 28 init success
2024-07-17 23:30:21.534582 INFO: addTimer id:28 expireTime:1721230721
2024-07-17 23:30:21.534591 INFO: Client[28] in!
2024-07-17 23:30:21.534596 INFO: HandleListenEvent 13
2024-07-17 23:30:21.534604 ERROR: Accept failure -1
2024-07-17 23:30:21.535221 INFO: eventNum: 1
2024-07-17 23:30:21.535237 INFO: fd: 28, events: 1

2024-07-17 23:30:21.535250 INFO: HttpConn 28 read success
2024-07-17 23:30:21.535260 INFO: GET / HTTP/1.1
2024-07-17 23:30:21.535267 INFO: Host: 39.98.202.182:9006
2024-07-17 23:30:21.535271 INFO: User-Agent: Go-http-client/1.1
2024-07-17 23:30:21.535275 INFO: oop!unknow header: User-Agent: Go-http-client/1.1
2024-07-17 23:30:21.535280 INFO: X-Vegeta-Seq: 2414
2024-07-17 23:30:21.535284 INFO: oop!unknow header: X-Vegeta-Seq: 2414
2024-07-17 23:30:21.535289 INFO: Accept-Encoding: gzip
2024-07-17 23:30:21.535293 INFO: oop!unknow header: Accept-Encoding: gzip
2024-07-17 23:30:21.535297 INFO: 
2024-07-17 23:30:21.535317 INFO: request:HTTP/1.1 200 OK

2024-07-17 23:30:21.535322 INFO: request:HTTP/1.1 200 OK
Content-Length:542

2024-07-17 23:30:21.535327 INFO: request:HTTP/1.1 200 OK
Content-Length:542
Connection:close

2024-07-17 23:30:21.535331 INFO: request:HTTP/1.1 200 OK
Content-Length:542
Connection:close


2024-07-17 23:30:21.535342 INFO: Thread 140246131258944 is running task

2024-07-17 23:30:21.535351 INFO: eventNum: 1
2024-07-17 23:30:21.535356 INFO: fd: 28, events: 4

2024-07-17 23:30:21.535389 INFO: Thread 140246122866240 is running task

2024-07-17 23:30:21.536195 INFO: eventNum: 1
2024-07-17 23:30:21.536208 INFO: fd: 26, events: 8193

2024-07-17 23:30:21.536224 INFO: HttpConn 26 close success
2024-07-17 23:30:21.536232 INFO: Client[26] quit!
2024-07-17 23:30:21.536324 INFO: eventNum: 1
2024-07-17 23:30:21.536340 INFO: fd: 18, events: 8193

2024-07-17 23:30:21.536358 INFO: HttpConn 18 close success
2024-07-17 23:30:21.536366 INFO: Client[18] quit!
2024-07-17 23:30:21.536446 INFO: eventNum: 1
2024-07-17 23:30:21.536458 INFO: fd: 30, events: 8193

2024-07-17 23:30:21.536478 INFO: HttpConn 30 close success
2024-07-17 23:30:21.536486 INFO: Client[30] quit!
2024-07-17 23:30:21.554109 INFO: eventNum: 1
2024-07-17 23:30:21.554170 INFO: fd: 13, events: 1

2024-07-17 23:30:21.554176 INFO: HandleListenEvent 13
2024-07-17 23:30:21.554203 INFO: HttpConn 18 init success
2024-07-17 23:30:21.554210 INFO: addTimer id:18 expireTime:1721230721
2024-07-17 23:30:21.554224 INFO: Client[18] in!
2024-07-17 23:30:21.554229 INFO: HandleListenEvent 13
2024-07-17 23:30:21.554239 ERROR: Accept failure -1
2024-07-17 23:30:21.554475 INFO: eventNum: 1
2024-07-17 23:30:21.554491 INFO: fd: 18, events: 1

2024-07-17 23:30:21.554523 INFO: HttpConn 18 read success
2024-07-17 23:30:21.554536 INFO: GET / HTTP/1.1
2024-07-17 23:30:21.554544 INFO: Host: 39.98.202.182:9006
2024-07-17 23:30:21.554548 INFO: User-Agent: Go-http-client/1.1
2024-07-17 23:30:21.554553 INFO: oop!unknow header: User-Agent: Go-http-client/1.1
2024-07-17 23:30:21.554557 INFO: X-Vegeta-Seq: 2417
2024-07-17 23:30:21.554561 INFO: oop!unknow header: X-Vegeta-Seq: 2417
2024-07-17 23:30:21.554566 INFO: Accept-Encoding: gzip
2024-07-17 23:30:21.554570 INFO: oop!unknow header: Accept-Encoding: gzip
2024-07-17 23:30:21.554574 INFO: 
2024-07-17 23:30:21.554601 INFO: request:HTTP/1.1 200 OK

2024-07-17 23:30:21.554606 INFO: request:HTTP/1.1 200 OK
Content-Length:542

2024-07-17 23:30:21.554610 INFO: request:HTTP/1.1 200 OK
Content-Length:542
Connection:close

2024-07-17 23:30:21.554615 INFO: request:HTTP/1.1 200 OK
Content-Length:542
Connection:close


2024-07-17 23:30:21.554629 INFO: Thread 140246097688128 is running task

2024-07-17 23:30:21.554640 INFO: eventNum: 1
2024-07-17 23:30:21.554644 INFO: fd: 18, events: 4

2024-07-17 23:30:21.554687 INFO: Thread 140246139651648 is running task

2024-07-17 23:30:21.564266 INFO: eventNum: 1
2024-07-17 23:30:21.564320 INFO: fd: 13, events: 1

2024-07-17 23:30:21.564331 INFO: HandleListenEvent 13
2024-07-17 23:30:21.564367 INFO: HttpConn 26 init success
2024-07-17 23:30:21.564378 INFO: addTimer id:26 expireTime:1721230721
2024-07-17 23:30:21.564397 INFO: Client[26] in!
2024-07-17 23:30:21.564408 INFO: HandleListenEvent 13
2024-07-17 23:30:21.564427 ERROR: Accept failure -1
2024-07-17 23:30:21.565225 INFO: eventNum: 1
2024-07-17 23:30:21.565250 INFO: fd: 13, events: 1

2024-07-17 23:30:21.565256 INFO: HandleListenEvent 13
2024-07-17 23:30:21.565273 INFO: HttpConn 29 init success
2024-07-17 23:30:21.565279 INFO: addTimer id:29 expireTime:1721230721
2024-07-17 23:30:21.565290 INFO: Client[29] in!
2024-07-17 23:30:21.565295 INFO: HandleListenEvent 13
2024-07-17 23:30:21.565304 ERROR: Accept failure -1
2024-07-17 23:30:21.565611 INFO: eventNum: 1
2024-07-17 23:30:21.565644 INFO: fd: 16, events: 8193

2024-07-17 23:30:21.565672 INFO: HttpConn 16 close success
2024-07-17 23:30:21.565678 INFO: Client[16] quit!
2024-07-17 23:30:21.566019 INFO: eventNum: 1
2024-07-17 23:30:21.566041 INFO: fd: 29, events: 1

2024-07-17 23:30:21.566057 INFO: HttpConn 29 read success
2024-07-17 23:30:21.566071 INFO: GET / HTTP/1.1
2024-07-17 23:30:21.566080 INFO: Host: 39.98.202.182:9006
2024-07-17 23:30:21.566085 INFO: User-Agent: Go-http-client/1.1
2024-07-17 23:30:21.566089 INFO: oop!unknow header: User-Agent: Go-http-client/1.1
2024-07-17 23:30:21.566097 INFO: X-Vegeta-Seq: 2423
2024-07-17 23:30:21.566101 INFO: oop!unknow header: X-Vegeta-Seq: 2423
2024-07-17 23:30:21.566106 INFO: Accept-Encoding: gzip
2024-07-17 23:30:21.566110 INFO: oop!unknow header: Accept-Encoding: gzip
2024-07-17 23:30:21.566127 INFO: 
2024-07-17 23:30:21.566072 INFO: eventNum: 1
2024-07-17 23:30:21.566161 INFO: fd: 13, events: 1

2024-07-17 23:30:21.566171 INFO: HandleListenEvent 13
2024-07-17 23:30:21.566152 INFO: request:HTTP/1.1 200 OK

2024-07-17 23:30:21.566186 INFO: request:HTTP/1.1 200 OK
Content-Length:542

2024-07-17 23:30:21.566192 INFO: request:HTTP/1.1 200 OK
Content-Length:542
Connection:close

2024-07-17 23:30:21.566196 INFO: request:HTTP/1.1 200 OK
Content-Length:542
Connection:close


2024-07-17 23:30:21.566223 INFO: Thread 140246156437056 is running task

2024-07-17 23:30:21.566198 INFO: HttpConn 16 init success
2024-07-17 23:30:21.566242 INFO: addTimer id:16 expireTime:1721230721
2024-07-17 23:30:21.566253 INFO: Client[16] in!
2024-07-17 23:30:21.566257 INFO: HandleListenEvent 13
2024-07-17 23:30:21.566267 ERROR: Accept failure -1
2024-07-17 23:30:21.566274 INFO: eventNum: 3
2024-07-17 23:30:21.566278 INFO: fd: 26, events: 1

2024-07-17 23:30:21.566289 INFO: fd: 17, events: 8193

2024-07-17 23:30:21.566295 INFO: HttpConn 26 read success
2024-07-17 23:30:21.566307 INFO: HttpConn 17 close success
2024-07-17 23:30:21.566319 INFO: Client[17] quit!
2024-07-17 23:30:21.566311 INFO: GET / HTTP/1.1
2024-07-17 23:30:21.566337 INFO: Host: 39.98.202.182:9006
2024-07-17 23:30:21.566343 INFO: User-Agent: Go-http-client/1.1
2024-07-17 23:30:21.566347 INFO: oop!unknow header: User-Agent: Go-http-client/1.1
2024-07-17 23:30:21.566352 INFO: X-Vegeta-Seq: 2421
2024-07-17 23:30:21.566356 INFO: oop!unknow header: X-Vegeta-Seq: 2421
2024-07-17 23:30:21.566361 INFO: Accept-Encoding: gzip
2024-07-17 23:30:21.566365 INFO: oop!unknow header: Accept-Encoding: gzip
2024-07-17 23:30:21.566369 INFO: 
2024-07-17 23:30:21.566390 INFO: request:HTTP/1.1 200 OK

2024-07-17 23:30:21.566395 INFO: request:HTTP/1.1 200 OK
Content-Length:542

2024-07-17 23:30:21.566400 INFO: request:HTTP/1.1 200 OK
Content-Length:542
Connection:close

2024-07-17 23:30:21.566404 INFO: request:HTTP/1.1 200 OK
Content-Length:542
Connection:close


2024-07-17 23:30:21.566418 INFO: Thread 140246114473536 is running task

2024-07-17 23:30:21.566327 INFO: fd: 29, events: 4

2024-07-17 23:30:21.566470 INFO: Thread 140246148044352 is running task

2024-07-17 23:30:21.566482 INFO: eventNum: 1
2024-07-17 23:30:21.566487 INFO: fd: 26, events: 4

2024-07-17 23:30:21.566537 INFO: Thread 140246106080832 is running task

2024-07-17 23:30:21.566752 INFO: eventNum: 1
2024-07-17 23:30:21.566772 INFO: fd: 16, events: 1

2024-07-17 23:30:21.566797 INFO: HttpConn 16 read success
2024-07-17 23:30:21.566814 INFO: GET / HTTP/1.1
2024-07-17 23:30:21.566820 INFO: Host: 39.98.202.182:9006
2024-07-17 23:30:21.566825 INFO: User-Agent: Go-http-client/1.1
2024-07-17 23:30:21.566829 INFO: oop!unknow header: User-Agent: Go-http-client/1.1
2024-07-17 23:30:21.566834 INFO: X-Vegeta-Seq: 2422
2024-07-17 23:30:21.566838 INFO: oop!unknow header: X-Vegeta-Seq: 2422
2024-07-17 23:30:21.566842 INFO: Accept-Encoding: gzip
2024-07-17 23:30:21.566846 INFO: oop!unknow header: Accept-Encoding: gzip
2024-07-17 23:30:21.566850 INFO: 
2024-07-17 23:30:21.566867 INFO: request:HTTP/1.1 200 OK

2024-07-17 23:30:21.566871 INFO: request:HTTP/1.1 200 OK
Content-Length:542

2024-07-17 23:30:21.566876 INFO: request:HTTP/1.1 200 OK
Content-Length:542
Connection:close

2024-07-17 23:30:21.566880 INFO: request:HTTP/1.1 200 OK
Content-Length:542
Connection:close


2024-07-17 23:30:21.566897 INFO: Thread 140246131258944 is running task

2024-07-17 23:30:21.566911 INFO: eventNum: 1
2024-07-17 23:30:21.566928 INFO: fd: 16, events: 4

2024-07-17 23:30:21.567024 INFO: Thread 140246122866240 is running task

2024-07-17 23:30:21.568236 INFO: eventNum: 1
2024-07-17 23:30:21.568262 INFO: fd: 13, events: 1

2024-07-17 23:30:21.568268 INFO: HandleListenEvent 13
2024-07-17 23:30:21.568285 INFO: HttpConn 17 init success
2024-07-17 23:30:21.568294 INFO: addTimer id:17 expireTime:1721230721
2024-07-17 23:30:21.568309 INFO: Client[17] in!
2024-07-17 23:30:21.568316 INFO: HandleListenEvent 13
2024-07-17 23:30:21.568329 ERROR: Accept failure -1
2024-07-17 23:30:21.568596 INFO: eventNum: 1
2024-07-17 23:30:21.568633 INFO: fd: 13, events: 1

2024-07-17 23:30:21.568643 INFO: HandleListenEvent 13
2024-07-17 23:30:21.568657 INFO: HttpConn 30 init success
2024-07-17 23:30:21.568664 INFO: addTimer id:30 expireTime:1721230721
2024-07-17 23:30:21.568674 INFO: Client[30] in!
2024-07-17 23:30:21.568679 INFO: HandleListenEvent 13
2024-07-17 23:30:21.568690 INFO: HttpConn 31 init success
2024-07-17 23:30:21.568696 INFO: addTimer id:31 expireTime:1721230721
2024-07-17 23:30:21.568713 INFO: Client[31] in!
2024-07-17 23:30:21.568721 INFO: HandleListenEvent 13
2024-07-17 23:30:21.568734 ERROR: Accept failure -1
2024-07-17 23:30:21.568741 INFO: eventNum: 1
2024-07-17 23:30:21.568745 INFO: fd: 28, events: 8193

2024-07-17 23:30:21.568764 INFO: HttpConn 28 close success
2024-07-17 23:30:21.568773 INFO: Client[28] quit!
2024-07-17 23:30:21.569007 INFO: eventNum: 1
2024-07-17 23:30:21.569023 INFO: fd: 17, events: 1

2024-07-17 23:30:21.569045 INFO: HttpConn 17 read success
2024-07-17 23:30:21.569064 INFO: GET / HTTP/1.1
2024-07-17 23:30:21.569070 INFO: Host: 39.98.202.182:9006
2024-07-17 23:30:21.569075 INFO: User-Agent: Go-http-client/1.1
2024-07-17 23:30:21.569079 INFO: oop!unknow header: User-Agent: Go-http-client/1.1
2024-07-17 23:30:21.569084 INFO: X-Vegeta-Seq: 2426
2024-07-17 23:30:21.569088 INFO: oop!unknow header: X-Vegeta-Seq: 2426
2024-07-17 23:30:21.569092 INFO: Accept-Encoding: gzip
2024-07-17 23:30:21.569096 INFO: oop!unknow header: Accept-Encoding: gzip
2024-07-17 23:30:21.569100 INFO: 
2024-07-17 23:30:21.569118 INFO: request:HTTP/1.1 200 OK

2024-07-17 23:30:21.569122 INFO: request:HTTP/1.1 200 OK
Content-Length:542

2024-07-17 23:30:21.569127 INFO: request:HTTP/1.1 200 OK
Content-Length:542
Connection:close

2024-07-17 23:30:21.569131 INFO: request:HTTP/1.1 200 OK
Content-Length:542
Connection:close


2024-07-17 23:30:21.569148 INFO: Thread 140246097688128 is running task

2024-07-17 23:30:21.569165 INFO: eventNum: 1
2024-07-17 23:30:21.569190 INFO: fd: 17, events: 4

2024-07-17 23:30:21.569236 INFO: Thread 140246139651648 is running task

2024-07-17 23:30:21.569387 INFO: eventNum: 1
2024-07-17 23:30:21.569410 INFO: fd: 30, events: 1

2024-07-17 23:30:21.569433 INFO: eventNum: 1
2024-07-17 23:30:21.569436 INFO: HttpConn 30 read success
2024-07-17 23:30:21.569455 INFO: fd: 31, events: 1

2024-07-17 23:30:21.569460 INFO: GET / HTTP/1.1
2024-07-17 23:30:21.569474 INFO: Host: 39.98.202.182:9006
2024-07-17 23:30:21.569479 INFO: User-Agent: Go-http-client/1.1
2024-07-17 23:30:21.569480 INFO: HttpConn 31 read success
2024-07-17 23:30:21.569515 INFO: GET / HTTP/1.1
2024-07-17 23:30:21.569522 INFO: Host: 39.98.202.182:9006
2024-07-17 23:30:21.569527 INFO: User-Agent: Go-http-client/1.1
2024-07-17 23:30:21.569531 INFO: oop!unknow header: User-Agent: Go-http-client/1.1
2024-07-17 23:30:21.569535 INFO: X-Vegeta-Seq: 2424
2024-07-17 23:30:21.569540 INFO: oop!unknow header: X-Vegeta-Seq: 2424
2024-07-17 23:30:21.569544 INFO: Accept-Encoding: gzip
2024-07-17 23:30:21.569548 INFO: oop!unknow header: Accept-Encoding: gzip
2024-07-17 23:30:21.569553 INFO: 
2024-07-17 23:30:21.569571 INFO: request:HTTP/1.1 200 OK

2024-07-17 23:30:21.569579 INFO: request:HTTP/1.1 200 OK
Content-Length:542

2024-07-17 23:30:21.569585 INFO: request:HTTP/1.1 200 OK
Content-Length:542
Connection:close

2024-07-17 23:30:21.569592 INFO: request:HTTP/1.1 200 OK
Content-Length:542
Connection:close


2024-07-17 23:30:21.569610 INFO: Thread 140246114473536 is running task

2024-07-17 23:30:21.569490 INFO: oop!unknow header: User-Agent: Go-http-client/1.1
2024-07-17 23:30:21.569640 INFO: X-Vegeta-Seq: 2425
2024-07-17 23:30:21.569655 INFO: oop!unknow header: X-Vegeta-Seq: 2425
2024-07-17 23:30:21.569664 INFO: Accept-Encoding: gzip
2024-07-17 23:30:21.569670 INFO: oop!unknow header: Accept-Encoding: gzip
2024-07-17 23:30:21.569676 INFO: 
2024-07-17 23:30:21.569697 INFO: request:HTTP/1.1 200 OK

2024-07-17 23:30:21.569704 INFO: request:HTTP/1.1 200 OK
Content-Length:542

2024-07-17 23:30:21.569708 INFO: request:HTTP/1.1 200 OK
Content-Length:542
Connection:close

2024-07-17 23:30:21.569713 INFO: request:HTTP/1.1 200 OK
Content-Length:542
Connection:close


2024-07-17 23:30:21.569721 INFO: Thread 140246156437056 is running task

2024-07-17 23:30:21.569485 INFO: eventNum: 1
2024-07-17 23:30:21.569733 INFO: fd: 18, events: 8193

2024-07-17 23:30:21.569753 INFO: HttpConn 18 close success
2024-07-17 23:30:21.569758 INFO: Client[18] quit!
2024-07-17 23:30:21.569764 INFO: eventNum: 2
2024-07-17 23:30:21.569775 INFO: fd: 31, events: 4

2024-07-17 23:30:21.569809 INFO: Thread 140246148044352 is running task

2024-07-17 23:30:21.569820 INFO: fd: 30, events: 4

2024-07-17 23:30:21.569844 INFO: Thread 140246106080832 is running task

2024-07-17 23:30:21.573209 INFO: eventNum: 1
2024-07-17 23:30:21.573247 INFO: fd: 13, events: 1

2024-07-17 23:30:21.573261 INFO: HandleListenEvent 13
2024-07-17 23:30:21.573294 INFO: HttpConn 18 init success
2024-07-17 23:30:21.573306 INFO: addTimer id:18 expireTime:1721230721
2024-07-17 23:30:21.573318 INFO: Client[18] in!
2024-07-17 23:30:21.573324 INFO: HandleListenEvent 13
2024-07-17 23:30:21.573343 ERROR: Accept failure -1
2024-07-17 23:30:21.574326 INFO: eventNum: 1
2024-07-17 23:30:21.574369 INFO: fd: 18, events: 1

2024-07-17 23:30:21.574398 INFO: HttpConn 18 read success
2024-07-17 23:30:21.574428 INFO: GET / HTTP/1.1
2024-07-17 23:30:21.574438 INFO: Host: 39.98.202.182:9006
2024-07-17 23:30:21.574445 INFO: User-Agent: Go-http-client/1.1
2024-07-17 23:30:21.574449 INFO: oop!unknow header: User-Agent: Go-http-client/1.1
2024-07-17 23:30:21.574454 INFO: X-Vegeta-Seq: 2427
2024-07-17 23:30:21.574458 INFO: oop!unknow header: X-Vegeta-Seq: 2427
2024-07-17 23:30:21.574462 INFO: Accept-Encoding: gzip
2024-07-17 23:30:21.574467 INFO: oop!unknow header: Accept-Encoding: gzip
2024-07-17 23:30:21.574471 INFO: 
2024-07-17 23:30:21.574491 INFO: request:HTTP/1.1 200 OK

2024-07-17 23:30:21.574496 INFO: request:HTTP/1.1 200 OK
Content-Length:542

2024-07-17 23:30:21.574527 INFO: request:HTTP/1.1 200 OK
Content-Length:542
Connection:close

2024-07-17 23:30:21.574531 INFO: request:HTTP/1.1 200 OK
Content-Length:542
Connection:close


2024-07-17 23:30:21.574549 INFO: Thread 140246131258944 is running task

2024-07-17 23:30:21.574551 INFO: eventNum: 1
2024-07-17 23:30:21.574561 INFO: fd: 18, events: 4

2024-07-17 23:30:21.574607 INFO: Thread 140246122866240 is running task

2024-07-17 23:30:21.574767 INFO: eventNum: 1
2024-07-17 23:30:21.574788 INFO: fd: 13, events: 1

2024-07-17 23:30:21.574793 INFO: HandleListenEvent 13
2024-07-17 23:30:21.574810 INFO: HttpConn 28 init success
2024-07-17 23:30:21.574816 INFO: addTimer id:28 expireTime:1721230721
2024-07-17 23:30:21.574827 INFO: Client[28] in!
2024-07-17 23:30:21.574832 INFO: HandleListenEvent 13
2024-07-17 23:30:21.574841 ERROR: Accept failure -1
2024-07-17 23:30:21.574847 INFO: eventNum: 1
2024-07-17 23:30:21.574852 INFO: fd: 28, events: 1

2024-07-17 23:30:21.574867 INFO: HttpConn 28 read success
2024-07-17 23:30:21.574880 INFO: GET / HTTP/1.1
2024-07-17 23:30:21.574886 INFO: Host: 39.98.202.182:9006
2024-07-17 23:30:21.574891 INFO: User-Agent: Go-http-client/1.1
2024-07-17 23:30:21.574895 INFO: oop!unknow header: User-Agent: Go-http-client/1.1
2024-07-17 23:30:21.574899 INFO: X-Vegeta-Seq: 2428
2024-07-17 23:30:21.574904 INFO: oop!unknow header: X-Vegeta-Seq: 2428
2024-07-17 23:30:21.574908 INFO: Accept-Encoding: gzip
2024-07-17 23:30:21.574912 INFO: oop!unknow header: Accept-Encoding: gzip
2024-07-17 23:30:21.574916 INFO: 
2024-07-17 23:30:21.574930 INFO: request:HTTP/1.1 200 OK

2024-07-17 23:30:21.574935 INFO: request:HTTP/1.1 200 OK
Content-Length:542

2024-07-17 23:30:21.574939 INFO: request:HTTP/1.1 200 OK
Content-Length:542
Connection:close

2024-07-17 23:30:21.574943 INFO: request:HTTP/1.1 200 OK
Content-Length:542
Connection:close


2024-07-17 23:30:21.574956 INFO: Thread 140246097688128 is running task

2024-07-17 23:30:21.574961 INFO: eventNum: 1
2024-07-17 23:30:21.575027 INFO: fd: 28, events: 4

2024-07-17 23:30:21.575065 INFO: Thread 140246139651648 is running task

2024-07-17 23:30:21.583647 INFO: eventNum: 1
2024-07-17 23:30:21.583692 INFO: fd: 29, events: 8193

2024-07-17 23:30:21.583723 INFO: HttpConn 29 close success
2024-07-17 23:30:21.583733 INFO: Client[29] quit!
2024-07-17 23:30:21.583739 INFO: eventNum: 1
2024-07-17 23:30:21.583743 INFO: fd: 26, events: 8193

2024-07-17 23:30:21.583755 INFO: HttpConn 26 close success
2024-07-17 23:30:21.583762 INFO: Client[26] quit!
2024-07-17 23:30:21.583828 INFO: eventNum: 1
2024-07-17 23:30:21.583835 INFO: fd: 13, events: 1

2024-07-17 23:30:21.583839 INFO: HandleListenEvent 13
2024-07-17 23:30:21.583864 INFO: HttpConn 26 init success
2024-07-17 23:30:21.583871 INFO: addTimer id:26 expireTime:1721230721
2024-07-17 23:30:21.583883 INFO: Client[26] in!
2024-07-17 23:30:21.583887 INFO: HandleListenEvent 13
2024-07-17 23:30:21.583895 ERROR: Accept failure -1
2024-07-17 23:30:21.584034 INFO: eventNum: 1
2024-07-17 23:30:21.584046 INFO: fd: 13, events: 1

2024-07-17 23:30:21.584050 INFO: HandleListenEvent 13
2024-07-17 23:30:21.584061 INFO: HttpConn 29 init success
2024-07-17 23:30:21.584066 INFO: addTimer id:29 expireTime:1721230721
2024-07-17 23:30:21.584075 INFO: Client[29] in!
2024-07-17 23:30:21.584079 INFO: HandleListenEvent 13
2024-07-17 23:30:21.584087 ERROR: Accept failure -1
2024-07-17 23:30:21.584572 INFO: eventNum: 1
2024-07-17 23:30:21.584598 INFO: fd: 26, events: 1

2024-07-17 23:30:21.584627 INFO: HttpConn 26 read success
2024-07-17 23:30:21.584656 INFO: GET / HTTP/1.1
2024-07-17 23:30:21.584663 INFO: Host: 39.98.202.182:9006
2024-07-17 23:30:21.584668 INFO: User-Agent: Go-http-client/1.1
2024-07-17 23:30:21.584673 INFO: oop!unknow header: User-Agent: Go-http-client/1.1
2024-07-17 23:30:21.584694 INFO: X-Vegeta-Seq: 2438
2024-07-17 23:30:21.584699 INFO: oop!unknow header: X-Vegeta-Seq: 2438
2024-07-17 23:30:21.584704 INFO: Accept-Encoding: gzip
2024-07-17 23:30:21.584708 INFO: oop!unknow header: Accept-Encoding: gzip
2024-07-17 23:30:21.584712 INFO: 
2024-07-17 23:30:21.584735 INFO: request:HTTP/1.1 200 OK

2024-07-17 23:30:21.584741 INFO: request:HTTP/1.1 200 OK
Content-Length:542

2024-07-17 23:30:21.584746 INFO: request:HTTP/1.1 200 OK
Content-Length:542
Connection:close

2024-07-17 23:30:21.584749 INFO: eventNum: 1
2024-07-17 23:30:21.584761 INFO: fd: 13, events: 1

2024-07-17 23:30:21.584750 INFO: request:HTTP/1.1 200 OK
Content-Length:542
Connection:close


2024-07-17 23:30:21.584766 INFO: HandleListenEvent 13
2024-07-17 23:30:21.584785 INFO: Thread 140246114473536 is running task

2024-07-17 23:30:21.584802 INFO: HttpConn 32 init success
2024-07-17 23:30:21.584810 INFO: addTimer id:32 expireTime:1721230721
2024-07-17 23:30:21.584820 INFO: Client[32] in!
2024-07-17 23:30:21.584824 INFO: HandleListenEvent 13
2024-07-17 23:30:21.584833 ERROR: Accept failure -1
2024-07-17 23:30:21.584838 INFO: eventNum: 1
2024-07-17 23:30:21.584843 INFO: fd: 26, events: 4

2024-07-17 23:30:21.584883 INFO: Thread 140246156437056 is running task

2024-07-17 23:30:21.585457 INFO: eventNum: 1
2024-07-17 23:30:21.585481 INFO: fd: 32, events: 1

2024-07-17 23:30:21.585533 INFO: HttpConn 32 read success
2024-07-17 23:30:21.585545 INFO: GET / HTTP/1.1
2024-07-17 23:30:21.585555 INFO: Host: 39.98.202.182:9006
2024-07-17 23:30:21.585559 INFO: User-Agent: Go-http-client/1.1
2024-07-17 23:30:21.585564 INFO: oop!unknow header: User-Agent: Go-http-client/1.1
2024-07-17 23:30:21.585569 INFO: X-Vegeta-Seq: 2439
2024-07-17 23:30:21.585573 INFO: oop!unknow header: X-Vegeta-Seq: 2439
2024-07-17 23:30:21.585577 INFO: Accept-Encoding: gzip
2024-07-17 23:30:21.585581 INFO: oop!unknow header: Accept-Encoding: gzip
2024-07-17 23:30:21.585586 INFO: 
2024-07-17 23:30:21.585604 INFO: request:HTTP/1.1 200 OK

2024-07-17 23:30:21.585609 INFO: request:HTTP/1.1 200 OK
Content-Length:542

2024-07-17 23:30:21.585614 INFO: request:HTTP/1.1 200 OK
Content-Length:542
Connection:close

2024-07-17 23:30:21.585619 INFO: request:HTTP/1.1 200 OK
Content-Length:542
Connection:close


2024-07-17 23:30:21.585631 INFO: Thread 140246148044352 is running task

2024-07-17 23:30:21.585642 INFO: eventNum: 3
2024-07-17 23:30:21.585647 INFO: fd: 29, events: 1

2024-07-17 23:30:21.585658 INFO: fd: 16, events: 8193

2024-07-17 23:30:21.585668 INFO: HttpConn 29 read success
2024-07-17 23:30:21.585698 INFO: GET / HTTP/1.1
2024-07-17 23:30:21.585707 INFO: Host: 39.98.202.182:9006
2024-07-17 23:30:21.585713 INFO: User-Agent: Go-http-client/1.1
2024-07-17 23:30:21.585719 INFO: oop!unknow header: User-Agent: Go-http-client/1.1
2024-07-17 23:30:21.585736 INFO: X-Vegeta-Seq: 2437
2024-07-17 23:30:21.585742 INFO: oop!unknow header: X-Vegeta-Seq: 2437
2024-07-17 23:30:21.585749 INFO: Accept-Encoding: gzip
2024-07-17 23:30:21.585756 INFO: oop!unknow header: Accept-Encoding: gzip
2024-07-17 23:30:21.585762 INFO: 
2024-07-17 23:30:21.585784 INFO: request:HTTP/1.1 200 OK

2024-07-17 23:30:21.585790 INFO: request:HTTP/1.1 200 OK
Content-Length:542

2024-07-17 23:30:21.585795 INFO: request:HTTP/1.1 200 OK
Content-Length:542
Connection:close

2024-07-17 23:30:21.585799 INFO: request:HTTP/1.1 200 OK
Content-Length:542
Connection:close


2024-07-17 23:30:21.585811 INFO: Thread 140246106080832 is running task

2024-07-17 23:30:21.585677 INFO: HttpConn 16 close success
2024-07-17 23:30:21.585834 INFO: Client[16] quit!
2024-07-17 23:30:21.585839 INFO: fd: 32, events: 4

2024-07-17 23:30:21.585854 INFO: eventNum: 1
2024-07-17 23:30:21.585860 INFO: fd: 29, events: 4

2024-07-17 23:30:21.585883 INFO: Thread 140246131258944 is running task

2024-07-17 23:30:21.585915 INFO: Thread 140246131258944 is running task

2024-07-17 23:30:21.586554 INFO: eventNum: 1
2024-07-17 23:30:21.586580 INFO: fd: 13, events: 1

2024-07-17 23:30:21.586586 INFO: HandleListenEvent 13
2024-07-17 23:30:21.586603 INFO: HttpConn 16 init success
2024-07-17 23:30:21.586609 INFO: addTimer id:16 expireTime:1721230721
2024-07-17 23:30:21.586620 INFO: Client[16] in!
2024-07-17 23:30:21.586624 INFO: HandleListenEvent 13
2024-07-17 23:30:21.586633 ERROR: Accept failure -1
2024-07-17 23:30:21.589223 INFO: eventNum: 1
2024-07-17 23:30:21.589285 INFO: fd: 16, events: 1

2024-07-17 23:30:21.589307 INFO: eventNum: 1
2024-07-17 23:30:21.589313 INFO: fd: 17, events: 8193

2024-07-17 23:30:21.589333 INFO: HttpConn 17 close success
2024-07-17 23:30:21.589340 INFO: Client[17] quit!
2024-07-17 23:30:21.589342 INFO: HttpConn 16 read success
2024-07-17 23:30:21.589370 INFO: GET / HTTP/1.1
2024-07-17 23:30:21.589377 INFO: Host: 39.98.202.182:9006
2024-07-17 23:30:21.589381 INFO: User-Agent: Go-http-client/1.1
2024-07-17 23:30:21.589386 INFO: oop!unknow header: User-Agent: Go-http-client/1.1
2024-07-17 23:30:21.589390 INFO: X-Vegeta-Seq: 2436
2024-07-17 23:30:21.589394 INFO: oop!unknow header: X-Vegeta-Seq: 2436
2024-07-17 23:30:21.589399 INFO: Accept-Encoding: gzip
2024-07-17 23:30:21.589403 INFO: oop!unknow header: Accept-Encoding: gzip
2024-07-17 23:30:21.589407 INFO: 
2024-07-17 23:30:21.589427 INFO: request:HTTP/1.1 200 OK

2024-07-17 23:30:21.589431 INFO: request:HTTP/1.1 200 OK
Content-Length:542

2024-07-17 23:30:21.589436 INFO: request:HTTP/1.1 200 OK
Content-Length:542
Connection:close

2024-07-17 23:30:21.589440 INFO: request:HTTP/1.1 200 OK
Content-Length:542
Connection:close


2024-07-17 23:30:21.589455 INFO: Thread 140246097688128 is running task

2024-07-17 23:30:21.589471 INFO: eventNum: 1
2024-07-17 23:30:21.589477 INFO: fd: 16, events: 4

2024-07-17 23:30:21.589547 INFO: Thread 140246139651648 is running task

2024-07-17 23:30:21.589983 INFO: eventNum: 1
