2024-07-17 23:30:23.470716 INFO: Thread 140246156437056 is running task

2024-07-17 23:30:23.470729 INFO: HttpConn 30 close success
2024-07-17 23:30:23.470803 INFO: Client[30] quit!
2024-07-17 23:30:23.470810 INFO: eventNum: 2
2024-07-17 23:30:23.470814 INFO: fd: 16, events: 8193

2024-07-17 23:30:23.470827 INFO: HttpConn 16 close success
2024-07-17 23:30:23.470834 INFO: Client[16] quit!
2024-07-17 23:30:23.470838 INFO: fd: 29, events: 4

2024-07-17 23:30:23.470869 INFO: Thread 140246097688128 is running task

2024-07-17 23:30:23.471254 INFO: eventNum: 1
2024-07-17 23:30:23.471265 INFO: fd: 31, events: 8193

2024-07-17 23:30:23.471277 INFO: HttpConn 31 close success
2024-07-17 23:30:23.471285 INFO: Client[31] quit!
2024-07-17 23:30:23.471856 INFO: eventNum: 1
2024-07-17 23:30:23.471871 INFO: fd: 33, events: 8193

2024-07-17 23:30:23.471886 INFO: HttpConn 33 close success
2024-07-17 23:30:23.471893 INFO: Client[33] quit!
2024-07-17 23:30:23.472145 INFO: eventNum: 1
2024-07-17 23:30:23.472156 INFO: fd: 32, events: 8193

2024-07-17 23:30:23.472169 INFO: HttpConn 32 close success
2024-07-17 23:30:23.472177 INFO: Client[32] quit!
2024-07-17 23:30:23.481946 INFO: eventNum: 1
2024-07-17 23:30:23.481991 INFO: fd: 13, events: 1

2024-07-17 23:30:23.481997 INFO: HandleListenEvent 13
2024-07-17 23:30:23.482016 INFO: HttpConn 16 init success
2024-07-17 23:30:23.482023 INFO: addTimer id:16 expireTime:1721230723
2024-07-17 23:30:23.482035 INFO: Client[16] in!
2024-07-17 23:30:23.482039 INFO: HandleListenEvent 13
2024-07-17 23:30:23.482056 INFO: HttpConn 17 init success
2024-07-17 23:30:23.482061 INFO: addTimer id:17 expireTime:1721230723
2024-07-17 23:30:23.482072 INFO: Client[17] in!
2024-07-17 23:30:23.482076 INFO: HandleListenEvent 13
2024-07-17 23:30:23.482090 ERROR: Accept failure -1
2024-07-17 23:30:23.482834 INFO: eventNum: 1
2024-07-17 23:30:23.482849 INFO: fd: 13, events: 1

2024-07-17 23:30:23.482855 INFO: HandleListenEvent 13
2024-07-17 23:30:23.482869 INFO: HttpConn 18 init success
2024-07-17 23:30:23.482874 INFO: addTimer id:18 expireTime:1721230723
2024-07-17 23:30:23.482883 INFO: Client[18] in!
2024-07-17 23:30:23.482888 INFO: HandleListenEvent 13
2024-07-17 23:30:23.482896 ERROR: Accept failure -1
2024-07-17 23:30:23.482969 INFO: eventNum: 1
2024-07-17 23:30:23.482980 INFO: fd: 13, events: 1

2024-07-17 23:30:23.482984 INFO: HandleListenEvent 13
2024-07-17 23:30:23.483000 INFO: HttpConn 30 init success
2024-07-17 23:30:23.483006 INFO: addTimer id:30 expireTime:1721230723
2024-07-17 23:30:23.483014 INFO: Client[30] in!
2024-07-17 23:30:23.483019 INFO: HandleListenEvent 13
2024-07-17 23:30:23.483026 ERROR: Accept failure -1
2024-07-17 23:30:23.483035 INFO: eventNum: 1
2024-07-17 23:30:23.483039 INFO: fd: 16, events: 1

2024-07-17 23:30:23.483054 INFO: HttpConn 16 read success
2024-07-17 23:30:23.483066 INFO: GET / HTTP/1.1
2024-07-17 23:30:23.483072 INFO: Host: 39.98.202.182:9006
2024-07-17 23:30:23.483077 INFO: User-Agent: Go-http-client/1.1
2024-07-17 23:30:23.483082 INFO: oop!unknow header: User-Agent: Go-http-client/1.1
2024-07-17 23:30:23.483086 INFO: X-Vegeta-Seq: 3386
2024-07-17 23:30:23.483091 INFO: oop!unknow header: X-Vegeta-Seq: 3386
2024-07-17 23:30:23.483095 INFO: Accept-Encoding: gzip
2024-07-17 23:30:23.483100 INFO: oop!unknow header: Accept-Encoding: gzip
2024-07-17 23:30:23.483104 INFO: 
2024-07-17 23:30:23.483126 INFO: request:HTTP/1.1 200 OK

2024-07-17 23:30:23.483131 INFO: request:HTTP/1.1 200 OK
Content-Length:542

2024-07-17 23:30:23.483135 INFO: request:HTTP/1.1 200 OK
Content-Length:542
Connection:close

2024-07-17 23:30:23.483140 INFO: request:HTTP/1.1 200 OK
Content-Length:542
Connection:close


2024-07-17 23:30:23.483157 INFO: Thread 140246106080832 is running task

2024-07-17 23:30:23.483174 INFO: eventNum: 2
2024-07-17 23:30:23.483180 INFO: fd: 16, events: 4

2024-07-17 23:30:23.483229 INFO: Thread 140246139651648 is running task

2024-07-17 23:30:23.483233 INFO: fd: 18, events: 1

2024-07-17 23:30:23.483276 INFO: HttpConn 18 read success
2024-07-17 23:30:23.483287 INFO: GET / HTTP/1.1
2024-07-17 23:30:23.483301 INFO: Host: 39.98.202.182:9006
2024-07-17 23:30:23.483306 INFO: User-Agent: Go-http-client/1.1
2024-07-17 23:30:23.483310 INFO: oop!unknow header: User-Agent: Go-http-client/1.1
2024-07-17 23:30:23.483315 INFO: X-Vegeta-Seq: 3388
2024-07-17 23:30:23.483319 INFO: oop!unknow header: X-Vegeta-Seq: 3388
2024-07-17 23:30:23.483324 INFO: Accept-Encoding: gzip
2024-07-17 23:30:23.483328 INFO: oop!unknow header: Accept-Encoding: gzip
2024-07-17 23:30:23.483332 INFO: 
2024-07-17 23:30:23.483348 INFO: request:HTTP/1.1 200 OK

2024-07-17 23:30:23.483353 INFO: request:HTTP/1.1 200 OK
Content-Length:542

2024-07-17 23:30:23.483357 INFO: request:HTTP/1.1 200 OK
Content-Length:542
Connection:close

2024-07-17 23:30:23.483362 INFO: request:HTTP/1.1 200 OK
Content-Length:542
Connection:close


2024-07-17 23:30:23.483371 INFO: Thread 140246122866240 is running task

2024-07-17 23:30:23.483385 INFO: eventNum: 2
2024-07-17 23:30:23.483391 INFO: fd: 18, events: 4

2024-07-17 23:30:23.483430 INFO: Thread 140246114473536 is running task

2024-07-17 23:30:23.483444 INFO: fd: 13, events: 1

2024-07-17 23:30:23.483449 INFO: HandleListenEvent 13
2024-07-17 23:30:23.483462 INFO: HttpConn 31 init success
2024-07-17 23:30:23.483469 INFO: addTimer id:31 expireTime:1721230723
2024-07-17 23:30:23.483478 INFO: Client[31] in!
2024-07-17 23:30:23.483482 INFO: HandleListenEvent 13
2024-07-17 23:30:23.483491 ERROR: Accept failure -1
2024-07-17 23:30:23.483525 INFO: eventNum: 1
2024-07-17 23:30:23.483530 INFO: fd: 17, events: 1

2024-07-17 23:30:23.483549 INFO: HttpConn 17 read success
2024-07-17 23:30:23.483572 INFO: GET / HTTP/1.1
2024-07-17 23:30:23.483579 INFO: Host: 39.98.202.182:9006
2024-07-17 23:30:23.483584 INFO: User-Agent: Go-http-client/1.1
2024-07-17 23:30:23.483588 INFO: oop!unknow header: User-Agent: Go-http-client/1.1
2024-07-17 23:30:23.483593 INFO: X-Vegeta-Seq: 3384
2024-07-17 23:30:23.483597 INFO: oop!unknow header: X-Vegeta-Seq: 3384
2024-07-17 23:30:23.483602 INFO: Accept-Encoding: gzip
2024-07-17 23:30:23.483606 INFO: oop!unknow header: Accept-Encoding: gzip
2024-07-17 23:30:23.483610 INFO: 
2024-07-17 23:30:23.483629 INFO: request:HTTP/1.1 200 OK

2024-07-17 23:30:23.483634 INFO: request:HTTP/1.1 200 OK
Content-Length:542

2024-07-17 23:30:23.483639 INFO: request:HTTP/1.1 200 OK
Content-Length:542
Connection:close

2024-07-17 23:30:23.483643 INFO: request:HTTP/1.1 200 OK
Content-Length:542
Connection:close


2024-07-17 23:30:23.483669 INFO: Thread 140246148044352 is running task

2024-07-17 23:30:23.483693 INFO: eventNum: 2
2024-07-17 23:30:23.483699 INFO: fd: 26, events: 8193

2024-07-17 23:30:23.483718 INFO: HttpConn 26 close success
2024-07-17 23:30:23.483723 INFO: Client[26] quit!
2024-07-17 23:30:23.483728 INFO: fd: 17, events: 4

2024-07-17 23:30:23.483764 INFO: Thread 140246131258944 is running task

2024-07-17 23:30:23.483782 INFO: eventNum: 1
2024-07-17 23:30:23.483788 INFO: fd: 31, events: 1

2024-07-17 23:30:23.483806 INFO: HttpConn 31 read success
2024-07-17 23:30:23.483820 INFO: GET / HTTP/1.1
2024-07-17 23:30:23.483825 INFO: Host: 39.98.202.182:9006
2024-07-17 23:30:23.483830 INFO: User-Agent: Go-http-client/1.1
2024-07-17 23:30:23.483834 INFO: oop!unknow header: User-Agent: Go-http-client/1.1
2024-07-17 23:30:23.483839 INFO: X-Vegeta-Seq: 3383
2024-07-17 23:30:23.483843 INFO: oop!unknow header: X-Vegeta-Seq: 3383
2024-07-17 23:30:23.483847 INFO: Accept-Encoding: gzip
2024-07-17 23:30:23.483852 INFO: oop!unknow header: Accept-Encoding: gzip
2024-07-17 23:30:23.483856 INFO: 
2024-07-17 23:30:23.483871 INFO: request:HTTP/1.1 200 OK

2024-07-17 23:30:23.483876 INFO: request:HTTP/1.1 200 OK
Content-Length:542

2024-07-17 23:30:23.483881 INFO: request:HTTP/1.1 200 OK
Content-Length:542
Connection:close

2024-07-17 23:30:23.483885 INFO: request:HTTP/1.1 200 OK
Content-Length:542
Connection:close


2024-07-17 23:30:23.483896 INFO: Thread 140246156437056 is running task

2024-07-17 23:30:23.483910 INFO: eventNum: 1
2024-07-17 23:30:23.483916 INFO: fd: 31, events: 4

2024-07-17 23:30:23.483946 INFO: Thread 140246097688128 is running task

2024-07-17 23:30:23.484104 INFO: eventNum: 1
2024-07-17 23:30:23.484123 INFO: fd: 30, events: 1

2024-07-17 23:30:23.484145 INFO: HttpConn 30 read success
2024-07-17 23:30:23.484161 INFO: GET / HTTP/1.1
2024-07-17 23:30:23.484167 INFO: Host: 39.98.202.182:9006
2024-07-17 23:30:23.484172 INFO: User-Agent: Go-http-client/1.1
2024-07-17 23:30:23.484176 INFO: oop!unknow header: User-Agent: Go-http-client/1.1
2024-07-17 23:30:23.484181 INFO: X-Vegeta-Seq: 3385
2024-07-17 23:30:23.484185 INFO: oop!unknow header: X-Vegeta-Seq: 3385
2024-07-17 23:30:23.484189 INFO: Accept-Encoding: gzip
2024-07-17 23:30:23.484194 INFO: oop!unknow header: Accept-Encoding: gzip
2024-07-17 23:30:23.484198 INFO: 
2024-07-17 23:30:23.484213 INFO: request:HTTP/1.1 200 OK

2024-07-17 23:30:23.484218 INFO: request:HTTP/1.1 200 OK
Content-Length:542

2024-07-17 23:30:23.484222 INFO: request:HTTP/1.1 200 OK
Content-Length:542
Connection:close

2024-07-17 23:30:23.484227 INFO: request:HTTP/1.1 200 OK
Content-Length:542
Connection:close


2024-07-17 23:30:23.484238 INFO: Thread 140246106080832 is running task

2024-07-17 23:30:23.484251 INFO: eventNum: 1
2024-07-17 23:30:23.484257 INFO: fd: 30, events: 4

2024-07-17 23:30:23.484288 INFO: Thread 140246139651648 is running task

2024-07-17 23:30:23.493423 INFO: eventNum: 1
2024-07-17 23:30:23.493470 INFO: fd: 29, events: 8193

2024-07-17 23:30:23.493521 INFO: HttpConn 29 close success
2024-07-17 23:30:23.493528 INFO: Client[29] quit!
2024-07-17 23:30:23.494046 INFO: eventNum: 1
2024-07-17 23:30:23.494060 INFO: fd: 28, events: 8193

2024-07-17 23:30:23.494077 INFO: HttpConn 28 close success
2024-07-17 23:30:23.494085 INFO: Client[28] quit!
2024-07-17 23:30:23.494173 INFO: eventNum: 1
2024-07-17 23:30:23.494194 INFO: fd: 34, events: 8193

2024-07-17 23:30:23.494209 INFO: HttpConn 34 close success
2024-07-17 23:30:23.494216 INFO: Client[34] quit!
2024-07-17 23:30:23.499364 INFO: eventNum: 1
2024-07-17 23:30:23.499402 INFO: fd: 13, events: 1

2024-07-17 23:30:23.499407 INFO: HandleListenEvent 13
2024-07-17 23:30:23.499430 INFO: HttpConn 26 init success
2024-07-17 23:30:23.499437 INFO: addTimer id:26 expireTime:1721230723
2024-07-17 23:30:23.499451 INFO: Client[26] in!
2024-07-17 23:30:23.499455 INFO: HandleListenEvent 13
2024-07-17 23:30:23.499465 ERROR: Accept failure -1
2024-07-17 23:30:23.500110 INFO: eventNum: 1
2024-07-17 23:30:23.500131 INFO: fd: 13, events: 1

2024-07-17 23:30:23.500137 INFO: HandleListenEvent 13
2024-07-17 23:30:23.500153 INFO: HttpConn 28 init success
2024-07-17 23:30:23.500159 INFO: addTimer id:28 expireTime:1721230723
2024-07-17 23:30:23.500170 INFO: Client[28] in!
2024-07-17 23:30:23.500174 INFO: HandleListenEvent 13
2024-07-17 23:30:23.500183 ERROR: Accept failure -1
2024-07-17 23:30:23.501550 INFO: eventNum: 1
2024-07-17 23:30:23.501565 INFO: fd: 13, events: 1

2024-07-17 23:30:23.501570 INFO: HandleListenEvent 13
2024-07-17 23:30:23.501584 INFO: HttpConn 29 init success
2024-07-17 23:30:23.501589 INFO: addTimer id:29 expireTime:1721230723
2024-07-17 23:30:23.501598 INFO: Client[29] in!
2024-07-17 23:30:23.501603 INFO: HandleListenEvent 13
2024-07-17 23:30:23.501611 ERROR: Accept failure -1
2024-07-17 23:30:23.501984 INFO: eventNum: 1
2024-07-17 23:30:23.502001 INFO: fd: 26, events: 1

2024-07-17 23:30:23.502019 INFO: HttpConn 26 read success
2024-07-17 23:30:23.502032 INFO: GET / HTTP/1.1
2024-07-17 23:30:23.502038 INFO: Host: 39.98.202.182:9006
2024-07-17 23:30:23.502043 INFO: User-Agent: Go-http-client/1.1
2024-07-17 23:30:23.502047 INFO: oop!unknow header: User-Agent: Go-http-client/1.1
2024-07-17 23:30:23.502052 INFO: X-Vegeta-Seq: 3392
2024-07-17 23:30:23.502056 INFO: oop!unknow header: X-Vegeta-Seq: 3392
2024-07-17 23:30:23.502060 INFO: Accept-Encoding: gzip
2024-07-17 23:30:23.502065 INFO: oop!unknow header: Accept-Encoding: gzip
2024-07-17 23:30:23.502069 INFO: 
2024-07-17 23:30:23.502094 INFO: request:HTTP/1.1 200 OK

2024-07-17 23:30:23.502099 INFO: request:HTTP/1.1 200 OK
Content-Length:542

2024-07-17 23:30:23.502134 INFO: request:HTTP/1.1 200 OK
Content-Length:542
Connection:close

2024-07-17 23:30:23.502141 INFO: request:HTTP/1.1 200 OK
Content-Length:542
Connection:close


2024-07-17 23:30:23.502156 INFO: Thread 140246122866240 is running task

2024-07-17 23:30:23.502167 INFO: eventNum: 1
2024-07-17 23:30:23.502171 INFO: fd: 26, events: 4

2024-07-17 23:30:23.502213 INFO: Thread 140246114473536 is running task

2024-07-17 23:30:23.502224 INFO: eventNum: 1
2024-07-17 23:30:23.502229 INFO: fd: 17, events: 8193

2024-07-17 23:30:23.502243 INFO: HttpConn 17 close success
2024-07-17 23:30:23.502250 INFO: Client[17] quit!
2024-07-17 23:30:23.502281 INFO: eventNum: 1
2024-07-17 23:30:23.502288 INFO: fd: 18, events: 8193

2024-07-17 23:30:23.502304 INFO: HttpConn 18 close success
2024-07-17 23:30:23.502311 INFO: Client[18] quit!
2024-07-17 23:30:23.502890 INFO: eventNum: 1
2024-07-17 23:30:23.502903 INFO: fd: 16, events: 8193

2024-07-17 23:30:23.502917 INFO: HttpConn 16 close success
2024-07-17 23:30:23.502924 INFO: Client[16] quit!
2024-07-17 23:30:23.502995 INFO: eventNum: 1
2024-07-17 23:30:23.503030 INFO: fd: 29, events: 1

2024-07-17 23:30:23.503062 INFO: HttpConn 29 read success
2024-07-17 23:30:23.503075 INFO: GET / HTTP/1.1
2024-07-17 23:30:23.503081 INFO: Host: 39.98.202.182:9006
2024-07-17 23:30:23.503086 INFO: User-Agent: Go-http-client/1.1
2024-07-17 23:30:23.503091 INFO: oop!unknow header: User-Agent: Go-http-client/1.1
2024-07-17 23:30:23.503095 INFO: X-Vegeta-Seq: 3394
2024-07-17 23:30:23.503100 INFO: oop!unknow header: X-Vegeta-Seq: 3394
2024-07-17 23:30:23.503104 INFO: Accept-Encoding: gzip
2024-07-17 23:30:23.503108 INFO: oop!unknow header: Accept-Encoding: gzip
2024-07-17 23:30:23.503112 INFO: 
2024-07-17 23:30:23.503133 INFO: request:HTTP/1.1 200 OK

2024-07-17 23:30:23.503139 INFO: request:HTTP/1.1 200 OK
Content-Length:542

2024-07-17 23:30:23.503143 INFO: request:HTTP/1.1 200 OK
Content-Length:542
Connection:close

2024-07-17 23:30:23.503148 INFO: request:HTTP/1.1 200 OK
Content-Length:542
Connection:close


2024-07-17 23:30:23.503160 INFO: Thread 140246148044352 is running task

2024-07-17 23:30:23.503170 INFO: eventNum: 1
2024-07-17 23:30:23.503175 INFO: fd: 29, events: 4

2024-07-17 23:30:23.503213 INFO: Thread 140246131258944 is running task

2024-07-17 23:30:23.503862 INFO: eventNum: 1
2024-07-17 23:30:23.503889 INFO: fd: 28, events: 1

2024-07-17 23:30:23.503910 INFO: HttpConn 28 read success
2024-07-17 23:30:23.503924 INFO: GET / HTTP/1.1
2024-07-17 23:30:23.503932 INFO: Host: 39.98.202.182:9006
2024-07-17 23:30:23.503938 INFO: User-Agent: Go-http-client/1.1
2024-07-17 23:30:23.503943 INFO: oop!unknow header: User-Agent: Go-http-client/1.1
2024-07-17 23:30:23.503947 INFO: X-Vegeta-Seq: 3393
2024-07-17 23:30:23.503952 INFO: oop!unknow header: X-Vegeta-Seq: 3393
2024-07-17 23:30:23.503956 INFO: Accept-Encoding: gzip
2024-07-17 23:30:23.503960 INFO: oop!unknow header: Accept-Encoding: gzip
2024-07-17 23:30:23.503964 INFO: 
2024-07-17 23:30:23.503982 INFO: request:HTTP/1.1 200 OK

2024-07-17 23:30:23.503986 INFO: request:HTTP/1.1 200 OK
Content-Length:542

2024-07-17 23:30:23.503991 INFO: request:HTTP/1.1 200 OK
Content-Length:542
Connection:close

2024-07-17 23:30:23.503996 INFO: request:HTTP/1.1 200 OK
Content-Length:542
Connection:close


2024-07-17 23:30:23.504006 INFO: Thread 140246156437056 is running task

2024-07-17 23:30:23.504016 INFO: eventNum: 1
2024-07-17 23:30:23.504021 INFO: fd: 28, events: 4

2024-07-17 23:30:23.504060 INFO: Thread 140246097688128 is running task

2024-07-17 23:30:23.517945 INFO: eventNum: 1
2024-07-17 23:30:23.518013 INFO: fd: 13, events: 1

2024-07-17 23:30:23.518020 INFO: HandleListenEvent 13
2024-07-17 23:30:23.518038 INFO: HttpConn 16 init success
2024-07-17 23:30:23.518046 INFO: addTimer id:16 expireTime:1721230723
2024-07-17 23:30:23.518060 INFO: Client[16] in!
2024-07-17 23:30:23.518065 INFO: HandleListenEvent 13
2024-07-17 23:30:23.518078 ERROR: Accept failure -1
2024-07-17 23:30:23.519472 INFO: eventNum: 1
2024-07-17 23:30:23.519519 INFO: fd: 16, events: 1

2024-07-17 23:30:23.519567 INFO: HttpConn 16 read success
2024-07-17 23:30:23.519600 INFO: GET / HTTP/1.1
2024-07-17 23:30:23.519607 INFO: Host: 39.98.202.182:9006
2024-07-17 23:30:23.519612 INFO: User-Agent: Go-http-client/1.1
2024-07-17 23:30:23.519617 INFO: oop!unknow header: User-Agent: Go-http-client/1.1
2024-07-17 23:30:23.519621 INFO: X-Vegeta-Seq: 3398
2024-07-17 23:30:23.519625 INFO: oop!unknow header: X-Vegeta-Seq: 3398
2024-07-17 23:30:23.519630 INFO: Accept-Encoding: gzip
2024-07-17 23:30:23.519634 INFO: oop!unknow header: Accept-Encoding: gzip
2024-07-17 23:30:23.519638 INFO: 
2024-07-17 23:30:23.519664 INFO: request:HTTP/1.1 200 OK

2024-07-17 23:30:23.519669 INFO: request:HTTP/1.1 200 OK
Content-Length:542

2024-07-17 23:30:23.519674 INFO: request:HTTP/1.1 200 OK
Content-Length:542
Connection:close

2024-07-17 23:30:23.519678 INFO: request:HTTP/1.1 200 OK
Content-Length:542
Connection:close


2024-07-17 23:30:23.519697 INFO: Thread 140246106080832 is running task

2024-07-17 23:30:23.519714 INFO: eventNum: 2
2024-07-17 23:30:23.519721 INFO: fd: 16, events: 4

2024-07-17 23:30:23.519766 INFO: Thread 140246139651648 is running task

2024-07-17 23:30:23.519783 INFO: fd: 30, events: 8193

2024-07-17 23:30:23.519799 INFO: HttpConn 30 close success
2024-07-17 23:30:23.519807 INFO: Client[30] quit!
2024-07-17 23:30:23.519814 INFO: eventNum: 1
2024-07-17 23:30:23.519818 INFO: fd: 31, events: 8193

2024-07-17 23:30:23.519830 INFO: HttpConn 31 close success
2024-07-17 23:30:23.519837 INFO: Client[31] quit!
2024-07-17 23:30:23.522630 INFO: eventNum: 1
2024-07-17 23:30:23.522666 INFO: fd: 13, events: 1

2024-07-17 23:30:23.522671 INFO: HandleListenEvent 13
2024-07-17 23:30:23.522693 INFO: HttpConn 17 init success
2024-07-17 23:30:23.522699 INFO: addTimer id:17 expireTime:1721230723
2024-07-17 23:30:23.522711 INFO: Client[17] in!
2024-07-17 23:30:23.522716 INFO: HandleListenEvent 13
2024-07-17 23:30:23.522724 ERROR: Accept failure -1
2024-07-17 23:30:23.523763 INFO: eventNum: 1
2024-07-17 23:30:23.523778 INFO: fd: 26, events: 8193

2024-07-17 23:30:23.523797 INFO: HttpConn 26 close success
2024-07-17 23:30:23.523806 INFO: Client[26] quit!
2024-07-17 23:30:23.524422 INFO: eventNum: 1
2024-07-17 23:30:23.524442 INFO: fd: 29, events: 8193

2024-07-17 23:30:23.524458 INFO: HttpConn 29 close success
2024-07-17 23:30:23.524465 INFO: Client[29] quit!
2024-07-17 23:30:23.524826 INFO: eventNum: 1
2024-07-17 23:30:23.524840 INFO: fd: 17, events: 1

2024-07-17 23:30:23.524856 INFO: HttpConn 17 read success
2024-07-17 23:30:23.524868 INFO: GET / HTTP/1.1
2024-07-17 23:30:23.524873 INFO: Host: 39.98.202.182:9006
2024-07-17 23:30:23.524878 INFO: User-Agent: Go-http-client/1.1
2024-07-17 23:30:23.524883 INFO: oop!unknow header: User-Agent: Go-http-client/1.1
2024-07-17 23:30:23.524888 INFO: X-Vegeta-Seq: 3406
2024-07-17 23:30:23.524892 INFO: oop!unknow header: X-Vegeta-Seq: 3406
2024-07-17 23:30:23.524896 INFO: Accept-Encoding: gzip
2024-07-17 23:30:23.524901 INFO: oop!unknow header: Accept-Encoding: gzip
2024-07-17 23:30:23.524905 INFO: 
2024-07-17 23:30:23.524927 INFO: request:HTTP/1.1 200 OK

2024-07-17 23:30:23.524932 INFO: request:HTTP/1.1 200 OK
Content-Length:542

2024-07-17 23:30:23.524937 INFO: request:HTTP/1.1 200 OK
Content-Length:542
Connection:close

2024-07-17 23:30:23.524941 INFO: request:HTTP/1.1 200 OK
Content-Length:542
Connection:close


2024-07-17 23:30:23.524953 INFO: Thread 140246122866240 is running task

2024-07-17 23:30:23.524962 INFO: eventNum: 1
2024-07-17 23:30:23.524967 INFO: fd: 17, events: 4

2024-07-17 23:30:23.525001 INFO: Thread 140246114473536 is running task

2024-07-17 23:30:23.525952 INFO: eventNum: 1
2024-07-17 23:30:23.525986 INFO: fd: 28, events: 8193

2024-07-17 23:30:23.526008 INFO: HttpConn 28 close success
2024-07-17 23:30:23.526014 INFO: Client[28] quit!
2024-07-17 23:30:23.536908 INFO: eventNum: 1
2024-07-17 23:30:23.536989 INFO: fd: 13, events: 1

2024-07-17 23:30:23.537000 INFO: HandleListenEvent 13
2024-07-17 23:30:23.537033 INFO: HttpConn 18 init success
2024-07-17 23:30:23.537054 INFO: addTimer id:18 expireTime:1721230723
2024-07-17 23:30:23.537069 INFO: Client[18] in!
2024-07-17 23:30:23.537074 INFO: HandleListenEvent 13
2024-07-17 23:30:23.537086 ERROR: Accept failure -1
2024-07-17 23:30:23.541430 INFO: eventNum: 1
2024-07-17 23:30:23.541480 INFO: fd: 13, events: 1

2024-07-17 23:30:23.541489 INFO: HandleListenEvent 13
2024-07-17 23:30:23.541551 INFO: HttpConn 26 init success
2024-07-17 23:30:23.541562 INFO: addTimer id:26 expireTime:1721230723
2024-07-17 23:30:23.541577 INFO: Client[26] in!
2024-07-17 23:30:23.541582 INFO: HandleListenEvent 13
2024-07-17 23:30:23.541595 ERROR: Accept failure -1
2024-07-17 23:30:23.544345 INFO: eventNum: 1
2024-07-17 23:30:23.544387 INFO: fd: 26, events: 1

2024-07-17 23:30:23.544408 INFO: HttpConn 26 read success
2024-07-17 23:30:23.544422 INFO: GET / HTTP/1.1
2024-07-17 23:30:23.544429 INFO: Host: 39.98.202.182:9006
2024-07-17 23:30:23.544434 INFO: User-Agent: Go-http-client/1.1
2024-07-17 23:30:23.544439 INFO: oop!unknow header: User-Agent: Go-http-client/1.1
2024-07-17 23:30:23.544443 INFO: X-Vegeta-Seq: 3413
2024-07-17 23:30:23.544448 INFO: oop!unknow header: X-Vegeta-Seq: 3413
2024-07-17 23:30:23.544452 INFO: Accept-Encoding: gzip
2024-07-17 23:30:23.544456 INFO: oop!unknow header: Accept-Encoding: gzip
2024-07-17 23:30:23.544461 INFO: 
2024-07-17 23:30:23.544488 INFO: request:HTTP/1.1 200 OK

2024-07-17 23:30:23.544493 INFO: request:HTTP/1.1 200 OK
Content-Length:542

2024-07-17 23:30:23.544513 INFO: request:HTTP/1.1 200 OK
Content-Length:542
Connection:close

2024-07-17 23:30:23.544520 INFO: request:HTTP/1.1 200 OK
Content-Length:542
Connection:close


2024-07-17 23:30:23.544540 INFO: Thread 140246148044352 is running task

2024-07-17 23:30:23.544565 INFO: eventNum: 2
2024-07-17 23:30:23.544571 INFO: fd: 18, events: 1

2024-07-17 23:30:23.544584 INFO: fd: 26, events: 4

2024-07-17 23:30:23.544598 INFO: HttpConn 18 read success
2024-07-17 23:30:23.544625 INFO: GET / HTTP/1.1
2024-07-17 23:30:23.544632 INFO: Host: 39.98.202.182:9006
2024-07-17 23:30:23.544637 INFO: User-Agent: Go-http-client/1.1
2024-07-17 23:30:23.544641 INFO: oop!unknow header: User-Agent: Go-http-client/1.1
2024-07-17 23:30:23.544646 INFO: X-Vegeta-Seq: 3410
2024-07-17 23:30:23.544650 INFO: oop!unknow header: X-Vegeta-Seq: 3410
2024-07-17 23:30:23.544654 INFO: Accept-Encoding: gzip
2024-07-17 23:30:23.544658 INFO: oop!unknow header: Accept-Encoding: gzip
2024-07-17 23:30:23.544663 INFO: 
2024-07-17 23:30:23.544687 INFO: request:HTTP/1.1 200 OK

2024-07-17 23:30:23.544695 INFO: request:HTTP/1.1 200 OK
Content-Length:542

2024-07-17 23:30:23.544701 INFO: request:HTTP/1.1 200 OK
Content-Length:542
Connection:close

2024-07-17 23:30:23.544708 INFO: request:HTTP/1.1 200 OK
Content-Length:542
Connection:close


2024-07-17 23:30:23.544723 INFO: Thread 140246131258944 is running task

2024-07-17 23:30:23.544754 INFO: eventNum: 1
2024-07-17 23:30:23.544761 INFO: fd: 18, events: 4

2024-07-17 23:30:23.544805 INFO: Thread 140246156437056 is running task

2024-07-17 23:30:23.544816 INFO: Thread 140246097688128 is running task

2024-07-17 23:30:23.544939 INFO: eventNum: 1
2024-07-17 23:30:23.544951 INFO: fd: 16, events: 8193

2024-07-17 23:30:23.544968 INFO: HttpConn 16 close success
2024-07-17 23:30:23.544976 INFO: Client[16] quit!
2024-07-17 23:30:23.545269 INFO: eventNum: 1
2024-07-17 23:30:23.545282 INFO: fd: 13, events: 1

2024-07-17 23:30:23.545286 INFO: HandleListenEvent 13
2024-07-17 23:30:23.545303 INFO: HttpConn 16 init success
2024-07-17 23:30:23.545309 INFO: addTimer id:16 expireTime:1721230723
2024-07-17 23:30:23.545319 INFO: Client[16] in!
2024-07-17 23:30:23.545324 INFO: HandleListenEvent 13
2024-07-17 23:30:23.545332 ERROR: Accept failure -1
2024-07-17 23:30:23.545670 INFO: eventNum: 2
2024-07-17 23:30:23.545705 INFO: fd: 13, events: 1

2024-07-17 23:30:23.545714 INFO: HandleListenEvent 13
2024-07-17 23:30:23.545752 INFO: HttpConn 28 init success
2024-07-17 23:30:23.545761 INFO: addTimer id:28 expireTime:1721230723
2024-07-17 23:30:23.545784 INFO: Client[28] in!
2024-07-17 23:30:23.545791 INFO: HandleListenEvent 13
2024-07-17 23:30:23.545815 ERROR: Accept failure -1
2024-07-17 23:30:23.545826 INFO: fd: 16, events: 1

2024-07-17 23:30:23.545844 INFO: eventNum: 1
2024-07-17 23:30:23.545849 INFO: HttpConn 16 read success
2024-07-17 23:30:23.545870 INFO: GET / HTTP/1.1
2024-07-17 23:30:23.545877 INFO: Host: 39.98.202.182:9006
2024-07-17 23:30:23.545882 INFO: User-Agent: Go-http-client/1.1
2024-07-17 23:30:23.545886 INFO: oop!unknow header: User-Agent: Go-http-client/1.1
2024-07-17 23:30:23.545891 INFO: X-Vegeta-Seq: 3416
2024-07-17 23:30:23.545895 INFO: oop!unknow header: X-Vegeta-Seq: 3416
2024-07-17 23:30:23.545899 INFO: Accept-Encoding: gzip
2024-07-17 23:30:23.545904 INFO: oop!unknow header: Accept-Encoding: gzip
2024-07-17 23:30:23.545908 INFO: 
2024-07-17 23:30:23.545925 INFO: request:HTTP/1.1 200 OK

2024-07-17 23:30:23.545934 INFO: request:HTTP/1.1 200 OK
Content-Length:542

2024-07-17 23:30:23.545938 INFO: request:HTTP/1.1 200 OK
Content-Length:542
Connection:close

2024-07-17 23:30:23.545943 INFO: request:HTTP/1.1 200 OK
Content-Length:542
Connection:close


2024-07-17 23:30:23.545953 INFO: Thread 140246106080832 is running task

2024-07-17 23:30:23.545852 INFO: fd: 17, events: 8193

2024-07-17 23:30:23.546079 INFO: HttpConn 17 close success
2024-07-17 23:30:23.546088 INFO: Client[17] quit!
2024-07-17 23:30:23.546097 INFO: eventNum: 2
2024-07-17 23:30:23.546102 INFO: fd: 16, events: 4

2024-07-17 23:30:23.546126 INFO: fd: 28, events: 1

2024-07-17 23:30:23.546160 INFO: Thread 140246139651648 is running task

2024-07-17 23:30:23.546172 INFO: HttpConn 28 read success
2024-07-17 23:30:23.546180 INFO: GET / HTTP/1.1
2024-07-17 23:30:23.546186 INFO: Host: 39.98.202.182:9006
2024-07-17 23:30:23.546190 INFO: User-Agent: Go-http-client/1.1
2024-07-17 23:30:23.546194 INFO: oop!unknow header: User-Agent: Go-http-client/1.1
2024-07-17 23:30:23.546199 INFO: X-Vegeta-Seq: 3418
2024-07-17 23:30:23.546203 INFO: oop!unknow header: X-Vegeta-Seq: 3418
2024-07-17 23:30:23.546207 INFO: Accept-Encoding: gzip
2024-07-17 23:30:23.546211 INFO: oop!unknow header: Accept-Encoding: gzip
2024-07-17 23:30:23.546215 INFO: 
2024-07-17 23:30:23.546229 INFO: request:HTTP/1.1 200 OK

2024-07-17 23:30:23.546234 INFO: request:HTTP/1.1 200 OK
Content-Length:542

2024-07-17 23:30:23.546238 INFO: request:HTTP/1.1 200 OK
Content-Length:542
Connection:close

2024-07-17 23:30:23.546243 INFO: request:HTTP/1.1 200 OK
Content-Length:542
Connection:close


2024-07-17 23:30:23.546252 INFO: Thread 140246139651648 is running task

2024-07-17 23:30:23.546316 INFO: eventNum: 1
2024-07-17 23:30:23.546330 INFO: fd: 28, events: 4

2024-07-17 23:30:23.546363 INFO: Thread 140246114473536 is running task

2024-07-17 23:30:23.546876 INFO: eventNum: 1
2024-07-17 23:30:23.546901 INFO: fd: 13, events: 1

2024-07-17 23:30:23.546907 INFO: HandleListenEvent 13
2024-07-17 23:30:23.546923 INFO: HttpConn 17 init success
2024-07-17 23:30:23.546930 INFO: addTimer id:17 expireTime:1721230723
2024-07-17 23:30:23.546940 INFO: Client[17] in!
2024-07-17 23:30:23.546945 INFO: HandleListenEvent 13
2024-07-17 23:30:23.546953 ERROR: Accept failure -1
2024-07-17 23:30:23.547229 INFO: eventNum: 1
2024-07-17 23:30:23.547244 INFO: fd: 17, events: 1

2024-07-17 23:30:23.547260 INFO: HttpConn 17 read success
2024-07-17 23:30:23.547271 INFO: GET / HTTP/1.1
2024-07-17 23:30:23.547280 INFO: Host: 39.98.202.182:9006
2024-07-17 23:30:23.547287 INFO: User-Agent: Go-http-client/1.1
2024-07-17 23:30:23.547294 INFO: oop!unknow header: User-Agent: Go-http-client/1.1
2024-07-17 23:30:23.547300 INFO: X-Vegeta-Seq: 3417
2024-07-17 23:30:23.547306 INFO: oop!unknow header: X-Vegeta-Seq: 3417
2024-07-17 23:30:23.547312 INFO: Accept-Encoding: gzip
2024-07-17 23:30:23.547318 INFO: oop!unknow header: Accept-Encoding: gzip
2024-07-17 23:30:23.547324 INFO: 
2024-07-17 23:30:23.547350 INFO: request:HTTP/1.1 200 OK

2024-07-17 23:30:23.547359 INFO: request:HTTP/1.1 200 OK
Content-Length:542

2024-07-17 23:30:23.547364 INFO: request:HTTP/1.1 200 OK
Content-Length:542
Connection:close

2024-07-17 23:30:23.547375 INFO: request:HTTP/1.1 200 OK
Content-Length:542
Connection:close


2024-07-17 23:30:23.547387 INFO: Thread 140246148044352 is running task

2024-07-17 23:30:23.547397 INFO: eventNum: 1
2024-07-17 23:30:23.547402 INFO: fd: 17, events: 4

2024-07-17 23:30:23.547455 INFO: Thread 140246131258944 is running task

2024-07-17 23:30:23.562745 INFO: eventNum: 1
2024-07-17 23:30:23.562803 INFO: fd: 13, events: 1

2024-07-17 23:30:23.562810 INFO: HandleListenEvent 13
2024-07-17 23:30:23.562837 INFO: HttpConn 29 init success
2024-07-17 23:30:23.562845 INFO: addTimer id:29 expireTime:1721230723
2024-07-17 23:30:23.562860 INFO: Client[29] in!
2024-07-17 23:30:23.562865 INFO: HandleListenEvent 13
2024-07-17 23:30:23.562885 ERROR: Accept failure -1
2024-07-17 23:30:23.569341 INFO: eventNum: 1
2024-07-17 23:30:23.569415 INFO: fd: 13, events: 1

2024-07-17 23:30:23.569422 INFO: HandleListenEvent 13
2024-07-17 23:30:23.569446 INFO: HttpConn 30 init success
2024-07-17 23:30:23.569453 INFO: addTimer id:30 expireTime:1721230723
2024-07-17 23:30:23.569468 INFO: Client[30] in!
2024-07-17 23:30:23.569473 INFO: HandleListenEvent 13
2024-07-17 23:30:23.569482 INFO: HttpConn 31 init success
2024-07-17 23:30:23.569487 INFO: addTimer id:31 expireTime:1721230723
2024-07-17 23:30:23.569495 INFO: Client[31] in!
2024-07-17 23:30:23.569525 INFO: HandleListenEvent 13
2024-07-17 23:30:23.569536 ERROR: Accept failure -1
2024-07-17 23:30:23.569543 INFO: eventNum: 1
2024-07-17 23:30:23.569547 INFO: fd: 30, events: 1

2024-07-17 23:30:23.569585 INFO: HttpConn 30 read success
2024-07-17 23:30:23.569609 INFO: GET / HTTP/1.1
2024-07-17 23:30:23.569613 INFO: eventNum: 3
2024-07-17 23:30:23.569615 INFO: Host: 39.98.202.182:9006
2024-07-17 23:30:23.569665 INFO: User-Agent: Go-http-client/1.1
2024-07-17 23:30:23.569674 INFO: oop!unknow header: User-Agent: Go-http-client/1.1
2024-07-17 23:30:23.569681 INFO: X-Vegeta-Seq: 3421
2024-07-17 23:30:23.569687 INFO: oop!unknow header: X-Vegeta-Seq: 3421
2024-07-17 23:30:23.569693 INFO: Accept-Encoding: gzip
2024-07-17 23:30:23.569698 INFO: oop!unknow header: Accept-Encoding: gzip
2024-07-17 23:30:23.569702 INFO: 
2024-07-17 23:30:23.569730 INFO: request:HTTP/1.1 200 OK

2024-07-17 23:30:23.569751 INFO: request:HTTP/1.1 200 OK
Content-Length:542

2024-07-17 23:30:23.569756 INFO: request:HTTP/1.1 200 OK
Content-Length:542
Connection:close

2024-07-17 23:30:23.569761 INFO: request:HTTP/1.1 200 OK
Content-Length:542
Connection:close


2024-07-17 23:30:23.569778 INFO: Thread 140246156437056 is running task

2024-07-17 23:30:23.569652 INFO: fd: 13, events: 1

2024-07-17 23:30:23.569805 INFO: HandleListenEvent 13
2024-07-17 23:30:23.569823 INFO: HttpConn 32 init success
2024-07-17 23:30:23.569829 INFO: addTimer id:32 expireTime:1721230723
2024-07-17 23:30:23.569841 INFO: Client[32] in!
2024-07-17 23:30:23.569846 INFO: HandleListenEvent 13
2024-07-17 23:30:23.569855 ERROR: Accept failure -1
2024-07-17 23:30:23.569872 INFO: fd: 18, events: 8193

2024-07-17 23:30:23.569896 INFO: HttpConn 18 close success
2024-07-17 23:30:23.569904 INFO: Client[18] quit!
2024-07-17 23:30:23.569911 INFO: fd: 29, events: 1

2024-07-17 23:30:23.569927 INFO: eventNum: 1
2024-07-17 23:30:23.569933 INFO: HttpConn 29 read success
2024-07-17 23:30:23.569951 INFO: GET / HTTP/1.1
2024-07-17 23:30:23.569958 INFO: Host: 39.98.202.182:9006
2024-07-17 23:30:23.569963 INFO: User-Agent: Go-http-client/1.1
2024-07-17 23:30:23.569968 INFO: oop!unknow header: User-Agent: Go-http-client/1.1
2024-07-17 23:30:23.569973 INFO: X-Vegeta-Seq: 3420
2024-07-17 23:30:23.569977 INFO: oop!unknow header: X-Vegeta-Seq: 3420
2024-07-17 23:30:23.569981 INFO: Accept-Encoding: gzip
2024-07-17 23:30:23.569986 INFO: oop!unknow header: Accept-Encoding: gzip
2024-07-17 23:30:23.569990 INFO: 
2024-07-17 23:30:23.570009 INFO: request:HTTP/1.1 200 OK

2024-07-17 23:30:23.570015 INFO: request:HTTP/1.1 200 OK
Content-Length:542

2024-07-17 23:30:23.570020 INFO: request:HTTP/1.1 200 OK
Content-Length:542
Connection:close

2024-07-17 23:30:23.570032 INFO: request:HTTP/1.1 200 OK
Content-Length:542
Connection:close


2024-07-17 23:30:23.570045 INFO: Thread 140246097688128 is running task

2024-07-17 23:30:23.569933 INFO: fd: 30, events: 4

2024-07-17 23:30:23.570141 INFO: Thread 140246106080832 is running task

2024-07-17 23:30:23.570160 INFO: eventNum: 1
2024-07-17 23:30:23.570166 INFO: fd: 29, events: 4

2024-07-17 23:30:23.570200 INFO: Thread 140246139651648 is running task

2024-07-17 23:30:23.570485 INFO: eventNum: 1
2024-07-17 23:30:23.570524 INFO: fd: 13, events: 1

2024-07-17 23:30:23.570530 INFO: HandleListenEvent 13
2024-07-17 23:30:23.570546 INFO: HttpConn 18 init success
2024-07-17 23:30:23.570553 INFO: addTimer id:18 expireTime:1721230723
2024-07-17 23:30:23.570563 INFO: Client[18] in!
2024-07-17 23:30:23.570568 INFO: HandleListenEvent 13
2024-07-17 23:30:23.570576 ERROR: Accept failure -1
2024-07-17 23:30:23.571380 INFO: eventNum: 1
2024-07-17 23:30:23.571403 INFO: fd: 26, events: 8193

2024-07-17 23:30:23.571423 INFO: HttpConn 26 close success
2024-07-17 23:30:23.571432 INFO: Client[26] quit!
2024-07-17 23:30:23.571683 INFO: eventNum: 1
2024-07-17 23:30:23.571698 INFO: fd: 13, events: 1

2024-07-17 23:30:23.571703 INFO: HandleListenEvent 13
2024-07-17 23:30:23.571717 INFO: HttpConn 26 init success
2024-07-17 23:30:23.571723 INFO: addTimer id:26 expireTime:1721230723
2024-07-17 23:30:23.571734 INFO: Client[26] in!
2024-07-17 23:30:23.571738 INFO: HandleListenEvent 13
2024-07-17 23:30:23.571746 ERROR: Accept failure -1
2024-07-17 23:30:23.572521 INFO: eventNum: 1
2024-07-17 23:30:23.572540 INFO: fd: 13, events: 1

2024-07-17 23:30:23.572545 INFO: HandleListenEvent 13
2024-07-17 23:30:23.572558 INFO: HttpConn 33 init success
2024-07-17 23:30:23.572563 INFO: addTimer id:33 expireTime:1721230723
2024-07-17 23:30:23.572576 INFO: Client[33] in!
2024-07-17 23:30:23.572583 INFO: HandleListenEvent 13
2024-07-17 23:30:23.572592 ERROR: Accept failure -1
2024-07-17 23:30:23.572680 INFO: eventNum: 1
2024-07-17 23:30:23.572692 INFO: fd: 13, events: 1

2024-07-17 23:30:23.572696 INFO: HandleListenEvent 13
2024-07-17 23:30:23.572709 INFO: HttpConn 34 init success
2024-07-17 23:30:23.572715 INFO: addTimer id:34 expireTime:1721230723
2024-07-17 23:30:23.572724 INFO: Client[34] in!
2024-07-17 23:30:23.572728 INFO: HandleListenEvent 13
2024-07-17 23:30:23.572736 ERROR: Accept failure -1
2024-07-17 23:30:23.573192 INFO: eventNum: 1
2024-07-17 23:30:23.573208 INFO: fd: 13, events: 1

2024-07-17 23:30:23.573212 INFO: HandleListenEvent 13
2024-07-17 23:30:23.573226 INFO: HttpConn 35 init success
2024-07-17 23:30:23.573232 INFO: addTimer id:35 expireTime:1721230723
2024-07-17 23:30:23.573241 INFO: Client[35] in!
2024-07-17 23:30:23.573245 INFO: HandleListenEvent 13
2024-07-17 23:30:23.573253 ERROR: Accept failure -1
2024-07-17 23:30:23.574021 INFO: eventNum: 1
2024-07-17 23:30:23.574045 INFO: fd: 33, events: 1

2024-07-17 23:30:23.574064 INFO: HttpConn 33 read success
2024-07-17 23:30:23.574077 INFO: GET / HTTP/1.1
2024-07-17 23:30:23.574083 INFO: Host: 39.98.202.182:9006
2024-07-17 23:30:23.574088 INFO: User-Agent: Go-http-client/1.1
2024-07-17 23:30:23.574092 INFO: oop!unknow header: User-Agent: Go-http-client/1.1
2024-07-17 23:30:23.574097 INFO: X-Vegeta-Seq: 3428
2024-07-17 23:30:23.574101 INFO: oop!unknow header: X-Vegeta-Seq: 3428
2024-07-17 23:30:23.574105 INFO: Accept-Encoding: gzip
2024-07-17 23:30:23.574110 INFO: oop!unknow header: Accept-Encoding: gzip
2024-07-17 23:30:23.574136 INFO: 
2024-07-17 23:30:23.574157 INFO: request:HTTP/1.1 200 OK

2024-07-17 23:30:23.574162 INFO: request:HTTP/1.1 200 OK
Content-Length:542

2024-07-17 23:30:23.574166 INFO: request:HTTP/1.1 200 OK
Content-Length:542
Connection:close

2024-07-17 23:30:23.574171 INFO: request:HTTP/1.1 200 OK
Content-Length:542
Connection:close


2024-07-17 23:30:23.574184 INFO: Thread 140246122866240 is running task

2024-07-17 23:30:23.574194 INFO: eventNum: 1
2024-07-17 23:30:23.574199 INFO: fd: 33, events: 4

2024-07-17 23:30:23.574249 INFO: Thread 140246114473536 is running task

2024-07-17 23:30:23.574868 INFO: eventNum: 1
2024-07-17 23:30:23.574883 INFO: fd: 28, events: 8193

2024-07-17 23:30:23.574903 INFO: HttpConn 28 close success
2024-07-17 23:30:23.574911 INFO: Client[28] quit!
2024-07-17 23:30:23.575305 INFO: eventNum: 1
2024-07-17 23:30:23.575321 INFO: fd: 16, events: 8193

2024-07-17 23:30:23.575339 INFO: HttpConn 16 close success
2024-07-17 23:30:23.575347 INFO: Client[16] quit!
2024-07-17 23:30:23.575446 INFO: eventNum: 1
2024-07-17 23:30:23.575456 INFO: fd: 35, events: 1

2024-07-17 23:30:23.575530 INFO: HttpConn 35 read success
2024-07-17 23:30:23.575569 INFO: GET / HTTP/1.1
2024-07-17 23:30:23.575579 INFO: Host: 39.98.202.182:9006
2024-07-17 23:30:23.575624 INFO: eventNum: 1
2024-07-17 23:30:23.575644 INFO: fd: 31, events: 1

2024-07-17 23:30:23.575666 INFO: HttpConn 31 read success
2024-07-17 23:30:23.575630 INFO: User-Agent: Go-http-client/1.1
2024-07-17 23:30:23.575686 INFO: GET / HTTP/1.1
2024-07-17 23:30:23.575689 INFO: oop!unknow header: User-Agent: Go-http-client/1.1
2024-07-17 23:30:23.575698 INFO: eventNum: 1
2024-07-17 23:30:23.575692 INFO: Host: 39.98.202.182:9006
2024-07-17 23:30:23.575718 INFO: User-Agent: Go-http-client/1.1
2024-07-17 23:30:23.575727 INFO: oop!unknow header: User-Agent: Go-http-client/1.1
2024-07-17 23:30:23.575702 INFO: X-Vegeta-Seq: 3426
2024-07-17 23:30:23.575736 INFO: X-Vegeta-Seq: 3425
2024-07-17 23:30:23.575739 INFO: fd: 34, events: 1

2024-07-17 23:30:23.575751 INFO: oop!unknow header: X-Vegeta-Seq: 3426
2024-07-17 23:30:23.575753 INFO: oop!unknow header: X-Vegeta-Seq: 3425
2024-07-17 23:30:23.575782 INFO: eventNum: 2
2024-07-17 23:30:23.575798 INFO: fd: 17, events: 8193

2024-07-17 23:30:23.575800 INFO: HttpConn 34 read success
2024-07-17 23:30:23.575815 INFO: HttpConn 17 close success
2024-07-17 23:30:23.575830 INFO: Client[17] quit!
2024-07-17 23:30:23.575845 INFO: fd: 26, events: 1

2024-07-17 23:30:23.575785 INFO: Accept-Encoding: gzip
2024-07-17 23:30:23.575893 INFO: HttpConn 26 read success
2024-07-17 23:30:23.575895 INFO: oop!unknow header: Accept-Encoding: gzip
2024-07-17 23:30:23.575915 INFO: 
2024-07-17 23:30:23.575938 INFO: request:HTTP/1.1 200 OK

2024-07-17 23:30:23.575949 INFO: GET / HTTP/1.1
2024-07-17 23:30:23.575949 INFO: request:HTTP/1.1 200 OK
Content-Length:542

2024-07-17 23:30:23.575974 INFO: Host: 39.98.202.182:9006
2024-07-17 23:30:23.575980 INFO: request:HTTP/1.1 200 OK
Content-Length:542
Connection:close

2024-07-17 23:30:23.575815 INFO: GET / HTTP/1.1
2024-07-17 23:30:23.576003 INFO: request:HTTP/1.1 200 OK
Content-Length:542
Connection:close


2024-07-17 23:30:23.575791 INFO: Accept-Encoding: gzip
2024-07-17 23:30:23.576040 INFO: Thread 140246148044352 is running task

2024-07-17 23:30:23.576042 INFO: oop!unknow header: Accept-Encoding: gzip
2024-07-17 23:30:23.576061 INFO: 
2024-07-17 23:30:23.576084 INFO: request:HTTP/1.1 200 OK

2024-07-17 23:30:23.576091 INFO: request:HTTP/1.1 200 OK
Content-Length:542

2024-07-17 23:30:23.576095 INFO: request:HTTP/1.1 200 OK
