2024-07-17 23:30:22.555946 INFO: Accept-Encoding: gzip
2024-07-17 23:30:22.556006 INFO: oop!unknow header: Accept-Encoding: gzip
2024-07-17 23:30:22.556011 INFO: 
2024-07-17 23:30:22.556030 INFO: request:HTTP/1.1 200 OK

2024-07-17 23:30:22.556035 INFO: request:HTTP/1.1 200 OK
Content-Length:542

2024-07-17 23:30:22.556039 INFO: request:HTTP/1.1 200 OK
Content-Length:542
Connection:close

2024-07-17 23:30:22.556044 INFO: request:HTTP/1.1 200 OK
Content-Length:542
Connection:close


2024-07-17 23:30:22.556060 INFO: Thread 140246106080832 is running task

2024-07-17 23:30:22.556082 INFO: eventNum: 1
2024-07-17 23:30:22.556089 INFO: fd: 28, events: 4

2024-07-17 23:30:22.556128 INFO: Thread 140246097688128 is running task

2024-07-17 23:30:22.556195 INFO: eventNum: 1
2024-07-17 23:30:22.556235 INFO: fd: 17, events: 8193

2024-07-17 23:30:22.556260 INFO: HttpConn 17 close success
2024-07-17 23:30:22.556266 INFO: Client[17] quit!
2024-07-17 23:30:22.558614 INFO: eventNum: 1
2024-07-17 23:30:22.558650 INFO: fd: 18, events: 8193

2024-07-17 23:30:22.558672 INFO: HttpConn 18 close success
2024-07-17 23:30:22.558678 INFO: Client[18] quit!
2024-07-17 23:30:22.559897 INFO: eventNum: 1
2024-07-17 23:30:22.559927 INFO: fd: 13, events: 1

2024-07-17 23:30:22.559932 INFO: HandleListenEvent 13
2024-07-17 23:30:22.559953 INFO: HttpConn 17 init success
2024-07-17 23:30:22.559960 INFO: addTimer id:17 expireTime:1721230722
2024-07-17 23:30:22.559972 INFO: Client[17] in!
2024-07-17 23:30:22.559976 INFO: HandleListenEvent 13
2024-07-17 23:30:22.559985 ERROR: Accept failure -1
2024-07-17 23:30:22.560773 INFO: eventNum: 1
2024-07-17 23:30:22.560791 INFO: fd: 13, events: 1

2024-07-17 23:30:22.560796 INFO: HandleListenEvent 13
2024-07-17 23:30:22.560806 INFO: HttpConn 18 init success
2024-07-17 23:30:22.560812 INFO: addTimer id:18 expireTime:1721230722
2024-07-17 23:30:22.560826 INFO: Client[18] in!
2024-07-17 23:30:22.560831 INFO: HandleListenEvent 13
2024-07-17 23:30:22.560842 ERROR: Accept failure -1
2024-07-17 23:30:22.562152 INFO: eventNum: 1
2024-07-17 23:30:22.562179 INFO: fd: 17, events: 1

2024-07-17 23:30:22.562196 INFO: HttpConn 17 read success
2024-07-17 23:30:22.562208 INFO: GET / HTTP/1.1
2024-07-17 23:30:22.562214 INFO: Host: 39.98.202.182:9006
2024-07-17 23:30:22.562219 INFO: User-Agent: Go-http-client/1.1
2024-07-17 23:30:22.562223 INFO: oop!unknow header: User-Agent: Go-http-client/1.1
2024-07-17 23:30:22.562228 INFO: X-Vegeta-Seq: 2928
2024-07-17 23:30:22.562233 INFO: oop!unknow header: X-Vegeta-Seq: 2928
2024-07-17 23:30:22.562237 INFO: Accept-Encoding: gzip
2024-07-17 23:30:22.562242 INFO: oop!unknow header: Accept-Encoding: gzip
2024-07-17 23:30:22.562247 INFO: 
2024-07-17 23:30:22.562274 INFO: request:HTTP/1.1 200 OK

2024-07-17 23:30:22.562281 INFO: request:HTTP/1.1 200 OK
Content-Length:542

2024-07-17 23:30:22.562287 INFO: request:HTTP/1.1 200 OK
Content-Length:542
Connection:close

2024-07-17 23:30:22.562292 INFO: request:HTTP/1.1 200 OK
Content-Length:542
Connection:close


2024-07-17 23:30:22.562309 INFO: Thread 140246139651648 is running task

2024-07-17 23:30:22.562322 INFO: eventNum: 1
2024-07-17 23:30:22.562328 INFO: fd: 17, events: 4

2024-07-17 23:30:22.562375 INFO: Thread 140246122866240 is running task

2024-07-17 23:30:22.562859 INFO: eventNum: 1
2024-07-17 23:30:22.562877 INFO: fd: 13, events: 1

2024-07-17 23:30:22.562882 INFO: HandleListenEvent 13
2024-07-17 23:30:22.562897 INFO: HttpConn 29 init success
2024-07-17 23:30:22.562903 INFO: addTimer id:29 expireTime:1721230722
2024-07-17 23:30:22.562913 INFO: Client[29] in!
2024-07-17 23:30:22.562918 INFO: HandleListenEvent 13
2024-07-17 23:30:22.562926 ERROR: Accept failure -1
2024-07-17 23:30:22.563462 INFO: eventNum: 1
2024-07-17 23:30:22.563479 INFO: fd: 16, events: 8193

2024-07-17 23:30:22.563532 INFO: HttpConn 16 close success
2024-07-17 23:30:22.563539 INFO: Client[16] quit!
2024-07-17 23:30:22.563607 INFO: eventNum: 1
2024-07-17 23:30:22.563614 INFO: fd: 13, events: 1

2024-07-17 23:30:22.563619 INFO: HandleListenEvent 13
2024-07-17 23:30:22.563637 INFO: HttpConn 16 init success
2024-07-17 23:30:22.563651 INFO: addTimer id:16 expireTime:1721230722
2024-07-17 23:30:22.563665 INFO: Client[16] in!
2024-07-17 23:30:22.563669 INFO: HandleListenEvent 13
2024-07-17 23:30:22.563677 ERROR: Accept failure -1
2024-07-17 23:30:22.563683 INFO: eventNum: 1
2024-07-17 23:30:22.563687 INFO: fd: 29, events: 1

2024-07-17 23:30:22.563720 INFO: HttpConn 29 read success
2024-07-17 23:30:22.563743 INFO: GET / HTTP/1.1
2024-07-17 23:30:22.563750 INFO: Host: 39.98.202.182:9006
2024-07-17 23:30:22.563755 INFO: User-Agent: Go-http-client/1.1
2024-07-17 23:30:22.563759 INFO: oop!unknow header: User-Agent: Go-http-client/1.1
2024-07-17 23:30:22.563764 INFO: X-Vegeta-Seq: 2929
2024-07-17 23:30:22.563768 INFO: oop!unknow header: X-Vegeta-Seq: 2929
2024-07-17 23:30:22.563772 INFO: Accept-Encoding: gzip
2024-07-17 23:30:22.563777 INFO: oop!unknow header: Accept-Encoding: gzip
2024-07-17 23:30:22.563781 INFO: 
2024-07-17 23:30:22.563802 INFO: request:HTTP/1.1 200 OK

2024-07-17 23:30:22.563807 INFO: request:HTTP/1.1 200 OK
Content-Length:542

2024-07-17 23:30:22.563811 INFO: request:HTTP/1.1 200 OK
Content-Length:542
Connection:close

2024-07-17 23:30:22.563816 INFO: request:HTTP/1.1 200 OK
Content-Length:542
Connection:close


2024-07-17 23:30:22.563828 INFO: Thread 140246148044352 is running task

2024-07-17 23:30:22.563845 INFO: eventNum: 2
2024-07-17 23:30:22.563851 INFO: fd: 18, events: 1

2024-07-17 23:30:22.563864 INFO: fd: 29, events: 4

2024-07-17 23:30:22.563868 INFO: HttpConn 18 read success
2024-07-17 23:30:22.563880 INFO: GET / HTTP/1.1
2024-07-17 23:30:22.563889 INFO: Host: 39.98.202.182:9006
2024-07-17 23:30:22.563893 INFO: User-Agent: Go-http-client/1.1
2024-07-17 23:30:22.563901 INFO: oop!unknow header: User-Agent: Go-http-client/1.1
2024-07-17 23:30:22.563908 INFO: Thread 140246114473536 is running task

2024-07-17 23:30:22.563911 INFO: X-Vegeta-Seq: 2926
2024-07-17 23:30:22.563932 INFO: oop!unknow header: X-Vegeta-Seq: 2926
2024-07-17 23:30:22.563937 INFO: Accept-Encoding: gzip
2024-07-17 23:30:22.563941 INFO: oop!unknow header: Accept-Encoding: gzip
2024-07-17 23:30:22.563945 INFO: 
2024-07-17 23:30:22.563962 INFO: request:HTTP/1.1 200 OK

2024-07-17 23:30:22.563966 INFO: request:HTTP/1.1 200 OK
Content-Length:542

2024-07-17 23:30:22.563971 INFO: request:HTTP/1.1 200 OK
Content-Length:542
Connection:close

2024-07-17 23:30:22.563975 INFO: request:HTTP/1.1 200 OK
Content-Length:542
Connection:close


2024-07-17 23:30:22.563989 INFO: Thread 140246156437056 is running task

2024-07-17 23:30:22.564002 INFO: eventNum: 2
2024-07-17 23:30:22.564008 INFO: fd: 16, events: 1

2024-07-17 23:30:22.564020 INFO: HttpConn 16 read success
2024-07-17 23:30:22.564030 INFO: GET / HTTP/1.1
2024-07-17 23:30:22.564035 INFO: Host: 39.98.202.182:9006
2024-07-17 23:30:22.564040 INFO: User-Agent: Go-http-client/1.1
2024-07-17 23:30:22.564045 INFO: oop!unknow header: User-Agent: Go-http-client/1.1
2024-07-17 23:30:22.564049 INFO: X-Vegeta-Seq: 2930
2024-07-17 23:30:22.564053 INFO: oop!unknow header: X-Vegeta-Seq: 2930
2024-07-17 23:30:22.564058 INFO: Accept-Encoding: gzip
2024-07-17 23:30:22.564062 INFO: oop!unknow header: Accept-Encoding: gzip
2024-07-17 23:30:22.564066 INFO: 
2024-07-17 23:30:22.564078 INFO: request:HTTP/1.1 200 OK

2024-07-17 23:30:22.564083 INFO: request:HTTP/1.1 200 OK
Content-Length:542

2024-07-17 23:30:22.564087 INFO: request:HTTP/1.1 200 OK
Content-Length:542
Connection:close

2024-07-17 23:30:22.564091 INFO: request:HTTP/1.1 200 OK
Content-Length:542
Connection:close


2024-07-17 23:30:22.564099 INFO: Thread 140246131258944 is running task

2024-07-17 23:30:22.564106 INFO: fd: 18, events: 4

2024-07-17 23:30:22.564135 INFO: Thread 140246106080832 is running task

2024-07-17 23:30:22.564150 INFO: eventNum: 2
2024-07-17 23:30:22.564155 INFO: fd: 26, events: 8193

2024-07-17 23:30:22.564168 INFO: HttpConn 26 close success
2024-07-17 23:30:22.564175 INFO: Client[26] quit!
2024-07-17 23:30:22.564179 INFO: fd: 16, events: 4

2024-07-17 23:30:22.564207 INFO: Thread 140246097688128 is running task

2024-07-17 23:30:22.576070 INFO: eventNum: 1
2024-07-17 23:30:22.576116 INFO: fd: 28, events: 8193

2024-07-17 23:30:22.576150 INFO: HttpConn 28 close success
2024-07-17 23:30:22.576157 INFO: Client[28] quit!
2024-07-17 23:30:22.579017 INFO: eventNum: 1
2024-07-17 23:30:22.579045 INFO: fd: 17, events: 8193

2024-07-17 23:30:22.579069 INFO: HttpConn 17 close success
2024-07-17 23:30:22.579079 INFO: Client[17] quit!
2024-07-17 23:30:22.580588 INFO: eventNum: 1
2024-07-17 23:30:22.580604 INFO: fd: 18, events: 8193

2024-07-17 23:30:22.580620 INFO: HttpConn 18 close success
2024-07-17 23:30:22.580628 INFO: Client[18] quit!
2024-07-17 23:30:22.582348 INFO: eventNum: 1
2024-07-17 23:30:22.582366 INFO: fd: 29, events: 8193

2024-07-17 23:30:22.582386 INFO: HttpConn 29 close success
2024-07-17 23:30:22.582394 INFO: Client[29] quit!
2024-07-17 23:30:22.582733 INFO: eventNum: 1
2024-07-17 23:30:22.582744 INFO: fd: 16, events: 8193

2024-07-17 23:30:22.582760 INFO: HttpConn 16 close success
2024-07-17 23:30:22.582771 INFO: Client[16] quit!
2024-07-17 23:30:22.586280 INFO: eventNum: 1
2024-07-17 23:30:22.586307 INFO: fd: 13, events: 1

2024-07-17 23:30:22.586312 INFO: HandleListenEvent 13
2024-07-17 23:30:22.586334 INFO: HttpConn 16 init success
2024-07-17 23:30:22.586340 INFO: addTimer id:16 expireTime:1721230722
2024-07-17 23:30:22.586353 INFO: Client[16] in!
2024-07-17 23:30:22.586358 INFO: HandleListenEvent 13
2024-07-17 23:30:22.586366 ERROR: Accept failure -1
2024-07-17 23:30:22.590453 INFO: eventNum: 1
2024-07-17 23:30:22.590480 INFO: fd: 13, events: 1

2024-07-17 23:30:22.590485 INFO: HandleListenEvent 13
2024-07-17 23:30:22.590511 INFO: HttpConn 17 init success
2024-07-17 23:30:22.590517 INFO: addTimer id:17 expireTime:1721230722
2024-07-17 23:30:22.590529 INFO: Client[17] in!
2024-07-17 23:30:22.590533 INFO: HandleListenEvent 13
2024-07-17 23:30:22.590542 ERROR: Accept failure -1
2024-07-17 23:30:22.590836 INFO: eventNum: 1
2024-07-17 23:30:22.590851 INFO: fd: 13, events: 1

2024-07-17 23:30:22.590856 INFO: HandleListenEvent 13
2024-07-17 23:30:22.590870 INFO: HttpConn 18 init success
2024-07-17 23:30:22.590876 INFO: addTimer id:18 expireTime:1721230722
2024-07-17 23:30:22.590886 INFO: Client[18] in!
2024-07-17 23:30:22.590890 INFO: HandleListenEvent 13
2024-07-17 23:30:22.590900 ERROR: Accept failure -1
2024-07-17 23:30:22.591861 INFO: eventNum: 1
2024-07-17 23:30:22.591884 INFO: fd: 16, events: 1

2024-07-17 23:30:22.591902 INFO: HttpConn 16 read success
2024-07-17 23:30:22.591915 INFO: GET / HTTP/1.1
2024-07-17 23:30:22.591921 INFO: Host: 39.98.202.182:9006
2024-07-17 23:30:22.591926 INFO: User-Agent: Go-http-client/1.1
2024-07-17 23:30:22.591930 INFO: oop!unknow header: User-Agent: Go-http-client/1.1
2024-07-17 23:30:22.591935 INFO: X-Vegeta-Seq: 2939
2024-07-17 23:30:22.591939 INFO: oop!unknow header: X-Vegeta-Seq: 2939
2024-07-17 23:30:22.591944 INFO: Accept-Encoding: gzip
2024-07-17 23:30:22.591951 INFO: oop!unknow header: Accept-Encoding: gzip
2024-07-17 23:30:22.591955 INFO: 
2024-07-17 23:30:22.591982 INFO: request:HTTP/1.1 200 OK

2024-07-17 23:30:22.591987 INFO: request:HTTP/1.1 200 OK
Content-Length:542

2024-07-17 23:30:22.591991 INFO: request:HTTP/1.1 200 OK
Content-Length:542
Connection:close

2024-07-17 23:30:22.591996 INFO: request:HTTP/1.1 200 OK
Content-Length:542
Connection:close


2024-07-17 23:30:22.592011 INFO: Thread 140246139651648 is running task

2024-07-17 23:30:22.592023 INFO: eventNum: 2
2024-07-17 23:30:22.592028 INFO: fd: 17, events: 1

2024-07-17 23:30:22.592041 INFO: HttpConn 17 read success
2024-07-17 23:30:22.592050 INFO: GET / HTTP/1.1
2024-07-17 23:30:22.592055 INFO: Host: 39.98.202.182:9006
2024-07-17 23:30:22.592059 INFO: User-Agent: Go-http-client/1.1
2024-07-17 23:30:22.592063 INFO: oop!unknow header: User-Agent: Go-http-client/1.1
2024-07-17 23:30:22.592067 INFO: X-Vegeta-Seq: 2944
2024-07-17 23:30:22.592072 INFO: oop!unknow header: X-Vegeta-Seq: 2944
2024-07-17 23:30:22.592076 INFO: Accept-Encoding: gzip
2024-07-17 23:30:22.592080 INFO: oop!unknow header: Accept-Encoding: gzip
2024-07-17 23:30:22.592093 INFO: 
2024-07-17 23:30:22.592106 INFO: request:HTTP/1.1 200 OK

2024-07-17 23:30:22.592110 INFO: request:HTTP/1.1 200 OK
Content-Length:542

2024-07-17 23:30:22.592115 INFO: request:HTTP/1.1 200 OK
Content-Length:542
Connection:close

2024-07-17 23:30:22.592119 INFO: request:HTTP/1.1 200 OK
Content-Length:542
Connection:close


2024-07-17 23:30:22.592126 INFO: Thread 140246122866240 is running task

2024-07-17 23:30:22.592133 INFO: fd: 16, events: 4

2024-07-17 23:30:22.592145 INFO: eventNum: 1
2024-07-17 23:30:22.592150 INFO: fd: 17, events: 4

2024-07-17 23:30:22.592191 INFO: Thread 140246148044352 is running task

2024-07-17 23:30:22.592228 INFO: Thread 140246148044352 is running task

2024-07-17 23:30:22.592420 INFO: eventNum: 1
2024-07-17 23:30:22.592435 INFO: fd: 13, events: 1

2024-07-17 23:30:22.592440 INFO: HandleListenEvent 13
2024-07-17 23:30:22.592456 INFO: HttpConn 26 init success
2024-07-17 23:30:22.592462 INFO: addTimer id:26 expireTime:1721230722
2024-07-17 23:30:22.592471 INFO: Client[26] in!
2024-07-17 23:30:22.592476 INFO: HandleListenEvent 13
2024-07-17 23:30:22.592485 ERROR: Accept failure -1
2024-07-17 23:30:22.592490 INFO: eventNum: 1
2024-07-17 23:30:22.592494 INFO: fd: 26, events: 1

2024-07-17 23:30:22.592514 INFO: HttpConn 26 read success
2024-07-17 23:30:22.592526 INFO: GET / HTTP/1.1
2024-07-17 23:30:22.592533 INFO: Host: 39.98.202.182:9006
2024-07-17 23:30:22.592540 INFO: User-Agent: Go-http-client/1.1
2024-07-17 23:30:22.592547 INFO: oop!unknow header: User-Agent: Go-http-client/1.1
2024-07-17 23:30:22.592553 INFO: X-Vegeta-Seq: 2943
2024-07-17 23:30:22.592558 INFO: oop!unknow header: X-Vegeta-Seq: 2943
2024-07-17 23:30:22.592564 INFO: Accept-Encoding: gzip
2024-07-17 23:30:22.592571 INFO: oop!unknow header: Accept-Encoding: gzip
2024-07-17 23:30:22.592577 INFO: 
2024-07-17 23:30:22.592592 INFO: request:HTTP/1.1 200 OK

2024-07-17 23:30:22.592598 INFO: request:HTTP/1.1 200 OK
Content-Length:542

2024-07-17 23:30:22.592602 INFO: request:HTTP/1.1 200 OK
Content-Length:542
Connection:close

2024-07-17 23:30:22.592606 INFO: request:HTTP/1.1 200 OK
Content-Length:542
Connection:close


2024-07-17 23:30:22.592616 INFO: Thread 140246156437056 is running task

2024-07-17 23:30:22.592626 INFO: eventNum: 1
2024-07-17 23:30:22.592631 INFO: fd: 26, events: 4

2024-07-17 23:30:22.592671 INFO: Thread 140246131258944 is running task

2024-07-17 23:30:22.592685 INFO: eventNum: 1
2024-07-17 23:30:22.592691 INFO: fd: 18, events: 1

2024-07-17 23:30:22.592703 INFO: HttpConn 18 read success
2024-07-17 23:30:22.592713 INFO: GET / HTTP/1.1
2024-07-17 23:30:22.592718 INFO: Host: 39.98.202.182:9006
2024-07-17 23:30:22.592723 INFO: User-Agent: Go-http-client/1.1
2024-07-17 23:30:22.592727 INFO: oop!unknow header: User-Agent: Go-http-client/1.1
2024-07-17 23:30:22.592731 INFO: X-Vegeta-Seq: 2938
2024-07-17 23:30:22.592736 INFO: oop!unknow header: X-Vegeta-Seq: 2938
2024-07-17 23:30:22.592740 INFO: Accept-Encoding: gzip
2024-07-17 23:30:22.592744 INFO: oop!unknow header: Accept-Encoding: gzip
2024-07-17 23:30:22.592748 INFO: 
2024-07-17 23:30:22.592760 INFO: request:HTTP/1.1 200 OK

2024-07-17 23:30:22.592765 INFO: request:HTTP/1.1 200 OK
Content-Length:542

2024-07-17 23:30:22.592769 INFO: request:HTTP/1.1 200 OK
Content-Length:542
Connection:close

2024-07-17 23:30:22.592774 INFO: request:HTTP/1.1 200 OK
Content-Length:542
Connection:close


2024-07-17 23:30:22.592781 INFO: Thread 140246106080832 is running task

2024-07-17 23:30:22.592789 INFO: eventNum: 1
2024-07-17 23:30:22.592793 INFO: fd: 18, events: 4

2024-07-17 23:30:22.592817 INFO: Thread 140246097688128 is running task

2024-07-17 23:30:22.604252 INFO: eventNum: 1
2024-07-17 23:30:22.604306 INFO: fd: 16, events: 8193

2024-07-17 23:30:22.604341 INFO: HttpConn 16 close success
2024-07-17 23:30:22.604347 INFO: Client[16] quit!
2024-07-17 23:30:22.604354 INFO: eventNum: 1
2024-07-17 23:30:22.604358 INFO: fd: 17, events: 8193

2024-07-17 23:30:22.604369 INFO: HttpConn 17 close success
2024-07-17 23:30:22.604386 INFO: Client[17] quit!
2024-07-17 23:30:22.604802 INFO: eventNum: 1
2024-07-17 23:30:22.604823 INFO: fd: 26, events: 8193

2024-07-17 23:30:22.604840 INFO: HttpConn 26 close success
2024-07-17 23:30:22.604848 INFO: Client[26] quit!
2024-07-17 23:30:22.605052 INFO: eventNum: 1
2024-07-17 23:30:22.605063 INFO: fd: 18, events: 8193

2024-07-17 23:30:22.605076 INFO: HttpConn 18 close success
2024-07-17 23:30:22.605083 INFO: Client[18] quit!
2024-07-17 23:30:22.612234 INFO: eventNum: 1
2024-07-17 23:30:22.612279 INFO: fd: 13, events: 1

2024-07-17 23:30:22.612285 INFO: HandleListenEvent 13
2024-07-17 23:30:22.612309 INFO: HttpConn 16 init success
2024-07-17 23:30:22.612316 INFO: addTimer id:16 expireTime:1721230722
2024-07-17 23:30:22.612331 INFO: Client[16] in!
2024-07-17 23:30:22.612336 INFO: HandleListenEvent 13
2024-07-17 23:30:22.612346 ERROR: Accept failure -1
2024-07-17 23:30:22.614868 INFO: eventNum: 1
2024-07-17 23:30:22.614898 INFO: fd: 16, events: 1

2024-07-17 23:30:22.614917 INFO: HttpConn 16 read success
2024-07-17 23:30:22.614930 INFO: GET / HTTP/1.1
2024-07-17 23:30:22.614936 INFO: Host: 39.98.202.182:9006
2024-07-17 23:30:22.614941 INFO: User-Agent: Go-http-client/1.1
2024-07-17 23:30:22.614945 INFO: oop!unknow header: User-Agent: Go-http-client/1.1
2024-07-17 23:30:22.614950 INFO: X-Vegeta-Seq: 2956
2024-07-17 23:30:22.614957 INFO: oop!unknow header: X-Vegeta-Seq: 2956
2024-07-17 23:30:22.614961 INFO: Accept-Encoding: gzip
2024-07-17 23:30:22.614969 INFO: oop!unknow header: Accept-Encoding: gzip
2024-07-17 23:30:22.614974 INFO: 
2024-07-17 23:30:22.615004 INFO: request:HTTP/1.1 200 OK

2024-07-17 23:30:22.615010 INFO: request:HTTP/1.1 200 OK
Content-Length:542

2024-07-17 23:30:22.615014 INFO: request:HTTP/1.1 200 OK
Content-Length:542
Connection:close

2024-07-17 23:30:22.615019 INFO: request:HTTP/1.1 200 OK
Content-Length:542
Connection:close


2024-07-17 23:30:22.615035 INFO: Thread 140246139651648 is running task

2024-07-17 23:30:22.615045 INFO: eventNum: 1
2024-07-17 23:30:22.615050 INFO: fd: 16, events: 4

2024-07-17 23:30:22.615094 INFO: Thread 140246122866240 is running task

2024-07-17 23:30:22.618027 INFO: eventNum: 1
2024-07-17 23:30:22.618061 INFO: fd: 13, events: 1

2024-07-17 23:30:22.618067 INFO: HandleListenEvent 13
2024-07-17 23:30:22.618088 INFO: HttpConn 17 init success
2024-07-17 23:30:22.618094 INFO: addTimer id:17 expireTime:1721230722
2024-07-17 23:30:22.618108 INFO: Client[17] in!
2024-07-17 23:30:22.618124 INFO: HandleListenEvent 13
2024-07-17 23:30:22.618136 ERROR: Accept failure -1
2024-07-17 23:30:22.619468 INFO: eventNum: 1
2024-07-17 23:30:22.619493 INFO: fd: 17, events: 1

2024-07-17 23:30:22.619538 INFO: HttpConn 17 read success
2024-07-17 23:30:22.619551 INFO: GET / HTTP/1.1
2024-07-17 23:30:22.619557 INFO: Host: 39.98.202.182:9006
2024-07-17 23:30:22.619562 INFO: User-Agent: Go-http-client/1.1
2024-07-17 23:30:22.619567 INFO: oop!unknow header: User-Agent: Go-http-client/1.1
2024-07-17 23:30:22.619571 INFO: X-Vegeta-Seq: 2957
2024-07-17 23:30:22.619576 INFO: oop!unknow header: X-Vegeta-Seq: 2957
2024-07-17 23:30:22.619580 INFO: Accept-Encoding: gzip
2024-07-17 23:30:22.619584 INFO: oop!unknow header: Accept-Encoding: gzip
2024-07-17 23:30:22.619589 INFO: 
2024-07-17 23:30:22.619612 INFO: request:HTTP/1.1 200 OK

2024-07-17 23:30:22.619617 INFO: request:HTTP/1.1 200 OK
Content-Length:542

2024-07-17 23:30:22.619621 INFO: request:HTTP/1.1 200 OK
Content-Length:542
Connection:close

2024-07-17 23:30:22.619626 INFO: request:HTTP/1.1 200 OK
Content-Length:542
Connection:close


2024-07-17 23:30:22.619640 INFO: Thread 140246148044352 is running task

2024-07-17 23:30:22.619650 INFO: eventNum: 1
2024-07-17 23:30:22.619657 INFO: fd: 17, events: 4

2024-07-17 23:30:22.619707 INFO: Thread 140246114473536 is running task

2024-07-17 23:30:22.625310 INFO: eventNum: 1
2024-07-17 23:30:22.625350 INFO: fd: 16, events: 8193

2024-07-17 23:30:22.625377 INFO: HttpConn 16 close success
2024-07-17 23:30:22.625383 INFO: Client[16] quit!
2024-07-17 23:30:22.625919 INFO: eventNum: 1
2024-07-17 23:30:22.625936 INFO: fd: 13, events: 1

2024-07-17 23:30:22.625941 INFO: HandleListenEvent 13
2024-07-17 23:30:22.625963 INFO: HttpConn 16 init success
2024-07-17 23:30:22.625969 INFO: addTimer id:16 expireTime:1721230722
2024-07-17 23:30:22.625982 INFO: Client[16] in!
2024-07-17 23:30:22.625986 INFO: HandleListenEvent 13
2024-07-17 23:30:22.625995 ERROR: Accept failure -1
2024-07-17 23:30:22.626220 INFO: eventNum: 1
2024-07-17 23:30:22.626233 INFO: fd: 13, events: 1

2024-07-17 23:30:22.626238 INFO: HandleListenEvent 13
2024-07-17 23:30:22.626250 INFO: HttpConn 18 init success
2024-07-17 23:30:22.626256 INFO: addTimer id:18 expireTime:1721230722
2024-07-17 23:30:22.626266 INFO: Client[18] in!
2024-07-17 23:30:22.626274 INFO: HandleListenEvent 13
2024-07-17 23:30:22.626285 ERROR: Accept failure -1
2024-07-17 23:30:22.626681 INFO: eventNum: 1
2024-07-17 23:30:22.626694 INFO: fd: 16, events: 1

2024-07-17 23:30:22.626721 INFO: HttpConn 16 read success
2024-07-17 23:30:22.626751 INFO: GET / HTTP/1.1
2024-07-17 23:30:22.626758 INFO: Host: 39.98.202.182:9006
2024-07-17 23:30:22.626764 INFO: User-Agent: Go-http-client/1.1
2024-07-17 23:30:22.626768 INFO: oop!unknow header: User-Agent: Go-http-client/1.1
2024-07-17 23:30:22.626773 INFO: X-Vegeta-Seq: 2960
2024-07-17 23:30:22.626777 INFO: oop!unknow header: X-Vegeta-Seq: 2960
2024-07-17 23:30:22.626781 INFO: Accept-Encoding: gzip
2024-07-17 23:30:22.626786 INFO: oop!unknow header: Accept-Encoding: gzip
2024-07-17 23:30:22.626790 INFO: 
2024-07-17 23:30:22.626815 INFO: request:HTTP/1.1 200 OK

2024-07-17 23:30:22.626820 INFO: request:HTTP/1.1 200 OK
Content-Length:542

2024-07-17 23:30:22.626824 INFO: request:HTTP/1.1 200 OK
Content-Length:542
Connection:close

2024-07-17 23:30:22.626829 INFO: request:HTTP/1.1 200 OK
Content-Length:542
Connection:close


2024-07-17 23:30:22.626849 INFO: eventNum: 1
2024-07-17 23:30:22.626868 INFO: fd: 16, events: 4

2024-07-17 23:30:22.626850 INFO: Thread 140246156437056 is running task

2024-07-17 23:30:22.626915 INFO: Thread 140246156437056 is running task

2024-07-17 23:30:22.626973 INFO: eventNum: 1
2024-07-17 23:30:22.626983 INFO: fd: 18, events: 1

2024-07-17 23:30:22.626998 INFO: HttpConn 18 read success
2024-07-17 23:30:22.627009 INFO: GET / HTTP/1.1
2024-07-17 23:30:22.627015 INFO: Host: 39.98.202.182:9006
2024-07-17 23:30:22.627019 INFO: User-Agent: Go-http-client/1.1
2024-07-17 23:30:22.627023 INFO: oop!unknow header: User-Agent: Go-http-client/1.1
2024-07-17 23:30:22.627028 INFO: X-Vegeta-Seq: 2959
2024-07-17 23:30:22.627032 INFO: oop!unknow header: X-Vegeta-Seq: 2959
2024-07-17 23:30:22.627037 INFO: Accept-Encoding: gzip
2024-07-17 23:30:22.627041 INFO: oop!unknow header: Accept-Encoding: gzip
2024-07-17 23:30:22.627045 INFO: 
2024-07-17 23:30:22.627058 INFO: request:HTTP/1.1 200 OK

2024-07-17 23:30:22.627063 INFO: request:HTTP/1.1 200 OK
Content-Length:542

2024-07-17 23:30:22.627067 INFO: request:HTTP/1.1 200 OK
Content-Length:542
Connection:close

2024-07-17 23:30:22.627071 INFO: request:HTTP/1.1 200 OK
Content-Length:542
Connection:close


2024-07-17 23:30:22.627083 INFO: Thread 140246106080832 is running task

2024-07-17 23:30:22.627087 INFO: eventNum: 1
2024-07-17 23:30:22.627095 INFO: fd: 18, events: 4

2024-07-17 23:30:22.627125 INFO: Thread 140246097688128 is running task

2024-07-17 23:30:22.635645 INFO: eventNum: 1
2024-07-17 23:30:22.635695 INFO: fd: 13, events: 1

2024-07-17 23:30:22.635701 INFO: HandleListenEvent 13
2024-07-17 23:30:22.635730 INFO: HttpConn 26 init success
2024-07-17 23:30:22.635738 INFO: addTimer id:26 expireTime:1721230722
2024-07-17 23:30:22.635762 INFO: Client[26] in!
2024-07-17 23:30:22.635767 INFO: HandleListenEvent 13
2024-07-17 23:30:22.635776 INFO: HttpConn 28 init success
2024-07-17 23:30:22.635781 INFO: addTimer id:28 expireTime:1721230722
2024-07-17 23:30:22.635789 INFO: Client[28] in!
2024-07-17 23:30:22.635793 INFO: HandleListenEvent 13
2024-07-17 23:30:22.635804 ERROR: Accept failure -1
2024-07-17 23:30:22.636208 INFO: eventNum: 1
2024-07-17 23:30:22.636223 INFO: fd: 13, events: 1

2024-07-17 23:30:22.636228 INFO: HandleListenEvent 13
2024-07-17 23:30:22.636240 INFO: HttpConn 29 init success
2024-07-17 23:30:22.636245 INFO: addTimer id:29 expireTime:1721230722
2024-07-17 23:30:22.636254 INFO: Client[29] in!
2024-07-17 23:30:22.636259 INFO: HandleListenEvent 13
2024-07-17 23:30:22.636266 ERROR: Accept failure -1
2024-07-17 23:30:22.639023 INFO: eventNum: 2
2024-07-17 23:30:22.639062 INFO: fd: 17, events: 8193

2024-07-17 23:30:22.639085 INFO: HttpConn 17 close success
2024-07-17 23:30:22.639090 INFO: Client[17] quit!
2024-07-17 23:30:22.639095 INFO: fd: 26, events: 1

2024-07-17 23:30:22.639120 INFO: HttpConn 26 read success
2024-07-17 23:30:22.639157 INFO: GET / HTTP/1.1
2024-07-17 23:30:22.639164 INFO: Host: 39.98.202.182:9006
2024-07-17 23:30:22.639169 INFO: User-Agent: Go-http-client/1.1
2024-07-17 23:30:22.639174 INFO: oop!unknow header: User-Agent: Go-http-client/1.1
2024-07-17 23:30:22.639179 INFO: X-Vegeta-Seq: 2963
2024-07-17 23:30:22.639183 INFO: oop!unknow header: X-Vegeta-Seq: 2963
2024-07-17 23:30:22.639188 INFO: Accept-Encoding: gzip
2024-07-17 23:30:22.639192 INFO: oop!unknow header: Accept-Encoding: gzip
2024-07-17 23:30:22.639196 INFO: 
2024-07-17 23:30:22.639221 INFO: request:HTTP/1.1 200 OK

2024-07-17 23:30:22.639227 INFO: request:HTTP/1.1 200 OK
Content-Length:542

2024-07-17 23:30:22.639231 INFO: request:HTTP/1.1 200 OK
Content-Length:542
Connection:close

2024-07-17 23:30:22.639236 INFO: request:HTTP/1.1 200 OK
Content-Length:542
Connection:close


2024-07-17 23:30:22.639250 INFO: Thread 140246139651648 is running task

2024-07-17 23:30:22.639270 INFO: eventNum: 2
2024-07-17 23:30:22.639276 INFO: fd: 28, events: 1

2024-07-17 23:30:22.639292 INFO: HttpConn 28 read success
2024-07-17 23:30:22.639301 INFO: GET / HTTP/1.1
2024-07-17 23:30:22.639307 INFO: Host: 39.98.202.182:9006
2024-07-17 23:30:22.639311 INFO: User-Agent: Go-http-client/1.1
2024-07-17 23:30:22.639315 INFO: oop!unknow header: User-Agent: Go-http-client/1.1
2024-07-17 23:30:22.639320 INFO: X-Vegeta-Seq: 2962
2024-07-17 23:30:22.639325 INFO: oop!unknow header: X-Vegeta-Seq: 2962
2024-07-17 23:30:22.639329 INFO: Accept-Encoding: gzip
2024-07-17 23:30:22.639333 INFO: oop!unknow header: Accept-Encoding: gzip
2024-07-17 23:30:22.639341 INFO: 
2024-07-17 23:30:22.639353 INFO: request:HTTP/1.1 200 OK

2024-07-17 23:30:22.639362 INFO: request:HTTP/1.1 200 OK
Content-Length:542

2024-07-17 23:30:22.639366 INFO: request:HTTP/1.1 200 OK
Content-Length:542
Connection:close

2024-07-17 23:30:22.639370 INFO: request:HTTP/1.1 200 OK
Content-Length:542
Connection:close


2024-07-17 23:30:22.639377 INFO: Thread 140246122866240 is running task

2024-07-17 23:30:22.639385 INFO: fd: 26, events: 4

2024-07-17 23:30:22.639398 INFO: eventNum: 1
2024-07-17 23:30:22.639406 INFO: fd: 28, events: 4

2024-07-17 23:30:22.639442 INFO: Thread 140246148044352 is running task

2024-07-17 23:30:22.639466 INFO: Thread 140246148044352 is running task

2024-07-17 23:30:22.639717 INFO: eventNum: 1
2024-07-17 23:30:22.639734 INFO: fd: 18, events: 8193

2024-07-17 23:30:22.639757 INFO: HttpConn 18 close success
2024-07-17 23:30:22.639766 INFO: Client[18] quit!
2024-07-17 23:30:22.639958 INFO: eventNum: 1
2024-07-17 23:30:22.639974 INFO: fd: 29, events: 1

2024-07-17 23:30:22.639989 INFO: HttpConn 29 read success
2024-07-17 23:30:22.639999 INFO: GET / HTTP/1.1
2024-07-17 23:30:22.640004 INFO: Host: 39.98.202.182:9006
2024-07-17 23:30:22.640009 INFO: User-Agent: Go-http-client/1.1
2024-07-17 23:30:22.640014 INFO: oop!unknow header: User-Agent: Go-http-client/1.1
2024-07-17 23:30:22.640018 INFO: X-Vegeta-Seq: 2961
2024-07-17 23:30:22.640022 INFO: oop!unknow header: X-Vegeta-Seq: 2961
2024-07-17 23:30:22.640027 INFO: Accept-Encoding: gzip
2024-07-17 23:30:22.640031 INFO: oop!unknow header: Accept-Encoding: gzip
2024-07-17 23:30:22.640035 INFO: 
2024-07-17 23:30:22.640052 INFO: request:HTTP/1.1 200 OK

2024-07-17 23:30:22.640057 INFO: request:HTTP/1.1 200 OK
Content-Length:542

2024-07-17 23:30:22.640071 INFO: request:HTTP/1.1 200 OK
Content-Length:542
Connection:close

2024-07-17 23:30:22.640075 INFO: request:HTTP/1.1 200 OK
Content-Length:542
Connection:close


2024-07-17 23:30:22.640084 INFO: Thread 140246156437056 is running task

2024-07-17 23:30:22.640094 INFO: eventNum: 1
2024-07-17 23:30:22.640098 INFO: fd: 29, events: 4

2024-07-17 23:30:22.640131 INFO: Thread 140246131258944 is running task

2024-07-17 23:30:22.640202 INFO: eventNum: 1
2024-07-17 23:30:22.640214 INFO: fd: 16, events: 8193

2024-07-17 23:30:22.640229 INFO: HttpConn 16 close success
2024-07-17 23:30:22.640236 INFO: Client[16] quit!
2024-07-17 23:30:22.647462 INFO: eventNum: 1
2024-07-17 23:30:22.647534 INFO: fd: 13, events: 1

2024-07-17 23:30:22.647540 INFO: HandleListenEvent 13
2024-07-17 23:30:22.647565 INFO: HttpConn 16 init success
2024-07-17 23:30:22.647572 INFO: addTimer id:16 expireTime:1721230722
2024-07-17 23:30:22.647586 INFO: Client[16] in!
2024-07-17 23:30:22.647590 INFO: HandleListenEvent 13
2024-07-17 23:30:22.647600 ERROR: Accept failure -1
2024-07-17 23:30:22.649682 INFO: eventNum: 1
2024-07-17 23:30:22.649711 INFO: fd: 16, events: 1

2024-07-17 23:30:22.649729 INFO: HttpConn 16 read success
2024-07-17 23:30:22.649743 INFO: GET / HTTP/1.1
2024-07-17 23:30:22.649749 INFO: Host: 39.98.202.182:9006
2024-07-17 23:30:22.649754 INFO: User-Agent: Go-http-client/1.1
2024-07-17 23:30:22.649758 INFO: oop!unknow header: User-Agent: Go-http-client/1.1
2024-07-17 23:30:22.649763 INFO: X-Vegeta-Seq: 2970
2024-07-17 23:30:22.649767 INFO: oop!unknow header: X-Vegeta-Seq: 2970
2024-07-17 23:30:22.649772 INFO: Accept-Encoding: gzip
2024-07-17 23:30:22.649776 INFO: oop!unknow header: Accept-Encoding: gzip
2024-07-17 23:30:22.649780 INFO: 
2024-07-17 23:30:22.649805 INFO: request:HTTP/1.1 200 OK

2024-07-17 23:30:22.649810 INFO: request:HTTP/1.1 200 OK
Content-Length:542

2024-07-17 23:30:22.649815 INFO: request:HTTP/1.1 200 OK
Content-Length:542
Connection:close

2024-07-17 23:30:22.649819 INFO: request:HTTP/1.1 200 OK
Content-Length:542
Connection:close


2024-07-17 23:30:22.649835 INFO: Thread 140246106080832 is running task

2024-07-17 23:30:22.649846 INFO: eventNum: 1
2024-07-17 23:30:22.649850 INFO: fd: 16, events: 4

2024-07-17 23:30:22.649892 INFO: Thread 140246097688128 is running task

2024-07-17 23:30:22.650392 INFO: eventNum: 1
2024-07-17 23:30:22.650409 INFO: fd: 28, events: 8193

2024-07-17 23:30:22.650429 INFO: HttpConn 28 close success
2024-07-17 23:30:22.650437 INFO: Client[28] quit!
2024-07-17 23:30:22.650685 INFO: eventNum: 1
2024-07-17 23:30:22.650696 INFO: fd: 26, events: 8193

2024-07-17 23:30:22.650709 INFO: HttpConn 26 close success
2024-07-17 23:30:22.650716 INFO: Client[26] quit!
2024-07-17 23:30:22.652655 INFO: eventNum: 1
2024-07-17 23:30:22.652676 INFO: fd: 13, events: 1

2024-07-17 23:30:22.652681 INFO: HandleListenEvent 13
2024-07-17 23:30:22.652702 INFO: HttpConn 17 init success
2024-07-17 23:30:22.652708 INFO: addTimer id:17 expireTime:1721230722
2024-07-17 23:30:22.652719 INFO: Client[17] in!
2024-07-17 23:30:22.652724 INFO: HandleListenEvent 13
2024-07-17 23:30:22.652733 ERROR: Accept failure -1
2024-07-17 23:30:22.653067 INFO: eventNum: 1
2024-07-17 23:30:22.653081 INFO: fd: 29, events: 8193

2024-07-17 23:30:22.653102 INFO: HttpConn 29 close success
2024-07-17 23:30:22.653112 INFO: Client[29] quit!
2024-07-17 23:30:22.653750 INFO: eventNum: 1
2024-07-17 23:30:22.653766 INFO: fd: 13, events: 1

2024-07-17 23:30:22.653770 INFO: HandleListenEvent 13
2024-07-17 23:30:22.653785 INFO: HttpConn 18 init success
2024-07-17 23:30:22.653791 INFO: addTimer id:18 expireTime:1721230722
2024-07-17 23:30:22.653801 INFO: Client[18] in!
2024-07-17 23:30:22.653806 INFO: HandleListenEvent 13
2024-07-17 23:30:22.653814 ERROR: Accept failure -1
2024-07-17 23:30:22.654188 INFO: eventNum: 1
2024-07-17 23:30:22.654206 INFO: fd: 17, events: 1

2024-07-17 23:30:22.654222 INFO: HttpConn 17 read success
2024-07-17 23:30:22.654234 INFO: GET / HTTP/1.1
2024-07-17 23:30:22.654250 INFO: Host: 39.98.202.182:9006
2024-07-17 23:30:22.654255 INFO: User-Agent: Go-http-client/1.1
2024-07-17 23:30:22.654259 INFO: oop!unknow header: User-Agent: Go-http-client/1.1
2024-07-17 23:30:22.654264 INFO: X-Vegeta-Seq: 2975
2024-07-17 23:30:22.654268 INFO: oop!unknow header: X-Vegeta-Seq: 2975
2024-07-17 23:30:22.654272 INFO: Accept-Encoding: gzip
2024-07-17 23:30:22.654277 INFO: oop!unknow header: Accept-Encoding: gzip
2024-07-17 23:30:22.654281 INFO: 
2024-07-17 23:30:22.654304 INFO: request:HTTP/1.1 200 OK

2024-07-17 23:30:22.654309 INFO: request:HTTP/1.1 200 OK
Content-Length:542

2024-07-17 23:30:22.654313 INFO: request:HTTP/1.1 200 OK
Content-Length:542
Connection:close

2024-07-17 23:30:22.654318 INFO: request:HTTP/1.1 200 OK
Content-Length:542
Connection:close


2024-07-17 23:30:22.654332 INFO: Thread 140246139651648 is running task

2024-07-17 23:30:22.654342 INFO: eventNum: 1
2024-07-17 23:30:22.654346 INFO: fd: 17, events: 4

2024-07-17 23:30:22.654386 INFO: Thread 140246122866240 is running task

2024-07-17 23:30:22.654655 INFO: eventNum: 1
2024-07-17 23:30:22.654674 INFO: fd: 13, events: 1

2024-07-17 23:30:22.654682 INFO: HandleListenEvent 13
2024-07-17 23:30:22.654696 INFO: HttpConn 26 init success
2024-07-17 23:30:22.654702 INFO: addTimer id:26 expireTime:1721230722
2024-07-17 23:30:22.654711 INFO: Client[26] in!
2024-07-17 23:30:22.654716 INFO: HandleListenEvent 13
2024-07-17 23:30:22.654724 ERROR: Accept failure -1
2024-07-17 23:30:22.654836 INFO: eventNum: 1
2024-07-17 23:30:22.654851 INFO: fd: 18, events: 1

2024-07-17 23:30:22.654873 INFO: HttpConn 18 read success
2024-07-17 23:30:22.654905 INFO: GET / HTTP/1.1
2024-07-17 23:30:22.654912 INFO: Host: 39.98.202.182:9006
2024-07-17 23:30:22.654918 INFO: User-Agent: Go-http-client/1.1
2024-07-17 23:30:22.654922 INFO: oop!unknow header: User-Agent: Go-http-client/1.1
2024-07-17 23:30:22.654927 INFO: X-Vegeta-Seq: 2973
2024-07-17 23:30:22.654931 INFO: oop!unknow header: X-Vegeta-Seq: 2973
2024-07-17 23:30:22.654935 INFO: Accept-Encoding: gzip
2024-07-17 23:30:22.654940 INFO: oop!unknow header: Accept-Encoding: gzip
2024-07-17 23:30:22.654944 INFO: 
2024-07-17 23:30:22.654965 INFO: request:HTTP/1.1 200 OK

2024-07-17 23:30:22.654984 INFO: eventNum: 1
2024-07-17 23:30:22.655000 INFO: fd: 26, events: 1

2024-07-17 23:30:22.654987 INFO: request:HTTP/1.1 200 OK
Content-Length:542

2024-07-17 23:30:22.655014 INFO: request:HTTP/1.1 200 OK
Content-Length:542
Connection:close

2024-07-17 23:30:22.655020 INFO: request:HTTP/1.1 200 OK
Content-Length:542
Connection:close


2024-07-17 23:30:22.655038 INFO: Thread 140246148044352 is running task

2024-07-17 23:30:22.655039 INFO: eventNum: 1
2024-07-17 23:30:22.655047 INFO: HttpConn 26 read success
2024-07-17 23:30:22.655078 INFO: GET / HTTP/1.1
2024-07-17 23:30:22.655089 INFO: Host: 39.98.202.182:9006
2024-07-17 23:30:22.655063 INFO: fd: 18, events: 4

2024-07-17 23:30:22.655094 INFO: User-Agent: Go-http-client/1.1
2024-07-17 23:30:22.655111 INFO: oop!unknow header: User-Agent: Go-http-client/1.1
2024-07-17 23:30:22.655118 INFO: X-Vegeta-Seq: 2974
2024-07-17 23:30:22.655124 INFO: oop!unknow header: X-Vegeta-Seq: 2974
2024-07-17 23:30:22.655133 INFO: Accept-Encoding: gzip
2024-07-17 23:30:22.655137 INFO: Thread 140246156437056 is running task

2024-07-17 23:30:22.655139 INFO: oop!unknow header: Accept-Encoding: gzip
2024-07-17 23:30:22.655156 INFO: 
2024-07-17 23:30:22.655175 INFO: request:HTTP/1.1 200 OK

2024-07-17 23:30:22.655183 INFO: request:HTTP/1.1 200 OK
Content-Length:542

2024-07-17 23:30:22.655188 INFO: request:HTTP/1.1 200 OK
Content-Length:542
Connection:close

2024-07-17 23:30:22.655195 INFO: request:HTTP/1.1 200 OK
Content-Length:542
Connection:close


2024-07-17 23:30:22.655211 INFO: Thread 140246148044352 is running task

2024-07-17 23:30:22.655214 INFO: eventNum: 1
2024-07-17 23:30:22.655222 INFO: fd: 26, events: 4

2024-07-17 23:30:22.655249 INFO: Thread 140246131258944 is running task

2024-07-17 23:30:22.661288 INFO: eventNum: 1
2024-07-17 23:30:22.661336 INFO: fd: 16, events: 8193

2024-07-17 23:30:22.661359 INFO: HttpConn 16 close success
2024-07-17 23:30:22.661368 INFO: Client[16] quit!
2024-07-17 23:30:22.684242 INFO: eventNum: 1
2024-07-17 23:30:22.684301 INFO: fd: 26, events: 8193

2024-07-17 23:30:22.684347 INFO: HttpConn 26 close success
2024-07-17 23:30:22.684356 INFO: Client[26] quit!
2024-07-17 23:30:22.684495 INFO: eventNum: 1
2024-07-17 23:30:22.684513 INFO: fd: 17, events: 8193

2024-07-17 23:30:22.684531 INFO: HttpConn 17 close success
2024-07-17 23:30:22.684539 INFO: Client[17] quit!
2024-07-17 23:30:22.685208 INFO: eventNum: 1
2024-07-17 23:30:22.685227 INFO: fd: 18, events: 8193

2024-07-17 23:30:22.685243 INFO: HttpConn 18 close success
2024-07-17 23:30:22.685251 INFO: Client[18] quit!
2024-07-17 23:30:22.685334 INFO: eventNum: 1
2024-07-17 23:30:22.685345 INFO: fd: 13, events: 1

2024-07-17 23:30:22.685352 INFO: HandleListenEvent 13
2024-07-17 23:30:22.685382 INFO: HttpConn 16 init success
2024-07-17 23:30:22.685393 INFO: addTimer id:16 expireTime:1721230722
2024-07-17 23:30:22.685407 INFO: Client[16] in!
2024-07-17 23:30:22.685412 INFO: HandleListenEvent 13
2024-07-17 23:30:22.685420 ERROR: Accept failure -1
2024-07-17 23:30:22.685722 INFO: eventNum: 1
2024-07-17 23:30:22.685739 INFO: fd: 16, events: 1

2024-07-17 23:30:22.685780 INFO: HttpConn 16 read success
2024-07-17 23:30:22.685824 INFO: GET / HTTP/1.1
2024-07-17 23:30:22.685836 INFO: Host: 39.98.202.182:9006
2024-07-17 23:30:22.685844 INFO: User-Agent: Go-http-client/1.1
2024-07-17 23:30:22.685851 INFO: oop!unknow header: User-Agent: Go-http-client/1.1
2024-07-17 23:30:22.685858 INFO: X-Vegeta-Seq: 2982
2024-07-17 23:30:22.685865 INFO: oop!unknow header: X-Vegeta-Seq: 2982
2024-07-17 23:30:22.685872 INFO: Accept-Encoding: gzip
2024-07-17 23:30:22.685879 INFO: oop!unknow header: Accept-Encoding: gzip
2024-07-17 23:30:22.685885 INFO: 
2024-07-17 23:30:22.685920 INFO: request:HTTP/1.1 200 OK

2024-07-17 23:30:22.685928 INFO: request:HTTP/1.1 200 OK
Content-Length:542

2024-07-17 23:30:22.685934 INFO: request:HTTP/1.1 200 OK
Content-Length:542
Connection:close

2024-07-17 23:30:22.685940 INFO: request:HTTP/1.1 200 OK
Content-Length:542
Connection:close


2024-07-17 23:30:22.685961 INFO: eventNum: 1
2024-07-17 23:30:22.685967 INFO: Thread 140246106080832 is running task

2024-07-17 23:30:22.685969 INFO: fd: 16, events: 4

2024-07-17 23:30:22.686041 INFO: Thread 140246097688128 is running task

2024-07-17 23:30:22.686303 INFO: eventNum: 1
2024-07-17 23:30:22.686326 INFO: fd: 13, events: 1

2024-07-17 23:30:22.686337 INFO: HandleListenEvent 13
2024-07-17 23:30:22.686355 INFO: HttpConn 17 init success
2024-07-17 23:30:22.686366 INFO: addTimer id:17 expireTime:1721230722
2024-07-17 23:30:22.686376 INFO: Client[17] in!
2024-07-17 23:30:22.686381 INFO: HandleListenEvent 13
2024-07-17 23:30:22.686392 INFO: HttpConn 18 init success
2024-07-17 23:30:22.686397 INFO: addTimer id:18 expireTime:1721230722
2024-07-17 23:30:22.686405 INFO: Client[18] in!
2024-07-17 23:30:22.686410 INFO: HandleListenEvent 13
