2024-07-17 23:32:21.679355 INFO: request:HTTP/1.1 200 OK
Content-Length:542
Connection:close


2024-07-17 23:32:21.679447 INFO: Thread 140246097688128 is running task

2024-07-17 23:32:21.679472 INFO: eventNum: 1
2024-07-17 23:32:21.679479 INFO: fd: 142, events: 4

2024-07-17 23:32:21.679526 INFO: Thread 140246156437056 is running task

2024-07-17 23:32:21.679639 INFO: eventNum: 1
2024-07-17 23:32:21.679650 INFO: fd: 13, events: 1

2024-07-17 23:32:21.679655 INFO: HandleListenEvent 13
2024-07-17 23:32:21.679670 INFO: HttpConn 144 init success
2024-07-17 23:32:21.679676 INFO: addTimer id:144 expireTime:1721230841
2024-07-17 23:32:21.679687 INFO: Client[144] in!
2024-07-17 23:32:21.679691 INFO: HandleListenEvent 13
2024-07-17 23:32:21.679700 ERROR: Accept failure -1
2024-07-17 23:32:21.680019 INFO: eventNum: 1
2024-07-17 23:32:21.680041 INFO: fd: 13, events: 1

2024-07-17 23:32:21.680047 INFO: HandleListenEvent 13
2024-07-17 23:32:21.680064 INFO: HttpConn 151 init success
2024-07-17 23:32:21.680070 INFO: addTimer id:151 expireTime:1721230841
2024-07-17 23:32:21.680082 INFO: Client[151] in!
2024-07-17 23:32:21.680087 INFO: HandleListenEvent 13
2024-07-17 23:32:21.680096 ERROR: Accept failure -1
2024-07-17 23:32:21.680240 INFO: eventNum: 1
2024-07-17 23:32:21.680262 INFO: fd: 121, events: 8193

2024-07-17 23:32:21.680286 INFO: HttpConn 121 close success
2024-07-17 23:32:21.680294 INFO: Client[121] quit!
2024-07-17 23:32:21.680409 INFO: eventNum: 1
2024-07-17 23:32:21.680434 INFO: fd: 151, events: 1

2024-07-17 23:32:21.680451 INFO: HttpConn 151 read success
2024-07-17 23:32:21.680462 INFO: GET / HTTP/1.1
2024-07-17 23:32:21.680469 INFO: Host: 39.98.202.182:9006
2024-07-17 23:32:21.680473 INFO: User-Agent: Go-http-client/1.1
2024-07-17 23:32:21.680477 INFO: oop!unknow header: User-Agent: Go-http-client/1.1
2024-07-17 23:32:21.680482 INFO: X-Vegeta-Seq: 2087
2024-07-17 23:32:21.680486 INFO: oop!unknow header: X-Vegeta-Seq: 2087
2024-07-17 23:32:21.680491 INFO: Accept-Encoding: gzip
2024-07-17 23:32:21.680496 INFO: oop!unknow header: Accept-Encoding: gzip
2024-07-17 23:32:21.680502 INFO: 
2024-07-17 23:32:21.680526 INFO: request:HTTP/1.1 200 OK

2024-07-17 23:32:21.680534 INFO: request:HTTP/1.1 200 OK
Content-Length:542

2024-07-17 23:32:21.680540 INFO: request:HTTP/1.1 200 OK
Content-Length:542
Connection:close

2024-07-17 23:32:21.680546 INFO: request:HTTP/1.1 200 OK
Content-Length:542
Connection:close


2024-07-17 23:32:21.680562 INFO: Thread 140246106080832 is running task

2024-07-17 23:32:21.680576 INFO: eventNum: 1
2024-07-17 23:32:21.680583 INFO: fd: 151, events: 4

2024-07-17 23:32:21.680627 INFO: Thread 140246148044352 is running task

2024-07-17 23:32:21.680640 INFO: eventNum: 1
2024-07-17 23:32:21.680645 INFO: fd: 105, events: 8193

2024-07-17 23:32:21.680661 INFO: HttpConn 105 close success
2024-07-17 23:32:21.680669 INFO: Client[105] quit!
2024-07-17 23:32:21.680771 INFO: eventNum: 1
2024-07-17 23:32:21.680799 INFO: fd: 115, events: 8193

2024-07-17 23:32:21.680829 INFO: HttpConn 115 close success
2024-07-17 23:32:21.680862 INFO: Client[115] quit!
2024-07-17 23:32:21.681328 INFO: eventNum: 2
2024-07-17 23:32:21.681349 INFO: fd: 13, events: 1

2024-07-17 23:32:21.681355 INFO: HandleListenEvent 13
2024-07-17 23:32:21.681372 INFO: HttpConn 105 init success
2024-07-17 23:32:21.681385 INFO: addTimer id:105 expireTime:1721230841
2024-07-17 23:32:21.681397 INFO: Client[105] in!
2024-07-17 23:32:21.681401 INFO: HandleListenEvent 13
2024-07-17 23:32:21.681411 ERROR: Accept failure -1
2024-07-17 23:32:21.681415 INFO: fd: 138, events: 8193

2024-07-17 23:32:21.681433 INFO: HttpConn 138 close success
2024-07-17 23:32:21.681442 INFO: Client[138] quit!
2024-07-17 23:32:21.681447 INFO: eventNum: 1
2024-07-17 23:32:21.681451 INFO: fd: 105, events: 1

2024-07-17 23:32:21.681471 INFO: HttpConn 105 read success
2024-07-17 23:32:21.681493 INFO: GET / HTTP/1.1
2024-07-17 23:32:21.681500 INFO: Host: 39.98.202.182:9006
2024-07-17 23:32:21.681505 INFO: User-Agent: Go-http-client/1.1
2024-07-17 23:32:21.681509 INFO: oop!unknow header: User-Agent: Go-http-client/1.1
2024-07-17 23:32:21.681522 INFO: X-Vegeta-Seq: 2082
2024-07-17 23:32:21.681526 INFO: oop!unknow header: X-Vegeta-Seq: 2082
2024-07-17 23:32:21.681531 INFO: Accept-Encoding: gzip
2024-07-17 23:32:21.681535 INFO: oop!unknow header: Accept-Encoding: gzip
2024-07-17 23:32:21.681539 INFO: 
2024-07-17 23:32:21.681558 INFO: request:HTTP/1.1 200 OK

2024-07-17 23:32:21.681563 INFO: request:HTTP/1.1 200 OK
Content-Length:542

2024-07-17 23:32:21.681567 INFO: request:HTTP/1.1 200 OK
Content-Length:542
Connection:close

2024-07-17 23:32:21.681571 INFO: request:HTTP/1.1 200 OK
Content-Length:542
Connection:close


2024-07-17 23:32:21.681587 INFO: Thread 140246114473536 is running task

2024-07-17 23:32:21.681599 INFO: eventNum: 1
2024-07-17 23:32:21.681614 INFO: fd: 105, events: 4

2024-07-17 23:32:21.681690 INFO: eventNum: 1
2024-07-17 23:32:21.681695 INFO: Thread 140246131258944 is running task

2024-07-17 23:32:21.681700 INFO: fd: 107, events: 8193

2024-07-17 23:32:21.681735 INFO: HttpConn 107 close success
2024-07-17 23:32:21.681745 INFO: Client[107] quit!
2024-07-17 23:32:21.681928 INFO: eventNum: 1
2024-07-17 23:32:21.681948 INFO: fd: 13, events: 1

2024-07-17 23:32:21.681954 INFO: HandleListenEvent 13
2024-07-17 23:32:21.681965 INFO: HttpConn 107 init success
2024-07-17 23:32:21.681971 INFO: addTimer id:107 expireTime:1721230841
2024-07-17 23:32:21.681982 INFO: Client[107] in!
2024-07-17 23:32:21.681986 INFO: HandleListenEvent 13
2024-07-17 23:32:21.681997 ERROR: Accept failure -1
2024-07-17 23:32:21.683563 INFO: eventNum: 1
2024-07-17 23:32:21.683592 INFO: fd: 13, events: 1

2024-07-17 23:32:21.683599 INFO: HandleListenEvent 13
2024-07-17 23:32:21.683617 INFO: HttpConn 115 init success
2024-07-17 23:32:21.683623 INFO: addTimer id:115 expireTime:1721230841
2024-07-17 23:32:21.683636 INFO: Client[115] in!
2024-07-17 23:32:21.683643 INFO: HandleListenEvent 13
2024-07-17 23:32:21.683656 ERROR: Accept failure -1
2024-07-17 23:32:21.694163 INFO: eventNum: 1
2024-07-17 23:32:21.694231 INFO: fd: 99, events: 8193

2024-07-17 23:32:21.694273 INFO: HttpConn 99 close success
2024-07-17 23:32:21.694281 INFO: Client[99] quit!
2024-07-17 23:32:21.694560 INFO: eventNum: 1
2024-07-17 23:32:21.694589 INFO: fd: 98, events: 8193

2024-07-17 23:32:21.694645 INFO: HttpConn 98 close success
2024-07-17 23:32:21.694660 INFO: Client[98] quit!
2024-07-17 23:32:21.694669 INFO: eventNum: 1
2024-07-17 23:32:21.694676 INFO: fd: 134, events: 8193

2024-07-17 23:32:21.694698 INFO: HttpConn 134 close success
2024-07-17 23:32:21.694709 INFO: Client[134] quit!
2024-07-17 23:32:21.694919 INFO: eventNum: 1
2024-07-17 23:32:21.694933 INFO: fd: 13, events: 1

2024-07-17 23:32:21.694938 INFO: HandleListenEvent 13
2024-07-17 23:32:21.694961 INFO: HttpConn 98 init success
2024-07-17 23:32:21.694968 INFO: addTimer id:98 expireTime:1721230841
2024-07-17 23:32:21.694983 INFO: Client[98] in!
2024-07-17 23:32:21.694988 INFO: HandleListenEvent 13
2024-07-17 23:32:21.694997 ERROR: Accept failure -1
2024-07-17 23:32:21.698471 INFO: eventNum: 1
2024-07-17 23:32:21.698515 INFO: fd: 13, events: 1

2024-07-17 23:32:21.698526 INFO: HandleListenEvent 13
2024-07-17 23:32:21.698555 INFO: HttpConn 99 init success
2024-07-17 23:32:21.698564 INFO: addTimer id:99 expireTime:1721230841
2024-07-17 23:32:21.698580 INFO: Client[99] in!
2024-07-17 23:32:21.698588 INFO: HandleListenEvent 13
2024-07-17 23:32:21.698610 ERROR: Accept failure -1
2024-07-17 23:32:21.698822 INFO: eventNum: 1
2024-07-17 23:32:21.698847 INFO: fd: 99, events: 1

2024-07-17 23:32:21.698878 INFO: HttpConn 99 read success
2024-07-17 23:32:21.698917 INFO: GET / HTTP/1.1
2024-07-17 23:32:21.698926 INFO: Host: 39.98.202.182:9006
2024-07-17 23:32:21.698931 INFO: User-Agent: Go-http-client/1.1
2024-07-17 23:32:21.698936 INFO: oop!unknow header: User-Agent: Go-http-client/1.1
2024-07-17 23:32:21.698941 INFO: X-Vegeta-Seq: 2074
2024-07-17 23:32:21.698945 INFO: oop!unknow header: X-Vegeta-Seq: 2074
2024-07-17 23:32:21.698950 INFO: Accept-Encoding: gzip
2024-07-17 23:32:21.698954 INFO: oop!unknow header: Accept-Encoding: gzip
2024-07-17 23:32:21.698968 INFO: 
2024-07-17 23:32:21.698994 INFO: request:HTTP/1.1 200 OK

2024-07-17 23:32:21.698999 INFO: request:HTTP/1.1 200 OK
Content-Length:542

2024-07-17 23:32:21.699004 INFO: request:HTTP/1.1 200 OK
Content-Length:542
Connection:close

2024-07-17 23:32:21.699036 INFO: request:HTTP/1.1 200 OK
Content-Length:542
Connection:close


2024-07-17 23:32:21.699060 INFO: Thread 140246122866240 is running task

2024-07-17 23:32:21.699086 INFO: eventNum: 2
2024-07-17 23:32:21.699101 INFO: fd: 132, events: 8193

2024-07-17 23:32:21.699122 INFO: HttpConn 132 close success
2024-07-17 23:32:21.699127 INFO: Client[132] quit!
2024-07-17 23:32:21.699131 INFO: fd: 99, events: 4

2024-07-17 23:32:21.699147 INFO: eventNum: 1
2024-07-17 23:32:21.699152 INFO: fd: 133, events: 8193

2024-07-17 23:32:21.699164 INFO: HttpConn 133 close success
2024-07-17 23:32:21.699169 INFO: Client[133] quit!
2024-07-17 23:32:21.699195 INFO: Thread 140246139651648 is running task

2024-07-17 23:32:21.699319 INFO: eventNum: 1
2024-07-17 23:32:21.699342 INFO: fd: 103, events: 8193

2024-07-17 23:32:21.699369 INFO: HttpConn 103 close success
2024-07-17 23:32:21.699383 INFO: Client[103] quit!
2024-07-17 23:32:21.699652 INFO: eventNum: 1
2024-07-17 23:32:21.699668 INFO: fd: 113, events: 8193

2024-07-17 23:32:21.699689 INFO: HttpConn 113 close success
2024-07-17 23:32:21.699697 INFO: Client[113] quit!
2024-07-17 23:32:21.700253 INFO: eventNum: 1
2024-07-17 23:32:21.700273 INFO: fd: 124, events: 8193

2024-07-17 23:32:21.700290 INFO: HttpConn 124 close success
2024-07-17 23:32:21.700304 INFO: Client[124] quit!
2024-07-17 23:32:21.703727 INFO: eventNum: 1
2024-07-17 23:32:21.703757 INFO: fd: 13, events: 1

2024-07-17 23:32:21.703763 INFO: HandleListenEvent 13
2024-07-17 23:32:21.703784 INFO: HttpConn 103 init success
2024-07-17 23:32:21.703790 INFO: addTimer id:103 expireTime:1721230841
2024-07-17 23:32:21.703803 INFO: Client[103] in!
2024-07-17 23:32:21.703808 INFO: HandleListenEvent 13
2024-07-17 23:32:21.703818 ERROR: Accept failure -1
2024-07-17 23:32:21.703940 INFO: eventNum: 1
2024-07-17 23:32:21.703961 INFO: fd: 114, events: 8193

2024-07-17 23:32:21.703978 INFO: HttpConn 114 close success
2024-07-17 23:32:21.703983 INFO: Client[114] quit!
2024-07-17 23:32:21.704090 INFO: eventNum: 1
2024-07-17 23:32:21.704100 INFO: fd: 103, events: 1

2024-07-17 23:32:21.704123 INFO: HttpConn 103 read success
2024-07-17 23:32:21.704149 INFO: GET / HTTP/1.1
2024-07-17 23:32:21.704156 INFO: Host: 39.98.202.182:9006
2024-07-17 23:32:21.704161 INFO: User-Agent: Go-http-client/1.1
2024-07-17 23:32:21.704166 INFO: oop!unknow header: User-Agent: Go-http-client/1.1
2024-07-17 23:32:21.704171 INFO: X-Vegeta-Seq: 2154
2024-07-17 23:32:21.704175 INFO: oop!unknow header: X-Vegeta-Seq: 2154
2024-07-17 23:32:21.704179 INFO: Accept-Encoding: gzip
2024-07-17 23:32:21.704184 INFO: oop!unknow header: Accept-Encoding: gzip
2024-07-17 23:32:21.704188 INFO: 
2024-07-17 23:32:21.704210 INFO: request:HTTP/1.1 200 OK

2024-07-17 23:32:21.704215 INFO: request:HTTP/1.1 200 OK
Content-Length:542

2024-07-17 23:32:21.704219 INFO: request:HTTP/1.1 200 OK
Content-Length:542
Connection:close

2024-07-17 23:32:21.704224 INFO: request:HTTP/1.1 200 OK
Content-Length:542
Connection:close


2024-07-17 23:32:21.704242 INFO: Thread 140246097688128 is running task

2024-07-17 23:32:21.704243 INFO: eventNum: 1
2024-07-17 23:32:21.704258 INFO: fd: 103, events: 4

2024-07-17 23:32:21.704304 INFO: eventNum: 1
2024-07-17 23:32:21.704314 INFO: fd: 140, events: 8193

2024-07-17 23:32:21.704319 INFO: Thread 140246156437056 is running task

2024-07-17 23:32:21.704331 INFO: HttpConn 140 close success
2024-07-17 23:32:21.704338 INFO: Client[140] quit!
2024-07-17 23:32:21.704459 INFO: eventNum: 1
2024-07-17 23:32:21.704472 INFO: fd: 13, events: 1

2024-07-17 23:32:21.704477 INFO: HandleListenEvent 13
2024-07-17 23:32:21.704495 INFO: HttpConn 113 init success
2024-07-17 23:32:21.704501 INFO: addTimer id:113 expireTime:1721230841
2024-07-17 23:32:21.704513 INFO: Client[113] in!
2024-07-17 23:32:21.704524 INFO: HandleListenEvent 13
2024-07-17 23:32:21.704534 ERROR: Accept failure -1
2024-07-17 23:32:21.704585 INFO: eventNum: 1
2024-07-17 23:32:21.704596 INFO: fd: 13, events: 1

2024-07-17 23:32:21.704605 INFO: HandleListenEvent 13
2024-07-17 23:32:21.704620 INFO: HttpConn 114 init success
2024-07-17 23:32:21.704628 INFO: addTimer id:114 expireTime:1721230841
2024-07-17 23:32:21.704640 INFO: Client[114] in!
2024-07-17 23:32:21.704646 INFO: HandleListenEvent 13
2024-07-17 23:32:21.704654 ERROR: Accept failure -1
2024-07-17 23:32:21.704817 INFO: eventNum: 1
2024-07-17 23:32:21.704840 INFO: fd: 113, events: 1

2024-07-17 23:32:21.704858 INFO: HttpConn 113 read success
2024-07-17 23:32:21.704871 INFO: GET / HTTP/1.1
2024-07-17 23:32:21.704878 INFO: Host: 39.98.202.182:9006
2024-07-17 23:32:21.704884 INFO: User-Agent: Go-http-client/1.1
2024-07-17 23:32:21.704891 INFO: oop!unknow header: User-Agent: Go-http-client/1.1
2024-07-17 23:32:21.704899 INFO: X-Vegeta-Seq: 2137
2024-07-17 23:32:21.704906 INFO: oop!unknow header: X-Vegeta-Seq: 2137
2024-07-17 23:32:21.704912 INFO: Accept-Encoding: gzip
2024-07-17 23:32:21.704919 INFO: oop!unknow header: Accept-Encoding: gzip
2024-07-17 23:32:21.704928 INFO: 
2024-07-17 23:32:21.704948 INFO: request:HTTP/1.1 200 OK

2024-07-17 23:32:21.704954 INFO: request:HTTP/1.1 200 OK
Content-Length:542

2024-07-17 23:32:21.704959 INFO: request:HTTP/1.1 200 OK
Content-Length:542
Connection:close

2024-07-17 23:32:21.704965 INFO: request:HTTP/1.1 200 OK
Content-Length:542
Connection:close


2024-07-17 23:32:21.704978 INFO: Thread 140246106080832 is running task

2024-07-17 23:32:21.704990 INFO: eventNum: 2
2024-07-17 23:32:21.704998 INFO: fd: 114, events: 1

2024-07-17 23:32:21.705015 INFO: HttpConn 114 read success
2024-07-17 23:32:21.705027 INFO: GET / HTTP/1.1
2024-07-17 23:32:21.705034 INFO: Host: 39.98.202.182:9006
2024-07-17 23:32:21.705040 INFO: User-Agent: Go-http-client/1.1
2024-07-17 23:32:21.705045 INFO: oop!unknow header: User-Agent: Go-http-client/1.1
2024-07-17 23:32:21.705051 INFO: X-Vegeta-Seq: 2152
2024-07-17 23:32:21.705056 INFO: oop!unknow header: X-Vegeta-Seq: 2152
2024-07-17 23:32:21.705061 INFO: Accept-Encoding: gzip
2024-07-17 23:32:21.705066 INFO: oop!unknow header: Accept-Encoding: gzip
2024-07-17 23:32:21.705071 INFO: 
2024-07-17 23:32:21.705090 INFO: request:HTTP/1.1 200 OK

2024-07-17 23:32:21.705097 INFO: request:HTTP/1.1 200 OK
Content-Length:542

2024-07-17 23:32:21.705104 INFO: request:HTTP/1.1 200 OK
Content-Length:542
Connection:close

2024-07-17 23:32:21.705110 INFO: request:HTTP/1.1 200 OK
Content-Length:542
Connection:close


2024-07-17 23:32:21.705121 INFO: Thread 140246148044352 is running task

2024-07-17 23:32:21.705132 INFO: fd: 113, events: 4

2024-07-17 23:32:21.705146 INFO: eventNum: 1
2024-07-17 23:32:21.705152 INFO: fd: 114, events: 4

2024-07-17 23:32:21.705182 INFO: Thread 140246114473536 is running task

2024-07-17 23:32:21.705222 INFO: Thread 140246114473536 is running task

2024-07-17 23:32:21.705941 INFO: eventNum: 1
2024-07-17 23:32:21.705969 INFO: fd: 13, events: 1

2024-07-17 23:32:21.705977 INFO: HandleListenEvent 13
2024-07-17 23:32:21.705999 INFO: HttpConn 121 init success
2024-07-17 23:32:21.706008 INFO: addTimer id:121 expireTime:1721230841
2024-07-17 23:32:21.706023 INFO: Client[121] in!
2024-07-17 23:32:21.706029 INFO: HandleListenEvent 13
2024-07-17 23:32:21.706041 ERROR: Accept failure -1
2024-07-17 23:32:21.706290 INFO: eventNum: 1
2024-07-17 23:32:21.706314 INFO: fd: 121, events: 1

2024-07-17 23:32:21.706333 INFO: eventNum: 1
2024-07-17 23:32:21.706340 INFO: HttpConn 121 read success
2024-07-17 23:32:21.706420 INFO: GET / HTTP/1.1
2024-07-17 23:32:21.706434 INFO: Host: 39.98.202.182:9006
2024-07-17 23:32:21.706340 INFO: fd: 13, events: 1

2024-07-17 23:32:21.706442 INFO: User-Agent: Go-http-client/1.1
2024-07-17 23:32:21.706465 INFO: HandleListenEvent 13
2024-07-17 23:32:21.706471 INFO: oop!unknow header: User-Agent: Go-http-client/1.1
2024-07-17 23:32:21.706497 INFO: X-Vegeta-Seq: 2139
2024-07-17 23:32:21.706508 INFO: HttpConn 124 init success
2024-07-17 23:32:21.706509 INFO: oop!unknow header: X-Vegeta-Seq: 2139
2024-07-17 23:32:21.706536 INFO: Accept-Encoding: gzip
2024-07-17 23:32:21.706544 INFO: oop!unknow header: Accept-Encoding: gzip
2024-07-17 23:32:21.706561 INFO: 
2024-07-17 23:32:21.706529 INFO: addTimer id:124 expireTime:1721230841
2024-07-17 23:32:21.706601 INFO: Client[124] in!
2024-07-17 23:32:21.706608 INFO: request:HTTP/1.1 200 OK

2024-07-17 23:32:21.706620 INFO: request:HTTP/1.1 200 OK
Content-Length:542

2024-07-17 23:32:21.706611 INFO: HandleListenEvent 13
2024-07-17 23:32:21.706643 INFO: request:HTTP/1.1 200 OK
Content-Length:542
Connection:close

2024-07-17 23:32:21.706659 INFO: request:HTTP/1.1 200 OK
Content-Length:542
Connection:close


2024-07-17 23:32:21.706669 INFO: HttpConn 132 init success
2024-07-17 23:32:21.706678 INFO: addTimer id:132 expireTime:1721230841
2024-07-17 23:32:21.706683 INFO: Thread 140246122866240 is running task

2024-07-17 23:32:21.706691 INFO: Client[132] in!
2024-07-17 23:32:21.706697 INFO: HandleListenEvent 13
2024-07-17 23:32:21.706705 INFO: HttpConn 133 init success
2024-07-17 23:32:21.706710 INFO: addTimer id:133 expireTime:1721230841
2024-07-17 23:32:21.706718 INFO: Client[133] in!
2024-07-17 23:32:21.706722 INFO: HandleListenEvent 13
2024-07-17 23:32:21.706731 ERROR: Accept failure -1
2024-07-17 23:32:21.706738 INFO: eventNum: 3
2024-07-17 23:32:21.706742 INFO: fd: 124, events: 1

2024-07-17 23:32:21.706763 INFO: HttpConn 124 read success
2024-07-17 23:32:21.706773 INFO: GET / HTTP/1.1
2024-07-17 23:32:21.706779 INFO: Host: 39.98.202.182:9006
2024-07-17 23:32:21.706784 INFO: User-Agent: Go-http-client/1.1
2024-07-17 23:32:21.706788 INFO: oop!unknow header: User-Agent: Go-http-client/1.1
2024-07-17 23:32:21.706793 INFO: X-Vegeta-Seq: 2131
2024-07-17 23:32:21.706797 INFO: oop!unknow header: X-Vegeta-Seq: 2131
2024-07-17 23:32:21.706801 INFO: Accept-Encoding: gzip
2024-07-17 23:32:21.706805 INFO: oop!unknow header: Accept-Encoding: gzip
2024-07-17 23:32:21.706810 INFO: 
2024-07-17 23:32:21.706827 INFO: request:HTTP/1.1 200 OK

2024-07-17 23:32:21.706832 INFO: request:HTTP/1.1 200 OK
Content-Length:542

2024-07-17 23:32:21.706836 INFO: request:HTTP/1.1 200 OK
Content-Length:542
Connection:close

2024-07-17 23:32:21.706841 INFO: request:HTTP/1.1 200 OK
Content-Length:542
Connection:close


2024-07-17 23:32:21.706851 INFO: Thread 140246139651648 is running task

2024-07-17 23:32:21.706860 INFO: fd: 121, events: 4

2024-07-17 23:32:21.706900 INFO: Thread 140246097688128 is running task

2024-07-17 23:32:21.706923 INFO: fd: 133, events: 1

2024-07-17 23:32:21.706935 INFO: HttpConn 133 read success
2024-07-17 23:32:21.706943 INFO: GET / HTTP/1.1
2024-07-17 23:32:21.706948 INFO: Host: 39.98.202.182:9006
2024-07-17 23:32:21.706953 INFO: User-Agent: Go-http-client/1.1
2024-07-17 23:32:21.706957 INFO: oop!unknow header: User-Agent: Go-http-client/1.1
2024-07-17 23:32:21.706962 INFO: X-Vegeta-Seq: 2165
2024-07-17 23:32:21.706966 INFO: oop!unknow header: X-Vegeta-Seq: 2165
2024-07-17 23:32:21.706971 INFO: Accept-Encoding: gzip
2024-07-17 23:32:21.706977 INFO: oop!unknow header: Accept-Encoding: gzip
2024-07-17 23:32:21.706983 INFO: 
2024-07-17 23:32:21.707035 INFO: request:HTTP/1.1 200 OK

2024-07-17 23:32:21.707050 INFO: request:HTTP/1.1 200 OK
Content-Length:542

2024-07-17 23:32:21.707056 INFO: request:HTTP/1.1 200 OK
Content-Length:542
Connection:close

2024-07-17 23:32:21.707063 INFO: request:HTTP/1.1 200 OK
Content-Length:542
Connection:close


2024-07-17 23:32:21.707074 INFO: Thread 140246156437056 is running task

2024-07-17 23:32:21.707086 INFO: eventNum: 3
2024-07-17 23:32:21.707094 INFO: fd: 124, events: 4

2024-07-17 23:32:21.707130 INFO: Thread 140246106080832 is running task

2024-07-17 23:32:21.707150 INFO: fd: 132, events: 1

2024-07-17 23:32:21.707163 INFO: HttpConn 132 read success
2024-07-17 23:32:21.707172 INFO: GET / HTTP/1.1
2024-07-17 23:32:21.707178 INFO: Host: 39.98.202.182:9006
2024-07-17 23:32:21.707188 INFO: User-Agent: Go-http-client/1.1
2024-07-17 23:32:21.707195 INFO: oop!unknow header: User-Agent: Go-http-client/1.1
2024-07-17 23:32:21.707201 INFO: X-Vegeta-Seq: 2126
2024-07-17 23:32:21.707208 INFO: oop!unknow header: X-Vegeta-Seq: 2126
2024-07-17 23:32:21.707214 INFO: Accept-Encoding: gzip
2024-07-17 23:32:21.707220 INFO: oop!unknow header: Accept-Encoding: gzip
2024-07-17 23:32:21.707225 INFO: 
2024-07-17 23:32:21.707245 INFO: request:HTTP/1.1 200 OK

2024-07-17 23:32:21.707253 INFO: request:HTTP/1.1 200 OK
Content-Length:542

2024-07-17 23:32:21.707259 INFO: request:HTTP/1.1 200 OK
Content-Length:542
Connection:close

2024-07-17 23:32:21.707264 INFO: request:HTTP/1.1 200 OK
Content-Length:542
Connection:close


2024-07-17 23:32:21.707272 INFO: Thread 140246148044352 is running task

2024-07-17 23:32:21.707280 INFO: fd: 133, events: 4

2024-07-17 23:32:21.707293 INFO: eventNum: 1
2024-07-17 23:32:21.707298 INFO: fd: 132, events: 4

2024-07-17 23:32:21.707323 INFO: Thread 140246114473536 is running task

2024-07-17 23:32:21.707351 INFO: Thread 140246114473536 is running task

2024-07-17 23:32:21.707451 INFO: eventNum: 1
2024-07-17 23:32:21.707495 INFO: fd: 13, events: 1

2024-07-17 23:32:21.707505 INFO: HandleListenEvent 13
2024-07-17 23:32:21.707526 INFO: HttpConn 134 init success
2024-07-17 23:32:21.707533 INFO: addTimer id:134 expireTime:1721230841
2024-07-17 23:32:21.707544 INFO: Client[134] in!
2024-07-17 23:32:21.707555 INFO: HandleListenEvent 13
2024-07-17 23:32:21.707570 ERROR: Accept failure -1
2024-07-17 23:32:21.707578 INFO: eventNum: 1
2024-07-17 23:32:21.707586 INFO: fd: 134, events: 1

2024-07-17 23:32:21.707606 INFO: HttpConn 134 read success
2024-07-17 23:32:21.707622 INFO: GET / HTTP/1.1
2024-07-17 23:32:21.707628 INFO: Host: 39.98.202.182:9006
2024-07-17 23:32:21.707632 INFO: User-Agent: Go-http-client/1.1
2024-07-17 23:32:21.707637 INFO: oop!unknow header: User-Agent: Go-http-client/1.1
2024-07-17 23:32:21.707643 INFO: X-Vegeta-Seq: 2265
2024-07-17 23:32:21.707649 INFO: oop!unknow header: X-Vegeta-Seq: 2265
2024-07-17 23:32:21.707655 INFO: Accept-Encoding: gzip
2024-07-17 23:32:21.707661 INFO: oop!unknow header: Accept-Encoding: gzip
2024-07-17 23:32:21.707690 INFO: 
2024-07-17 23:32:21.707692 INFO: eventNum: 1
2024-07-17 23:32:21.707702 INFO: fd: 13, events: 1

2024-07-17 23:32:21.707708 INFO: HandleListenEvent 13
2024-07-17 23:32:21.707715 INFO: request:HTTP/1.1 200 OK

2024-07-17 23:32:21.707721 INFO: request:HTTP/1.1 200 OK
Content-Length:542

2024-07-17 23:32:21.707739 INFO: request:HTTP/1.1 200 OK
Content-Length:542
Connection:close

2024-07-17 23:32:21.707753 INFO: request:HTTP/1.1 200 OK
Content-Length:542
Connection:close


2024-07-17 23:32:21.707721 INFO: HttpConn 140 init success
2024-07-17 23:32:21.707770 INFO: Thread 140246122866240 is running task

2024-07-17 23:32:21.707772 INFO: addTimer id:140 expireTime:1721230841
2024-07-17 23:32:21.707794 INFO: Client[140] in!
2024-07-17 23:32:21.707800 INFO: HandleListenEvent 13
2024-07-17 23:32:21.707815 INFO: HttpConn 138 init success
2024-07-17 23:32:21.707830 INFO: addTimer id:138 expireTime:1721230841
2024-07-17 23:32:21.707845 INFO: Client[138] in!
2024-07-17 23:32:21.707852 INFO: HandleListenEvent 13
2024-07-17 23:32:21.707863 ERROR: Accept failure -1
2024-07-17 23:32:21.707872 INFO: eventNum: 1
2024-07-17 23:32:21.707878 INFO: fd: 134, events: 4

2024-07-17 23:32:21.707926 INFO: Thread 140246139651648 is running task

2024-07-17 23:32:21.708071 INFO: eventNum: 1
2024-07-17 23:32:21.708090 INFO: fd: 13, events: 1

2024-07-17 23:32:21.708096 INFO: HandleListenEvent 13
2024-07-17 23:32:21.708116 INFO: HttpConn 152 init success
2024-07-17 23:32:21.708124 INFO: addTimer id:152 expireTime:1721230841
2024-07-17 23:32:21.708137 INFO: Client[152] in!
2024-07-17 23:32:21.708143 INFO: HandleListenEvent 13
2024-07-17 23:32:21.708154 ERROR: Accept failure -1
2024-07-17 23:32:21.708280 INFO: eventNum: 1
2024-07-17 23:32:21.708304 INFO: fd: 13, events: 1

2024-07-17 23:32:21.708312 INFO: HandleListenEvent 13
2024-07-17 23:32:21.708337 INFO: HttpConn 153 init success
2024-07-17 23:32:21.708346 INFO: addTimer id:153 expireTime:1721230841
2024-07-17 23:32:21.708360 INFO: Client[153] in!
2024-07-17 23:32:21.708367 INFO: HandleListenEvent 13
2024-07-17 23:32:21.708398 INFO: HttpConn 154 init success
2024-07-17 23:32:21.708404 INFO: addTimer id:154 expireTime:1721230841
2024-07-17 23:32:21.708424 INFO: Client[154] in!
2024-07-17 23:32:21.708429 INFO: HandleListenEvent 13
2024-07-17 23:32:21.708439 ERROR: Accept failure -1
2024-07-17 23:32:21.708444 INFO: eventNum: 1
2024-07-17 23:32:21.708449 INFO: fd: 153, events: 1

2024-07-17 23:32:21.708461 INFO: HttpConn 153 read success
2024-07-17 23:32:21.708471 INFO: GET / HTTP/1.1
2024-07-17 23:32:21.708476 INFO: Host: 39.98.202.182:9006
2024-07-17 23:32:21.708481 INFO: User-Agent: Go-http-client/1.1
2024-07-17 23:32:21.708485 INFO: oop!unknow header: User-Agent: Go-http-client/1.1
2024-07-17 23:32:21.708489 INFO: X-Vegeta-Seq: 2127
2024-07-17 23:32:21.708493 INFO: oop!unknow header: X-Vegeta-Seq: 2127
2024-07-17 23:32:21.708498 INFO: Accept-Encoding: gzip
2024-07-17 23:32:21.708502 INFO: oop!unknow header: Accept-Encoding: gzip
2024-07-17 23:32:21.708506 INFO: 
2024-07-17 23:32:21.708522 INFO: request:HTTP/1.1 200 OK

2024-07-17 23:32:21.708527 INFO: request:HTTP/1.1 200 OK
Content-Length:542

2024-07-17 23:32:21.708531 INFO: request:HTTP/1.1 200 OK
Content-Length:542
Connection:close

2024-07-17 23:32:21.708535 INFO: request:HTTP/1.1 200 OK
Content-Length:542
Connection:close


2024-07-17 23:32:21.708545 INFO: Thread 140246097688128 is running task

2024-07-17 23:32:21.708554 INFO: eventNum: 1
2024-07-17 23:32:21.708559 INFO: fd: 153, events: 4

2024-07-17 23:32:21.708591 INFO: Thread 140246156437056 is running task

2024-07-17 23:32:21.708887 INFO: eventNum: 1
2024-07-17 23:32:21.708913 INFO: fd: 13, events: 1

2024-07-17 23:32:21.708921 INFO: HandleListenEvent 13
2024-07-17 23:32:21.708941 INFO: HttpConn 155 init success
2024-07-17 23:32:21.708949 INFO: addTimer id:155 expireTime:1721230841
2024-07-17 23:32:21.708963 INFO: Client[155] in!
2024-07-17 23:32:21.708969 INFO: HandleListenEvent 13
2024-07-17 23:32:21.708978 ERROR: Accept failure -1
2024-07-17 23:32:21.708983 INFO: eventNum: 1
2024-07-17 23:32:21.708988 INFO: fd: 155, events: 1

2024-07-17 23:32:21.709004 INFO: HttpConn 155 read success
2024-07-17 23:32:21.709019 INFO: GET / HTTP/1.1
2024-07-17 23:32:21.709027 INFO: Host: 39.98.202.182:9006
2024-07-17 23:32:21.709033 INFO: User-Agent: Go-http-client/1.1
2024-07-17 23:32:21.709040 INFO: oop!unknow header: User-Agent: Go-http-client/1.1
2024-07-17 23:32:21.709047 INFO: X-Vegeta-Seq: 2231
2024-07-17 23:32:21.709053 INFO: oop!unknow header: X-Vegeta-Seq: 2231
2024-07-17 23:32:21.709058 INFO: Accept-Encoding: gzip
2024-07-17 23:32:21.709064 INFO: oop!unknow header: Accept-Encoding: gzip
2024-07-17 23:32:21.709069 INFO: 
2024-07-17 23:32:21.709087 INFO: request:HTTP/1.1 200 OK

2024-07-17 23:32:21.709094 INFO: request:HTTP/1.1 200 OK
Content-Length:542

2024-07-17 23:32:21.709099 INFO: request:HTTP/1.1 200 OK
Content-Length:542
Connection:close

2024-07-17 23:32:21.709103 INFO: request:HTTP/1.1 200 OK
Content-Length:542
Connection:close


2024-07-17 23:32:21.709113 INFO: Thread 140246106080832 is running task

2024-07-17 23:32:21.709123 INFO: eventNum: 1
2024-07-17 23:32:21.709127 INFO: fd: 155, events: 4

2024-07-17 23:32:21.709162 INFO: Thread 140246148044352 is running task

2024-07-17 23:32:21.709173 INFO: eventNum: 1
2024-07-17 23:32:21.709178 INFO: fd: 13, events: 1

2024-07-17 23:32:21.709182 INFO: HandleListenEvent 13
2024-07-17 23:32:21.709194 INFO: HttpConn 158 init success
2024-07-17 23:32:21.709199 INFO: addTimer id:158 expireTime:1721230841
2024-07-17 23:32:21.709209 INFO: Client[158] in!
2024-07-17 23:32:21.709214 INFO: HandleListenEvent 13
2024-07-17 23:32:21.709221 ERROR: Accept failure -1
2024-07-17 23:32:21.709227 INFO: eventNum: 1
2024-07-17 23:32:21.709231 INFO: fd: 158, events: 1

2024-07-17 23:32:21.709253 INFO: HttpConn 158 read success
2024-07-17 23:32:21.709284 INFO: GET / HTTP/1.1
2024-07-17 23:32:21.709292 INFO: Host: 39.98.202.182:9006
2024-07-17 23:32:21.709297 INFO: User-Agent: Go-http-client/1.1
2024-07-17 23:32:21.709301 INFO: oop!unknow header: User-Agent: Go-http-client/1.1
2024-07-17 23:32:21.709305 INFO: X-Vegeta-Seq: 2235
2024-07-17 23:32:21.709310 INFO: oop!unknow header: X-Vegeta-Seq: 2235
2024-07-17 23:32:21.709314 INFO: Accept-Encoding: gzip
2024-07-17 23:32:21.709318 INFO: oop!unknow header: Accept-Encoding: gzip
2024-07-17 23:32:21.709322 INFO: 
2024-07-17 23:32:21.709340 INFO: request:HTTP/1.1 200 OK

2024-07-17 23:32:21.709348 INFO: request:HTTP/1.1 200 OK
Content-Length:542

2024-07-17 23:32:21.709354 INFO: request:HTTP/1.1 200 OK
Content-Length:542
Connection:close

2024-07-17 23:32:21.709360 INFO: request:HTTP/1.1 200 OK
Content-Length:542
Connection:close


2024-07-17 23:32:21.709386 INFO: Thread 140246114473536 is running task

2024-07-17 23:32:21.709388 INFO: eventNum: 1
2024-07-17 23:32:21.709401 INFO: fd: 158, events: 4

2024-07-17 23:32:21.709443 INFO: Thread 140246131258944 is running task

2024-07-17 23:32:21.709646 INFO: eventNum: 1
2024-07-17 23:32:21.709660 INFO: fd: 13, events: 1

2024-07-17 23:32:21.709665 INFO: HandleListenEvent 13
2024-07-17 23:32:21.709678 INFO: HttpConn 159 init success
2024-07-17 23:32:21.709685 INFO: addTimer id:159 expireTime:1721230841
2024-07-17 23:32:21.709698 INFO: Client[159] in!
2024-07-17 23:32:21.709704 INFO: HandleListenEvent 13
2024-07-17 23:32:21.709718 INFO: HttpConn 160 init success
2024-07-17 23:32:21.709724 INFO: addTimer id:160 expireTime:1721230841
2024-07-17 23:32:21.709735 INFO: Client[160] in!
2024-07-17 23:32:21.709742 INFO: HandleListenEvent 13
2024-07-17 23:32:21.709752 ERROR: Accept failure -1
2024-07-17 23:32:21.710188 INFO: eventNum: 1
2024-07-17 23:32:21.710210 INFO: fd: 13, events: 1

2024-07-17 23:32:21.710218 INFO: HandleListenEvent 13
2024-07-17 23:32:21.710237 INFO: HttpConn 161 init success
2024-07-17 23:32:21.710255 INFO: addTimer id:161 expireTime:1721230841
2024-07-17 23:32:21.710272 INFO: Client[161] in!
2024-07-17 23:32:21.710280 INFO: HandleListenEvent 13
2024-07-17 23:32:21.710292 ERROR: Accept failure -1
2024-07-17 23:32:21.710300 INFO: eventNum: 1
2024-07-17 23:32:21.710307 INFO: fd: 161, events: 1

2024-07-17 23:32:21.710322 INFO: eventNum: 1
2024-07-17 23:32:21.710327 INFO: HttpConn 161 read success
2024-07-17 23:32:21.710330 INFO: fd: 13, events: 1

2024-07-17 23:32:21.710351 INFO: GET / HTTP/1.1
2024-07-17 23:32:21.710354 INFO: HandleListenEvent 13
2024-07-17 23:32:21.710387 INFO: HttpConn 162 init success
2024-07-17 23:32:21.710395 INFO: addTimer id:162 expireTime:1721230841
2024-07-17 23:32:21.710363 INFO: Host: 39.98.202.182:9006
2024-07-17 23:32:21.710428 INFO: User-Agent: Go-http-client/1.1
2024-07-17 23:32:21.710437 INFO: oop!unknow header: User-Agent: Go-http-client/1.1
2024-07-17 23:32:21.710449 INFO: X-Vegeta-Seq: 2207
2024-07-17 23:32:21.710407 INFO: Client[162] in!
2024-07-17 23:32:21.710460 INFO: oop!unknow header: X-Vegeta-Seq: 2207
2024-07-17 23:32:21.710485 INFO: Accept-Encoding: gzip
2024-07-17 23:32:21.710523 INFO: oop!unknow header: Accept-Encoding: gzip
2024-07-17 23:32:21.710472 INFO: HandleListenEvent 13
2024-07-17 23:32:21.710533 INFO: 
2024-07-17 23:32:21.710552 ERROR: Accept failure -1
2024-07-17 23:32:21.710574 INFO: request:HTTP/1.1 200 OK

2024-07-17 23:32:21.710582 INFO: request:HTTP/1.1 200 OK
Content-Length:542

2024-07-17 23:32:21.710588 INFO: request:HTTP/1.1 200 OK
Content-Length:542
Connection:close

2024-07-17 23:32:21.710593 INFO: request:HTTP/1.1 200 OK
Content-Length:542
Connection:close


2024-07-17 23:32:21.710608 INFO: Thread 140246122866240 is running task

2024-07-17 23:32:21.710610 INFO: eventNum: 1
2024-07-17 23:32:21.710624 INFO: fd: 161, events: 4

2024-07-17 23:32:21.710668 INFO: Thread 140246139651648 is running task

2024-07-17 23:32:21.710948 INFO: eventNum: 1
2024-07-17 23:32:21.710971 INFO: fd: 13, events: 1

2024-07-17 23:32:21.710980 INFO: HandleListenEvent 13
2024-07-17 23:32:21.711006 INFO: HttpConn 163 init success
2024-07-17 23:32:21.711014 INFO: addTimer id:163 expireTime:1721230841
2024-07-17 23:32:21.711029 INFO: Client[163] in!
2024-07-17 23:32:21.711035 INFO: HandleListenEvent 13
2024-07-17 23:32:21.711044 ERROR: Accept failure -1
2024-07-17 23:32:21.711050 INFO: eventNum: 1
2024-07-17 23:32:21.711054 INFO: fd: 163, events: 1

2024-07-17 23:32:21.711078 INFO: HttpConn 163 read success
2024-07-17 23:32:21.711095 INFO: GET / HTTP/1.1
2024-07-17 23:32:21.711103 INFO: Host: 39.98.202.182:9006
2024-07-17 23:32:21.711112 INFO: User-Agent: Go-http-client/1.1
2024-07-17 23:32:21.711118 INFO: oop!unknow header: User-Agent: Go-http-client/1.1
2024-07-17 23:32:21.711125 INFO: X-Vegeta-Seq: 2221
2024-07-17 23:32:21.711131 INFO: oop!unknow header: X-Vegeta-Seq: 2221
2024-07-17 23:32:21.711136 INFO: Accept-Encoding: gzip
2024-07-17 23:32:21.711140 INFO: oop!unknow header: Accept-Encoding: gzip
2024-07-17 23:32:21.711145 INFO: 
2024-07-17 23:32:21.711160 INFO: request:HTTP/1.1 200 OK

2024-07-17 23:32:21.711165 INFO: request:HTTP/1.1 200 OK
Content-Length:542

2024-07-17 23:32:21.711169 INFO: request:HTTP/1.1 200 OK
Content-Length:542
Connection:close

2024-07-17 23:32:21.711173 INFO: request:HTTP/1.1 200 OK
Content-Length:542
Connection:close


2024-07-17 23:32:21.711183 INFO: Thread 140246097688128 is running task

2024-07-17 23:32:21.711193 INFO: eventNum: 1
2024-07-17 23:32:21.711198 INFO: fd: 163, events: 4

2024-07-17 23:32:21.711232 INFO: Thread 140246156437056 is running task

2024-07-17 23:32:21.719186 INFO: eventNum: 1
2024-07-17 23:32:21.719241 INFO: fd: 13, events: 1

2024-07-17 23:32:21.719247 INFO: HandleListenEvent 13
2024-07-17 23:32:21.719269 INFO: HttpConn 165 init success
2024-07-17 23:32:21.719276 INFO: addTimer id:165 expireTime:1721230841
2024-07-17 23:32:21.719297 INFO: Client[165] in!
2024-07-17 23:32:21.719306 INFO: HandleListenEvent 13
2024-07-17 23:32:21.719327 INFO: HttpConn 166 init success
2024-07-17 23:32:21.719336 INFO: addTimer id:166 expireTime:1721230841
2024-07-17 23:32:21.719345 INFO: Client[166] in!
2024-07-17 23:32:21.719350 INFO: HandleListenEvent 13
2024-07-17 23:32:21.719360 ERROR: Accept failure -1
2024-07-17 23:32:21.719365 INFO: eventNum: 1
2024-07-17 23:32:21.719370 INFO: fd: 165, events: 1

2024-07-17 23:32:21.719392 INFO: HttpConn 165 read success
2024-07-17 23:32:21.719405 INFO: GET / HTTP/1.1
2024-07-17 23:32:21.719412 INFO: Host: 39.98.202.182:9006
2024-07-17 23:32:21.719417 INFO: User-Agent: Go-http-client/1.1
2024-07-17 23:32:21.719421 INFO: oop!unknow header: User-Agent: Go-http-client/1.1
2024-07-17 23:32:21.719426 INFO: X-Vegeta-Seq: 2219
2024-07-17 23:32:21.719430 INFO: oop!unknow header: X-Vegeta-Seq: 2219
2024-07-17 23:32:21.719434 INFO: Accept-Encoding: gzip
2024-07-17 23:32:21.719439 INFO: oop!unknow header: Accept-Encoding: gzip
2024-07-17 23:32:21.719443 INFO: 
2024-07-17 23:32:21.719467 INFO: request:HTTP/1.1 200 OK

2024-07-17 23:32:21.719476 INFO: request:HTTP/1.1 200 OK
Content-Length:542

2024-07-17 23:32:21.719483 INFO: request:HTTP/1.1 200 OK
Content-Length:542
Connection:close

2024-07-17 23:32:21.719489 INFO: request:HTTP/1.1 200 OK
Content-Length:542
Connection:close


2024-07-17 23:32:21.719505 INFO: Thread 140246106080832 is running task

2024-07-17 23:32:21.719520 INFO: eventNum: 1
2024-07-17 23:32:21.719527 INFO: fd: 165, events: 4

2024-07-17 23:32:21.719576 INFO: Thread 140246148044352 is running task

2024-07-17 23:32:21.719593 INFO: eventNum: 2
2024-07-17 23:32:21.719598 INFO: fd: 13, events: 1

2024-07-17 23:32:21.719602 INFO: HandleListenEvent 13
2024-07-17 23:32:21.719616 INFO: HttpConn 167 init success
2024-07-17 23:32:21.719622 INFO: addTimer id:167 expireTime:1721230841
2024-07-17 23:32:21.719635 INFO: Client[167] in!
2024-07-17 23:32:21.719643 INFO: HandleListenEvent 13
2024-07-17 23:32:21.719651 ERROR: Accept failure -1
2024-07-17 23:32:21.719656 INFO: fd: 166, events: 1

2024-07-17 23:32:21.719668 INFO: eventNum: 1
2024-07-17 23:32:21.719673 INFO: fd: 167, events: 1

2024-07-17 23:32:21.719680 INFO: HttpConn 166 read success
2024-07-17 23:32:21.719749 INFO: GET / HTTP/1.1
2024-07-17 23:32:21.719767 INFO: Host: 39.98.202.182:9006
2024-07-17 23:32:21.719775 INFO: User-Agent: Go-http-client/1.1
2024-07-17 23:32:21.719782 INFO: oop!unknow header: User-Agent: Go-http-client/1.1
2024-07-17 23:32:21.719788 INFO: X-Vegeta-Seq: 2214
2024-07-17 23:32:21.719792 INFO: oop!unknow header: X-Vegeta-Seq: 2214
2024-07-17 23:32:21.719796 INFO: Accept-Encoding: gzip
2024-07-17 23:32:21.719801 INFO: oop!unknow header: Accept-Encoding: gzip
2024-07-17 23:32:21.719805 INFO: 
2024-07-17 23:32:21.719823 INFO: request:HTTP/1.1 200 OK

2024-07-17 23:32:21.719828 INFO: request:HTTP/1.1 200 OK
Content-Length:542

2024-07-17 23:32:21.719833 INFO: request:HTTP/1.1 200 OK
Content-Length:542
Connection:close

2024-07-17 23:32:21.719837 INFO: request:HTTP/1.1 200 OK
Content-Length:542
Connection:close


2024-07-17 23:32:21.719851 INFO: Thread 140246114473536 is running task

2024-07-17 23:32:21.719875 INFO: HttpConn 167 read success
2024-07-17 23:32:21.719887 INFO: GET / HTTP/1.1
2024-07-17 23:32:21.719894 INFO: Host: 39.98.202.182:9006
2024-07-17 23:32:21.719900 INFO: User-Agent: Go-http-client/1.1
2024-07-17 23:32:21.719906 INFO: oop!unknow header: User-Agent: Go-http-client/1.1
2024-07-17 23:32:21.719914 INFO: X-Vegeta-Seq: 2203
2024-07-17 23:32:21.719928 INFO: oop!unknow header: X-Vegeta-Seq: 2203
2024-07-17 23:32:21.719933 INFO: Accept-Encoding: gzip
2024-07-17 23:32:21.719937 INFO: oop!unknow header: Accept-Encoding: gzip
2024-07-17 23:32:21.719942 INFO: 
2024-07-17 23:32:21.719957 INFO: request:HTTP/1.1 200 OK

2024-07-17 23:32:21.719961 INFO: request:HTTP/1.1 200 OK
Content-Length:542

2024-07-17 23:32:21.719967 INFO: request:HTTP/1.1 200 OK
Content-Length:542
Connection:close

2024-07-17 23:32:21.719973 INFO: request:HTTP/1.1 200 OK
Content-Length:542
Connection:close


2024-07-17 23:32:21.719993 INFO: Thread 140246114473536 is running task

2024-07-17 23:32:21.720024 INFO: eventNum: 3
2024-07-17 23:32:21.720051 INFO: fd: 13, events: 1

2024-07-17 23:32:21.720057 INFO: HandleListenEvent 13
2024-07-17 23:32:21.720074 INFO: HttpConn 169 init success
2024-07-17 23:32:21.720081 INFO: addTimer id:169 expireTime:1721230841
2024-07-17 23:32:21.720107 INFO: Client[169] in!
2024-07-17 23:32:21.720113 INFO: HandleListenEvent 13
2024-07-17 23:32:21.720132 INFO: HttpConn 170 init success
2024-07-17 23:32:21.720138 INFO: addTimer id:170 expireTime:1721230841
2024-07-17 23:32:21.720147 INFO: Client[170] in!
2024-07-17 23:32:21.720152 INFO: HandleListenEvent 13
2024-07-17 23:32:21.720160 INFO: HttpConn 171 init success
2024-07-17 23:32:21.720165 INFO: addTimer id:171 expireTime:1721230841
2024-07-17 23:32:21.720173 INFO: Client[171] in!
2024-07-17 23:32:21.720178 INFO: HandleListenEvent 13
2024-07-17 23:32:21.720188 INFO: HttpConn 174 init success
2024-07-17 23:32:21.720193 INFO: addTimer id:174 expireTime:1721230841
2024-07-17 23:32:21.720201 INFO: Client[174] in!
2024-07-17 23:32:21.720213 INFO: HandleListenEvent 13
