2024-07-17 23:31:28.922793 INFO: Client[198] in!
2024-07-17 23:31:28.922844 INFO: HandleListenEvent 13
2024-07-17 23:31:28.922855 INFO: HttpConn 199 init success
2024-07-17 23:31:28.922860 INFO: addTimer id:199 expireTime:1721230788
2024-07-17 23:31:28.922870 INFO: Client[199] in!
2024-07-17 23:31:28.922874 INFO: HandleListenEvent 13
2024-07-17 23:31:28.922882 ERROR: Accept failure -1
2024-07-17 23:31:28.922887 INFO: fd: 193, events: 4

2024-07-17 23:31:28.922904 INFO: eventNum: 1
2024-07-17 23:31:28.922914 INFO: fd: 197, events: 1

2024-07-17 23:31:28.922927 INFO: Thread 140246122866240 is running task

2024-07-17 23:31:28.922928 INFO: HttpConn 197 read success
2024-07-17 23:31:28.922954 INFO: GET / HTTP/1.1
2024-07-17 23:31:28.922959 INFO: Host: 39.98.202.182:9006
2024-07-17 23:31:28.922964 INFO: User-Agent: Go-http-client/1.1
2024-07-17 23:31:28.922969 INFO: oop!unknow header: User-Agent: Go-http-client/1.1
2024-07-17 23:31:28.922973 INFO: X-Vegeta-Seq: 206
2024-07-17 23:31:28.922977 INFO: oop!unknow header: X-Vegeta-Seq: 206
2024-07-17 23:31:28.922982 INFO: Accept-Encoding: gzip
2024-07-17 23:31:28.922986 INFO: oop!unknow header: Accept-Encoding: gzip
2024-07-17 23:31:28.922991 INFO: 
2024-07-17 23:31:28.923003 INFO: request:HTTP/1.1 200 OK

2024-07-17 23:31:28.923008 INFO: request:HTTP/1.1 200 OK
Content-Length:542

2024-07-17 23:31:28.923013 INFO: request:HTTP/1.1 200 OK
Content-Length:542
Connection:close

2024-07-17 23:31:28.923017 INFO: request:HTTP/1.1 200 OK
Content-Length:542
Connection:close


2024-07-17 23:31:28.923026 INFO: Thread 140246114473536 is running task

2024-07-17 23:31:28.923034 INFO: eventNum: 1
2024-07-17 23:31:28.923040 INFO: fd: 197, events: 4

2024-07-17 23:31:28.923071 INFO: Thread 140246139651648 is running task

2024-07-17 23:31:28.923125 INFO: eventNum: 1
2024-07-17 23:31:28.923133 INFO: fd: 13, events: 1

2024-07-17 23:31:28.923138 INFO: HandleListenEvent 13
2024-07-17 23:31:28.923155 INFO: HttpConn 200 init success
2024-07-17 23:31:28.923160 INFO: addTimer id:200 expireTime:1721230788
2024-07-17 23:31:28.923174 INFO: Client[200] in!
2024-07-17 23:31:28.923179 INFO: HandleListenEvent 13
2024-07-17 23:31:28.923189 INFO: HttpConn 201 init success
2024-07-17 23:31:28.923194 INFO: addTimer id:201 expireTime:1721230788
2024-07-17 23:31:28.923206 INFO: Client[201] in!
2024-07-17 23:31:28.923211 INFO: HandleListenEvent 13
2024-07-17 23:31:28.923221 INFO: HttpConn 202 init success
2024-07-17 23:31:28.923226 INFO: addTimer id:202 expireTime:1721230788
2024-07-17 23:31:28.923237 INFO: Client[202] in!
2024-07-17 23:31:28.923242 INFO: HandleListenEvent 13
2024-07-17 23:31:28.923249 ERROR: Accept failure -1
2024-07-17 23:31:28.923255 INFO: eventNum: 3
2024-07-17 23:31:28.923260 INFO: fd: 198, events: 1

2024-07-17 23:31:28.923270 INFO: HttpConn 198 read success
2024-07-17 23:31:28.923278 INFO: GET / HTTP/1.1
2024-07-17 23:31:28.923283 INFO: Host: 39.98.202.182:9006
2024-07-17 23:31:28.923288 INFO: User-Agent: Go-http-client/1.1
2024-07-17 23:31:28.923292 INFO: oop!unknow header: User-Agent: Go-http-client/1.1
2024-07-17 23:31:28.923296 INFO: X-Vegeta-Seq: 208
2024-07-17 23:31:28.923300 INFO: oop!unknow header: X-Vegeta-Seq: 208
2024-07-17 23:31:28.923306 INFO: Accept-Encoding: gzip
2024-07-17 23:31:28.923310 INFO: oop!unknow header: Accept-Encoding: gzip
2024-07-17 23:31:28.923315 INFO: 
2024-07-17 23:31:28.923327 INFO: request:HTTP/1.1 200 OK

2024-07-17 23:31:28.923333 INFO: request:HTTP/1.1 200 OK
Content-Length:542

2024-07-17 23:31:28.923337 INFO: request:HTTP/1.1 200 OK
Content-Length:542
Connection:close

2024-07-17 23:31:28.923341 INFO: request:HTTP/1.1 200 OK
Content-Length:542
Connection:close


2024-07-17 23:31:28.923348 INFO: Thread 140246148044352 is running task

2024-07-17 23:31:28.923356 INFO: fd: 199, events: 1

2024-07-17 23:31:28.923365 INFO: fd: 200, events: 1

2024-07-17 23:31:28.923370 INFO: HttpConn 199 read success
2024-07-17 23:31:28.923380 INFO: eventNum: 1
2024-07-17 23:31:28.923390 INFO: GET / HTTP/1.1
2024-07-17 23:31:28.923394 INFO: fd: 198, events: 4

2024-07-17 23:31:28.923375 INFO: HttpConn 200 read success
2024-07-17 23:31:28.923401 INFO: Host: 39.98.202.182:9006
2024-07-17 23:31:28.923445 INFO: GET / HTTP/1.1
2024-07-17 23:31:28.923455 INFO: User-Agent: Go-http-client/1.1
2024-07-17 23:31:28.923474 INFO: oop!unknow header: User-Agent: Go-http-client/1.1
2024-07-17 23:31:28.923480 INFO: X-Vegeta-Seq: 201
2024-07-17 23:31:28.923486 INFO: oop!unknow header: X-Vegeta-Seq: 201
2024-07-17 23:31:28.923490 INFO: Accept-Encoding: gzip
2024-07-17 23:31:28.923492 INFO: Thread 140246097688128 is running task

2024-07-17 23:31:28.923496 INFO: oop!unknow header: Accept-Encoding: gzip
2024-07-17 23:31:28.923514 INFO: 
2024-07-17 23:31:28.923466 INFO: Host: 39.98.202.182:9006
2024-07-17 23:31:28.923539 INFO: request:HTTP/1.1 200 OK

2024-07-17 23:31:28.923541 INFO: User-Agent: Go-http-client/1.1
2024-07-17 23:31:28.923547 INFO: request:HTTP/1.1 200 OK
Content-Length:542

2024-07-17 23:31:28.923568 INFO: request:HTTP/1.1 200 OK
Content-Length:542
Connection:close

2024-07-17 23:31:28.923557 INFO: oop!unknow header: User-Agent: Go-http-client/1.1
2024-07-17 23:31:28.923583 INFO: X-Vegeta-Seq: 209
2024-07-17 23:31:28.923589 INFO: oop!unknow header: X-Vegeta-Seq: 209
2024-07-17 23:31:28.923575 INFO: request:HTTP/1.1 200 OK
Content-Length:542
Connection:close


2024-07-17 23:31:28.923593 INFO: Accept-Encoding: gzip
2024-07-17 23:31:28.923608 INFO: oop!unknow header: Accept-Encoding: gzip
2024-07-17 23:31:28.923600 INFO: eventNum: 1
2024-07-17 23:31:28.923636 INFO: fd: 202, events: 1

2024-07-17 23:31:28.923608 INFO: Thread 140246131258944 is running task

2024-07-17 23:31:28.923653 INFO: HttpConn 202 read success
2024-07-17 23:31:28.923662 INFO: GET / HTTP/1.1
2024-07-17 23:31:28.923667 INFO: Host: 39.98.202.182:9006
2024-07-17 23:31:28.923672 INFO: User-Agent: Go-http-client/1.1
2024-07-17 23:31:28.923676 INFO: oop!unknow header: User-Agent: Go-http-client/1.1
2024-07-17 23:31:28.923681 INFO: X-Vegeta-Seq: 210
2024-07-17 23:31:28.923685 INFO: oop!unknow header: X-Vegeta-Seq: 210
2024-07-17 23:31:28.923689 INFO: Accept-Encoding: gzip
2024-07-17 23:31:28.923693 INFO: oop!unknow header: Accept-Encoding: gzip
2024-07-17 23:31:28.923698 INFO: 
2024-07-17 23:31:28.923711 INFO: request:HTTP/1.1 200 OK

2024-07-17 23:31:28.923716 INFO: request:HTTP/1.1 200 OK
Content-Length:542

2024-07-17 23:31:28.923720 INFO: request:HTTP/1.1 200 OK
Content-Length:542
Connection:close

2024-07-17 23:31:28.923725 INFO: request:HTTP/1.1 200 OK
Content-Length:542
Connection:close


2024-07-17 23:31:28.923733 INFO: Thread 140246106080832 is running task

2024-07-17 23:31:28.923621 INFO: 
2024-07-17 23:31:28.923751 INFO: request:HTTP/1.1 200 OK

2024-07-17 23:31:28.923756 INFO: request:HTTP/1.1 200 OK
Content-Length:542

2024-07-17 23:31:28.923761 INFO: request:HTTP/1.1 200 OK
Content-Length:542
Connection:close

2024-07-17 23:31:28.923765 INFO: request:HTTP/1.1 200 OK
Content-Length:542
Connection:close


2024-07-17 23:31:28.923772 INFO: Thread 140246156437056 is running task

2024-07-17 23:31:28.923780 INFO: eventNum: 3
2024-07-17 23:31:28.923785 INFO: fd: 199, events: 4

2024-07-17 23:31:28.923795 INFO: fd: 202, events: 4

2024-07-17 23:31:28.923818 INFO: Thread 140246122866240 is running task

2024-07-17 23:31:28.923827 INFO: Thread 140246114473536 is running task

2024-07-17 23:31:28.923837 INFO: fd: 200, events: 4

2024-07-17 23:31:28.923857 INFO: Thread 140246139651648 is running task

2024-07-17 23:31:28.923871 INFO: eventNum: 1
2024-07-17 23:31:28.923876 INFO: fd: 201, events: 1

2024-07-17 23:31:28.923886 INFO: HttpConn 201 read success
2024-07-17 23:31:28.923893 INFO: GET / HTTP/1.1
2024-07-17 23:31:28.923898 INFO: Host: 39.98.202.182:9006
2024-07-17 23:31:28.923903 INFO: User-Agent: Go-http-client/1.1
2024-07-17 23:31:28.923907 INFO: oop!unknow header: User-Agent: Go-http-client/1.1
2024-07-17 23:31:28.923911 INFO: X-Vegeta-Seq: 211
2024-07-17 23:31:28.923916 INFO: oop!unknow header: X-Vegeta-Seq: 211
2024-07-17 23:31:28.923920 INFO: Accept-Encoding: gzip
2024-07-17 23:31:28.923924 INFO: oop!unknow header: Accept-Encoding: gzip
2024-07-17 23:31:28.923933 INFO: 
2024-07-17 23:31:28.923945 INFO: request:HTTP/1.1 200 OK

2024-07-17 23:31:28.923950 INFO: request:HTTP/1.1 200 OK
Content-Length:542

2024-07-17 23:31:28.923954 INFO: request:HTTP/1.1 200 OK
Content-Length:542
Connection:close

2024-07-17 23:31:28.923958 INFO: request:HTTP/1.1 200 OK
Content-Length:542
Connection:close


2024-07-17 23:31:28.923966 INFO: Thread 140246148044352 is running task

2024-07-17 23:31:28.923973 INFO: eventNum: 1
2024-07-17 23:31:28.923978 INFO: fd: 201, events: 4

2024-07-17 23:31:28.924006 INFO: Thread 140246097688128 is running task

2024-07-17 23:31:28.924161 INFO: eventNum: 1
2024-07-17 23:31:28.924175 INFO: fd: 56, events: 8193

2024-07-17 23:31:28.924191 INFO: HttpConn 56 close success
2024-07-17 23:31:28.924199 INFO: Client[56] quit!
2024-07-17 23:31:28.924703 INFO: eventNum: 1
2024-07-17 23:31:28.924719 INFO: fd: 13, events: 1

2024-07-17 23:31:28.924724 INFO: HandleListenEvent 13
2024-07-17 23:31:28.924734 INFO: HttpConn 56 init success
2024-07-17 23:31:28.924740 INFO: addTimer id:56 expireTime:1721230788
2024-07-17 23:31:28.924749 INFO: Client[56] in!
2024-07-17 23:31:28.924753 INFO: HandleListenEvent 13
2024-07-17 23:31:28.924761 ERROR: Accept failure -1
2024-07-17 23:31:28.925105 INFO: eventNum: 1
2024-07-17 23:31:28.925123 INFO: fd: 56, events: 1

2024-07-17 23:31:28.925141 INFO: HttpConn 56 read success
2024-07-17 23:31:28.925161 INFO: GET / HTTP/1.1
2024-07-17 23:31:28.925167 INFO: Host: 39.98.202.182:9006
2024-07-17 23:31:28.925172 INFO: User-Agent: Go-http-client/1.1
2024-07-17 23:31:28.925176 INFO: oop!unknow header: User-Agent: Go-http-client/1.1
2024-07-17 23:31:28.925181 INFO: X-Vegeta-Seq: 213
2024-07-17 23:31:28.925185 INFO: oop!unknow header: X-Vegeta-Seq: 213
2024-07-17 23:31:28.925190 INFO: Accept-Encoding: gzip
2024-07-17 23:31:28.925195 INFO: oop!unknow header: Accept-Encoding: gzip
2024-07-17 23:31:28.925199 INFO: 
2024-07-17 23:31:28.925215 INFO: request:HTTP/1.1 200 OK

2024-07-17 23:31:28.925220 INFO: request:HTTP/1.1 200 OK
Content-Length:542

2024-07-17 23:31:28.925224 INFO: request:HTTP/1.1 200 OK
Content-Length:542
Connection:close

2024-07-17 23:31:28.925229 INFO: request:HTTP/1.1 200 OK
Content-Length:542
Connection:close


2024-07-17 23:31:28.925258 INFO: eventNum: 2
2024-07-17 23:31:28.925275 INFO: fd: 56, events: 4

2024-07-17 23:31:28.925261 INFO: Thread 140246131258944 is running task

2024-07-17 23:31:28.925311 INFO: Thread 140246106080832 is running task

2024-07-17 23:31:28.925323 INFO: fd: 13, events: 1

2024-07-17 23:31:28.925327 INFO: HandleListenEvent 13
2024-07-17 23:31:28.925340 INFO: HttpConn 203 init success
2024-07-17 23:31:28.925346 INFO: addTimer id:203 expireTime:1721230788
2024-07-17 23:31:28.925357 INFO: Client[203] in!
2024-07-17 23:31:28.925361 INFO: HandleListenEvent 13
2024-07-17 23:31:28.925369 ERROR: Accept failure -1
2024-07-17 23:31:28.925375 INFO: eventNum: 1
2024-07-17 23:31:28.925379 INFO: fd: 203, events: 1

2024-07-17 23:31:28.925389 INFO: HttpConn 203 read success
2024-07-17 23:31:28.925397 INFO: GET / HTTP/1.1
2024-07-17 23:31:28.925402 INFO: Host: 39.98.202.182:9006
2024-07-17 23:31:28.925408 INFO: User-Agent: Go-http-client/1.1
2024-07-17 23:31:28.925412 INFO: oop!unknow header: User-Agent: Go-http-client/1.1
2024-07-17 23:31:28.925417 INFO: X-Vegeta-Seq: 212
2024-07-17 23:31:28.925421 INFO: oop!unknow header: X-Vegeta-Seq: 212
2024-07-17 23:31:28.925432 INFO: Accept-Encoding: gzip
2024-07-17 23:31:28.925436 INFO: oop!unknow header: Accept-Encoding: gzip
2024-07-17 23:31:28.925440 INFO: 
2024-07-17 23:31:28.925455 INFO: request:HTTP/1.1 200 OK

2024-07-17 23:31:28.925460 INFO: request:HTTP/1.1 200 OK
Content-Length:542

2024-07-17 23:31:28.925464 INFO: request:HTTP/1.1 200 OK
Content-Length:542
Connection:close

2024-07-17 23:31:28.925468 INFO: request:HTTP/1.1 200 OK
Content-Length:542
Connection:close


2024-07-17 23:31:28.925476 INFO: Thread 140246156437056 is running task

2024-07-17 23:31:28.925485 INFO: eventNum: 2
2024-07-17 23:31:28.925494 INFO: fd: 57, events: 8193

2024-07-17 23:31:28.925509 INFO: HttpConn 57 close success
2024-07-17 23:31:28.925517 INFO: Client[57] quit!
2024-07-17 23:31:28.925521 INFO: fd: 203, events: 4

2024-07-17 23:31:28.925557 INFO: Thread 140246122866240 is running task

2024-07-17 23:31:28.941466 INFO: eventNum: 1
2024-07-17 23:31:28.941520 INFO: fd: 13, events: 1

2024-07-17 23:31:28.941526 INFO: HandleListenEvent 13
2024-07-17 23:31:28.941548 INFO: HttpConn 57 init success
2024-07-17 23:31:28.941555 INFO: addTimer id:57 expireTime:1721230788
2024-07-17 23:31:28.941568 INFO: Client[57] in!
2024-07-17 23:31:28.941573 INFO: HandleListenEvent 13
2024-07-17 23:31:28.941585 ERROR: Accept failure -1
2024-07-17 23:31:28.941624 INFO: eventNum: 1
2024-07-17 23:31:28.941629 INFO: fd: 57, events: 1

2024-07-17 23:31:28.941643 INFO: HttpConn 57 read success
2024-07-17 23:31:28.941654 INFO: GET / HTTP/1.1
2024-07-17 23:31:28.941660 INFO: Host: 39.98.202.182:9006
2024-07-17 23:31:28.941665 INFO: User-Agent: Go-http-client/1.1
2024-07-17 23:31:28.941669 INFO: oop!unknow header: User-Agent: Go-http-client/1.1
2024-07-17 23:31:28.941674 INFO: X-Vegeta-Seq: 215
2024-07-17 23:31:28.941683 INFO: oop!unknow header: X-Vegeta-Seq: 215
2024-07-17 23:31:28.941688 INFO: Accept-Encoding: gzip
2024-07-17 23:31:28.941692 INFO: oop!unknow header: Accept-Encoding: gzip
2024-07-17 23:31:28.941696 INFO: 
2024-07-17 23:31:28.941720 INFO: request:HTTP/1.1 200 OK

2024-07-17 23:31:28.941725 INFO: request:HTTP/1.1 200 OK
Content-Length:542

2024-07-17 23:31:28.941730 INFO: request:HTTP/1.1 200 OK
Content-Length:542
Connection:close

2024-07-17 23:31:28.941734 INFO: request:HTTP/1.1 200 OK
Content-Length:542
Connection:close


2024-07-17 23:31:28.941750 INFO: Thread 140246114473536 is running task

2024-07-17 23:31:28.941760 INFO: eventNum: 2
2024-07-17 23:31:28.941765 INFO: fd: 72, events: 8193

2024-07-17 23:31:28.941786 INFO: HttpConn 72 close success
2024-07-17 23:31:28.942864 INFO: Client[72] quit!
2024-07-17 23:31:28.942892 INFO: fd: 57, events: 4

2024-07-17 23:31:28.942907 INFO: eventNum: 2
2024-07-17 23:31:28.942912 INFO: fd: 69, events: 8193

2024-07-17 23:31:28.942934 INFO: HttpConn 69 close success
2024-07-17 23:31:28.942939 INFO: Client[69] quit!
2024-07-17 23:31:28.942943 INFO: fd: 13, events: 1

2024-07-17 23:31:28.942947 INFO: HandleListenEvent 13
2024-07-17 23:31:28.942963 INFO: HttpConn 69 init success
2024-07-17 23:31:28.942969 INFO: addTimer id:69 expireTime:1721230788
2024-07-17 23:31:28.942980 INFO: Client[69] in!
2024-07-17 23:31:28.942984 INFO: HandleListenEvent 13
2024-07-17 23:31:28.942994 INFO: HttpConn 72 init success
2024-07-17 23:31:28.942999 INFO: addTimer id:72 expireTime:1721230788
2024-07-17 23:31:28.943007 INFO: Client[72] in!
2024-07-17 23:31:28.943012 INFO: HandleListenEvent 13
2024-07-17 23:31:28.943033 ERROR: Accept failure -1
2024-07-17 23:31:28.943039 INFO: eventNum: 2
2024-07-17 23:31:28.943043 INFO: fd: 69, events: 1

2024-07-17 23:31:28.943052 INFO: fd: 72, events: 1

2024-07-17 23:31:28.943138 INFO: Thread 140246139651648 is running task

2024-07-17 23:31:28.943148 INFO: HttpConn 69 read success
2024-07-17 23:31:28.943158 INFO: GET / HTTP/1.1
2024-07-17 23:31:28.943164 INFO: Host: 39.98.202.182:9006
2024-07-17 23:31:28.943169 INFO: User-Agent: Go-http-client/1.1
2024-07-17 23:31:28.943174 INFO: oop!unknow header: User-Agent: Go-http-client/1.1
2024-07-17 23:31:28.943178 INFO: X-Vegeta-Seq: 216
2024-07-17 23:31:28.943182 INFO: oop!unknow header: X-Vegeta-Seq: 216
2024-07-17 23:31:28.943186 INFO: Accept-Encoding: gzip
2024-07-17 23:31:28.943191 INFO: oop!unknow header: Accept-Encoding: gzip
2024-07-17 23:31:28.943195 INFO: 
2024-07-17 23:31:28.943214 INFO: request:HTTP/1.1 200 OK

2024-07-17 23:31:28.943219 INFO: request:HTTP/1.1 200 OK
Content-Length:542

2024-07-17 23:31:28.943224 INFO: request:HTTP/1.1 200 OK
Content-Length:542
Connection:close

2024-07-17 23:31:28.943228 INFO: request:HTTP/1.1 200 OK
Content-Length:542
Connection:close


2024-07-17 23:31:28.943236 INFO: Thread 140246139651648 is running task

2024-07-17 23:31:28.943247 INFO: HttpConn 72 read success
2024-07-17 23:31:28.943253 INFO: GET / HTTP/1.1
2024-07-17 23:31:28.943258 INFO: Host: 39.98.202.182:9006
2024-07-17 23:31:28.943262 INFO: User-Agent: Go-http-client/1.1
2024-07-17 23:31:28.943267 INFO: oop!unknow header: User-Agent: Go-http-client/1.1
2024-07-17 23:31:28.943271 INFO: X-Vegeta-Seq: 214
2024-07-17 23:31:28.943275 INFO: oop!unknow header: X-Vegeta-Seq: 214
2024-07-17 23:31:28.943279 INFO: Accept-Encoding: gzip
2024-07-17 23:31:28.943283 INFO: oop!unknow header: Accept-Encoding: gzip
2024-07-17 23:31:28.943288 INFO: 
2024-07-17 23:31:28.943311 INFO: request:HTTP/1.1 200 OK

2024-07-17 23:31:28.943317 INFO: request:HTTP/1.1 200 OK
Content-Length:542

2024-07-17 23:31:28.943321 INFO: request:HTTP/1.1 200 OK
Content-Length:542
Connection:close

2024-07-17 23:31:28.943325 INFO: request:HTTP/1.1 200 OK
Content-Length:542
Connection:close


2024-07-17 23:31:28.943332 INFO: Thread 140246139651648 is running task

2024-07-17 23:31:28.943458 INFO: eventNum: 3
2024-07-17 23:31:28.943470 INFO: fd: 69, events: 4

2024-07-17 23:31:28.943502 INFO: Thread 140246131258944 is running task

2024-07-17 23:31:28.943567 INFO: fd: 72, events: 4

2024-07-17 23:31:28.943578 INFO: fd: 13, events: 1

2024-07-17 23:31:28.943583 INFO: HandleListenEvent 13
2024-07-17 23:31:28.943597 INFO: HttpConn 204 init success
2024-07-17 23:31:28.943603 INFO: addTimer id:204 expireTime:1721230788
2024-07-17 23:31:28.943615 INFO: Client[204] in!
2024-07-17 23:31:28.943620 INFO: HandleListenEvent 13
2024-07-17 23:31:28.943628 ERROR: Accept failure -1
2024-07-17 23:31:28.943633 INFO: eventNum: 1
2024-07-17 23:31:28.943638 INFO: fd: 74, events: 8193

2024-07-17 23:31:28.943652 INFO: HttpConn 74 close success
2024-07-17 23:31:28.943657 INFO: Client[74] quit!
2024-07-17 23:31:28.943756 INFO: Thread 140246097688128 is running task

2024-07-17 23:31:28.944214 INFO: eventNum: 2
2024-07-17 23:31:28.944235 INFO: fd: 68, events: 8193

2024-07-17 23:31:28.944253 INFO: HttpConn 68 close success
2024-07-17 23:31:28.944258 INFO: Client[68] quit!
2024-07-17 23:31:28.944263 INFO: fd: 71, events: 8193

2024-07-17 23:31:28.944275 INFO: HttpConn 71 close success
2024-07-17 23:31:28.944279 INFO: Client[71] quit!
2024-07-17 23:31:28.944914 INFO: eventNum: 1
2024-07-17 23:31:28.944925 INFO: fd: 67, events: 8193

2024-07-17 23:31:28.944939 INFO: HttpConn 67 close success
2024-07-17 23:31:28.944944 INFO: Client[67] quit!
2024-07-17 23:31:28.945041 INFO: eventNum: 1
2024-07-17 23:31:28.945051 INFO: fd: 75, events: 8193

2024-07-17 23:31:28.945065 INFO: HttpConn 75 close success
2024-07-17 23:31:28.945070 INFO: Client[75] quit!
2024-07-17 23:31:28.945297 INFO: eventNum: 1
2024-07-17 23:31:28.945312 INFO: fd: 204, events: 1

2024-07-17 23:31:28.945335 INFO: HttpConn 204 read success
2024-07-17 23:31:28.945364 INFO: GET / HTTP/1.1
2024-07-17 23:31:28.945370 INFO: Host: 39.98.202.182:9006
2024-07-17 23:31:28.945375 INFO: User-Agent: Go-http-client/1.1
2024-07-17 23:31:28.945380 INFO: oop!unknow header: User-Agent: Go-http-client/1.1
2024-07-17 23:31:28.945384 INFO: X-Vegeta-Seq: 217
2024-07-17 23:31:28.945389 INFO: oop!unknow header: X-Vegeta-Seq: 217
2024-07-17 23:31:28.945393 INFO: Accept-Encoding: gzip
2024-07-17 23:31:28.945398 INFO: oop!unknow header: Accept-Encoding: gzip
2024-07-17 23:31:28.945402 INFO: 
2024-07-17 23:31:28.945419 INFO: request:HTTP/1.1 200 OK

2024-07-17 23:31:28.945431 INFO: request:HTTP/1.1 200 OK
Content-Length:542

2024-07-17 23:31:28.945436 INFO: request:HTTP/1.1 200 OK
Content-Length:542
Connection:close

2024-07-17 23:31:28.945440 INFO: request:HTTP/1.1 200 OK
Content-Length:542
Connection:close


2024-07-17 23:31:28.945455 INFO: Thread 140246156437056 is running task

2024-07-17 23:31:28.945499 INFO: eventNum: 1
2024-07-17 23:31:28.945507 INFO: fd: 204, events: 4

2024-07-17 23:31:28.945546 INFO: Thread 140246122866240 is running task

2024-07-17 23:31:28.945750 INFO: eventNum: 1
2024-07-17 23:31:28.945761 INFO: fd: 60, events: 8193

2024-07-17 23:31:28.945783 INFO: HttpConn 60 close success
2024-07-17 23:31:28.945788 INFO: Client[60] quit!
2024-07-17 23:31:28.946170 INFO: eventNum: 1
2024-07-17 23:31:28.946181 INFO: fd: 61, events: 8193

2024-07-17 23:31:28.946195 INFO: HttpConn 61 close success
2024-07-17 23:31:28.946200 INFO: Client[61] quit!
2024-07-17 23:31:28.947470 INFO: eventNum: 1
2024-07-17 23:31:28.947489 INFO: fd: 13, events: 1

2024-07-17 23:31:28.947495 INFO: HandleListenEvent 13
2024-07-17 23:31:28.947512 INFO: HttpConn 60 init success
2024-07-17 23:31:28.947518 INFO: addTimer id:60 expireTime:1721230788
2024-07-17 23:31:28.947528 INFO: Client[60] in!
2024-07-17 23:31:28.947533 INFO: HandleListenEvent 13
2024-07-17 23:31:28.947541 ERROR: Accept failure -1
2024-07-17 23:31:28.947677 INFO: eventNum: 1
2024-07-17 23:31:28.947686 INFO: fd: 70, events: 8193

2024-07-17 23:31:28.947702 INFO: HttpConn 70 close success
2024-07-17 23:31:28.947707 INFO: Client[70] quit!
2024-07-17 23:31:28.947793 INFO: eventNum: 1
2024-07-17 23:31:28.947803 INFO: fd: 13, events: 1

2024-07-17 23:31:28.947807 INFO: HandleListenEvent 13
2024-07-17 23:31:28.947820 INFO: HttpConn 61 init success
2024-07-17 23:31:28.947825 INFO: addTimer id:61 expireTime:1721230788
2024-07-17 23:31:28.947835 INFO: Client[61] in!
2024-07-17 23:31:28.947839 INFO: HandleListenEvent 13
2024-07-17 23:31:28.947847 ERROR: Accept failure -1
2024-07-17 23:31:28.948184 INFO: eventNum: 1
2024-07-17 23:31:28.948206 INFO: fd: 61, events: 1

2024-07-17 23:31:28.948223 INFO: HttpConn 61 read success
2024-07-17 23:31:28.948234 INFO: GET / HTTP/1.1
2024-07-17 23:31:28.948240 INFO: Host: 39.98.202.182:9006
2024-07-17 23:31:28.948245 INFO: User-Agent: Go-http-client/1.1
2024-07-17 23:31:28.948249 INFO: oop!unknow header: User-Agent: Go-http-client/1.1
2024-07-17 23:31:28.948254 INFO: X-Vegeta-Seq: 220
2024-07-17 23:31:28.948258 INFO: oop!unknow header: X-Vegeta-Seq: 220
2024-07-17 23:31:28.948262 INFO: Accept-Encoding: gzip
2024-07-17 23:31:28.948267 INFO: oop!unknow header: Accept-Encoding: gzip
2024-07-17 23:31:28.948271 INFO: 
2024-07-17 23:31:28.948289 INFO: request:HTTP/1.1 200 OK

2024-07-17 23:31:28.948294 INFO: request:HTTP/1.1 200 OK
Content-Length:542

2024-07-17 23:31:28.948298 INFO: request:HTTP/1.1 200 OK
Content-Length:542
Connection:close

2024-07-17 23:31:28.948302 INFO: request:HTTP/1.1 200 OK
Content-Length:542
Connection:close


2024-07-17 23:31:28.948314 INFO: Thread 140246114473536 is running task

2024-07-17 23:31:28.948324 INFO: eventNum: 2
2024-07-17 23:31:28.948329 INFO: fd: 60, events: 1

2024-07-17 23:31:28.948340 INFO: fd: 61, events: 4

2024-07-17 23:31:28.948354 INFO: HttpConn 60 read success
2024-07-17 23:31:28.948376 INFO: GET / HTTP/1.1
2024-07-17 23:31:28.948382 INFO: Host: 39.98.202.182:9006
2024-07-17 23:31:28.948387 INFO: User-Agent: Go-http-client/1.1
2024-07-17 23:31:28.948392 INFO: oop!unknow header: User-Agent: Go-http-client/1.1
2024-07-17 23:31:28.948396 INFO: X-Vegeta-Seq: 219
2024-07-17 23:31:28.948400 INFO: oop!unknow header: X-Vegeta-Seq: 219
2024-07-17 23:31:28.948405 INFO: Accept-Encoding: gzip
2024-07-17 23:31:28.948409 INFO: oop!unknow header: Accept-Encoding: gzip
2024-07-17 23:31:28.948413 INFO: 
2024-07-17 23:31:28.948461 INFO: request:HTTP/1.1 200 OK

2024-07-17 23:31:28.948466 INFO: request:HTTP/1.1 200 OK
Content-Length:542

2024-07-17 23:31:28.948471 INFO: request:HTTP/1.1 200 OK
Content-Length:542
Connection:close

2024-07-17 23:31:28.948475 INFO: request:HTTP/1.1 200 OK
Content-Length:542
Connection:close


2024-07-17 23:31:28.948487 INFO: Thread 140246139651648 is running task

2024-07-17 23:31:28.948547 INFO: eventNum: 2
2024-07-17 23:31:28.948557 INFO: fd: 60, events: 4

2024-07-17 23:31:28.948566 INFO: fd: 63, events: 8193

2024-07-17 23:31:28.948582 INFO: Thread 140246131258944 is running task

2024-07-17 23:31:28.948590 INFO: HttpConn 63 close success
2024-07-17 23:31:28.948599 INFO: Client[63] quit!
2024-07-17 23:31:28.948606 INFO: Thread 140246131258944 is running task

2024-07-17 23:31:28.949045 INFO: eventNum: 1
2024-07-17 23:31:28.949071 INFO: fd: 59, events: 8193

2024-07-17 23:31:28.949089 INFO: HttpConn 59 close success
2024-07-17 23:31:28.949097 INFO: Client[59] quit!
2024-07-17 23:31:28.949225 INFO: eventNum: 1
2024-07-17 23:31:28.949239 INFO: fd: 62, events: 8193

2024-07-17 23:31:28.949255 INFO: HttpConn 62 close success
2024-07-17 23:31:28.949263 INFO: Client[62] quit!
2024-07-17 23:31:28.949624 INFO: eventNum: 1
2024-07-17 23:31:28.949637 INFO: fd: 65, events: 8193

2024-07-17 23:31:28.949654 INFO: HttpConn 65 close success
2024-07-17 23:31:28.949659 INFO: Client[65] quit!
2024-07-17 23:31:28.950527 INFO: eventNum: 1
2024-07-17 23:31:28.950554 INFO: fd: 64, events: 8193

2024-07-17 23:31:28.950572 INFO: HttpConn 64 close success
2024-07-17 23:31:28.950581 INFO: Client[64] quit!
2024-07-17 23:31:28.951280 INFO: eventNum: 1
2024-07-17 23:31:28.951293 INFO: fd: 13, events: 1

2024-07-17 23:31:28.951298 INFO: HandleListenEvent 13
2024-07-17 23:31:28.951315 INFO: HttpConn 59 init success
2024-07-17 23:31:28.951321 INFO: addTimer id:59 expireTime:1721230788
2024-07-17 23:31:28.951332 INFO: Client[59] in!
2024-07-17 23:31:28.951337 INFO: HandleListenEvent 13
2024-07-17 23:31:28.951345 ERROR: Accept failure -1
2024-07-17 23:31:28.951773 INFO: eventNum: 1
2024-07-17 23:31:28.951786 INFO: fd: 13, events: 1

2024-07-17 23:31:28.951791 INFO: HandleListenEvent 13
2024-07-17 23:31:28.951802 INFO: HttpConn 62 init success
2024-07-17 23:31:28.951807 INFO: addTimer id:62 expireTime:1721230788
2024-07-17 23:31:28.951816 INFO: Client[62] in!
2024-07-17 23:31:28.951821 INFO: HandleListenEvent 13
2024-07-17 23:31:28.951829 ERROR: Accept failure -1
2024-07-17 23:31:28.951907 INFO: eventNum: 1
2024-07-17 23:31:28.951918 INFO: fd: 66, events: 8193

2024-07-17 23:31:28.951932 INFO: HttpConn 66 close success
2024-07-17 23:31:28.951940 INFO: Client[66] quit!
2024-07-17 23:31:28.952183 INFO: eventNum: 1
2024-07-17 23:31:28.952194 INFO: fd: 73, events: 8193

2024-07-17 23:31:28.952208 INFO: HttpConn 73 close success
2024-07-17 23:31:28.952215 INFO: Client[73] quit!
2024-07-17 23:31:28.952392 INFO: eventNum: 2
2024-07-17 23:31:28.952406 INFO: fd: 58, events: 8193

2024-07-17 23:31:28.952420 INFO: HttpConn 58 close success
2024-07-17 23:31:28.952434 INFO: Client[58] quit!
2024-07-17 23:31:28.952439 INFO: fd: 59, events: 1

2024-07-17 23:31:28.952459 INFO: HttpConn 59 read success
2024-07-17 23:31:28.952483 INFO: GET / HTTP/1.1
2024-07-17 23:31:28.952489 INFO: Host: 39.98.202.182:9006
2024-07-17 23:31:28.952494 INFO: User-Agent: Go-http-client/1.1
2024-07-17 23:31:28.952498 INFO: oop!unknow header: User-Agent: Go-http-client/1.1
2024-07-17 23:31:28.952518 INFO: X-Vegeta-Seq: 221
2024-07-17 23:31:28.952530 INFO: oop!unknow header: X-Vegeta-Seq: 221
2024-07-17 23:31:28.952543 INFO: Accept-Encoding: gzip
2024-07-17 23:31:28.952518 INFO: eventNum: 1
2024-07-17 23:31:28.952548 INFO: oop!unknow header: Accept-Encoding: gzip
2024-07-17 23:31:28.952570 INFO: 
2024-07-17 23:31:28.952560 INFO: fd: 62, events: 1

2024-07-17 23:31:28.952591 INFO: request:HTTP/1.1 200 OK

2024-07-17 23:31:28.952597 INFO: request:HTTP/1.1 200 OK
Content-Length:542

2024-07-17 23:31:28.952602 INFO: request:HTTP/1.1 200 OK
Content-Length:542
Connection:close

2024-07-17 23:31:28.952606 INFO: request:HTTP/1.1 200 OK
Content-Length:542
Connection:close


2024-07-17 23:31:28.952622 INFO: Thread 140246148044352 is running task

2024-07-17 23:31:28.952622 INFO: eventNum: 1
2024-07-17 23:31:28.952635 INFO: HttpConn 62 read success
2024-07-17 23:31:28.952645 INFO: fd: 59, events: 4

2024-07-17 23:31:28.952655 INFO: GET / HTTP/1.1
2024-07-17 23:31:28.952670 INFO: Host: 39.98.202.182:9006
2024-07-17 23:31:28.952675 INFO: User-Agent: Go-http-client/1.1
2024-07-17 23:31:28.952679 INFO: oop!unknow header: User-Agent: Go-http-client/1.1
2024-07-17 23:31:28.952683 INFO: X-Vegeta-Seq: 218
2024-07-17 23:31:28.952689 INFO: oop!unknow header: X-Vegeta-Seq: 218
2024-07-17 23:31:28.952694 INFO: Accept-Encoding: gzip
2024-07-17 23:31:28.952698 INFO: oop!unknow header: Accept-Encoding: gzip
2024-07-17 23:31:28.952717 INFO: 
2024-07-17 23:31:28.952700 INFO: Thread 140246156437056 is running task

2024-07-17 23:31:28.952729 INFO: request:HTTP/1.1 200 OK

2024-07-17 23:31:28.952735 INFO: request:HTTP/1.1 200 OK
Content-Length:542

2024-07-17 23:31:28.952739 INFO: request:HTTP/1.1 200 OK
Content-Length:542
Connection:close

2024-07-17 23:31:28.952744 INFO: request:HTTP/1.1 200 OK
Content-Length:542
Connection:close


2024-07-17 23:31:28.952754 INFO: Thread 140246148044352 is running task

2024-07-17 23:31:28.952759 INFO: eventNum: 1
2024-07-17 23:31:28.952767 INFO: fd: 62, events: 4

2024-07-17 23:31:28.952801 INFO: Thread 140246122866240 is running task

2024-07-17 23:31:28.953227 INFO: eventNum: 1
2024-07-17 23:31:28.953242 INFO: fd: 13, events: 1

2024-07-17 23:31:28.953246 INFO: HandleListenEvent 13
2024-07-17 23:31:28.953257 INFO: HttpConn 58 init success
2024-07-17 23:31:28.953263 INFO: addTimer id:58 expireTime:1721230788
2024-07-17 23:31:28.953272 INFO: Client[58] in!
2024-07-17 23:31:28.953277 INFO: HandleListenEvent 13
2024-07-17 23:31:28.953285 ERROR: Accept failure -1
2024-07-17 23:31:28.953584 INFO: eventNum: 1
2024-07-17 23:31:28.953602 INFO: fd: 58, events: 1

2024-07-17 23:31:28.953619 INFO: HttpConn 58 read success
2024-07-17 23:31:28.953632 INFO: GET / HTTP/1.1
2024-07-17 23:31:28.953638 INFO: Host: 39.98.202.182:9006
2024-07-17 23:31:28.953643 INFO: User-Agent: Go-http-client/1.1
2024-07-17 23:31:28.953647 INFO: oop!unknow header: User-Agent: Go-http-client/1.1
2024-07-17 23:31:28.953652 INFO: X-Vegeta-Seq: 222
2024-07-17 23:31:28.953656 INFO: oop!unknow header: X-Vegeta-Seq: 222
2024-07-17 23:31:28.953660 INFO: Accept-Encoding: gzip
2024-07-17 23:31:28.953665 INFO: oop!unknow header: Accept-Encoding: gzip
2024-07-17 23:31:28.953669 INFO: 
2024-07-17 23:31:28.953685 INFO: request:HTTP/1.1 200 OK

2024-07-17 23:31:28.953691 INFO: request:HTTP/1.1 200 OK
Content-Length:542

2024-07-17 23:31:28.953695 INFO: request:HTTP/1.1 200 OK
Content-Length:542
Connection:close

2024-07-17 23:31:28.953699 INFO: request:HTTP/1.1 200 OK
Content-Length:542
Connection:close


2024-07-17 23:31:28.953709 INFO: Thread 140246114473536 is running task

2024-07-17 23:31:28.953718 INFO: eventNum: 1
2024-07-17 23:31:28.953723 INFO: fd: 58, events: 4

2024-07-17 23:31:28.953756 INFO: Thread 140246139651648 is running task

2024-07-17 23:31:28.953821 INFO: eventNum: 1
2024-07-17 23:31:28.953838 INFO: fd: 13, events: 1

2024-07-17 23:31:28.953843 INFO: HandleListenEvent 13
2024-07-17 23:31:28.953856 INFO: HttpConn 63 init success
2024-07-17 23:31:28.953862 INFO: addTimer id:63 expireTime:1721230788
2024-07-17 23:31:28.953871 INFO: Client[63] in!
2024-07-17 23:31:28.953876 INFO: HandleListenEvent 13
2024-07-17 23:31:28.953884 ERROR: Accept failure -1
2024-07-17 23:31:28.953935 INFO: eventNum: 1
2024-07-17 23:31:28.953942 INFO: fd: 13, events: 1

2024-07-17 23:31:28.953953 INFO: HandleListenEvent 13
2024-07-17 23:31:28.953964 INFO: HttpConn 64 init success
2024-07-17 23:31:28.953969 INFO: addTimer id:64 expireTime:1721230788
2024-07-17 23:31:28.953977 INFO: Client[64] in!
2024-07-17 23:31:28.953982 INFO: HandleListenEvent 13
2024-07-17 23:31:28.953989 ERROR: Accept failure -1
2024-07-17 23:31:28.954021 INFO: eventNum: 1
2024-07-17 23:31:28.954039 INFO: fd: 13, events: 1

2024-07-17 23:31:28.954046 INFO: HandleListenEvent 13
2024-07-17 23:31:28.954060 INFO: HttpConn 65 init success
2024-07-17 23:31:28.954067 INFO: addTimer id:65 expireTime:1721230788
2024-07-17 23:31:28.954078 INFO: Client[65] in!
2024-07-17 23:31:28.954083 INFO: HandleListenEvent 13
2024-07-17 23:31:28.954091 ERROR: Accept failure -1
2024-07-17 23:31:28.954151 INFO: eventNum: 1
2024-07-17 23:31:28.954163 INFO: fd: 63, events: 1

2024-07-17 23:31:28.954182 INFO: eventNum: 1
2024-07-17 23:31:28.954187 INFO: HttpConn 63 read success
2024-07-17 23:31:28.954188 INFO: fd: 13, events: 1

2024-07-17 23:31:28.954211 INFO: GET / HTTP/1.1
2024-07-17 23:31:28.954224 INFO: Host: 39.98.202.182:9006
2024-07-17 23:31:28.954213 INFO: HandleListenEvent 13
2024-07-17 23:31:28.954230 INFO: User-Agent: Go-http-client/1.1
2024-07-17 23:31:28.954251 INFO: HttpConn 66 init success
2024-07-17 23:31:28.954251 INFO: oop!unknow header: User-Agent: Go-http-client/1.1
2024-07-17 23:31:28.954269 INFO: X-Vegeta-Seq: 224
2024-07-17 23:31:28.954263 INFO: addTimer id:66 expireTime:1721230788
2024-07-17 23:31:28.954280 INFO: oop!unknow header: X-Vegeta-Seq: 224
2024-07-17 23:31:28.954304 INFO: Client[66] in!
2024-07-17 23:31:28.954305 INFO: Accept-Encoding: gzip
2024-07-17 23:31:28.954331 INFO: oop!unknow header: Accept-Encoding: gzip
2024-07-17 23:31:28.954343 INFO: 
2024-07-17 23:31:28.954321 INFO: HandleListenEvent 13
2024-07-17 23:31:28.954358 INFO: request:HTTP/1.1 200 OK

2024-07-17 23:31:28.954362 ERROR: Accept failure -1
2024-07-17 23:31:28.954364 INFO: request:HTTP/1.1 200 OK
Content-Length:542

2024-07-17 23:31:28.954391 INFO: request:HTTP/1.1 200 OK
Content-Length:542
Connection:close

2024-07-17 23:31:28.954397 INFO: request:HTTP/1.1 200 OK
Content-Length:542
Connection:close


2024-07-17 23:31:28.954375 INFO: eventNum: 1
2024-07-17 23:31:28.954412 INFO: Thread 140246131258944 is running task

2024-07-17 23:31:28.954421 INFO: fd: 76, events: 8193

2024-07-17 23:31:28.954462 INFO: HttpConn 76 close success
2024-07-17 23:31:28.954472 INFO: Client[76] quit!
2024-07-17 23:31:28.954477 INFO: eventNum: 2
2024-07-17 23:31:28.954482 INFO: fd: 65, events: 1

2024-07-17 23:31:28.954492 INFO: fd: 63, events: 4

2024-07-17 23:31:28.954497 INFO: HttpConn 65 read success
2024-07-17 23:31:28.954508 INFO: GET / HTTP/1.1
2024-07-17 23:31:28.954514 INFO: Host: 39.98.202.182:9006
2024-07-17 23:31:28.954518 INFO: User-Agent: Go-http-client/1.1
2024-07-17 23:31:28.954522 INFO: oop!unknow header: User-Agent: Go-http-client/1.1
2024-07-17 23:31:28.954527 INFO: X-Vegeta-Seq: 226
2024-07-17 23:31:28.954531 INFO: oop!unknow header: X-Vegeta-Seq: 226
2024-07-17 23:31:28.954535 INFO: Accept-Encoding: gzip
2024-07-17 23:31:28.954540 INFO: oop!unknow header: Accept-Encoding: gzip
2024-07-17 23:31:28.954544 INFO: 
2024-07-17 23:31:28.954557 INFO: request:HTTP/1.1 200 OK

2024-07-17 23:31:28.954561 INFO: request:HTTP/1.1 200 OK
Content-Length:542

2024-07-17 23:31:28.954566 INFO: request:HTTP/1.1 200 OK
Content-Length:542
Connection:close

2024-07-17 23:31:28.954570 INFO: request:HTTP/1.1 200 OK
Content-Length:542
Connection:close


2024-07-17 23:31:28.954583 INFO: Thread 140246097688128 is running task

2024-07-17 23:31:28.954587 INFO: eventNum: 1
2024-07-17 23:31:28.954596 INFO: fd: 65, events: 4

2024-07-17 23:31:28.954607 INFO: Thread 140246097688128 is running task

2024-07-17 23:31:28.954639 INFO: Thread 140246156437056 is running task

2024-07-17 23:31:28.954709 INFO: eventNum: 1
2024-07-17 23:31:28.954733 INFO: fd: 64, events: 1

2024-07-17 23:31:28.954750 INFO: HttpConn 64 read success
2024-07-17 23:31:28.954763 INFO: GET / HTTP/1.1
2024-07-17 23:31:28.954769 INFO: Host: 39.98.202.182:9006
2024-07-17 23:31:28.954773 INFO: User-Agent: Go-http-client/1.1
2024-07-17 23:31:28.954778 INFO: oop!unknow header: User-Agent: Go-http-client/1.1
2024-07-17 23:31:28.954782 INFO: X-Vegeta-Seq: 225
2024-07-17 23:31:28.954786 INFO: oop!unknow header: X-Vegeta-Seq: 225
2024-07-17 23:31:28.954791 INFO: Accept-Encoding: gzip
2024-07-17 23:31:28.954795 INFO: oop!unknow header: Accept-Encoding: gzip
2024-07-17 23:31:28.954799 INFO: 
2024-07-17 23:31:28.954813 INFO: request:HTTP/1.1 200 OK

2024-07-17 23:31:28.954818 INFO: request:HTTP/1.1 200 OK
Content-Length:542

2024-07-17 23:31:28.954822 INFO: request:HTTP/1.1 200 OK
Content-Length:542
Connection:close

2024-07-17 23:31:28.954826 INFO: request:HTTP/1.1 200 OK
Content-Length:542
Connection:close


2024-07-17 23:31:28.954839 INFO: Thread 140246148044352 is running task

2024-07-17 23:31:28.954843 INFO: eventNum: 1
2024-07-17 23:31:28.954852 INFO: fd: 64, events: 4

2024-07-17 23:31:28.954899 INFO: Thread 140246122866240 is running task

2024-07-17 23:31:28.954923 INFO: eventNum: 1
2024-07-17 23:31:28.954933 INFO: fd: 13, events: 1

2024-07-17 23:31:28.954942 INFO: HandleListenEvent 13
2024-07-17 23:31:28.954957 INFO: HttpConn 67 init success
2024-07-17 23:31:28.954966 INFO: addTimer id:67 expireTime:1721230788
2024-07-17 23:31:28.954975 INFO: Client[67] in!
2024-07-17 23:31:28.954980 INFO: HandleListenEvent 13
2024-07-17 23:31:28.954988 ERROR: Accept failure -1
2024-07-17 23:31:28.954993 INFO: eventNum: 1
2024-07-17 23:31:28.954998 INFO: fd: 66, events: 1

2024-07-17 23:31:28.955010 INFO: HttpConn 66 read success
2024-07-17 23:31:28.955019 INFO: GET / HTTP/1.1
2024-07-17 23:31:28.955025 INFO: Host: 39.98.202.182:9006
2024-07-17 23:31:28.955030 INFO: User-Agent: Go-http-client/1.1
2024-07-17 23:31:28.955034 INFO: oop!unknow header: User-Agent: Go-http-client/1.1
2024-07-17 23:31:28.955039 INFO: X-Vegeta-Seq: 229
2024-07-17 23:31:28.955043 INFO: oop!unknow header: X-Vegeta-Seq: 229
2024-07-17 23:31:28.955048 INFO: Accept-Encoding: gzip
2024-07-17 23:31:28.955052 INFO: oop!unknow header: Accept-Encoding: gzip
2024-07-17 23:31:28.955056 INFO: 
2024-07-17 23:31:28.955071 INFO: request:HTTP/1.1 200 OK

2024-07-17 23:31:28.955076 INFO: request:HTTP/1.1 200 OK
Content-Length:542

2024-07-17 23:31:28.955080 INFO: request:HTTP/1.1 200 OK
Content-Length:542
Connection:close

2024-07-17 23:31:28.955085 INFO: request:HTTP/1.1 200 OK
Content-Length:542
Connection:close


2024-07-17 23:31:28.955093 INFO: Thread 140246114473536 is running task

2024-07-17 23:31:28.955102 INFO: eventNum: 1
2024-07-17 23:31:28.955110 INFO: fd: 66, events: 4

2024-07-17 23:31:28.955139 INFO: Thread 140246139651648 is running task

2024-07-17 23:31:28.955278 INFO: eventNum: 1
2024-07-17 23:31:28.955292 INFO: fd: 13, events: 1

2024-07-17 23:31:28.955296 INFO: HandleListenEvent 13
2024-07-17 23:31:28.955310 INFO: HttpConn 68 init success
2024-07-17 23:31:28.955315 INFO: addTimer id:68 expireTime:1721230788
2024-07-17 23:31:28.955324 INFO: Client[68] in!
2024-07-17 23:31:28.955329 INFO: HandleListenEvent 13
2024-07-17 23:31:28.955337 ERROR: Accept failure -1
2024-07-17 23:31:28.955509 INFO: eventNum: 1
2024-07-17 23:31:28.955521 INFO: fd: 13, events: 1

2024-07-17 23:31:28.955526 INFO: HandleListenEvent 13
2024-07-17 23:31:28.955537 INFO: HttpConn 70 init success
2024-07-17 23:31:28.955542 INFO: addTimer id:70 expireTime:1721230788
2024-07-17 23:31:28.955575 INFO: Client[70] in!
2024-07-17 23:31:28.955582 INFO: HandleListenEvent 13
2024-07-17 23:31:28.955590 ERROR: Accept failure -1
2024-07-17 23:31:28.955666 INFO: eventNum: 1
2024-07-17 23:31:28.955680 INFO: fd: 67, events: 1

2024-07-17 23:31:28.955697 INFO: HttpConn 67 read success
2024-07-17 23:31:28.955720 INFO: eventNum: 1
2024-07-17 23:31:28.955726 INFO: GET / HTTP/1.1
2024-07-17 23:31:28.955740 INFO: Host: 39.98.202.182:9006
2024-07-17 23:31:28.955728 INFO: fd: 13, events: 1

2024-07-17 23:31:28.955745 INFO: User-Agent: Go-http-client/1.1
2024-07-17 23:31:28.955765 INFO: oop!unknow header: User-Agent: Go-http-client/1.1
2024-07-17 23:31:28.955754 INFO: HandleListenEvent 13
2024-07-17 23:31:28.955770 INFO: X-Vegeta-Seq: 228
