2024-07-17 23:30:23.113435 INFO: X-Vegeta-Seq: 3196
2024-07-17 23:30:23.113489 INFO: oop!unknow header: X-Vegeta-Seq: 3196
2024-07-17 23:30:23.113495 INFO: Accept-Encoding: gzip
2024-07-17 23:30:23.113507 INFO: oop!unknow header: Accept-Encoding: gzip
2024-07-17 23:30:23.113511 INFO: 
2024-07-17 23:30:23.113529 INFO: request:HTTP/1.1 200 OK

2024-07-17 23:30:23.113534 INFO: request:HTTP/1.1 200 OK
Content-Length:542

2024-07-17 23:30:23.113538 INFO: request:HTTP/1.1 200 OK
Content-Length:542
Connection:close

2024-07-17 23:30:23.113543 INFO: request:HTTP/1.1 200 OK
Content-Length:542
Connection:close


2024-07-17 23:30:23.113558 INFO: Thread 140246148044352 is running task

2024-07-17 23:30:23.113572 INFO: eventNum: 1
2024-07-17 23:30:23.113577 INFO: fd: 30, events: 4

2024-07-17 23:30:23.113614 INFO: Thread 140246139651648 is running task

2024-07-17 23:30:23.113814 INFO: eventNum: 1
2024-07-17 23:30:23.113830 INFO: fd: 37, events: 1

2024-07-17 23:30:23.113844 INFO: HttpConn 37 read success
2024-07-17 23:30:23.113854 INFO: GET / HTTP/1.1
2024-07-17 23:30:23.113860 INFO: Host: 39.98.202.182:9006
2024-07-17 23:30:23.113864 INFO: User-Agent: Go-http-client/1.1
2024-07-17 23:30:23.113869 INFO: oop!unknow header: User-Agent: Go-http-client/1.1
2024-07-17 23:30:23.113873 INFO: X-Vegeta-Seq: 3197
2024-07-17 23:30:23.113877 INFO: oop!unknow header: X-Vegeta-Seq: 3197
2024-07-17 23:30:23.113882 INFO: Accept-Encoding: gzip
2024-07-17 23:30:23.113886 INFO: oop!unknow header: Accept-Encoding: gzip
2024-07-17 23:30:23.113890 INFO: 
2024-07-17 23:30:23.113905 INFO: request:HTTP/1.1 200 OK

2024-07-17 23:30:23.113909 INFO: request:HTTP/1.1 200 OK
Content-Length:542

2024-07-17 23:30:23.113914 INFO: request:HTTP/1.1 200 OK
Content-Length:542
Connection:close

2024-07-17 23:30:23.113918 INFO: request:HTTP/1.1 200 OK
Content-Length:542
Connection:close


2024-07-17 23:30:23.113927 INFO: Thread 140246122866240 is running task

2024-07-17 23:30:23.113935 INFO: eventNum: 1
2024-07-17 23:30:23.113940 INFO: fd: 37, events: 4

2024-07-17 23:30:23.113966 INFO: Thread 140246156437056 is running task

2024-07-17 23:30:23.127408 INFO: eventNum: 1
2024-07-17 23:30:23.127455 INFO: fd: 13, events: 1

2024-07-17 23:30:23.127462 INFO: HandleListenEvent 13
2024-07-17 23:30:23.127481 INFO: HttpConn 16 init success
2024-07-17 23:30:23.127488 INFO: addTimer id:16 expireTime:1721230723
2024-07-17 23:30:23.127533 INFO: Client[16] in!
2024-07-17 23:30:23.127539 INFO: HandleListenEvent 13
2024-07-17 23:30:23.127550 ERROR: Accept failure -1
2024-07-17 23:30:23.128123 INFO: eventNum: 1
2024-07-17 23:30:23.128172 INFO: fd: 13, events: 1

2024-07-17 23:30:23.128192 INFO: HandleListenEvent 13
2024-07-17 23:30:23.128212 INFO: HttpConn 38 init success
2024-07-17 23:30:23.128219 INFO: addTimer id:38 expireTime:1721230723
2024-07-17 23:30:23.128231 INFO: Client[38] in!
2024-07-17 23:30:23.128236 INFO: HandleListenEvent 13
2024-07-17 23:30:23.128247 INFO: HttpConn 39 init success
2024-07-17 23:30:23.128253 INFO: addTimer id:39 expireTime:1721230723
2024-07-17 23:30:23.128260 INFO: Client[39] in!
2024-07-17 23:30:23.128265 INFO: HandleListenEvent 13
2024-07-17 23:30:23.128275 ERROR: Accept failure -1
2024-07-17 23:30:23.128459 INFO: eventNum: 1
2024-07-17 23:30:23.128476 INFO: fd: 13, events: 1

2024-07-17 23:30:23.128481 INFO: HandleListenEvent 13
2024-07-17 23:30:23.128491 INFO: HttpConn 40 init success
2024-07-17 23:30:23.128531 INFO: addTimer id:40 expireTime:1721230723
2024-07-17 23:30:23.128545 INFO: Client[40] in!
2024-07-17 23:30:23.128551 INFO: HandleListenEvent 13
2024-07-17 23:30:23.128564 ERROR: Accept failure -1
2024-07-17 23:30:23.128792 INFO: eventNum: 1
2024-07-17 23:30:23.128810 INFO: fd: 13, events: 1

2024-07-17 23:30:23.128815 INFO: HandleListenEvent 13
2024-07-17 23:30:23.128830 INFO: HttpConn 41 init success
2024-07-17 23:30:23.128836 INFO: addTimer id:41 expireTime:1721230723
2024-07-17 23:30:23.128847 INFO: Client[41] in!
2024-07-17 23:30:23.128851 INFO: HandleListenEvent 13
2024-07-17 23:30:23.128860 ERROR: Accept failure -1
2024-07-17 23:30:23.129599 INFO: eventNum: 1
2024-07-17 23:30:23.129636 INFO: fd: 13, events: 1

2024-07-17 23:30:23.129642 INFO: HandleListenEvent 13
2024-07-17 23:30:23.129657 INFO: HttpConn 42 init success
2024-07-17 23:30:23.129665 INFO: addTimer id:42 expireTime:1721230723
2024-07-17 23:30:23.129679 INFO: Client[42] in!
2024-07-17 23:30:23.129687 INFO: HandleListenEvent 13
2024-07-17 23:30:23.129699 ERROR: Accept failure -1
2024-07-17 23:30:23.132492 INFO: eventNum: 1
2024-07-17 23:30:23.132564 INFO: fd: 17, events: 8193

2024-07-17 23:30:23.132598 INFO: HttpConn 17 close success
2024-07-17 23:30:23.132606 INFO: Client[17] quit!
2024-07-17 23:30:23.132900 INFO: eventNum: 1
2024-07-17 23:30:23.132951 INFO: fd: 26, events: 8193

2024-07-17 23:30:23.132986 INFO: HttpConn 26 close success
2024-07-17 23:30:23.132995 INFO: Client[26] quit!
2024-07-17 23:30:23.133340 INFO: eventNum: 1
2024-07-17 23:30:23.133397 INFO: fd: 18, events: 8193

2024-07-17 23:30:23.133428 INFO: HttpConn 18 close success
2024-07-17 23:30:23.133436 INFO: Client[18] quit!
2024-07-17 23:30:23.133443 INFO: eventNum: 1
2024-07-17 23:30:23.133447 INFO: fd: 38, events: 1

2024-07-17 23:30:23.133797 INFO: eventNum: 1
2024-07-17 23:30:23.133814 INFO: fd: 32, events: 8193

2024-07-17 23:30:23.133837 INFO: HttpConn 32 close success
2024-07-17 23:30:23.133846 INFO: Client[32] quit!
2024-07-17 23:30:23.134155 INFO: HttpConn 38 read success
2024-07-17 23:30:23.134187 INFO: GET / HTTP/1.1
2024-07-17 23:30:23.134195 INFO: Host: 39.98.202.182:9006
2024-07-17 23:30:23.134200 INFO: User-Agent: Go-http-client/1.1
2024-07-17 23:30:23.134204 INFO: oop!unknow header: User-Agent: Go-http-client/1.1
2024-07-17 23:30:23.134209 INFO: X-Vegeta-Seq: 3203
2024-07-17 23:30:23.134216 INFO: oop!unknow header: X-Vegeta-Seq: 3203
2024-07-17 23:30:23.134221 INFO: Accept-Encoding: gzip
2024-07-17 23:30:23.134225 INFO: oop!unknow header: Accept-Encoding: gzip
2024-07-17 23:30:23.134229 INFO: 
2024-07-17 23:30:23.134254 INFO: request:HTTP/1.1 200 OK

2024-07-17 23:30:23.134259 INFO: request:HTTP/1.1 200 OK
Content-Length:542

2024-07-17 23:30:23.134264 INFO: request:HTTP/1.1 200 OK
Content-Length:542
Connection:close

2024-07-17 23:30:23.134268 INFO: request:HTTP/1.1 200 OK
Content-Length:542
Connection:close


2024-07-17 23:30:23.134284 INFO: Thread 140246131258944 is running task

2024-07-17 23:30:23.134382 INFO: eventNum: 5
2024-07-17 23:30:23.134406 INFO: fd: 16, events: 1

2024-07-17 23:30:23.134419 INFO: fd: 36, events: 8193

2024-07-17 23:30:23.134437 INFO: HttpConn 36 close success
2024-07-17 23:30:23.134442 INFO: Client[36] quit!
2024-07-17 23:30:23.134446 INFO: fd: 39, events: 1

2024-07-17 23:30:23.134454 INFO: fd: 38, events: 4

2024-07-17 23:30:23.134470 INFO: fd: 29, events: 8193

2024-07-17 23:30:23.134483 INFO: HttpConn 29 close success
2024-07-17 23:30:23.134504 INFO: Client[29] quit!
2024-07-17 23:30:23.134513 INFO: eventNum: 1
2024-07-17 23:30:23.134520 INFO: fd: 28, events: 8193

2024-07-17 23:30:23.134535 INFO: HttpConn 28 close success
2024-07-17 23:30:23.134542 INFO: Client[28] quit!
2024-07-17 23:30:23.134738 INFO: HttpConn 16 read success
2024-07-17 23:30:23.134764 INFO: GET / HTTP/1.1
2024-07-17 23:30:23.134771 INFO: Host: 39.98.202.182:9006
2024-07-17 23:30:23.134777 INFO: User-Agent: Go-http-client/1.1
2024-07-17 23:30:23.134781 INFO: oop!unknow header: User-Agent: Go-http-client/1.1
2024-07-17 23:30:23.134786 INFO: X-Vegeta-Seq: 3202
2024-07-17 23:30:23.134790 INFO: oop!unknow header: X-Vegeta-Seq: 3202
2024-07-17 23:30:23.134794 INFO: Accept-Encoding: gzip
2024-07-17 23:30:23.134799 INFO: oop!unknow header: Accept-Encoding: gzip
2024-07-17 23:30:23.134803 INFO: 
2024-07-17 23:30:23.134824 INFO: request:HTTP/1.1 200 OK

2024-07-17 23:30:23.134829 INFO: request:HTTP/1.1 200 OK
Content-Length:542

2024-07-17 23:30:23.134834 INFO: request:HTTP/1.1 200 OK
Content-Length:542
Connection:close

2024-07-17 23:30:23.134838 INFO: request:HTTP/1.1 200 OK
Content-Length:542
Connection:close


2024-07-17 23:30:23.134855 INFO: Thread 140246106080832 is running task

2024-07-17 23:30:23.134869 INFO: HttpConn 39 read success
2024-07-17 23:30:23.134876 INFO: GET / HTTP/1.1
2024-07-17 23:30:23.134881 INFO: Host: 39.98.202.182:9006
2024-07-17 23:30:23.134885 INFO: User-Agent: Go-http-client/1.1
2024-07-17 23:30:23.134890 INFO: oop!unknow header: User-Agent: Go-http-client/1.1
2024-07-17 23:30:23.134894 INFO: X-Vegeta-Seq: 3198
2024-07-17 23:30:23.134898 INFO: oop!unknow header: X-Vegeta-Seq: 3198
2024-07-17 23:30:23.134903 INFO: Accept-Encoding: gzip
2024-07-17 23:30:23.134907 INFO: oop!unknow header: Accept-Encoding: gzip
2024-07-17 23:30:23.134911 INFO: 
2024-07-17 23:30:23.134923 INFO: request:HTTP/1.1 200 OK

2024-07-17 23:30:23.134927 INFO: request:HTTP/1.1 200 OK
Content-Length:542

2024-07-17 23:30:23.134932 INFO: request:HTTP/1.1 200 OK
Content-Length:542
Connection:close

2024-07-17 23:30:23.134936 INFO: request:HTTP/1.1 200 OK
Content-Length:542
Connection:close


2024-07-17 23:30:23.134942 INFO: Thread 140246106080832 is running task

2024-07-17 23:30:23.134974 INFO: Thread 140246106080832 is running task

2024-07-17 23:30:23.135067 INFO: eventNum: 2
2024-07-17 23:30:23.135084 INFO: fd: 16, events: 4

2024-07-17 23:30:23.135098 INFO: fd: 39, events: 4

2024-07-17 23:30:23.135123 INFO: Thread 140246148044352 is running task

2024-07-17 23:30:23.135142 INFO: Thread 140246148044352 is running task

2024-07-17 23:30:23.135268 INFO: eventNum: 1
2024-07-17 23:30:23.135279 INFO: fd: 35, events: 8193

2024-07-17 23:30:23.135297 INFO: HttpConn 35 close success
2024-07-17 23:30:23.135302 INFO: Client[35] quit!
2024-07-17 23:30:23.136145 INFO: eventNum: 1
2024-07-17 23:30:23.136160 INFO: fd: 31, events: 8193

2024-07-17 23:30:23.136177 INFO: HttpConn 31 close success
2024-07-17 23:30:23.136182 INFO: Client[31] quit!
2024-07-17 23:30:23.136350 INFO: eventNum: 1
2024-07-17 23:30:23.136361 INFO: fd: 40, events: 1

2024-07-17 23:30:23.136383 INFO: HttpConn 40 read success
2024-07-17 23:30:23.136404 INFO: GET / HTTP/1.1
2024-07-17 23:30:23.136411 INFO: Host: 39.98.202.182:9006
2024-07-17 23:30:23.136416 INFO: User-Agent: Go-http-client/1.1
2024-07-17 23:30:23.136420 INFO: oop!unknow header: User-Agent: Go-http-client/1.1
2024-07-17 23:30:23.136425 INFO: X-Vegeta-Seq: 3201
2024-07-17 23:30:23.136430 INFO: oop!unknow header: X-Vegeta-Seq: 3201
2024-07-17 23:30:23.136434 INFO: Accept-Encoding: gzip
2024-07-17 23:30:23.136438 INFO: oop!unknow header: Accept-Encoding: gzip
2024-07-17 23:30:23.136442 INFO: 
2024-07-17 23:30:23.136460 INFO: request:HTTP/1.1 200 OK

2024-07-17 23:30:23.136466 INFO: request:HTTP/1.1 200 OK
Content-Length:542

2024-07-17 23:30:23.136473 INFO: request:HTTP/1.1 200 OK
Content-Length:542
Connection:close

2024-07-17 23:30:23.136480 INFO: request:HTTP/1.1 200 OK
Content-Length:542
Connection:close


2024-07-17 23:30:23.136508 INFO: Thread 140246122866240 is running task

2024-07-17 23:30:23.136580 INFO: eventNum: 1
2024-07-17 23:30:23.136589 INFO: fd: 40, events: 4

2024-07-17 23:30:23.136639 INFO: Thread 140246156437056 is running task

2024-07-17 23:30:23.137090 INFO: eventNum: 1
2024-07-17 23:30:23.137107 INFO: fd: 33, events: 8193

2024-07-17 23:30:23.137125 INFO: HttpConn 33 close success
2024-07-17 23:30:23.137130 INFO: Client[33] quit!
2024-07-17 23:30:23.137455 INFO: eventNum: 1
2024-07-17 23:30:23.137483 INFO: fd: 41, events: 1

2024-07-17 23:30:23.137537 INFO: HttpConn 41 read success
2024-07-17 23:30:23.137550 INFO: GET / HTTP/1.1
2024-07-17 23:30:23.137556 INFO: Host: 39.98.202.182:9006
2024-07-17 23:30:23.137561 INFO: User-Agent: Go-http-client/1.1
2024-07-17 23:30:23.137565 INFO: oop!unknow header: User-Agent: Go-http-client/1.1
2024-07-17 23:30:23.137570 INFO: X-Vegeta-Seq: 3208
2024-07-17 23:30:23.137574 INFO: oop!unknow header: X-Vegeta-Seq: 3208
2024-07-17 23:30:23.137579 INFO: Accept-Encoding: gzip
2024-07-17 23:30:23.137583 INFO: oop!unknow header: Accept-Encoding: gzip
2024-07-17 23:30:23.137587 INFO: 
2024-07-17 23:30:23.137605 INFO: request:HTTP/1.1 200 OK

2024-07-17 23:30:23.137610 INFO: request:HTTP/1.1 200 OK
Content-Length:542

2024-07-17 23:30:23.137622 INFO: request:HTTP/1.1 200 OK
Content-Length:542
Connection:close

2024-07-17 23:30:23.137626 INFO: request:HTTP/1.1 200 OK
Content-Length:542
Connection:close


2024-07-17 23:30:23.137637 INFO: Thread 140246131258944 is running task

2024-07-17 23:30:23.137652 INFO: eventNum: 3
2024-07-17 23:30:23.137660 INFO: fd: 34, events: 8193

2024-07-17 23:30:23.137679 INFO: HttpConn 34 close success
2024-07-17 23:30:23.137688 INFO: Client[34] quit!
2024-07-17 23:30:23.137692 INFO: fd: 13, events: 1

2024-07-17 23:30:23.137697 INFO: HandleListenEvent 13
2024-07-17 23:30:23.137713 INFO: HttpConn 17 init success
2024-07-17 23:30:23.137720 INFO: addTimer id:17 expireTime:1721230723
2024-07-17 23:30:23.137730 INFO: Client[17] in!
2024-07-17 23:30:23.137735 INFO: HandleListenEvent 13
2024-07-17 23:30:23.137742 ERROR: Accept failure -1
2024-07-17 23:30:23.137747 INFO: fd: 41, events: 4

2024-07-17 23:30:23.137781 INFO: Thread 140246106080832 is running task

2024-07-17 23:30:23.137866 INFO: eventNum: 2
2024-07-17 23:30:23.137877 INFO: fd: 17, events: 1

2024-07-17 23:30:23.137889 INFO: HttpConn 17 read success
2024-07-17 23:30:23.137899 INFO: GET / HTTP/1.1
2024-07-17 23:30:23.137904 INFO: Host: 39.98.202.182:9006
2024-07-17 23:30:23.137909 INFO: User-Agent: Go-http-client/1.1
2024-07-17 23:30:23.137913 INFO: oop!unknow header: User-Agent: Go-http-client/1.1
2024-07-17 23:30:23.137917 INFO: X-Vegeta-Seq: 3211
2024-07-17 23:30:23.137922 INFO: oop!unknow header: X-Vegeta-Seq: 3211
2024-07-17 23:30:23.137926 INFO: Accept-Encoding: gzip
2024-07-17 23:30:23.137930 INFO: oop!unknow header: Accept-Encoding: gzip
2024-07-17 23:30:23.137934 INFO: 
2024-07-17 23:30:23.137948 INFO: request:HTTP/1.1 200 OK

2024-07-17 23:30:23.137953 INFO: request:HTTP/1.1 200 OK
Content-Length:542

2024-07-17 23:30:23.137957 INFO: request:HTTP/1.1 200 OK
Content-Length:542
Connection:close

2024-07-17 23:30:23.137962 INFO: request:HTTP/1.1 200 OK
Content-Length:542
Connection:close


2024-07-17 23:30:23.137969 INFO: Thread 140246097688128 is running task

2024-07-17 23:30:23.137977 INFO: fd: 42, events: 1

2024-07-17 23:30:23.137988 INFO: HttpConn 42 read success
2024-07-17 23:30:23.137996 INFO: GET / HTTP/1.1
2024-07-17 23:30:23.138001 INFO: Host: 39.98.202.182:9006
2024-07-17 23:30:23.138006 INFO: User-Agent: Go-http-client/1.1
2024-07-17 23:30:23.138010 INFO: oop!unknow header: User-Agent: Go-http-client/1.1
2024-07-17 23:30:23.138014 INFO: X-Vegeta-Seq: 3207
2024-07-17 23:30:23.138019 INFO: oop!unknow header: X-Vegeta-Seq: 3207
2024-07-17 23:30:23.138023 INFO: Accept-Encoding: gzip
2024-07-17 23:30:23.138027 INFO: oop!unknow header: Accept-Encoding: gzip
2024-07-17 23:30:23.138031 INFO: 
2024-07-17 23:30:23.138043 INFO: request:HTTP/1.1 200 OK

2024-07-17 23:30:23.138048 INFO: request:HTTP/1.1 200 OK
Content-Length:542

2024-07-17 23:30:23.138052 INFO: request:HTTP/1.1 200 OK
Content-Length:542
Connection:close

2024-07-17 23:30:23.138056 INFO: request:HTTP/1.1 200 OK
Content-Length:542
Connection:close


2024-07-17 23:30:23.138063 INFO: Thread 140246114473536 is running task

2024-07-17 23:30:23.138072 INFO: eventNum: 4
2024-07-17 23:30:23.138076 INFO: fd: 17, events: 4

2024-07-17 23:30:23.138102 INFO: Thread 140246148044352 is running task

2024-07-17 23:30:23.138111 INFO: fd: 13, events: 1

2024-07-17 23:30:23.138135 INFO: HandleListenEvent 13
2024-07-17 23:30:23.138148 INFO: HttpConn 18 init success
2024-07-17 23:30:23.138154 INFO: addTimer id:18 expireTime:1721230723
2024-07-17 23:30:23.138163 INFO: Client[18] in!
2024-07-17 23:30:23.138167 INFO: HandleListenEvent 13
2024-07-17 23:30:23.138175 ERROR: Accept failure -1
2024-07-17 23:30:23.138180 INFO: fd: 30, events: 8193

2024-07-17 23:30:23.138194 INFO: HttpConn 30 close success
2024-07-17 23:30:23.138201 INFO: Client[30] quit!
2024-07-17 23:30:23.138206 INFO: fd: 42, events: 4

2024-07-17 23:30:23.138234 INFO: Thread 140246139651648 is running task

2024-07-17 23:30:23.138564 INFO: eventNum: 1
2024-07-17 23:30:23.138579 INFO: fd: 37, events: 8193

2024-07-17 23:30:23.138599 INFO: HttpConn 37 close success
2024-07-17 23:30:23.138607 INFO: Client[37] quit!
2024-07-17 23:30:23.138739 INFO: eventNum: 1
2024-07-17 23:30:23.138753 INFO: fd: 18, events: 1

2024-07-17 23:30:23.138767 INFO: HttpConn 18 read success
2024-07-17 23:30:23.138776 INFO: GET / HTTP/1.1
2024-07-17 23:30:23.138782 INFO: Host: 39.98.202.182:9006
2024-07-17 23:30:23.138786 INFO: User-Agent: Go-http-client/1.1
2024-07-17 23:30:23.138791 INFO: oop!unknow header: User-Agent: Go-http-client/1.1
2024-07-17 23:30:23.138795 INFO: X-Vegeta-Seq: 3210
2024-07-17 23:30:23.138799 INFO: oop!unknow header: X-Vegeta-Seq: 3210
2024-07-17 23:30:23.138804 INFO: Accept-Encoding: gzip
2024-07-17 23:30:23.138808 INFO: oop!unknow header: Accept-Encoding: gzip
2024-07-17 23:30:23.138812 INFO: 
2024-07-17 23:30:23.138827 INFO: request:HTTP/1.1 200 OK

2024-07-17 23:30:23.138832 INFO: request:HTTP/1.1 200 OK
Content-Length:542

2024-07-17 23:30:23.138836 INFO: request:HTTP/1.1 200 OK
Content-Length:542
Connection:close

2024-07-17 23:30:23.138841 INFO: request:HTTP/1.1 200 OK
Content-Length:542
Connection:close


2024-07-17 23:30:23.138849 INFO: Thread 140246122866240 is running task

2024-07-17 23:30:23.138859 INFO: eventNum: 1
2024-07-17 23:30:23.138863 INFO: fd: 18, events: 4

2024-07-17 23:30:23.138889 INFO: Thread 140246156437056 is running task

2024-07-17 23:30:23.138960 INFO: eventNum: 1
2024-07-17 23:30:23.138975 INFO: fd: 13, events: 1

2024-07-17 23:30:23.138980 INFO: HandleListenEvent 13
2024-07-17 23:30:23.138993 INFO: HttpConn 26 init success
2024-07-17 23:30:23.138999 INFO: addTimer id:26 expireTime:1721230723
2024-07-17 23:30:23.139008 INFO: Client[26] in!
2024-07-17 23:30:23.139013 INFO: HandleListenEvent 13
2024-07-17 23:30:23.139021 ERROR: Accept failure -1
2024-07-17 23:30:23.139026 INFO: eventNum: 1
2024-07-17 23:30:23.139031 INFO: fd: 26, events: 1

2024-07-17 23:30:23.139042 INFO: HttpConn 26 read success
2024-07-17 23:30:23.139051 INFO: GET / HTTP/1.1
2024-07-17 23:30:23.139056 INFO: Host: 39.98.202.182:9006
2024-07-17 23:30:23.139060 INFO: User-Agent: Go-http-client/1.1
2024-07-17 23:30:23.139065 INFO: oop!unknow header: User-Agent: Go-http-client/1.1
2024-07-17 23:30:23.139069 INFO: X-Vegeta-Seq: 3212
2024-07-17 23:30:23.139074 INFO: oop!unknow header: X-Vegeta-Seq: 3212
2024-07-17 23:30:23.139080 INFO: Accept-Encoding: gzip
2024-07-17 23:30:23.139085 INFO: oop!unknow header: Accept-Encoding: gzip
2024-07-17 23:30:23.139091 INFO: 
2024-07-17 23:30:23.139108 INFO: request:HTTP/1.1 200 OK

2024-07-17 23:30:23.139114 INFO: request:HTTP/1.1 200 OK
Content-Length:542

2024-07-17 23:30:23.139120 INFO: request:HTTP/1.1 200 OK
Content-Length:542
Connection:close

2024-07-17 23:30:23.139130 INFO: request:HTTP/1.1 200 OK
Content-Length:542
Connection:close


2024-07-17 23:30:23.139141 INFO: Thread 140246131258944 is running task

2024-07-17 23:30:23.139152 INFO: eventNum: 1
2024-07-17 23:30:23.139158 INFO: fd: 26, events: 4

2024-07-17 23:30:23.139194 INFO: Thread 140246106080832 is running task

2024-07-17 23:30:23.139910 INFO: eventNum: 1
2024-07-17 23:30:23.139928 INFO: fd: 13, events: 1

2024-07-17 23:30:23.139934 INFO: HandleListenEvent 13
2024-07-17 23:30:23.139950 INFO: HttpConn 28 init success
2024-07-17 23:30:23.139956 INFO: addTimer id:28 expireTime:1721230723
2024-07-17 23:30:23.139966 INFO: Client[28] in!
2024-07-17 23:30:23.139970 INFO: HandleListenEvent 13
2024-07-17 23:30:23.139980 INFO: HttpConn 29 init success
2024-07-17 23:30:23.139985 INFO: addTimer id:29 expireTime:1721230723
2024-07-17 23:30:23.139993 INFO: Client[29] in!
2024-07-17 23:30:23.139998 INFO: HandleListenEvent 13
2024-07-17 23:30:23.140007 ERROR: Accept failure -1
2024-07-17 23:30:23.140333 INFO: eventNum: 1
2024-07-17 23:30:23.140349 INFO: fd: 29, events: 1

2024-07-17 23:30:23.140362 INFO: HttpConn 29 read success
2024-07-17 23:30:23.140372 INFO: GET / HTTP/1.1
2024-07-17 23:30:23.140380 INFO: Host: 39.98.202.182:9006
2024-07-17 23:30:23.140387 INFO: User-Agent: Go-http-client/1.1
2024-07-17 23:30:23.140394 INFO: oop!unknow header: User-Agent: Go-http-client/1.1
2024-07-17 23:30:23.140406 INFO: X-Vegeta-Seq: 3213
2024-07-17 23:30:23.140412 INFO: oop!unknow header: X-Vegeta-Seq: 3213
2024-07-17 23:30:23.140418 INFO: Accept-Encoding: gzip
2024-07-17 23:30:23.140425 INFO: oop!unknow header: Accept-Encoding: gzip
2024-07-17 23:30:23.140431 INFO: 
2024-07-17 23:30:23.140447 INFO: request:HTTP/1.1 200 OK

2024-07-17 23:30:23.140452 INFO: request:HTTP/1.1 200 OK
Content-Length:542

2024-07-17 23:30:23.140456 INFO: request:HTTP/1.1 200 OK
Content-Length:542
Connection:close

2024-07-17 23:30:23.140460 INFO: request:HTTP/1.1 200 OK
Content-Length:542
Connection:close


2024-07-17 23:30:23.140470 INFO: Thread 140246097688128 is running task

2024-07-17 23:30:23.140480 INFO: eventNum: 2
2024-07-17 23:30:23.140484 INFO: fd: 13, events: 1

2024-07-17 23:30:23.140489 INFO: HandleListenEvent 13
2024-07-17 23:30:23.140532 INFO: HttpConn 30 init success
2024-07-17 23:30:23.140539 INFO: addTimer id:30 expireTime:1721230723
2024-07-17 23:30:23.140548 INFO: Client[30] in!
2024-07-17 23:30:23.140552 INFO: HandleListenEvent 13
2024-07-17 23:30:23.140560 ERROR: Accept failure -1
2024-07-17 23:30:23.140565 INFO: fd: 29, events: 4

2024-07-17 23:30:23.140595 INFO: Thread 140246114473536 is running task

2024-07-17 23:30:23.140641 INFO: eventNum: 1
2024-07-17 23:30:23.140665 INFO: fd: 28, events: 1

2024-07-17 23:30:23.140678 INFO: HttpConn 28 read success
2024-07-17 23:30:23.140688 INFO: GET / HTTP/1.1
2024-07-17 23:30:23.140693 INFO: Host: 39.98.202.182:9006
2024-07-17 23:30:23.140698 INFO: User-Agent: Go-http-client/1.1
2024-07-17 23:30:23.140702 INFO: oop!unknow header: User-Agent: Go-http-client/1.1
2024-07-17 23:30:23.140707 INFO: X-Vegeta-Seq: 3215
2024-07-17 23:30:23.140711 INFO: oop!unknow header: X-Vegeta-Seq: 3215
2024-07-17 23:30:23.140715 INFO: Accept-Encoding: gzip
2024-07-17 23:30:23.140720 INFO: oop!unknow header: Accept-Encoding: gzip
2024-07-17 23:30:23.140724 INFO: 
2024-07-17 23:30:23.140737 INFO: request:HTTP/1.1 200 OK

2024-07-17 23:30:23.140742 INFO: request:HTTP/1.1 200 OK
Content-Length:542

2024-07-17 23:30:23.140747 INFO: request:HTTP/1.1 200 OK
Content-Length:542
Connection:close

2024-07-17 23:30:23.140751 INFO: request:HTTP/1.1 200 OK
Content-Length:542
Connection:close


2024-07-17 23:30:23.140759 INFO: Thread 140246148044352 is running task

2024-07-17 23:30:23.140767 INFO: eventNum: 2
2024-07-17 23:30:23.140775 INFO: fd: 28, events: 4

2024-07-17 23:30:23.140807 INFO: Thread 140246139651648 is running task

2024-07-17 23:30:23.140825 INFO: fd: 30, events: 1

2024-07-17 23:30:23.140838 INFO: HttpConn 30 read success
2024-07-17 23:30:23.140847 INFO: GET / HTTP/1.1
2024-07-17 23:30:23.140852 INFO: Host: 39.98.202.182:9006
2024-07-17 23:30:23.140857 INFO: User-Agent: Go-http-client/1.1
2024-07-17 23:30:23.140861 INFO: oop!unknow header: User-Agent: Go-http-client/1.1
2024-07-17 23:30:23.140865 INFO: X-Vegeta-Seq: 3214
2024-07-17 23:30:23.140870 INFO: oop!unknow header: X-Vegeta-Seq: 3214
2024-07-17 23:30:23.140874 INFO: Accept-Encoding: gzip
2024-07-17 23:30:23.140878 INFO: oop!unknow header: Accept-Encoding: gzip
2024-07-17 23:30:23.140882 INFO: 
2024-07-17 23:30:23.140894 INFO: request:HTTP/1.1 200 OK

2024-07-17 23:30:23.140899 INFO: request:HTTP/1.1 200 OK
Content-Length:542

2024-07-17 23:30:23.140903 INFO: request:HTTP/1.1 200 OK
Content-Length:542
Connection:close

2024-07-17 23:30:23.140908 INFO: request:HTTP/1.1 200 OK
Content-Length:542
Connection:close


2024-07-17 23:30:23.140915 INFO: Thread 140246122866240 is running task

2024-07-17 23:30:23.140923 INFO: eventNum: 1
2024-07-17 23:30:23.140928 INFO: fd: 30, events: 4

2024-07-17 23:30:23.140949 INFO: Thread 140246156437056 is running task

2024-07-17 23:30:23.146213 INFO: eventNum: 1
2024-07-17 23:30:23.146281 INFO: fd: 13, events: 1

2024-07-17 23:30:23.146292 INFO: HandleListenEvent 13
2024-07-17 23:30:23.146313 INFO: HttpConn 31 init success
2024-07-17 23:30:23.146321 INFO: addTimer id:31 expireTime:1721230723
2024-07-17 23:30:23.146343 INFO: Client[31] in!
2024-07-17 23:30:23.146348 INFO: HandleListenEvent 13
2024-07-17 23:30:23.146359 ERROR: Accept failure -1
2024-07-17 23:30:23.147673 INFO: eventNum: 1
2024-07-17 23:30:23.147699 INFO: fd: 31, events: 1

2024-07-17 23:30:23.147716 INFO: HttpConn 31 read success
2024-07-17 23:30:23.147727 INFO: GET / HTTP/1.1
2024-07-17 23:30:23.147733 INFO: Host: 39.98.202.182:9006
2024-07-17 23:30:23.147738 INFO: User-Agent: Go-http-client/1.1
2024-07-17 23:30:23.147742 INFO: oop!unknow header: User-Agent: Go-http-client/1.1
2024-07-17 23:30:23.147750 INFO: X-Vegeta-Seq: 3217
2024-07-17 23:30:23.147754 INFO: oop!unknow header: X-Vegeta-Seq: 3217
2024-07-17 23:30:23.147759 INFO: Accept-Encoding: gzip
2024-07-17 23:30:23.147765 INFO: oop!unknow header: Accept-Encoding: gzip
2024-07-17 23:30:23.147769 INFO: 
2024-07-17 23:30:23.147793 INFO: request:HTTP/1.1 200 OK

2024-07-17 23:30:23.147798 INFO: request:HTTP/1.1 200 OK
Content-Length:542

2024-07-17 23:30:23.147802 INFO: request:HTTP/1.1 200 OK
Content-Length:542
Connection:close

2024-07-17 23:30:23.147807 INFO: request:HTTP/1.1 200 OK
Content-Length:542
Connection:close


2024-07-17 23:30:23.147819 INFO: Thread 140246131258944 is running task

2024-07-17 23:30:23.147829 INFO: eventNum: 1
2024-07-17 23:30:23.147834 INFO: fd: 31, events: 4

2024-07-17 23:30:23.147873 INFO: Thread 140246106080832 is running task

2024-07-17 23:30:23.152537 INFO: eventNum: 1
2024-07-17 23:30:23.152590 INFO: fd: 16, events: 8193

2024-07-17 23:30:23.152619 INFO: HttpConn 16 close success
2024-07-17 23:30:23.152628 INFO: Client[16] quit!
2024-07-17 23:30:23.157370 INFO: eventNum: 1
2024-07-17 23:30:23.157409 INFO: fd: 38, events: 8193

2024-07-17 23:30:23.157437 INFO: HttpConn 38 close success
2024-07-17 23:30:23.157447 INFO: Client[38] quit!
2024-07-17 23:30:23.157913 INFO: eventNum: 1
2024-07-17 23:30:23.157927 INFO: fd: 13, events: 1

2024-07-17 23:30:23.157931 INFO: HandleListenEvent 13
2024-07-17 23:30:23.157956 INFO: HttpConn 16 init success
2024-07-17 23:30:23.157966 INFO: addTimer id:16 expireTime:1721230723
2024-07-17 23:30:23.157989 INFO: Client[16] in!
2024-07-17 23:30:23.157996 INFO: HandleListenEvent 13
2024-07-17 23:30:23.158007 ERROR: Accept failure -1
2024-07-17 23:30:23.158088 INFO: eventNum: 1
2024-07-17 23:30:23.158095 INFO: fd: 41, events: 8193

2024-07-17 23:30:23.158148 INFO: HttpConn 41 close success
2024-07-17 23:30:23.158160 INFO: Client[41] quit!
2024-07-17 23:30:23.158874 INFO: eventNum: 1
2024-07-17 23:30:23.158889 INFO: fd: 42, events: 8193

2024-07-17 23:30:23.158904 INFO: HttpConn 42 close success
2024-07-17 23:30:23.158912 INFO: Client[42] quit!
2024-07-17 23:30:23.158917 INFO: eventNum: 1
2024-07-17 23:30:23.158921 INFO: fd: 40, events: 8193

2024-07-17 23:30:23.158936 INFO: HttpConn 40 close success
2024-07-17 23:30:23.158947 INFO: Client[40] quit!
2024-07-17 23:30:23.159348 INFO: eventNum: 1
2024-07-17 23:30:23.159363 INFO: fd: 39, events: 8193

2024-07-17 23:30:23.159377 INFO: HttpConn 39 close success
2024-07-17 23:30:23.159385 INFO: Client[39] quit!
2024-07-17 23:30:23.159992 INFO: eventNum: 1
2024-07-17 23:30:23.160009 INFO: fd: 26, events: 8193

2024-07-17 23:30:23.160028 INFO: HttpConn 26 close success
2024-07-17 23:30:23.160036 INFO: Client[26] quit!
2024-07-17 23:30:23.160173 INFO: eventNum: 1
2024-07-17 23:30:23.160185 INFO: fd: 28, events: 8193

2024-07-17 23:30:23.160198 INFO: HttpConn 28 close success
2024-07-17 23:30:23.160206 INFO: Client[28] quit!
2024-07-17 23:30:23.160381 INFO: eventNum: 1
2024-07-17 23:30:23.160393 INFO: fd: 17, events: 8193

2024-07-17 23:30:23.160407 INFO: HttpConn 17 close success
2024-07-17 23:30:23.160414 INFO: Client[17] quit!
2024-07-17 23:30:23.160527 INFO: eventNum: 1
2024-07-17 23:30:23.160534 INFO: fd: 18, events: 8193

2024-07-17 23:30:23.160546 INFO: HttpConn 18 close success
2024-07-17 23:30:23.160553 INFO: Client[18] quit!
2024-07-17 23:30:23.161625 INFO: eventNum: 1
2024-07-17 23:30:23.161647 INFO: fd: 16, events: 1

2024-07-17 23:30:23.161666 INFO: HttpConn 16 read success
2024-07-17 23:30:23.161692 INFO: GET / HTTP/1.1
2024-07-17 23:30:23.161698 INFO: Host: 39.98.202.182:9006
2024-07-17 23:30:23.161703 INFO: User-Agent: Go-http-client/1.1
2024-07-17 23:30:23.161707 INFO: oop!unknow header: User-Agent: Go-http-client/1.1
2024-07-17 23:30:23.161712 INFO: X-Vegeta-Seq: 3219
2024-07-17 23:30:23.161716 INFO: oop!unknow header: X-Vegeta-Seq: 3219
2024-07-17 23:30:23.161720 INFO: Accept-Encoding: gzip
2024-07-17 23:30:23.161725 INFO: oop!unknow header: Accept-Encoding: gzip
2024-07-17 23:30:23.161729 INFO: 
2024-07-17 23:30:23.161755 INFO: request:HTTP/1.1 200 OK

2024-07-17 23:30:23.161759 INFO: request:HTTP/1.1 200 OK
Content-Length:542

2024-07-17 23:30:23.161764 INFO: request:HTTP/1.1 200 OK
Content-Length:542
Connection:close

2024-07-17 23:30:23.161768 INFO: request:HTTP/1.1 200 OK
Content-Length:542
Connection:close


2024-07-17 23:30:23.161784 INFO: Thread 140246097688128 is running task

2024-07-17 23:30:23.161794 INFO: eventNum: 1
2024-07-17 23:30:23.161799 INFO: fd: 16, events: 4

2024-07-17 23:30:23.161838 INFO: Thread 140246114473536 is running task

2024-07-17 23:30:23.162406 INFO: eventNum: 1
2024-07-17 23:30:23.162420 INFO: fd: 13, events: 1

2024-07-17 23:30:23.162425 INFO: HandleListenEvent 13
2024-07-17 23:30:23.162442 INFO: HttpConn 17 init success
2024-07-17 23:30:23.162449 INFO: addTimer id:17 expireTime:1721230723
2024-07-17 23:30:23.162460 INFO: Client[17] in!
2024-07-17 23:30:23.162465 INFO: HandleListenEvent 13
2024-07-17 23:30:23.162473 ERROR: Accept failure -1
2024-07-17 23:30:23.162758 INFO: eventNum: 1
2024-07-17 23:30:23.162772 INFO: fd: 17, events: 1

2024-07-17 23:30:23.162785 INFO: HttpConn 17 read success
2024-07-17 23:30:23.162796 INFO: GET / HTTP/1.1
2024-07-17 23:30:23.162802 INFO: Host: 39.98.202.182:9006
2024-07-17 23:30:23.162806 INFO: User-Agent: Go-http-client/1.1
2024-07-17 23:30:23.162811 INFO: oop!unknow header: User-Agent: Go-http-client/1.1
2024-07-17 23:30:23.162816 INFO: X-Vegeta-Seq: 3224
2024-07-17 23:30:23.162820 INFO: oop!unknow header: X-Vegeta-Seq: 3224
2024-07-17 23:30:23.162824 INFO: Accept-Encoding: gzip
2024-07-17 23:30:23.162829 INFO: oop!unknow header: Accept-Encoding: gzip
2024-07-17 23:30:23.162835 INFO: 
2024-07-17 23:30:23.162856 INFO: request:HTTP/1.1 200 OK

2024-07-17 23:30:23.162863 INFO: request:HTTP/1.1 200 OK
Content-Length:542

2024-07-17 23:30:23.162869 INFO: request:HTTP/1.1 200 OK
Content-Length:542
Connection:close

2024-07-17 23:30:23.162879 INFO: request:HTTP/1.1 200 OK
Content-Length:542
Connection:close


2024-07-17 23:30:23.162891 INFO: Thread 140246148044352 is running task

2024-07-17 23:30:23.162901 INFO: eventNum: 2
2024-07-17 23:30:23.162906 INFO: fd: 29, events: 8193

2024-07-17 23:30:23.162922 INFO: HttpConn 29 close success
2024-07-17 23:30:23.162931 INFO: Client[29] quit!
2024-07-17 23:30:23.162935 INFO: fd: 17, events: 4

2024-07-17 23:30:23.162969 INFO: Thread 140246139651648 is running task

2024-07-17 23:30:23.162980 INFO: eventNum: 1
2024-07-17 23:30:23.162985 INFO: fd: 13, events: 1

2024-07-17 23:30:23.162989 INFO: HandleListenEvent 13
2024-07-17 23:30:23.163001 INFO: HttpConn 18 init success
2024-07-17 23:30:23.163006 INFO: addTimer id:18 expireTime:1721230723
2024-07-17 23:30:23.163016 INFO: Client[18] in!
2024-07-17 23:30:23.163020 INFO: HandleListenEvent 13
2024-07-17 23:30:23.163030 INFO: HttpConn 26 init success
2024-07-17 23:30:23.163035 INFO: addTimer id:26 expireTime:1721230723
2024-07-17 23:30:23.163043 INFO: Client[26] in!
2024-07-17 23:30:23.163047 INFO: HandleListenEvent 13
2024-07-17 23:30:23.163055 ERROR: Accept failure -1
2024-07-17 23:30:23.163060 INFO: eventNum: 1
2024-07-17 23:30:23.163065 INFO: fd: 26, events: 1

2024-07-17 23:30:23.163079 INFO: HttpConn 26 read success
2024-07-17 23:30:23.163087 INFO: GET / HTTP/1.1
2024-07-17 23:30:23.163093 INFO: Host: 39.98.202.182:9006
2024-07-17 23:30:23.163097 INFO: User-Agent: Go-http-client/1.1
2024-07-17 23:30:23.163102 INFO: oop!unknow header: User-Agent: Go-http-client/1.1
2024-07-17 23:30:23.163106 INFO: X-Vegeta-Seq: 3226
2024-07-17 23:30:23.163116 INFO: oop!unknow header: X-Vegeta-Seq: 3226
2024-07-17 23:30:23.163120 INFO: Accept-Encoding: gzip
2024-07-17 23:30:23.163124 INFO: oop!unknow header: Accept-Encoding: gzip
2024-07-17 23:30:23.163128 INFO: 
2024-07-17 23:30:23.163142 INFO: request:HTTP/1.1 200 OK

2024-07-17 23:30:23.163147 INFO: request:HTTP/1.1 200 OK
Content-Length:542

2024-07-17 23:30:23.163151 INFO: request:HTTP/1.1 200 OK
Content-Length:542
Connection:close

2024-07-17 23:30:23.163155 INFO: request:HTTP/1.1 200 OK
Content-Length:542
Connection:close


2024-07-17 23:30:23.163162 INFO: Thread 140246122866240 is running task

2024-07-17 23:30:23.163176 INFO: eventNum: 1
2024-07-17 23:30:23.163184 INFO: fd: 26, events: 4

2024-07-17 23:30:23.163209 INFO: Thread 140246156437056 is running task

2024-07-17 23:30:23.163275 INFO: eventNum: 1
2024-07-17 23:30:23.163289 INFO: fd: 30, events: 8193

2024-07-17 23:30:23.163303 INFO: HttpConn 30 close success
2024-07-17 23:30:23.163311 INFO: Client[30] quit!
2024-07-17 23:30:23.163317 INFO: eventNum: 1
2024-07-17 23:30:23.163323 INFO: fd: 18, events: 1

2024-07-17 23:30:23.163336 INFO: HttpConn 18 read success
2024-07-17 23:30:23.163345 INFO: GET / HTTP/1.1
2024-07-17 23:30:23.163350 INFO: Host: 39.98.202.182:9006
2024-07-17 23:30:23.163355 INFO: User-Agent: Go-http-client/1.1
2024-07-17 23:30:23.163359 INFO: oop!unknow header: User-Agent: Go-http-client/1.1
2024-07-17 23:30:23.163363 INFO: X-Vegeta-Seq: 3225
2024-07-17 23:30:23.163368 INFO: oop!unknow header: X-Vegeta-Seq: 3225
2024-07-17 23:30:23.163372 INFO: Accept-Encoding: gzip
2024-07-17 23:30:23.163376 INFO: oop!unknow header: Accept-Encoding: gzip
2024-07-17 23:30:23.163380 INFO: 
2024-07-17 23:30:23.163393 INFO: request:HTTP/1.1 200 OK

2024-07-17 23:30:23.163398 INFO: request:HTTP/1.1 200 OK
Content-Length:542

2024-07-17 23:30:23.163403 INFO: request:HTTP/1.1 200 OK
Content-Length:542
Connection:close

2024-07-17 23:30:23.163407 INFO: request:HTTP/1.1 200 OK
Content-Length:542
Connection:close


2024-07-17 23:30:23.163415 INFO: Thread 140246131258944 is running task

2024-07-17 23:30:23.163424 INFO: eventNum: 2
2024-07-17 23:30:23.163428 INFO: fd: 13, events: 1

2024-07-17 23:30:23.163432 INFO: HandleListenEvent 13
2024-07-17 23:30:23.163445 INFO: HttpConn 28 init success
2024-07-17 23:30:23.163451 INFO: addTimer id:28 expireTime:1721230723
2024-07-17 23:30:23.163459 INFO: Client[28] in!
2024-07-17 23:30:23.163463 INFO: HandleListenEvent 13
2024-07-17 23:30:23.163471 ERROR: Accept failure -1
2024-07-17 23:30:23.163476 INFO: fd: 18, events: 4

2024-07-17 23:30:23.163536 INFO: Thread 140246106080832 is running task

2024-07-17 23:30:23.163740 INFO: eventNum: 1
2024-07-17 23:30:23.163755 INFO: fd: 28, events: 1

2024-07-17 23:30:23.163767 INFO: HttpConn 28 read success
2024-07-17 23:30:23.163777 INFO: GET / HTTP/1.1
2024-07-17 23:30:23.163782 INFO: Host: 39.98.202.182:9006
2024-07-17 23:30:23.163786 INFO: User-Agent: Go-http-client/1.1
2024-07-17 23:30:23.163790 INFO: oop!unknow header: User-Agent: Go-http-client/1.1
2024-07-17 23:30:23.163795 INFO: X-Vegeta-Seq: 3227
2024-07-17 23:30:23.163799 INFO: oop!unknow header: X-Vegeta-Seq: 3227
2024-07-17 23:30:23.163803 INFO: Accept-Encoding: gzip
2024-07-17 23:30:23.163809 INFO: oop!unknow header: Accept-Encoding: gzip
2024-07-17 23:30:23.163815 INFO: 
2024-07-17 23:30:23.163833 INFO: request:HTTP/1.1 200 OK

2024-07-17 23:30:23.163840 INFO: request:HTTP/1.1 200 OK
Content-Length:542

2024-07-17 23:30:23.163845 INFO: request:HTTP/1.1 200 OK
Content-Length:542
Connection:close

2024-07-17 23:30:23.163851 INFO: request:HTTP/1.1 200 OK
Content-Length:542
Connection:close


2024-07-17 23:30:23.163861 INFO: Thread 140246097688128 is running task

2024-07-17 23:30:23.163873 INFO: eventNum: 1
2024-07-17 23:30:23.163879 INFO: fd: 28, events: 4

2024-07-17 23:30:23.163912 INFO: Thread 140246114473536 is running task

2024-07-17 23:30:23.200125 INFO: eventNum: 1
2024-07-17 23:30:23.200182 INFO: fd: 13, events: 1

2024-07-17 23:30:23.200188 INFO: HandleListenEvent 13
2024-07-17 23:30:23.200225 INFO: HttpConn 29 init success
2024-07-17 23:30:23.200232 INFO: addTimer id:29 expireTime:1721230723
2024-07-17 23:30:23.200246 INFO: Client[29] in!
2024-07-17 23:30:23.200251 INFO: HandleListenEvent 13
2024-07-17 23:30:23.200263 ERROR: Accept failure -1
2024-07-17 23:30:23.200375 INFO: eventNum: 1
2024-07-17 23:30:23.200386 INFO: fd: 13, events: 1

2024-07-17 23:30:23.200391 INFO: HandleListenEvent 13
2024-07-17 23:30:23.200403 INFO: HttpConn 30 init success
2024-07-17 23:30:23.200409 INFO: addTimer id:30 expireTime:1721230723
2024-07-17 23:30:23.200418 INFO: Client[30] in!
2024-07-17 23:30:23.200422 INFO: HandleListenEvent 13
2024-07-17 23:30:23.200430 ERROR: Accept failure -1
2024-07-17 23:30:23.201625 INFO: eventNum: 1
2024-07-17 23:30:23.201647 INFO: fd: 29, events: 1

2024-07-17 23:30:23.201666 INFO: HttpConn 29 read success
2024-07-17 23:30:23.201701 INFO: GET / HTTP/1.1
2024-07-17 23:30:23.201709 INFO: Host: 39.98.202.182:9006
2024-07-17 23:30:23.201714 INFO: User-Agent: Go-http-client/1.1
2024-07-17 23:30:23.201718 INFO: oop!unknow header: User-Agent: Go-http-client/1.1
2024-07-17 23:30:23.201723 INFO: X-Vegeta-Seq: 3229
2024-07-17 23:30:23.201727 INFO: oop!unknow header: X-Vegeta-Seq: 3229
2024-07-17 23:30:23.201731 INFO: Accept-Encoding: gzip
2024-07-17 23:30:23.201736 INFO: oop!unknow header: Accept-Encoding: gzip
2024-07-17 23:30:23.201740 INFO: 
2024-07-17 23:30:23.201766 INFO: request:HTTP/1.1 200 OK

2024-07-17 23:30:23.201771 INFO: request:HTTP/1.1 200 OK
Content-Length:542

2024-07-17 23:30:23.201775 INFO: request:HTTP/1.1 200 OK
Content-Length:542
Connection:close

2024-07-17 23:30:23.201779 INFO: request:HTTP/1.1 200 OK
Content-Length:542
Connection:close


2024-07-17 23:30:23.201796 INFO: Thread 140246148044352 is running task

2024-07-17 23:30:23.201807 INFO: eventNum: 2
2024-07-17 23:30:23.201812 INFO: fd: 31, events: 8193

2024-07-17 23:30:23.201833 INFO: HttpConn 31 close success
2024-07-17 23:30:23.201842 INFO: Client[31] quit!
2024-07-17 23:30:23.201846 INFO: fd: 29, events: 4

2024-07-17 23:30:23.201883 INFO: Thread 140246139651648 is running task

2024-07-17 23:30:23.202269 INFO: eventNum: 1
2024-07-17 23:30:23.202291 INFO: fd: 30, events: 1

2024-07-17 23:30:23.202307 INFO: HttpConn 30 read success
2024-07-17 23:30:23.202318 INFO: GET / HTTP/1.1
2024-07-17 23:30:23.202323 INFO: Host: 39.98.202.182:9006
2024-07-17 23:30:23.202328 INFO: User-Agent: Go-http-client/1.1
2024-07-17 23:30:23.202332 INFO: oop!unknow header: User-Agent: Go-http-client/1.1
2024-07-17 23:30:23.202337 INFO: X-Vegeta-Seq: 3228
2024-07-17 23:30:23.202341 INFO: oop!unknow header: X-Vegeta-Seq: 3228
2024-07-17 23:30:23.202346 INFO: Accept-Encoding: gzip
2024-07-17 23:30:23.202350 INFO: oop!unknow header: Accept-Encoding: gzip
2024-07-17 23:30:23.202354 INFO: 
2024-07-17 23:30:23.202372 INFO: request:HTTP/1.1 200 OK

2024-07-17 23:30:23.202376 INFO: request:HTTP/1.1 200 OK
Content-Length:542

2024-07-17 23:30:23.202381 INFO: request:HTTP/1.1 200 OK
Content-Length:542
Connection:close

