2024-07-17 23:31:28.751785 INFO: Thread 140246156437056 is running task

2024-07-17 23:31:28.751839 INFO: fd: 88, events: 1

2024-07-17 23:31:28.751851 INFO: HttpConn 88 read success
2024-07-17 23:31:28.751858 INFO: GET / HTTP/1.1
2024-07-17 23:31:28.751863 INFO: Host: 39.98.202.182:9006
2024-07-17 23:31:28.751867 INFO: User-Agent: Go-http-client/1.1
2024-07-17 23:31:28.751872 INFO: oop!unknow header: User-Agent: Go-http-client/1.1
2024-07-17 23:31:28.751876 INFO: X-Vegeta-Seq: 86
2024-07-17 23:31:28.751880 INFO: oop!unknow header: X-Vegeta-Seq: 86
2024-07-17 23:31:28.751885 INFO: Accept-Encoding: gzip
2024-07-17 23:31:28.751889 INFO: oop!unknow header: Accept-Encoding: gzip
2024-07-17 23:31:28.751893 INFO: 
2024-07-17 23:31:28.751905 INFO: request:HTTP/1.1 200 OK

2024-07-17 23:31:28.751909 INFO: request:HTTP/1.1 200 OK
Content-Length:542

2024-07-17 23:31:28.751913 INFO: request:HTTP/1.1 200 OK
Content-Length:542
Connection:close

2024-07-17 23:31:28.751918 INFO: request:HTTP/1.1 200 OK
Content-Length:542
Connection:close


2024-07-17 23:31:28.751924 INFO: Thread 140246148044352 is running task

2024-07-17 23:31:28.751932 INFO: fd: 80, events: 4

2024-07-17 23:31:28.751956 INFO: Thread 140246114473536 is running task

2024-07-17 23:31:28.751968 INFO: fd: 79, events: 1

2024-07-17 23:31:28.751978 INFO: HttpConn 79 read success
2024-07-17 23:31:28.751985 INFO: GET / HTTP/1.1
2024-07-17 23:31:28.751990 INFO: Host: 39.98.202.182:9006
2024-07-17 23:31:28.751994 INFO: User-Agent: Go-http-client/1.1
2024-07-17 23:31:28.751999 INFO: oop!unknow header: User-Agent: Go-http-client/1.1
2024-07-17 23:31:28.752003 INFO: X-Vegeta-Seq: 84
2024-07-17 23:31:28.752007 INFO: oop!unknow header: X-Vegeta-Seq: 84
2024-07-17 23:31:28.752011 INFO: Accept-Encoding: gzip
2024-07-17 23:31:28.752015 INFO: oop!unknow header: Accept-Encoding: gzip
2024-07-17 23:31:28.752019 INFO: 
2024-07-17 23:31:28.752031 INFO: request:HTTP/1.1 200 OK

2024-07-17 23:31:28.752035 INFO: request:HTTP/1.1 200 OK
Content-Length:542

2024-07-17 23:31:28.752039 INFO: request:HTTP/1.1 200 OK
Content-Length:542
Connection:close

2024-07-17 23:31:28.752044 INFO: request:HTTP/1.1 200 OK
Content-Length:542
Connection:close


2024-07-17 23:31:28.752050 INFO: Thread 140246122866240 is running task

2024-07-17 23:31:28.752057 INFO: fd: 86, events: 4

2024-07-17 23:31:28.752078 INFO: Thread 140246097688128 is running task

2024-07-17 23:31:28.752089 INFO: fd: 46, events: 4

2024-07-17 23:31:28.752110 INFO: Thread 140246139651648 is running task

2024-07-17 23:31:28.752121 INFO: fd: 77, events: 4

2024-07-17 23:31:28.752142 INFO: Thread 140246106080832 is running task

2024-07-17 23:31:28.752160 INFO: fd: 49, events: 4

2024-07-17 23:31:28.752194 INFO: Thread 140246131258944 is running task

2024-07-17 23:31:28.752210 INFO: fd: 84, events: 4

2024-07-17 23:31:28.752232 INFO: Thread 140246156437056 is running task

2024-07-17 23:31:28.752243 INFO: fd: 82, events: 4

2024-07-17 23:31:28.752263 INFO: Thread 140246148044352 is running task

2024-07-17 23:31:28.752274 INFO: fd: 78, events: 4

2024-07-17 23:31:28.752294 INFO: Thread 140246114473536 is running task

2024-07-17 23:31:28.752306 INFO: fd: 44, events: 4

2024-07-17 23:31:28.752326 INFO: Thread 140246122866240 is running task

2024-07-17 23:31:28.752337 INFO: fd: 51, events: 4

2024-07-17 23:31:28.752357 INFO: Thread 140246097688128 is running task

2024-07-17 23:31:28.752368 INFO: fd: 48, events: 4

2024-07-17 23:31:28.752387 INFO: Thread 140246139651648 is running task

2024-07-17 23:31:28.752401 INFO: eventNum: 4
2024-07-17 23:31:28.752406 INFO: fd: 13, events: 1

2024-07-17 23:31:28.752410 INFO: HandleListenEvent 13
2024-07-17 23:31:28.752433 INFO: HttpConn 52 init success
2024-07-17 23:31:28.752439 INFO: addTimer id:52 expireTime:1721230788
2024-07-17 23:31:28.752475 INFO: Client[52] in!
2024-07-17 23:31:28.752480 INFO: HandleListenEvent 13
2024-07-17 23:31:28.752495 INFO: HttpConn 53 init success
2024-07-17 23:31:28.752501 INFO: addTimer id:53 expireTime:1721230788
2024-07-17 23:31:28.752509 INFO: Client[53] in!
2024-07-17 23:31:28.752519 INFO: HandleListenEvent 13
2024-07-17 23:31:28.752529 INFO: HttpConn 54 init success
2024-07-17 23:31:28.752535 INFO: addTimer id:54 expireTime:1721230788
2024-07-17 23:31:28.752542 INFO: Client[54] in!
2024-07-17 23:31:28.752547 INFO: HandleListenEvent 13
2024-07-17 23:31:28.752556 ERROR: Accept failure -1
2024-07-17 23:31:28.752560 INFO: fd: 50, events: 4

2024-07-17 23:31:28.752589 INFO: Thread 140246106080832 is running task

2024-07-17 23:31:28.752598 INFO: fd: 88, events: 4

2024-07-17 23:31:28.752618 INFO: Thread 140246131258944 is running task

2024-07-17 23:31:28.752632 INFO: fd: 79, events: 4

2024-07-17 23:31:28.752664 INFO: Thread 140246156437056 is running task

2024-07-17 23:31:28.752754 INFO: eventNum: 1
2024-07-17 23:31:28.752770 INFO: fd: 13, events: 1

2024-07-17 23:31:28.752774 INFO: HandleListenEvent 13
2024-07-17 23:31:28.752787 INFO: HttpConn 89 init success
2024-07-17 23:31:28.752793 INFO: addTimer id:89 expireTime:1721230788
2024-07-17 23:31:28.752805 INFO: Client[89] in!
2024-07-17 23:31:28.752810 INFO: HandleListenEvent 13
2024-07-17 23:31:28.752818 ERROR: Accept failure -1
2024-07-17 23:31:28.753204 INFO: eventNum: 1
2024-07-17 23:31:28.753221 INFO: fd: 52, events: 1

2024-07-17 23:31:28.753233 INFO: HttpConn 52 read success
2024-07-17 23:31:28.753242 INFO: GET / HTTP/1.1
2024-07-17 23:31:28.753247 INFO: Host: 39.98.202.182:9006
2024-07-17 23:31:28.753252 INFO: User-Agent: Go-http-client/1.1
2024-07-17 23:31:28.753256 INFO: oop!unknow header: User-Agent: Go-http-client/1.1
2024-07-17 23:31:28.753261 INFO: X-Vegeta-Seq: 96
2024-07-17 23:31:28.753265 INFO: oop!unknow header: X-Vegeta-Seq: 96
2024-07-17 23:31:28.753269 INFO: Accept-Encoding: gzip
2024-07-17 23:31:28.753273 INFO: oop!unknow header: Accept-Encoding: gzip
2024-07-17 23:31:28.753278 INFO: 
2024-07-17 23:31:28.753292 INFO: request:HTTP/1.1 200 OK

2024-07-17 23:31:28.753297 INFO: request:HTTP/1.1 200 OK
Content-Length:542

2024-07-17 23:31:28.753301 INFO: request:HTTP/1.1 200 OK
Content-Length:542
Connection:close

2024-07-17 23:31:28.753305 INFO: request:HTTP/1.1 200 OK
Content-Length:542
Connection:close


2024-07-17 23:31:28.753314 INFO: Thread 140246148044352 is running task

2024-07-17 23:31:28.753323 INFO: eventNum: 2
2024-07-17 23:31:28.753328 INFO: fd: 13, events: 1

2024-07-17 23:31:28.753332 INFO: HandleListenEvent 13
2024-07-17 23:31:28.753343 INFO: HttpConn 90 init success
2024-07-17 23:31:28.753349 INFO: addTimer id:90 expireTime:1721230788
2024-07-17 23:31:28.753359 INFO: Client[90] in!
2024-07-17 23:31:28.753364 INFO: HandleListenEvent 13
2024-07-17 23:31:28.753372 ERROR: Accept failure -1
2024-07-17 23:31:28.753377 INFO: fd: 52, events: 4

2024-07-17 23:31:28.753402 INFO: Thread 140246114473536 is running task

2024-07-17 23:31:28.753634 INFO: eventNum: 1
2024-07-17 23:31:28.753649 INFO: fd: 13, events: 1

2024-07-17 23:31:28.753654 INFO: HandleListenEvent 13
2024-07-17 23:31:28.753663 INFO: HttpConn 91 init success
2024-07-17 23:31:28.753669 INFO: addTimer id:91 expireTime:1721230788
2024-07-17 23:31:28.753678 INFO: Client[91] in!
2024-07-17 23:31:28.753683 INFO: HandleListenEvent 13
2024-07-17 23:31:28.753695 INFO: HttpConn 92 init success
2024-07-17 23:31:28.753700 INFO: addTimer id:92 expireTime:1721230788
2024-07-17 23:31:28.753711 INFO: Client[92] in!
2024-07-17 23:31:28.753716 INFO: HandleListenEvent 13
2024-07-17 23:31:28.753726 INFO: HttpConn 93 init success
2024-07-17 23:31:28.753731 INFO: addTimer id:93 expireTime:1721230788
2024-07-17 23:31:28.753744 INFO: Client[93] in!
2024-07-17 23:31:28.753749 INFO: HandleListenEvent 13
2024-07-17 23:31:28.753757 ERROR: Accept failure -1
2024-07-17 23:31:28.753795 INFO: eventNum: 1
2024-07-17 23:31:28.753802 INFO: fd: 13, events: 1

2024-07-17 23:31:28.753810 INFO: HandleListenEvent 13
2024-07-17 23:31:28.753820 INFO: HttpConn 94 init success
2024-07-17 23:31:28.753825 INFO: addTimer id:94 expireTime:1721230788
2024-07-17 23:31:28.753833 INFO: Client[94] in!
2024-07-17 23:31:28.753838 INFO: HandleListenEvent 13
2024-07-17 23:31:28.753845 ERROR: Accept failure -1
2024-07-17 23:31:28.754014 INFO: eventNum: 1
2024-07-17 23:31:28.754025 INFO: fd: 13, events: 1

2024-07-17 23:31:28.754029 INFO: HandleListenEvent 13
2024-07-17 23:31:28.754040 INFO: HttpConn 95 init success
2024-07-17 23:31:28.754045 INFO: addTimer id:95 expireTime:1721230788
2024-07-17 23:31:28.754053 INFO: Client[95] in!
2024-07-17 23:31:28.754057 INFO: HandleListenEvent 13
2024-07-17 23:31:28.754065 ERROR: Accept failure -1
2024-07-17 23:31:28.754129 INFO: eventNum: 1
2024-07-17 23:31:28.754138 INFO: fd: 90, events: 1

2024-07-17 23:31:28.754151 INFO: HttpConn 90 read success
2024-07-17 23:31:28.754159 INFO: GET / HTTP/1.1
2024-07-17 23:31:28.754165 INFO: Host: 39.98.202.182:9006
2024-07-17 23:31:28.754169 INFO: User-Agent: Go-http-client/1.1
2024-07-17 23:31:28.754174 INFO: oop!unknow header: User-Agent: Go-http-client/1.1
2024-07-17 23:31:28.754178 INFO: X-Vegeta-Seq: 105
2024-07-17 23:31:28.754182 INFO: oop!unknow header: X-Vegeta-Seq: 105
2024-07-17 23:31:28.754187 INFO: Accept-Encoding: gzip
2024-07-17 23:31:28.754191 INFO: oop!unknow header: Accept-Encoding: gzip
2024-07-17 23:31:28.754195 INFO: 
2024-07-17 23:31:28.754210 INFO: request:HTTP/1.1 200 OK

2024-07-17 23:31:28.754215 INFO: request:HTTP/1.1 200 OK
Content-Length:542

2024-07-17 23:31:28.754219 INFO: request:HTTP/1.1 200 OK
Content-Length:542
Connection:close

2024-07-17 23:31:28.754224 INFO: request:HTTP/1.1 200 OK
Content-Length:542
Connection:close


2024-07-17 23:31:28.754233 INFO: Thread 140246122866240 is running task

2024-07-17 23:31:28.754242 INFO: eventNum: 2
2024-07-17 23:31:28.754247 INFO: fd: 13, events: 1

2024-07-17 23:31:28.754251 INFO: HandleListenEvent 13
2024-07-17 23:31:28.754263 INFO: HttpConn 96 init success
2024-07-17 23:31:28.754268 INFO: addTimer id:96 expireTime:1721230788
2024-07-17 23:31:28.754278 INFO: Client[96] in!
2024-07-17 23:31:28.754283 INFO: HandleListenEvent 13
2024-07-17 23:31:28.754292 INFO: HttpConn 97 init success
2024-07-17 23:31:28.754297 INFO: addTimer id:97 expireTime:1721230788
2024-07-17 23:31:28.754308 INFO: Client[97] in!
2024-07-17 23:31:28.754312 INFO: HandleListenEvent 13
2024-07-17 23:31:28.754322 INFO: HttpConn 98 init success
2024-07-17 23:31:28.754327 INFO: addTimer id:98 expireTime:1721230788
2024-07-17 23:31:28.754335 INFO: Client[98] in!
2024-07-17 23:31:28.754339 INFO: HandleListenEvent 13
2024-07-17 23:31:28.754347 ERROR: Accept failure -1
2024-07-17 23:31:28.754352 INFO: fd: 90, events: 4

2024-07-17 23:31:28.754382 INFO: Thread 140246097688128 is running task

2024-07-17 23:31:28.754393 INFO: eventNum: 1
2024-07-17 23:31:28.754397 INFO: fd: 13, events: 1

2024-07-17 23:31:28.754402 INFO: HandleListenEvent 13
2024-07-17 23:31:28.754413 INFO: HttpConn 99 init success
2024-07-17 23:31:28.754418 INFO: addTimer id:99 expireTime:1721230788
2024-07-17 23:31:28.754433 INFO: Client[99] in!
2024-07-17 23:31:28.754438 INFO: HandleListenEvent 13
2024-07-17 23:31:28.754446 INFO: HttpConn 100 init success
2024-07-17 23:31:28.754451 INFO: addTimer id:100 expireTime:1721230788
2024-07-17 23:31:28.754461 INFO: Client[100] in!
2024-07-17 23:31:28.754465 INFO: HandleListenEvent 13
2024-07-17 23:31:28.754473 ERROR: Accept failure -1
2024-07-17 23:31:28.754498 INFO: eventNum: 1
2024-07-17 23:31:28.754504 INFO: fd: 13, events: 1

2024-07-17 23:31:28.754508 INFO: HandleListenEvent 13
2024-07-17 23:31:28.754519 INFO: HttpConn 101 init success
2024-07-17 23:31:28.754524 INFO: addTimer id:101 expireTime:1721230788
2024-07-17 23:31:28.754537 INFO: Client[101] in!
2024-07-17 23:31:28.754541 INFO: HandleListenEvent 13
2024-07-17 23:31:28.754548 ERROR: Accept failure -1
2024-07-17 23:31:28.754827 INFO: eventNum: 1
2024-07-17 23:31:28.754844 INFO: fd: 13, events: 1

2024-07-17 23:31:28.754852 INFO: HandleListenEvent 13
2024-07-17 23:31:28.754863 INFO: HttpConn 102 init success
2024-07-17 23:31:28.754868 INFO: addTimer id:102 expireTime:1721230788
2024-07-17 23:31:28.754880 INFO: Client[102] in!
2024-07-17 23:31:28.754884 INFO: HandleListenEvent 13
2024-07-17 23:31:28.754891 ERROR: Accept failure -1
2024-07-17 23:31:28.755227 INFO: eventNum: 1
2024-07-17 23:31:28.755242 INFO: fd: 92, events: 1

2024-07-17 23:31:28.755255 INFO: HttpConn 92 read success
2024-07-17 23:31:28.755264 INFO: GET / HTTP/1.1
2024-07-17 23:31:28.755269 INFO: Host: 39.98.202.182:9006
2024-07-17 23:31:28.755274 INFO: User-Agent: Go-http-client/1.1
2024-07-17 23:31:28.755300 INFO: oop!unknow header: User-Agent: Go-http-client/1.1
2024-07-17 23:31:28.755307 INFO: X-Vegeta-Seq: 101
2024-07-17 23:31:28.755311 INFO: oop!unknow header: X-Vegeta-Seq: 101
2024-07-17 23:31:28.755316 INFO: Accept-Encoding: gzip
2024-07-17 23:31:28.755320 INFO: oop!unknow header: Accept-Encoding: gzip
2024-07-17 23:31:28.755324 INFO: 
2024-07-17 23:31:28.755338 INFO: request:HTTP/1.1 200 OK

2024-07-17 23:31:28.755343 INFO: request:HTTP/1.1 200 OK
Content-Length:542

2024-07-17 23:31:28.755348 INFO: request:HTTP/1.1 200 OK
Content-Length:542
Connection:close

2024-07-17 23:31:28.755352 INFO: request:HTTP/1.1 200 OK
Content-Length:542
Connection:close


2024-07-17 23:31:28.755361 INFO: Thread 140246139651648 is running task

2024-07-17 23:31:28.755370 INFO: eventNum: 2
2024-07-17 23:31:28.755375 INFO: fd: 13, events: 1

2024-07-17 23:31:28.755380 INFO: HandleListenEvent 13
2024-07-17 23:31:28.755392 INFO: HttpConn 103 init success
2024-07-17 23:31:28.755397 INFO: addTimer id:103 expireTime:1721230788
2024-07-17 23:31:28.755408 INFO: Client[103] in!
2024-07-17 23:31:28.755413 INFO: HandleListenEvent 13
2024-07-17 23:31:28.755423 INFO: HttpConn 104 init success
2024-07-17 23:31:28.755435 INFO: addTimer id:104 expireTime:1721230788
2024-07-17 23:31:28.755443 INFO: Client[104] in!
2024-07-17 23:31:28.755447 INFO: HandleListenEvent 13
2024-07-17 23:31:28.755456 ERROR: Accept failure -1
2024-07-17 23:31:28.755461 INFO: fd: 92, events: 4

2024-07-17 23:31:28.755492 INFO: Thread 140246106080832 is running task

2024-07-17 23:31:28.755537 INFO: eventNum: 1
2024-07-17 23:31:28.755544 INFO: fd: 13, events: 1

2024-07-17 23:31:28.755548 INFO: HandleListenEvent 13
2024-07-17 23:31:28.755562 INFO: HttpConn 105 init success
2024-07-17 23:31:28.755570 INFO: addTimer id:105 expireTime:1721230788
2024-07-17 23:31:28.755585 INFO: Client[105] in!
2024-07-17 23:31:28.755591 INFO: HandleListenEvent 13
2024-07-17 23:31:28.755600 ERROR: Accept failure -1
2024-07-17 23:31:28.755645 INFO: eventNum: 1
2024-07-17 23:31:28.755652 INFO: fd: 13, events: 1

2024-07-17 23:31:28.755656 INFO: HandleListenEvent 13
2024-07-17 23:31:28.755667 INFO: HttpConn 106 init success
2024-07-17 23:31:28.755672 INFO: addTimer id:106 expireTime:1721230788
2024-07-17 23:31:28.755684 INFO: Client[106] in!
2024-07-17 23:31:28.755688 INFO: HandleListenEvent 13
2024-07-17 23:31:28.755696 ERROR: Accept failure -1
2024-07-17 23:31:28.755900 INFO: eventNum: 1
2024-07-17 23:31:28.755913 INFO: fd: 13, events: 1

2024-07-17 23:31:28.755918 INFO: HandleListenEvent 13
2024-07-17 23:31:28.755928 INFO: HttpConn 107 init success
2024-07-17 23:31:28.755934 INFO: addTimer id:107 expireTime:1721230788
2024-07-17 23:31:28.755944 INFO: Client[107] in!
2024-07-17 23:31:28.755949 INFO: HandleListenEvent 13
2024-07-17 23:31:28.755958 INFO: HttpConn 108 init success
2024-07-17 23:31:28.755963 INFO: addTimer id:108 expireTime:1721230788
2024-07-17 23:31:28.755970 INFO: Client[108] in!
2024-07-17 23:31:28.755975 INFO: HandleListenEvent 13
2024-07-17 23:31:28.755985 INFO: HttpConn 109 init success
2024-07-17 23:31:28.755990 INFO: addTimer id:109 expireTime:1721230788
2024-07-17 23:31:28.756002 INFO: Client[109] in!
2024-07-17 23:31:28.756007 INFO: HandleListenEvent 13
2024-07-17 23:31:28.756015 ERROR: Accept failure -1
2024-07-17 23:31:28.756271 INFO: eventNum: 1
2024-07-17 23:31:28.756283 INFO: fd: 13, events: 1

2024-07-17 23:31:28.756288 INFO: HandleListenEvent 13
2024-07-17 23:31:28.756296 INFO: HttpConn 110 init success
2024-07-17 23:31:28.756301 INFO: addTimer id:110 expireTime:1721230788
2024-07-17 23:31:28.756309 INFO: Client[110] in!
2024-07-17 23:31:28.756313 INFO: HandleListenEvent 13
2024-07-17 23:31:28.756320 ERROR: Accept failure -1
2024-07-17 23:31:28.756865 INFO: eventNum: 1
2024-07-17 23:31:28.756879 INFO: fd: 13, events: 1

2024-07-17 23:31:28.756884 INFO: HandleListenEvent 13
2024-07-17 23:31:28.756895 INFO: HttpConn 111 init success
2024-07-17 23:31:28.756900 INFO: addTimer id:111 expireTime:1721230788
2024-07-17 23:31:28.756912 INFO: Client[111] in!
2024-07-17 23:31:28.756917 INFO: HandleListenEvent 13
2024-07-17 23:31:28.756926 ERROR: Accept failure -1
2024-07-17 23:31:28.756964 INFO: eventNum: 1
2024-07-17 23:31:28.756974 INFO: fd: 13, events: 1

2024-07-17 23:31:28.756979 INFO: HandleListenEvent 13
2024-07-17 23:31:28.756992 INFO: HttpConn 112 init success
2024-07-17 23:31:28.757000 INFO: addTimer id:112 expireTime:1721230788
2024-07-17 23:31:28.757010 INFO: Client[112] in!
2024-07-17 23:31:28.757014 INFO: HandleListenEvent 13
2024-07-17 23:31:28.757022 ERROR: Accept failure -1
2024-07-17 23:31:28.757138 INFO: eventNum: 1
2024-07-17 23:31:28.757150 INFO: fd: 13, events: 1

2024-07-17 23:31:28.757154 INFO: HandleListenEvent 13
2024-07-17 23:31:28.757165 INFO: HttpConn 113 init success
2024-07-17 23:31:28.757170 INFO: addTimer id:113 expireTime:1721230788
2024-07-17 23:31:28.757180 INFO: Client[113] in!
2024-07-17 23:31:28.757184 INFO: HandleListenEvent 13
2024-07-17 23:31:28.757194 INFO: HttpConn 114 init success
2024-07-17 23:31:28.757199 INFO: addTimer id:114 expireTime:1721230788
2024-07-17 23:31:28.757208 INFO: Client[114] in!
2024-07-17 23:31:28.757213 INFO: HandleListenEvent 13
2024-07-17 23:31:28.757220 ERROR: Accept failure -1
2024-07-17 23:31:28.757277 INFO: eventNum: 1
2024-07-17 23:31:28.757310 INFO: fd: 89, events: 1

2024-07-17 23:31:28.757330 INFO: HttpConn 89 read success
2024-07-17 23:31:28.757342 INFO: GET / HTTP/1.1
2024-07-17 23:31:28.757348 INFO: Host: 39.98.202.182:9006
2024-07-17 23:31:28.757350 INFO: eventNum: 1
2024-07-17 23:31:28.757367 INFO: fd: 13, events: 1

2024-07-17 23:31:28.757353 INFO: User-Agent: Go-http-client/1.1
2024-07-17 23:31:28.757387 INFO: oop!unknow header: User-Agent: Go-http-client/1.1
2024-07-17 23:31:28.757392 INFO: X-Vegeta-Seq: 100
2024-07-17 23:31:28.757401 INFO: oop!unknow header: X-Vegeta-Seq: 100
2024-07-17 23:31:28.757376 INFO: HandleListenEvent 13
2024-07-17 23:31:28.757406 INFO: Accept-Encoding: gzip
2024-07-17 23:31:28.757422 INFO: oop!unknow header: Accept-Encoding: gzip
2024-07-17 23:31:28.757458 INFO: 
2024-07-17 23:31:28.757446 INFO: HttpConn 115 init success
2024-07-17 23:31:28.757473 INFO: addTimer id:115 expireTime:1721230788
2024-07-17 23:31:28.757475 INFO: request:HTTP/1.1 200 OK

2024-07-17 23:31:28.757490 INFO: request:HTTP/1.1 200 OK
Content-Length:542

2024-07-17 23:31:28.757495 INFO: Client[115] in!
2024-07-17 23:31:28.757495 INFO: request:HTTP/1.1 200 OK
Content-Length:542
Connection:close

2024-07-17 23:31:28.757523 INFO: request:HTTP/1.1 200 OK
Content-Length:542
Connection:close


2024-07-17 23:31:28.757538 INFO: Thread 140246131258944 is running task

2024-07-17 23:31:28.757504 INFO: HandleListenEvent 13
2024-07-17 23:31:28.757558 ERROR: Accept failure -1
2024-07-17 23:31:28.757566 INFO: eventNum: 2
2024-07-17 23:31:28.757571 INFO: fd: 89, events: 4

2024-07-17 23:31:28.757582 INFO: fd: 96, events: 1

2024-07-17 23:31:28.757608 INFO: Thread 140246156437056 is running task

2024-07-17 23:31:28.757617 INFO: HttpConn 96 read success
2024-07-17 23:31:28.757625 INFO: GET / HTTP/1.1
2024-07-17 23:31:28.757631 INFO: Host: 39.98.202.182:9006
2024-07-17 23:31:28.757635 INFO: User-Agent: Go-http-client/1.1
2024-07-17 23:31:28.757639 INFO: oop!unknow header: User-Agent: Go-http-client/1.1
2024-07-17 23:31:28.757644 INFO: X-Vegeta-Seq: 98
2024-07-17 23:31:28.757648 INFO: oop!unknow header: X-Vegeta-Seq: 98
2024-07-17 23:31:28.757652 INFO: Accept-Encoding: gzip
2024-07-17 23:31:28.757656 INFO: oop!unknow header: Accept-Encoding: gzip
2024-07-17 23:31:28.757661 INFO: 
2024-07-17 23:31:28.757674 INFO: request:HTTP/1.1 200 OK

2024-07-17 23:31:28.757679 INFO: request:HTTP/1.1 200 OK
Content-Length:542

2024-07-17 23:31:28.757683 INFO: request:HTTP/1.1 200 OK
Content-Length:542
Connection:close

2024-07-17 23:31:28.757692 INFO: request:HTTP/1.1 200 OK
Content-Length:542
Connection:close


2024-07-17 23:31:28.757702 INFO: Thread 140246156437056 is running task

2024-07-17 23:31:28.757715 INFO: eventNum: 1
2024-07-17 23:31:28.757726 INFO: fd: 96, events: 4

2024-07-17 23:31:28.757755 INFO: Thread 140246114473536 is running task

2024-07-17 23:31:28.757779 INFO: eventNum: 1
2024-07-17 23:31:28.757789 INFO: fd: 54, events: 1

2024-07-17 23:31:28.757803 INFO: HttpConn 54 read success
2024-07-17 23:31:28.757812 INFO: GET / HTTP/1.1
2024-07-17 23:31:28.757818 INFO: Host: 39.98.202.182:9006
2024-07-17 23:31:28.757822 INFO: User-Agent: Go-http-client/1.1
2024-07-17 23:31:28.757826 INFO: oop!unknow header: User-Agent: Go-http-client/1.1
2024-07-17 23:31:28.757830 INFO: X-Vegeta-Seq: 95
2024-07-17 23:31:28.757835 INFO: oop!unknow header: X-Vegeta-Seq: 95
2024-07-17 23:31:28.757839 INFO: Accept-Encoding: gzip
2024-07-17 23:31:28.757843 INFO: oop!unknow header: Accept-Encoding: gzip
2024-07-17 23:31:28.757847 INFO: 
2024-07-17 23:31:28.757859 INFO: request:HTTP/1.1 200 OK

2024-07-17 23:31:28.757865 INFO: request:HTTP/1.1 200 OK
Content-Length:542

2024-07-17 23:31:28.757869 INFO: request:HTTP/1.1 200 OK
Content-Length:542
Connection:close

2024-07-17 23:31:28.757873 INFO: request:HTTP/1.1 200 OK
Content-Length:542
Connection:close


2024-07-17 23:31:28.757883 INFO: Thread 140246122866240 is running task

2024-07-17 23:31:28.757887 INFO: eventNum: 2
2024-07-17 23:31:28.757905 INFO: fd: 54, events: 4

2024-07-17 23:31:28.757915 INFO: fd: 113, events: 1

2024-07-17 23:31:28.757925 INFO: eventNum: 1
2024-07-17 23:31:28.757932 INFO: fd: 13, events: 1

2024-07-17 23:31:28.757936 INFO: Thread 140246097688128 is running task

2024-07-17 23:31:28.757952 INFO: HttpConn 113 read success
2024-07-17 23:31:28.757936 INFO: HandleListenEvent 13
2024-07-17 23:31:28.757964 INFO: GET / HTTP/1.1
2024-07-17 23:31:28.757980 INFO: Host: 39.98.202.182:9006
2024-07-17 23:31:28.757984 INFO: User-Agent: Go-http-client/1.1
2024-07-17 23:31:28.757989 INFO: oop!unknow header: User-Agent: Go-http-client/1.1
2024-07-17 23:31:28.757992 INFO: HttpConn 116 init success
2024-07-17 23:31:28.757999 INFO: X-Vegeta-Seq: 124
2024-07-17 23:31:28.758022 INFO: oop!unknow header: X-Vegeta-Seq: 124
2024-07-17 23:31:28.758040 INFO: Accept-Encoding: gzip
2024-07-17 23:31:28.758011 INFO: addTimer id:116 expireTime:1721230788
2024-07-17 23:31:28.758046 INFO: oop!unknow header: Accept-Encoding: gzip
2024-07-17 23:31:28.758065 INFO: 
2024-07-17 23:31:28.758068 INFO: Client[116] in!
2024-07-17 23:31:28.758081 INFO: request:HTTP/1.1 200 OK

2024-07-17 23:31:28.758106 INFO: request:HTTP/1.1 200 OK
Content-Length:542

2024-07-17 23:31:28.758094 INFO: HandleListenEvent 13
2024-07-17 23:31:28.758138 INFO: request:HTTP/1.1 200 OK
Content-Length:542
Connection:close

2024-07-17 23:31:28.758143 INFO: HttpConn 117 init success
2024-07-17 23:31:28.758144 INFO: request:HTTP/1.1 200 OK
Content-Length:542
Connection:close


2024-07-17 23:31:28.758155 INFO: addTimer id:117 expireTime:1721230788
2024-07-17 23:31:28.758166 INFO: Thread 140246097688128 is running task

2024-07-17 23:31:28.758178 INFO: Client[117] in!
2024-07-17 23:31:28.758184 INFO: HandleListenEvent 13
2024-07-17 23:31:28.758193 ERROR: Accept failure -1
2024-07-17 23:31:28.758199 INFO: eventNum: 2
2024-07-17 23:31:28.758204 INFO: fd: 111, events: 1

2024-07-17 23:31:28.758213 INFO: fd: 113, events: 4

2024-07-17 23:31:28.758218 INFO: HttpConn 111 read success
2024-07-17 23:31:28.758228 INFO: GET / HTTP/1.1
2024-07-17 23:31:28.758233 INFO: Host: 39.98.202.182:9006
2024-07-17 23:31:28.758237 INFO: User-Agent: Go-http-client/1.1
2024-07-17 23:31:28.758241 INFO: oop!unknow header: User-Agent: Go-http-client/1.1
2024-07-17 23:31:28.758246 INFO: X-Vegeta-Seq: 123
2024-07-17 23:31:28.758250 INFO: oop!unknow header: X-Vegeta-Seq: 123
2024-07-17 23:31:28.758254 INFO: Accept-Encoding: gzip
2024-07-17 23:31:28.758258 INFO: oop!unknow header: Accept-Encoding: gzip
2024-07-17 23:31:28.758267 INFO: 
2024-07-17 23:31:28.758279 INFO: request:HTTP/1.1 200 OK

2024-07-17 23:31:28.758284 INFO: request:HTTP/1.1 200 OK
Content-Length:542

2024-07-17 23:31:28.758288 INFO: request:HTTP/1.1 200 OK
Content-Length:542
Connection:close

2024-07-17 23:31:28.758293 INFO: request:HTTP/1.1 200 OK
Content-Length:542
Connection:close


2024-07-17 23:31:28.758298 INFO: eventNum: 1
2024-07-17 23:31:28.758327 INFO: Thread 140246131258944 is running task

2024-07-17 23:31:28.758300 INFO: Thread 140246106080832 is running task

2024-07-17 23:31:28.758331 INFO: fd: 116, events: 1

2024-07-17 23:31:28.758374 INFO: eventNum: 2
2024-07-17 23:31:28.758381 INFO: fd: 111, events: 4

2024-07-17 23:31:28.758389 INFO: fd: 53, events: 1

2024-07-17 23:31:28.758433 INFO: Thread 140246148044352 is running task

2024-07-17 23:31:28.758443 INFO: HttpConn 53 read success
2024-07-17 23:31:28.758450 INFO: GET / HTTP/1.1
2024-07-17 23:31:28.758456 INFO: Host: 39.98.202.182:9006
2024-07-17 23:31:28.758460 INFO: User-Agent: Go-http-client/1.1
2024-07-17 23:31:28.758464 INFO: oop!unknow header: User-Agent: Go-http-client/1.1
2024-07-17 23:31:28.758469 INFO: X-Vegeta-Seq: 97
2024-07-17 23:31:28.758473 INFO: oop!unknow header: X-Vegeta-Seq: 97
2024-07-17 23:31:28.758477 INFO: Accept-Encoding: gzip
2024-07-17 23:31:28.758481 INFO: oop!unknow header: Accept-Encoding: gzip
2024-07-17 23:31:28.758487 INFO: 
2024-07-17 23:31:28.758493 INFO: eventNum: 1
2024-07-17 23:31:28.758504 INFO: fd: 112, events: 1

2024-07-17 23:31:28.758507 INFO: request:HTTP/1.1 200 OK

2024-07-17 23:31:28.758516 INFO: request:HTTP/1.1 200 OK
Content-Length:542

2024-07-17 23:31:28.758522 INFO: request:HTTP/1.1 200 OK
Content-Length:542
Connection:close

2024-07-17 23:31:28.758527 INFO: request:HTTP/1.1 200 OK
Content-Length:542
Connection:close


2024-07-17 23:31:28.758534 INFO: Thread 140246148044352 is running task

2024-07-17 23:31:28.758540 INFO: HttpConn 112 read success
2024-07-17 23:31:28.758546 INFO: GET / HTTP/1.1
2024-07-17 23:31:28.758551 INFO: Host: 39.98.202.182:9006
2024-07-17 23:31:28.758555 INFO: User-Agent: Go-http-client/1.1
2024-07-17 23:31:28.758560 INFO: oop!unknow header: User-Agent: Go-http-client/1.1
2024-07-17 23:31:28.758564 INFO: X-Vegeta-Seq: 122
2024-07-17 23:31:28.758568 INFO: oop!unknow header: X-Vegeta-Seq: 122
2024-07-17 23:31:28.758572 INFO: Accept-Encoding: gzip
2024-07-17 23:31:28.758576 INFO: oop!unknow header: Accept-Encoding: gzip
2024-07-17 23:31:28.758580 INFO: 
2024-07-17 23:31:28.758591 INFO: request:HTTP/1.1 200 OK

2024-07-17 23:31:28.758595 INFO: request:HTTP/1.1 200 OK
Content-Length:542

2024-07-17 23:31:28.758600 INFO: request:HTTP/1.1 200 OK
Content-Length:542
Connection:close

2024-07-17 23:31:28.758604 INFO: request:HTTP/1.1 200 OK
Content-Length:542
Connection:close


2024-07-17 23:31:28.758610 INFO: Thread 140246148044352 is running task

2024-07-17 23:31:28.758377 INFO: HttpConn 116 read success
2024-07-17 23:31:28.758634 INFO: GET / HTTP/1.1
2024-07-17 23:31:28.758637 INFO: eventNum: 2
2024-07-17 23:31:28.758639 INFO: Host: 39.98.202.182:9006
2024-07-17 23:31:28.758663 INFO: User-Agent: Go-http-client/1.1
2024-07-17 23:31:28.758668 INFO: oop!unknow header: User-Agent: Go-http-client/1.1
2024-07-17 23:31:28.758677 INFO: X-Vegeta-Seq: 125
2024-07-17 23:31:28.758652 INFO: fd: 53, events: 4

2024-07-17 23:31:28.758681 INFO: oop!unknow header: X-Vegeta-Seq: 125
2024-07-17 23:31:28.758694 INFO: fd: 112, events: 4

2024-07-17 23:31:28.758723 INFO: Thread 140246139651648 is running task

2024-07-17 23:31:28.758742 INFO: Thread 140246139651648 is running task

2024-07-17 23:31:28.758701 INFO: Accept-Encoding: gzip
2024-07-17 23:31:28.758757 INFO: oop!unknow header: Accept-Encoding: gzip
2024-07-17 23:31:28.758762 INFO: 
2024-07-17 23:31:28.758764 INFO: eventNum: 1
2024-07-17 23:31:28.758776 INFO: fd: 98, events: 1

2024-07-17 23:31:28.758776 INFO: request:HTTP/1.1 200 OK

2024-07-17 23:31:28.758790 INFO: request:HTTP/1.1 200 OK
Content-Length:542

2024-07-17 23:31:28.758794 INFO: request:HTTP/1.1 200 OK
Content-Length:542
Connection:close

2024-07-17 23:31:28.758803 INFO: request:HTTP/1.1 200 OK
Content-Length:542
Connection:close


2024-07-17 23:31:28.758814 INFO: Thread 140246156437056 is running task

2024-07-17 23:31:28.758820 INFO: HttpConn 98 read success
2024-07-17 23:31:28.758821 INFO: eventNum: 1
2024-07-17 23:31:28.758830 INFO: GET / HTTP/1.1
2024-07-17 23:31:28.758856 INFO: Host: 39.98.202.182:9006
2024-07-17 23:31:28.758844 INFO: fd: 116, events: 4

2024-07-17 23:31:28.758861 INFO: User-Agent: Go-http-client/1.1
2024-07-17 23:31:28.758876 INFO: oop!unknow header: User-Agent: Go-http-client/1.1
2024-07-17 23:31:28.758881 INFO: X-Vegeta-Seq: 111
2024-07-17 23:31:28.758885 INFO: oop!unknow header: X-Vegeta-Seq: 111
2024-07-17 23:31:28.758889 INFO: Accept-Encoding: gzip
2024-07-17 23:31:28.758893 INFO: oop!unknow header: Accept-Encoding: gzip
2024-07-17 23:31:28.758897 INFO: 
2024-07-17 23:31:28.758909 INFO: request:HTTP/1.1 200 OK

2024-07-17 23:31:28.758911 INFO: eventNum: 1
2024-07-17 23:31:28.758923 INFO: fd: 110, events: 1

2024-07-17 23:31:28.758938 INFO: Thread 140246106080832 is running task

2024-07-17 23:31:28.758948 INFO: HttpConn 110 read success
2024-07-17 23:31:28.758955 INFO: GET / HTTP/1.1
2024-07-17 23:31:28.758960 INFO: Host: 39.98.202.182:9006
2024-07-17 23:31:28.758965 INFO: User-Agent: Go-http-client/1.1
2024-07-17 23:31:28.758969 INFO: oop!unknow header: User-Agent: Go-http-client/1.1
2024-07-17 23:31:28.758974 INFO: X-Vegeta-Seq: 117
2024-07-17 23:31:28.758980 INFO: oop!unknow header: X-Vegeta-Seq: 117
2024-07-17 23:31:28.758987 INFO: Accept-Encoding: gzip
2024-07-17 23:31:28.758993 INFO: oop!unknow header: Accept-Encoding: gzip
2024-07-17 23:31:28.759000 INFO: 
2024-07-17 23:31:28.759014 INFO: request:HTTP/1.1 200 OK

2024-07-17 23:31:28.759019 INFO: request:HTTP/1.1 200 OK
Content-Length:542

2024-07-17 23:31:28.759023 INFO: request:HTTP/1.1 200 OK
Content-Length:542
Connection:close

2024-07-17 23:31:28.759027 INFO: request:HTTP/1.1 200 OK
Content-Length:542
Connection:close


2024-07-17 23:31:28.759038 INFO: Thread 140246106080832 is running task

2024-07-17 23:31:28.759043 INFO: eventNum: 1
2024-07-17 23:31:28.758913 INFO: request:HTTP/1.1 200 OK
Content-Length:542

2024-07-17 23:31:28.759062 INFO: request:HTTP/1.1 200 OK
Content-Length:542
Connection:close

2024-07-17 23:31:28.759067 INFO: request:HTTP/1.1 200 OK
Content-Length:542
Connection:close


2024-07-17 23:31:28.759077 INFO: Thread 140246156437056 is running task

2024-07-17 23:31:28.759052 INFO: fd: 110, events: 4

2024-07-17 23:31:28.759097 INFO: eventNum: 1
2024-07-17 23:31:28.759103 INFO: fd: 98, events: 4

2024-07-17 23:31:28.759119 INFO: Thread 140246114473536 is running task

2024-07-17 23:31:28.759132 INFO: eventNum: 1
2024-07-17 23:31:28.759142 INFO: fd: 114, events: 1

2024-07-17 23:31:28.759144 INFO: Thread 140246114473536 is running task

2024-07-17 23:31:28.759152 INFO: HttpConn 114 read success
2024-07-17 23:31:28.759160 INFO: GET / HTTP/1.1
2024-07-17 23:31:28.759165 INFO: Host: 39.98.202.182:9006
2024-07-17 23:31:28.759169 INFO: User-Agent: Go-http-client/1.1
2024-07-17 23:31:28.759173 INFO: oop!unknow header: User-Agent: Go-http-client/1.1
2024-07-17 23:31:28.759178 INFO: X-Vegeta-Seq: 121
2024-07-17 23:31:28.759182 INFO: oop!unknow header: X-Vegeta-Seq: 121
2024-07-17 23:31:28.759186 INFO: Accept-Encoding: gzip
2024-07-17 23:31:28.759190 INFO: oop!unknow header: Accept-Encoding: gzip
2024-07-17 23:31:28.759195 INFO: 
2024-07-17 23:31:28.759206 INFO: request:HTTP/1.1 200 OK

2024-07-17 23:31:28.759211 INFO: request:HTTP/1.1 200 OK
Content-Length:542

2024-07-17 23:31:28.759215 INFO: request:HTTP/1.1 200 OK
Content-Length:542
Connection:close

2024-07-17 23:31:28.759219 INFO: request:HTTP/1.1 200 OK
Content-Length:542
Connection:close


2024-07-17 23:31:28.759230 INFO: Thread 140246114473536 is running task

2024-07-17 23:31:28.759243 INFO: eventNum: 2
2024-07-17 23:31:28.759251 INFO: fd: 114, events: 4

2024-07-17 23:31:28.759261 INFO: fd: 95, events: 1

2024-07-17 23:31:28.759283 INFO: Thread 140246097688128 is running task

2024-07-17 23:31:28.759284 INFO: eventNum: 1
2024-07-17 23:31:28.759301 INFO: fd: 109, events: 1

2024-07-17 23:31:28.759294 INFO: HttpConn 95 read success
2024-07-17 23:31:28.759318 INFO: GET / HTTP/1.1
2024-07-17 23:31:28.759324 INFO: Host: 39.98.202.182:9006
2024-07-17 23:31:28.759328 INFO: User-Agent: Go-http-client/1.1
2024-07-17 23:31:28.759332 INFO: oop!unknow header: User-Agent: Go-http-client/1.1
2024-07-17 23:31:28.759336 INFO: X-Vegeta-Seq: 92
2024-07-17 23:31:28.759341 INFO: oop!unknow header: X-Vegeta-Seq: 92
2024-07-17 23:31:28.759345 INFO: Accept-Encoding: gzip
2024-07-17 23:31:28.759349 INFO: oop!unknow header: Accept-Encoding: gzip
2024-07-17 23:31:28.759353 INFO: 
2024-07-17 23:31:28.759364 INFO: request:HTTP/1.1 200 OK

2024-07-17 23:31:28.759369 INFO: request:HTTP/1.1 200 OK
Content-Length:542

2024-07-17 23:31:28.759373 INFO: request:HTTP/1.1 200 OK
Content-Length:542
Connection:close

2024-07-17 23:31:28.759377 INFO: request:HTTP/1.1 200 OK
Content-Length:542
Connection:close


2024-07-17 23:31:28.759388 INFO: Thread 140246097688128 is running task

2024-07-17 23:31:28.759394 INFO: eventNum: 1
2024-07-17 23:31:28.759409 INFO: fd: 95, events: 4

2024-07-17 23:31:28.759394 INFO: HttpConn 109 read success
2024-07-17 23:31:28.759431 INFO: GET / HTTP/1.1
2024-07-17 23:31:28.759438 INFO: Host: 39.98.202.182:9006
2024-07-17 23:31:28.759442 INFO: User-Agent: Go-http-client/1.1
2024-07-17 23:31:28.759447 INFO: oop!unknow header: User-Agent: Go-http-client/1.1
2024-07-17 23:31:28.759451 INFO: X-Vegeta-Seq: 120
2024-07-17 23:31:28.759456 INFO: oop!unknow header: X-Vegeta-Seq: 120
2024-07-17 23:31:28.759460 INFO: Accept-Encoding: gzip
2024-07-17 23:31:28.759467 INFO: oop!unknow header: Accept-Encoding: gzip
2024-07-17 23:31:28.759473 INFO: 
2024-07-17 23:31:28.759489 INFO: request:HTTP/1.1 200 OK

2024-07-17 23:31:28.759496 INFO: request:HTTP/1.1 200 OK
Content-Length:542

2024-07-17 23:31:28.759501 INFO: request:HTTP/1.1 200 OK
Content-Length:542
Connection:close

2024-07-17 23:31:28.759505 INFO: request:HTTP/1.1 200 OK
Content-Length:542
Connection:close


2024-07-17 23:31:28.759515 INFO: Thread 140246097688128 is running task

2024-07-17 23:31:28.759521 INFO: eventNum: 1
2024-07-17 23:31:28.759529 INFO: fd: 109, events: 4

2024-07-17 23:31:28.759537 INFO: Thread 140246097688128 is running task

2024-07-17 23:31:28.759554 INFO: Thread 140246097688128 is running task

2024-07-17 23:31:28.759645 INFO: eventNum: 1
2024-07-17 23:31:28.759658 INFO: fd: 107, events: 1

2024-07-17 23:31:28.759671 INFO: HttpConn 107 read success
2024-07-17 23:31:28.759691 INFO: GET / HTTP/1.1
2024-07-17 23:31:28.759697 INFO: Host: 39.98.202.182:9006
2024-07-17 23:31:28.759706 INFO: User-Agent: Go-http-client/1.1
2024-07-17 23:31:28.759711 INFO: oop!unknow header: User-Agent: Go-http-client/1.1
2024-07-17 23:31:28.759715 INFO: X-Vegeta-Seq: 118
2024-07-17 23:31:28.759720 INFO: oop!unknow header: X-Vegeta-Seq: 118
2024-07-17 23:31:28.759727 INFO: Accept-Encoding: gzip
2024-07-17 23:31:28.759732 INFO: oop!unknow header: Accept-Encoding: gzip
2024-07-17 23:31:28.759736 INFO: 
2024-07-17 23:31:28.759753 INFO: request:HTTP/1.1 200 OK

2024-07-17 23:31:28.759758 INFO: request:HTTP/1.1 200 OK
Content-Length:542

2024-07-17 23:31:28.759762 INFO: request:HTTP/1.1 200 OK
Content-Length:542
Connection:close

2024-07-17 23:31:28.759767 INFO: request:HTTP/1.1 200 OK
Content-Length:542
Connection:close


2024-07-17 23:31:28.759775 INFO: Thread 140246114473536 is running task

2024-07-17 23:31:28.759785 INFO: eventNum: 3
2024-07-17 23:31:28.759790 INFO: fd: 108, events: 1

2024-07-17 23:31:28.759800 INFO: HttpConn 108 read success
2024-07-17 23:31:28.759808 INFO: GET / HTTP/1.1
2024-07-17 23:31:28.759813 INFO: Host: 39.98.202.182:9006
2024-07-17 23:31:28.759818 INFO: User-Agent: Go-http-client/1.1
2024-07-17 23:31:28.759823 INFO: oop!unknow header: User-Agent: Go-http-client/1.1
2024-07-17 23:31:28.759827 INFO: X-Vegeta-Seq: 119
2024-07-17 23:31:28.759836 INFO: oop!unknow header: X-Vegeta-Seq: 119
2024-07-17 23:31:28.759841 INFO: Accept-Encoding: gzip
2024-07-17 23:31:28.759847 INFO: oop!unknow header: Accept-Encoding: gzip
2024-07-17 23:31:28.759852 INFO: 
2024-07-17 23:31:28.759863 INFO: request:HTTP/1.1 200 OK

2024-07-17 23:31:28.759868 INFO: request:HTTP/1.1 200 OK
Content-Length:542

2024-07-17 23:31:28.759872 INFO: request:HTTP/1.1 200 OK
Content-Length:542
Connection:close

2024-07-17 23:31:28.759877 INFO: request:HTTP/1.1 200 OK
Content-Length:542
Connection:close


2024-07-17 23:31:28.759884 INFO: Thread 140246122866240 is running task

2024-07-17 23:31:28.759891 INFO: fd: 100, events: 1

2024-07-17 23:31:28.759902 INFO: HttpConn 100 read success
2024-07-17 23:31:28.759912 INFO: GET / HTTP/1.1
2024-07-17 23:31:28.759917 INFO: Host: 39.98.202.182:9006
2024-07-17 23:31:28.759921 INFO: User-Agent: Go-http-client/1.1
2024-07-17 23:31:28.759926 INFO: oop!unknow header: User-Agent: Go-http-client/1.1
2024-07-17 23:31:28.759931 INFO: X-Vegeta-Seq: 106
2024-07-17 23:31:28.759935 INFO: oop!unknow header: X-Vegeta-Seq: 106
2024-07-17 23:31:28.759939 INFO: Accept-Encoding: gzip
2024-07-17 23:31:28.759943 INFO: oop!unknow header: Accept-Encoding: gzip
2024-07-17 23:31:28.759947 INFO: 
2024-07-17 23:31:28.759963 INFO: request:HTTP/1.1 200 OK

2024-07-17 23:31:28.759971 INFO: request:HTTP/1.1 200 OK
Content-Length:542

2024-07-17 23:31:28.759978 INFO: request:HTTP/1.1 200 OK
Content-Length:542
Connection:close

2024-07-17 23:31:28.759984 INFO: request:HTTP/1.1 200 OK
Content-Length:542
Connection:close


2024-07-17 23:31:28.759995 INFO: Thread 140246139651648 is running task

2024-07-17 23:31:28.760003 INFO: fd: 107, events: 4

2024-07-17 23:31:28.760032 INFO: Thread 140246131258944 is running task

2024-07-17 23:31:28.760049 INFO: eventNum: 6
2024-07-17 23:31:28.760054 INFO: fd: 104, events: 1

2024-07-17 23:31:28.760064 INFO: HttpConn 104 read success
2024-07-17 23:31:28.760072 INFO: GET / HTTP/1.1
2024-07-17 23:31:28.760081 INFO: Host: 39.98.202.182:9006
2024-07-17 23:31:28.760085 INFO: User-Agent: Go-http-client/1.1
2024-07-17 23:31:28.760089 INFO: oop!unknow header: User-Agent: Go-http-client/1.1
2024-07-17 23:31:28.760094 INFO: X-Vegeta-Seq: 116
2024-07-17 23:31:28.760098 INFO: oop!unknow header: X-Vegeta-Seq: 116
2024-07-17 23:31:28.760102 INFO: Accept-Encoding: gzip
2024-07-17 23:31:28.760106 INFO: oop!unknow header: Accept-Encoding: gzip
2024-07-17 23:31:28.760110 INFO: 
2024-07-17 23:31:28.760122 INFO: request:HTTP/1.1 200 OK

2024-07-17 23:31:28.760127 INFO: request:HTTP/1.1 200 OK
Content-Length:542

2024-07-17 23:31:28.760131 INFO: request:HTTP/1.1 200 OK
Content-Length:542
Connection:close

2024-07-17 23:31:28.760138 INFO: request:HTTP/1.1 200 OK
Content-Length:542
Connection:close


2024-07-17 23:31:28.760145 INFO: Thread 140246106080832 is running task

2024-07-17 23:31:28.760153 INFO: fd: 108, events: 4

2024-07-17 23:31:28.760174 INFO: Thread 140246097688128 is running task

2024-07-17 23:31:28.760186 INFO: fd: 117, events: 1

