2024-07-17 23:32:21.968098 INFO: X-Vegeta-Seq: 1961
2024-07-17 23:32:21.968157 INFO: oop!unknow header: X-Vegeta-Seq: 1961
2024-07-17 23:32:21.968162 INFO: Accept-Encoding: gzip
2024-07-17 23:32:21.968167 INFO: oop!unknow header: Accept-Encoding: gzip
2024-07-17 23:32:21.968171 INFO: 
2024-07-17 23:32:21.968185 INFO: request:HTTP/1.1 200 OK

2024-07-17 23:32:21.968190 INFO: request:HTTP/1.1 200 OK
Content-Length:542

2024-07-17 23:32:21.968195 INFO: request:HTTP/1.1 200 OK
Content-Length:542
Connection:close

2024-07-17 23:32:21.968199 INFO: request:HTTP/1.1 200 OK
Content-Length:542
Connection:close


2024-07-17 23:32:21.968209 INFO: Thread 140246122866240 is running task

2024-07-17 23:32:21.968039 INFO: X-Vegeta-Seq: 2066
2024-07-17 23:32:21.968064 INFO: oop!unknow header: Accept-Encoding: gzip
2024-07-17 23:32:21.968245 INFO: 
2024-07-17 23:32:21.968236 INFO: oop!unknow header: X-Vegeta-Seq: 2066
2024-07-17 23:32:21.968260 INFO: Accept-Encoding: gzip
2024-07-17 23:32:21.968270 INFO: oop!unknow header: Accept-Encoding: gzip
2024-07-17 23:32:21.968262 INFO: request:HTTP/1.1 200 OK

2024-07-17 23:32:21.968294 INFO: request:HTTP/1.1 200 OK
Content-Length:542

2024-07-17 23:32:21.968300 INFO: request:HTTP/1.1 200 OK
Content-Length:542
Connection:close

2024-07-17 23:32:21.968311 INFO: request:HTTP/1.1 200 OK
Content-Length:542
Connection:close


2024-07-17 23:32:21.968278 INFO: 
2024-07-17 23:32:21.968321 INFO: Thread 140246148044352 is running task

2024-07-17 23:32:21.968338 INFO: request:HTTP/1.1 200 OK

2024-07-17 23:32:21.968345 INFO: request:HTTP/1.1 200 OK
Content-Length:542

2024-07-17 23:32:21.968350 INFO: request:HTTP/1.1 200 OK
Content-Length:542
Connection:close

2024-07-17 23:32:21.968354 INFO: request:HTTP/1.1 200 OK
Content-Length:542
Connection:close


2024-07-17 23:32:21.968363 INFO: Thread 140246114473536 is running task

2024-07-17 23:32:21.968056 INFO: fd: 13, events: 1

2024-07-17 23:32:21.968373 INFO: HandleListenEvent 13
2024-07-17 23:32:21.968408 INFO: HttpConn 423 init success
2024-07-17 23:32:21.968418 INFO: addTimer id:423 expireTime:1721230841
2024-07-17 23:32:21.968432 INFO: Client[423] in!
2024-07-17 23:32:21.968439 INFO: HandleListenEvent 13
2024-07-17 23:32:21.968451 ERROR: Accept failure -1
2024-07-17 23:32:21.968461 INFO: eventNum: 4
2024-07-17 23:32:21.968467 INFO: fd: 422, events: 4

2024-07-17 23:32:21.968514 INFO: Thread 140246131258944 is running task

2024-07-17 23:32:21.968534 INFO: fd: 420, events: 4

2024-07-17 23:32:21.968547 INFO: fd: 421, events: 4

2024-07-17 23:32:21.968575 INFO: Thread 140246106080832 is running task

2024-07-17 23:32:21.968585 INFO: Thread 140246139651648 is running task

2024-07-17 23:32:21.968599 INFO: fd: 423, events: 1

2024-07-17 23:32:21.968613 INFO: HttpConn 423 read success
2024-07-17 23:32:21.968624 INFO: GET / HTTP/1.1
2024-07-17 23:32:21.968631 INFO: Host: 39.98.202.182:9006
2024-07-17 23:32:21.968638 INFO: User-Agent: Go-http-client/1.1
2024-07-17 23:32:21.968644 INFO: oop!unknow header: User-Agent: Go-http-client/1.1
2024-07-17 23:32:21.968650 INFO: X-Vegeta-Seq: 2049
2024-07-17 23:32:21.968656 INFO: oop!unknow header: X-Vegeta-Seq: 2049
2024-07-17 23:32:21.968665 INFO: Accept-Encoding: gzip
2024-07-17 23:32:21.968672 INFO: oop!unknow header: Accept-Encoding: gzip
2024-07-17 23:32:21.968679 INFO: 
2024-07-17 23:32:21.968699 INFO: request:HTTP/1.1 200 OK

2024-07-17 23:32:21.968706 INFO: request:HTTP/1.1 200 OK
Content-Length:542

2024-07-17 23:32:21.968716 INFO: request:HTTP/1.1 200 OK
Content-Length:542
Connection:close

2024-07-17 23:32:21.968722 INFO: request:HTTP/1.1 200 OK
Content-Length:542
Connection:close


2024-07-17 23:32:21.968734 INFO: Thread 140246156437056 is running task

2024-07-17 23:32:21.968747 INFO: eventNum: 1
2024-07-17 23:32:21.968754 INFO: fd: 423, events: 4

2024-07-17 23:32:21.968794 INFO: Thread 140246097688128 is running task

2024-07-17 23:32:21.968981 INFO: eventNum: 1
2024-07-17 23:32:21.968998 INFO: fd: 13, events: 1

2024-07-17 23:32:21.969003 INFO: HandleListenEvent 13
2024-07-17 23:32:21.969018 INFO: HttpConn 424 init success
2024-07-17 23:32:21.969029 INFO: addTimer id:424 expireTime:1721230841
2024-07-17 23:32:21.969039 INFO: Client[424] in!
2024-07-17 23:32:21.969044 INFO: HandleListenEvent 13
2024-07-17 23:32:21.969053 ERROR: Accept failure -1
2024-07-17 23:32:21.969059 INFO: eventNum: 1
2024-07-17 23:32:21.969063 INFO: fd: 424, events: 1

2024-07-17 23:32:21.969075 INFO: HttpConn 424 read success
2024-07-17 23:32:21.969084 INFO: GET / HTTP/1.1
2024-07-17 23:32:21.969091 INFO: Host: 39.98.202.182:9006
2024-07-17 23:32:21.969098 INFO: User-Agent: Go-http-client/1.1
2024-07-17 23:32:21.969105 INFO: oop!unknow header: User-Agent: Go-http-client/1.1
2024-07-17 23:32:21.969112 INFO: X-Vegeta-Seq: 2045
2024-07-17 23:32:21.969118 INFO: oop!unknow header: X-Vegeta-Seq: 2045
2024-07-17 23:32:21.969125 INFO: Accept-Encoding: gzip
2024-07-17 23:32:21.969132 INFO: oop!unknow header: Accept-Encoding: gzip
2024-07-17 23:32:21.969138 INFO: 
2024-07-17 23:32:21.969195 INFO: request:HTTP/1.1 200 OK

2024-07-17 23:32:21.969208 INFO: request:HTTP/1.1 200 OK
Content-Length:542

2024-07-17 23:32:21.969213 INFO: request:HTTP/1.1 200 OK
Content-Length:542
Connection:close

2024-07-17 23:32:21.969218 INFO: request:HTTP/1.1 200 OK
Content-Length:542
Connection:close


2024-07-17 23:32:21.969228 INFO: Thread 140246122866240 is running task

2024-07-17 23:32:21.969236 INFO: eventNum: 1
2024-07-17 23:32:21.969242 INFO: fd: 424, events: 4

2024-07-17 23:32:21.969281 INFO: Thread 140246148044352 is running task

2024-07-17 23:32:21.969360 INFO: eventNum: 1
2024-07-17 23:32:21.969403 INFO: fd: 13, events: 1

2024-07-17 23:32:21.969410 INFO: HandleListenEvent 13
2024-07-17 23:32:21.969423 INFO: HttpConn 425 init success
2024-07-17 23:32:21.969431 INFO: addTimer id:425 expireTime:1721230841
2024-07-17 23:32:21.969444 INFO: Client[425] in!
2024-07-17 23:32:21.969451 INFO: HandleListenEvent 13
2024-07-17 23:32:21.969462 ERROR: Accept failure -1
2024-07-17 23:32:21.969470 INFO: eventNum: 1
2024-07-17 23:32:21.969476 INFO: fd: 425, events: 1

2024-07-17 23:32:21.969491 INFO: HttpConn 425 read success
2024-07-17 23:32:21.969503 INFO: GET / HTTP/1.1
2024-07-17 23:32:21.969510 INFO: Host: 39.98.202.182:9006
2024-07-17 23:32:21.969518 INFO: User-Agent: Go-http-client/1.1
2024-07-17 23:32:21.969524 INFO: oop!unknow header: User-Agent: Go-http-client/1.1
2024-07-17 23:32:21.969529 INFO: X-Vegeta-Seq: 2042
2024-07-17 23:32:21.969533 INFO: oop!unknow header: X-Vegeta-Seq: 2042
2024-07-17 23:32:21.969538 INFO: Accept-Encoding: gzip
2024-07-17 23:32:21.969542 INFO: oop!unknow header: Accept-Encoding: gzip
2024-07-17 23:32:21.969546 INFO: 
2024-07-17 23:32:21.969561 INFO: request:HTTP/1.1 200 OK

2024-07-17 23:32:21.969566 INFO: request:HTTP/1.1 200 OK
Content-Length:542

2024-07-17 23:32:21.969570 INFO: request:HTTP/1.1 200 OK
Content-Length:542
Connection:close

2024-07-17 23:32:21.969575 INFO: request:HTTP/1.1 200 OK
Content-Length:542
Connection:close


2024-07-17 23:32:21.969584 INFO: Thread 140246114473536 is running task

2024-07-17 23:32:21.969594 INFO: eventNum: 1
2024-07-17 23:32:21.969598 INFO: fd: 425, events: 4

2024-07-17 23:32:21.969631 INFO: Thread 140246131258944 is running task

2024-07-17 23:32:21.969837 INFO: eventNum: 1
2024-07-17 23:32:21.969856 INFO: fd: 13, events: 1

2024-07-17 23:32:21.969861 INFO: HandleListenEvent 13
2024-07-17 23:32:21.969877 INFO: HttpConn 426 init success
2024-07-17 23:32:21.969883 INFO: addTimer id:426 expireTime:1721230841
2024-07-17 23:32:21.969894 INFO: Client[426] in!
2024-07-17 23:32:21.969902 INFO: HandleListenEvent 13
2024-07-17 23:32:21.969914 ERROR: Accept failure -1
2024-07-17 23:32:21.969922 INFO: eventNum: 1
2024-07-17 23:32:21.969928 INFO: fd: 426, events: 1

2024-07-17 23:32:21.969949 INFO: HttpConn 426 read success
2024-07-17 23:32:21.969970 INFO: GET / HTTP/1.1
2024-07-17 23:32:21.969978 INFO: Host: 39.98.202.182:9006
2024-07-17 23:32:21.969984 INFO: User-Agent: Go-http-client/1.1
2024-07-17 23:32:21.969988 INFO: oop!unknow header: User-Agent: Go-http-client/1.1
2024-07-17 23:32:21.969999 INFO: X-Vegeta-Seq: 2036
2024-07-17 23:32:21.970005 INFO: oop!unknow header: X-Vegeta-Seq: 2036
2024-07-17 23:32:21.970011 INFO: Accept-Encoding: gzip
2024-07-17 23:32:21.970017 INFO: oop!unknow header: Accept-Encoding: gzip
2024-07-17 23:32:21.970023 INFO: 
2024-07-17 23:32:21.970043 INFO: request:HTTP/1.1 200 OK

2024-07-17 23:32:21.970049 INFO: request:HTTP/1.1 200 OK
Content-Length:542

2024-07-17 23:32:21.970054 INFO: request:HTTP/1.1 200 OK
Content-Length:542
Connection:close

2024-07-17 23:32:21.970061 INFO: request:HTTP/1.1 200 OK
Content-Length:542
Connection:close


2024-07-17 23:32:21.970081 INFO: Thread 140246106080832 is running task

2024-07-17 23:32:21.970098 INFO: eventNum: 1
2024-07-17 23:32:21.970160 INFO: fd: 426, events: 4

2024-07-17 23:32:21.970210 INFO: Thread 140246139651648 is running task

2024-07-17 23:32:21.973131 INFO: eventNum: 1
2024-07-17 23:32:21.973169 INFO: fd: 13, events: 1

2024-07-17 23:32:21.973178 INFO: HandleListenEvent 13
2024-07-17 23:32:21.973197 INFO: HttpConn 427 init success
2024-07-17 23:32:21.973204 INFO: addTimer id:427 expireTime:1721230841
2024-07-17 23:32:21.973216 INFO: Client[427] in!
2024-07-17 23:32:21.973221 INFO: HandleListenEvent 13
2024-07-17 23:32:21.973232 INFO: HttpConn 428 init success
2024-07-17 23:32:21.973240 INFO: addTimer id:428 expireTime:1721230841
2024-07-17 23:32:21.973252 INFO: Client[428] in!
2024-07-17 23:32:21.973259 INFO: HandleListenEvent 13
2024-07-17 23:32:21.973272 INFO: HttpConn 429 init success
2024-07-17 23:32:21.973278 INFO: addTimer id:429 expireTime:1721230841
2024-07-17 23:32:21.973288 INFO: Client[429] in!
2024-07-17 23:32:21.973292 INFO: HandleListenEvent 13
2024-07-17 23:32:21.973302 INFO: HttpConn 430 init success
2024-07-17 23:32:21.973307 INFO: addTimer id:430 expireTime:1721230841
2024-07-17 23:32:21.973314 INFO: Client[430] in!
2024-07-17 23:32:21.973319 INFO: HandleListenEvent 13
2024-07-17 23:32:21.973328 ERROR: Accept failure -1
2024-07-17 23:32:21.973406 INFO: eventNum: 1
2024-07-17 23:32:21.973429 INFO: fd: 13, events: 1

2024-07-17 23:32:21.973434 INFO: HandleListenEvent 13
2024-07-17 23:32:21.973445 INFO: HttpConn 431 init success
2024-07-17 23:32:21.973450 INFO: addTimer id:431 expireTime:1721230841
2024-07-17 23:32:21.973458 INFO: Client[431] in!
2024-07-17 23:32:21.973463 INFO: HandleListenEvent 13
2024-07-17 23:32:21.973470 ERROR: Accept failure -1
2024-07-17 23:32:21.973685 INFO: eventNum: 1
2024-07-17 23:32:21.973699 INFO: fd: 13, events: 1

2024-07-17 23:32:21.973703 INFO: HandleListenEvent 13
2024-07-17 23:32:21.973716 INFO: HttpConn 432 init success
2024-07-17 23:32:21.973724 INFO: addTimer id:432 expireTime:1721230841
2024-07-17 23:32:21.973737 INFO: Client[432] in!
2024-07-17 23:32:21.973743 INFO: HandleListenEvent 13
2024-07-17 23:32:21.973757 INFO: HttpConn 433 init success
2024-07-17 23:32:21.973764 INFO: addTimer id:433 expireTime:1721230841
2024-07-17 23:32:21.973773 INFO: Client[433] in!
2024-07-17 23:32:21.973777 INFO: HandleListenEvent 13
2024-07-17 23:32:21.973786 ERROR: Accept failure -1
2024-07-17 23:32:21.974036 INFO: eventNum: 1
2024-07-17 23:32:21.974057 INFO: fd: 430, events: 1

2024-07-17 23:32:21.974079 INFO: HttpConn 430 read success
2024-07-17 23:32:21.974094 INFO: GET / HTTP/1.1
2024-07-17 23:32:21.974101 INFO: Host: 39.98.202.182:9006
2024-07-17 23:32:21.974106 INFO: User-Agent: Go-http-client/1.1
2024-07-17 23:32:21.974110 INFO: oop!unknow header: User-Agent: Go-http-client/1.1
2024-07-17 23:32:21.974133 INFO: X-Vegeta-Seq: 3322
2024-07-17 23:32:21.974138 INFO: oop!unknow header: X-Vegeta-Seq: 3322
2024-07-17 23:32:21.974142 INFO: Accept-Encoding: gzip
2024-07-17 23:32:21.974146 INFO: oop!unknow header: Accept-Encoding: gzip
2024-07-17 23:32:21.974151 INFO: 
2024-07-17 23:32:21.974170 INFO: request:HTTP/1.1 200 OK

2024-07-17 23:32:21.974175 INFO: request:HTTP/1.1 200 OK
Content-Length:542

2024-07-17 23:32:21.974179 INFO: request:HTTP/1.1 200 OK
Content-Length:542
Connection:close

2024-07-17 23:32:21.974184 INFO: request:HTTP/1.1 200 OK
Content-Length:542
Connection:close


2024-07-17 23:32:21.974212 INFO: Thread 140246156437056 is running task

2024-07-17 23:32:21.974226 INFO: eventNum: 1
2024-07-17 23:32:21.974233 INFO: fd: 430, events: 4

2024-07-17 23:32:21.974281 INFO: Thread 140246097688128 is running task

2024-07-17 23:32:21.974295 INFO: eventNum: 1
2024-07-17 23:32:21.974300 INFO: fd: 13, events: 1

2024-07-17 23:32:21.974310 INFO: HandleListenEvent 13
2024-07-17 23:32:21.974331 INFO: HttpConn 434 init success
2024-07-17 23:32:21.974340 INFO: addTimer id:434 expireTime:1721230841
2024-07-17 23:32:21.974353 INFO: Client[434] in!
2024-07-17 23:32:21.974359 INFO: HandleListenEvent 13
2024-07-17 23:32:21.974369 ERROR: Accept failure -1
2024-07-17 23:32:21.974640 INFO: eventNum: 1
2024-07-17 23:32:21.974664 INFO: fd: 428, events: 1

2024-07-17 23:32:21.974685 INFO: HttpConn 428 read success
2024-07-17 23:32:21.974702 INFO: GET / HTTP/1.1
2024-07-17 23:32:21.974709 INFO: Host: 39.98.202.182:9006
2024-07-17 23:32:21.974716 INFO: User-Agent: Go-http-client/1.1
2024-07-17 23:32:21.974722 INFO: oop!unknow header: User-Agent: Go-http-client/1.1
2024-07-17 23:32:21.974729 INFO: X-Vegeta-Seq: 3315
2024-07-17 23:32:21.974735 INFO: oop!unknow header: X-Vegeta-Seq: 3315
2024-07-17 23:32:21.974739 INFO: Accept-Encoding: gzip
2024-07-17 23:32:21.974744 INFO: oop!unknow header: Accept-Encoding: gzip
2024-07-17 23:32:21.974748 INFO: 
2024-07-17 23:32:21.974765 INFO: request:HTTP/1.1 200 OK

2024-07-17 23:32:21.974770 INFO: request:HTTP/1.1 200 OK
Content-Length:542

2024-07-17 23:32:21.974774 INFO: request:HTTP/1.1 200 OK
Content-Length:542
Connection:close

2024-07-17 23:32:21.974778 INFO: request:HTTP/1.1 200 OK
Content-Length:542
Connection:close


2024-07-17 23:32:21.974789 INFO: Thread 140246122866240 is running task

2024-07-17 23:32:21.974802 INFO: eventNum: 2
2024-07-17 23:32:21.974810 INFO: fd: 13, events: 1

2024-07-17 23:32:21.974816 INFO: HandleListenEvent 13
2024-07-17 23:32:21.974828 INFO: HttpConn 435 init success
2024-07-17 23:32:21.974836 INFO: addTimer id:435 expireTime:1721230841
2024-07-17 23:32:21.974849 INFO: Client[435] in!
2024-07-17 23:32:21.974856 INFO: HandleListenEvent 13
2024-07-17 23:32:21.974867 ERROR: Accept failure -1
2024-07-17 23:32:21.974872 INFO: fd: 428, events: 4

2024-07-17 23:32:21.974944 INFO: Thread 140246148044352 is running task

2024-07-17 23:32:21.975065 INFO: eventNum: 1
2024-07-17 23:32:21.975077 INFO: fd: 13, events: 1

2024-07-17 23:32:21.975092 INFO: HandleListenEvent 13
2024-07-17 23:32:21.975107 INFO: HttpConn 436 init success
2024-07-17 23:32:21.975113 INFO: addTimer id:436 expireTime:1721230841
2024-07-17 23:32:21.975123 INFO: Client[436] in!
2024-07-17 23:32:21.975131 INFO: HandleListenEvent 13
2024-07-17 23:32:21.975141 INFO: HttpConn 437 init success
2024-07-17 23:32:21.975146 INFO: addTimer id:437 expireTime:1721230841
2024-07-17 23:32:21.975154 INFO: Client[437] in!
2024-07-17 23:32:21.975158 INFO: HandleListenEvent 13
2024-07-17 23:32:21.975167 ERROR: Accept failure -1
2024-07-17 23:32:21.976062 INFO: eventNum: 1
2024-07-17 23:32:21.976087 INFO: fd: 65, events: 8193

2024-07-17 23:32:21.976109 INFO: HttpConn 65 close success
2024-07-17 23:32:21.976119 INFO: Client[65] quit!
2024-07-17 23:32:21.976471 INFO: eventNum: 1
2024-07-17 23:32:21.976488 INFO: fd: 63, events: 8193

2024-07-17 23:32:21.976507 INFO: HttpConn 63 close success
2024-07-17 23:32:21.976516 INFO: Client[63] quit!
2024-07-17 23:32:21.976522 INFO: eventNum: 1
2024-07-17 23:32:21.976526 INFO: fd: 61, events: 8193

2024-07-17 23:32:21.976538 INFO: HttpConn 61 close success
2024-07-17 23:32:21.976545 INFO: Client[61] quit!
2024-07-17 23:32:21.977679 INFO: eventNum: 1
2024-07-17 23:32:21.977701 INFO: fd: 62, events: 8193

2024-07-17 23:32:21.977725 INFO: HttpConn 62 close success
2024-07-17 23:32:21.977737 INFO: Client[62] quit!
2024-07-17 23:32:21.978588 INFO: eventNum: 1
2024-07-17 23:32:21.978613 INFO: fd: 13, events: 1

2024-07-17 23:32:21.978622 INFO: HandleListenEvent 13
2024-07-17 23:32:21.978642 INFO: HttpConn 61 init success
2024-07-17 23:32:21.978656 INFO: addTimer id:61 expireTime:1721230841
2024-07-17 23:32:21.978667 INFO: Client[61] in!
2024-07-17 23:32:21.978672 INFO: HandleListenEvent 13
2024-07-17 23:32:21.978681 ERROR: Accept failure -1
2024-07-17 23:32:21.978687 INFO: eventNum: 1
2024-07-17 23:32:21.978691 INFO: fd: 61, events: 1

2024-07-17 23:32:21.978704 INFO: HttpConn 61 read success
2024-07-17 23:32:21.978715 INFO: GET / HTTP/1.1
2024-07-17 23:32:21.978720 INFO: Host: 39.98.202.182:9006
2024-07-17 23:32:21.978725 INFO: User-Agent: Go-http-client/1.1
2024-07-17 23:32:21.978729 INFO: oop!unknow header: User-Agent: Go-http-client/1.1
2024-07-17 23:32:21.978734 INFO: X-Vegeta-Seq: 3410
2024-07-17 23:32:21.978738 INFO: oop!unknow header: X-Vegeta-Seq: 3410
2024-07-17 23:32:21.978742 INFO: Accept-Encoding: gzip
2024-07-17 23:32:21.978747 INFO: oop!unknow header: Accept-Encoding: gzip
2024-07-17 23:32:21.978751 INFO: 
2024-07-17 23:32:21.978769 INFO: request:HTTP/1.1 200 OK

2024-07-17 23:32:21.978774 INFO: request:HTTP/1.1 200 OK
Content-Length:542

2024-07-17 23:32:21.978779 INFO: request:HTTP/1.1 200 OK
Content-Length:542
Connection:close

2024-07-17 23:32:21.978783 INFO: request:HTTP/1.1 200 OK
Content-Length:542
Connection:close


2024-07-17 23:32:21.978797 INFO: Thread 140246114473536 is running task

2024-07-17 23:32:21.978812 INFO: eventNum: 1
2024-07-17 23:32:21.978818 INFO: fd: 61, events: 4

2024-07-17 23:32:21.978877 INFO: Thread 140246131258944 is running task

2024-07-17 23:32:21.979163 INFO: eventNum: 1
2024-07-17 23:32:21.979183 INFO: fd: 434, events: 1

2024-07-17 23:32:21.979205 INFO: HttpConn 434 read success
2024-07-17 23:32:21.979229 INFO: GET / HTTP/1.1
2024-07-17 23:32:21.979239 INFO: Host: 39.98.202.182:9006
2024-07-17 23:32:21.979246 INFO: User-Agent: Go-http-client/1.1
2024-07-17 23:32:21.979253 INFO: oop!unknow header: User-Agent: Go-http-client/1.1
2024-07-17 23:32:21.979287 INFO: X-Vegeta-Seq: 3434
2024-07-17 23:32:21.979289 INFO: eventNum: 1
2024-07-17 23:32:21.979312 INFO: fd: 13, events: 1

2024-07-17 23:32:21.979317 INFO: HandleListenEvent 13
2024-07-17 23:32:21.979332 INFO: HttpConn 62 init success
2024-07-17 23:32:21.979299 INFO: oop!unknow header: X-Vegeta-Seq: 3434
2024-07-17 23:32:21.979359 INFO: Accept-Encoding: gzip
2024-07-17 23:32:21.979371 INFO: oop!unknow header: Accept-Encoding: gzip
2024-07-17 23:32:21.979344 INFO: addTimer id:62 expireTime:1721230841
2024-07-17 23:32:21.979410 INFO: 
2024-07-17 23:32:21.979432 INFO: Client[62] in!
2024-07-17 23:32:21.979441 INFO: HandleListenEvent 13
2024-07-17 23:32:21.979444 INFO: request:HTTP/1.1 200 OK

2024-07-17 23:32:21.979459 INFO: request:HTTP/1.1 200 OK
Content-Length:542

2024-07-17 23:32:21.979459 ERROR: Accept failure -1
2024-07-17 23:32:21.979467 INFO: request:HTTP/1.1 200 OK
Content-Length:542
Connection:close

2024-07-17 23:32:21.979490 INFO: eventNum: 2
2024-07-17 23:32:21.979493 INFO: request:HTTP/1.1 200 OK
Content-Length:542
Connection:close


2024-07-17 23:32:21.979504 INFO: fd: 429, events: 1

2024-07-17 23:32:21.979526 INFO: Thread 140246106080832 is running task

2024-07-17 23:32:21.979545 INFO: HttpConn 429 read success
2024-07-17 23:32:21.979557 INFO: GET / HTTP/1.1
2024-07-17 23:32:21.979563 INFO: Host: 39.98.202.182:9006
2024-07-17 23:32:21.979568 INFO: User-Agent: Go-http-client/1.1
2024-07-17 23:32:21.979572 INFO: oop!unknow header: User-Agent: Go-http-client/1.1
2024-07-17 23:32:21.979577 INFO: X-Vegeta-Seq: 3431
2024-07-17 23:32:21.979581 INFO: oop!unknow header: X-Vegeta-Seq: 3431
2024-07-17 23:32:21.979586 INFO: Accept-Encoding: gzip
2024-07-17 23:32:21.979590 INFO: oop!unknow header: Accept-Encoding: gzip
2024-07-17 23:32:21.979594 INFO: 
2024-07-17 23:32:21.979611 INFO: request:HTTP/1.1 200 OK

2024-07-17 23:32:21.979616 INFO: request:HTTP/1.1 200 OK
Content-Length:542

2024-07-17 23:32:21.979620 INFO: request:HTTP/1.1 200 OK
Content-Length:542
Connection:close

2024-07-17 23:32:21.979625 INFO: request:HTTP/1.1 200 OK
Content-Length:542
Connection:close


2024-07-17 23:32:21.979635 INFO: Thread 140246139651648 is running task

2024-07-17 23:32:21.979649 INFO: fd: 62, events: 1

2024-07-17 23:32:21.979661 INFO: HttpConn 62 read success
2024-07-17 23:32:21.979669 INFO: GET / HTTP/1.1
2024-07-17 23:32:21.979676 INFO: Host: 39.98.202.182:9006
2024-07-17 23:32:21.979683 INFO: User-Agent: Go-http-client/1.1
2024-07-17 23:32:21.979690 INFO: oop!unknow header: User-Agent: Go-http-client/1.1
2024-07-17 23:32:21.979696 INFO: X-Vegeta-Seq: 3365
2024-07-17 23:32:21.979706 INFO: oop!unknow header: X-Vegeta-Seq: 3365
2024-07-17 23:32:21.979710 INFO: Accept-Encoding: gzip
2024-07-17 23:32:21.979715 INFO: oop!unknow header: Accept-Encoding: gzip
2024-07-17 23:32:21.979719 INFO: 
2024-07-17 23:32:21.979733 INFO: request:HTTP/1.1 200 OK

2024-07-17 23:32:21.979737 INFO: request:HTTP/1.1 200 OK
Content-Length:542

2024-07-17 23:32:21.979742 INFO: request:HTTP/1.1 200 OK
Content-Length:542
Connection:close

2024-07-17 23:32:21.979746 INFO: request:HTTP/1.1 200 OK
Content-Length:542
Connection:close


2024-07-17 23:32:21.979754 INFO: Thread 140246156437056 is running task

2024-07-17 23:32:21.979764 INFO: eventNum: 4
2024-07-17 23:32:21.979768 INFO: fd: 434, events: 4

2024-07-17 23:32:21.979802 INFO: Thread 140246097688128 is running task

2024-07-17 23:32:21.979820 INFO: fd: 429, events: 4

2024-07-17 23:32:21.979844 INFO: Thread 140246122866240 is running task

2024-07-17 23:32:21.979855 INFO: fd: 13, events: 1

2024-07-17 23:32:21.979860 INFO: HandleListenEvent 13
2024-07-17 23:32:21.979877 INFO: HttpConn 63 init success
2024-07-17 23:32:21.979883 INFO: addTimer id:63 expireTime:1721230841
2024-07-17 23:32:21.979892 INFO: Client[63] in!
2024-07-17 23:32:21.979897 INFO: HandleListenEvent 13
2024-07-17 23:32:21.979910 INFO: HttpConn 65 init success
2024-07-17 23:32:21.979916 INFO: addTimer id:65 expireTime:1721230841
2024-07-17 23:32:21.979926 INFO: Client[65] in!
2024-07-17 23:32:21.979930 INFO: HandleListenEvent 13
2024-07-17 23:32:21.979939 ERROR: Accept failure -1
2024-07-17 23:32:21.979946 INFO: fd: 62, events: 4

2024-07-17 23:32:21.979961 INFO: eventNum: 1
2024-07-17 23:32:21.979967 INFO: fd: 65, events: 1

2024-07-17 23:32:21.979988 INFO: HttpConn 65 read success
2024-07-17 23:32:21.980007 INFO: GET / HTTP/1.1
2024-07-17 23:32:21.980012 INFO: Thread 140246148044352 is running task

2024-07-17 23:32:21.980014 INFO: Host: 39.98.202.182:9006
2024-07-17 23:32:21.980041 INFO: User-Agent: Go-http-client/1.1
2024-07-17 23:32:21.980046 INFO: oop!unknow header: User-Agent: Go-http-client/1.1
2024-07-17 23:32:21.980050 INFO: X-Vegeta-Seq: 3558
2024-07-17 23:32:21.980054 INFO: oop!unknow header: X-Vegeta-Seq: 3558
2024-07-17 23:32:21.980058 INFO: Accept-Encoding: gzip
2024-07-17 23:32:21.980063 INFO: oop!unknow header: Accept-Encoding: gzip
2024-07-17 23:32:21.980067 INFO: 
2024-07-17 23:32:21.980081 INFO: request:HTTP/1.1 200 OK

2024-07-17 23:32:21.980088 INFO: request:HTTP/1.1 200 OK
Content-Length:542

2024-07-17 23:32:21.980092 INFO: request:HTTP/1.1 200 OK
Content-Length:542
Connection:close

2024-07-17 23:32:21.980097 INFO: request:HTTP/1.1 200 OK
Content-Length:542
Connection:close


2024-07-17 23:32:21.980105 INFO: Thread 140246114473536 is running task

2024-07-17 23:32:21.980031 INFO: eventNum: 1
2024-07-17 23:32:21.980115 INFO: fd: 13, events: 1

2024-07-17 23:32:21.980120 INFO: HandleListenEvent 13
2024-07-17 23:32:21.980132 INFO: HttpConn 438 init success
2024-07-17 23:32:21.980138 INFO: addTimer id:438 expireTime:1721230841
2024-07-17 23:32:21.980147 INFO: Client[438] in!
2024-07-17 23:32:21.980151 INFO: HandleListenEvent 13
2024-07-17 23:32:21.980167 INFO: HttpConn 439 init success
2024-07-17 23:32:21.980172 INFO: addTimer id:439 expireTime:1721230841
2024-07-17 23:32:21.980182 INFO: Client[439] in!
2024-07-17 23:32:21.980186 INFO: HandleListenEvent 13
2024-07-17 23:32:21.980197 INFO: HttpConn 440 init success
2024-07-17 23:32:21.980201 INFO: addTimer id:440 expireTime:1721230841
2024-07-17 23:32:21.980210 INFO: Client[440] in!
2024-07-17 23:32:21.980214 INFO: HandleListenEvent 13
2024-07-17 23:32:21.980226 INFO: HttpConn 441 init success
2024-07-17 23:32:21.980231 INFO: addTimer id:441 expireTime:1721230841
2024-07-17 23:32:21.980239 INFO: Client[441] in!
2024-07-17 23:32:21.980246 INFO: HandleListenEvent 13
2024-07-17 23:32:21.980260 INFO: HttpConn 442 init success
2024-07-17 23:32:21.980268 INFO: addTimer id:442 expireTime:1721230841
2024-07-17 23:32:21.980279 INFO: Client[442] in!
2024-07-17 23:32:21.980286 INFO: HandleListenEvent 13
2024-07-17 23:32:21.980297 ERROR: Accept failure -1
2024-07-17 23:32:21.980304 INFO: eventNum: 4
2024-07-17 23:32:21.980308 INFO: fd: 65, events: 4

2024-07-17 23:32:21.980342 INFO: Thread 140246131258944 is running task

2024-07-17 23:32:21.980352 INFO: fd: 439, events: 1

2024-07-17 23:32:21.980363 INFO: fd: 440, events: 1

2024-07-17 23:32:21.980369 INFO: HttpConn 439 read success
2024-07-17 23:32:21.980395 INFO: GET / HTTP/1.1
2024-07-17 23:32:21.980374 INFO: HttpConn 440 read success
2024-07-17 23:32:21.980404 INFO: Host: 39.98.202.182:9006
2024-07-17 23:32:21.980422 INFO: fd: 441, events: 1

2024-07-17 23:32:21.980418 INFO: GET / HTTP/1.1
2024-07-17 23:32:21.980428 INFO: User-Agent: Go-http-client/1.1
2024-07-17 23:32:21.980445 INFO: Host: 39.98.202.182:9006
2024-07-17 23:32:21.980458 INFO: oop!unknow header: User-Agent: Go-http-client/1.1
2024-07-17 23:32:21.980458 INFO: HttpConn 441 read success
2024-07-17 23:32:21.980491 INFO: GET / HTTP/1.1
2024-07-17 23:32:21.980496 INFO: Host: 39.98.202.182:9006
2024-07-17 23:32:21.980481 INFO: X-Vegeta-Seq: 3414
2024-07-17 23:32:21.980510 INFO: oop!unknow header: X-Vegeta-Seq: 3414
2024-07-17 23:32:21.980473 INFO: User-Agent: Go-http-client/1.1
2024-07-17 23:32:21.980531 INFO: oop!unknow header: User-Agent: Go-http-client/1.1
2024-07-17 23:32:21.980536 INFO: X-Vegeta-Seq: 3457
2024-07-17 23:32:21.980541 INFO: oop!unknow header: X-Vegeta-Seq: 3457
2024-07-17 23:32:21.980545 INFO: Accept-Encoding: gzip
2024-07-17 23:32:21.980549 INFO: oop!unknow header: Accept-Encoding: gzip
2024-07-17 23:32:21.980556 INFO: 
2024-07-17 23:32:21.980570 INFO: request:HTTP/1.1 200 OK

2024-07-17 23:32:21.980575 INFO: request:HTTP/1.1 200 OK
Content-Length:542

2024-07-17 23:32:21.980579 INFO: request:HTTP/1.1 200 OK
Content-Length:542
Connection:close

2024-07-17 23:32:21.980583 INFO: request:HTTP/1.1 200 OK
Content-Length:542
Connection:close


2024-07-17 23:32:21.980591 INFO: Thread 140246139651648 is running task

2024-07-17 23:32:21.980500 INFO: User-Agent: Go-http-client/1.1
2024-07-17 23:32:21.980604 INFO: oop!unknow header: User-Agent: Go-http-client/1.1
2024-07-17 23:32:21.980520 INFO: Accept-Encoding: gzip
2024-07-17 23:32:21.980630 INFO: oop!unknow header: Accept-Encoding: gzip
2024-07-17 23:32:21.980517 INFO: eventNum: 1
2024-07-17 23:32:21.980614 INFO: X-Vegeta-Seq: 3464
2024-07-17 23:32:21.980643 INFO: 
2024-07-17 23:32:21.980658 INFO: oop!unknow header: X-Vegeta-Seq: 3464
2024-07-17 23:32:21.980676 INFO: Accept-Encoding: gzip
2024-07-17 23:32:21.980681 INFO: oop!unknow header: Accept-Encoding: gzip
2024-07-17 23:32:21.980663 INFO: fd: 13, events: 1

2024-07-17 23:32:21.980706 INFO: HandleListenEvent 13
2024-07-17 23:32:21.980684 INFO: request:HTTP/1.1 200 OK

2024-07-17 23:32:21.980685 INFO: 
2024-07-17 23:32:21.980734 INFO: HttpConn 443 init success
2024-07-17 23:32:21.980736 INFO: request:HTTP/1.1 200 OK
Content-Length:542

2024-07-17 23:32:21.980776 INFO: addTimer id:443 expireTime:1721230841
2024-07-17 23:32:21.980784 INFO: request:HTTP/1.1 200 OK
Content-Length:542
Connection:close

2024-07-17 23:32:21.980757 INFO: request:HTTP/1.1 200 OK

2024-07-17 23:32:21.980813 INFO: Client[443] in!
2024-07-17 23:32:21.980815 INFO: request:HTTP/1.1 200 OK
Content-Length:542
Connection:close


2024-07-17 23:32:21.980821 INFO: request:HTTP/1.1 200 OK
Content-Length:542

2024-07-17 23:32:21.980842 INFO: request:HTTP/1.1 200 OK
Content-Length:542
Connection:close

2024-07-17 23:32:21.980844 INFO: Thread 140246106080832 is running task

2024-07-17 23:32:21.980830 INFO: HandleListenEvent 13
2024-07-17 23:32:21.980846 INFO: request:HTTP/1.1 200 OK
Content-Length:542
Connection:close


2024-07-17 23:32:21.980875 INFO: Thread 140246156437056 is running task

2024-07-17 23:32:21.980888 ERROR: Accept failure -1
2024-07-17 23:32:21.980895 INFO: eventNum: 5
2024-07-17 23:32:21.980899 INFO: fd: 442, events: 1

2024-07-17 23:32:21.980909 INFO: HttpConn 442 read success
2024-07-17 23:32:21.980918 INFO: GET / HTTP/1.1
2024-07-17 23:32:21.980923 INFO: Host: 39.98.202.182:9006
2024-07-17 23:32:21.980928 INFO: User-Agent: Go-http-client/1.1
2024-07-17 23:32:21.980932 INFO: oop!unknow header: User-Agent: Go-http-client/1.1
2024-07-17 23:32:21.980936 INFO: X-Vegeta-Seq: 3495
2024-07-17 23:32:21.980940 INFO: oop!unknow header: X-Vegeta-Seq: 3495
2024-07-17 23:32:21.980945 INFO: Accept-Encoding: gzip
2024-07-17 23:32:21.980949 INFO: oop!unknow header: Accept-Encoding: gzip
2024-07-17 23:32:21.980953 INFO: 
2024-07-17 23:32:21.980966 INFO: request:HTTP/1.1 200 OK

2024-07-17 23:32:21.980971 INFO: request:HTTP/1.1 200 OK
Content-Length:542

2024-07-17 23:32:21.980975 INFO: request:HTTP/1.1 200 OK
Content-Length:542
Connection:close

2024-07-17 23:32:21.980979 INFO: request:HTTP/1.1 200 OK
Content-Length:542
Connection:close


2024-07-17 23:32:21.980986 INFO: Thread 140246097688128 is running task

2024-07-17 23:32:21.980994 INFO: fd: 440, events: 4

2024-07-17 23:32:21.981024 INFO: Thread 140246122866240 is running task

2024-07-17 23:32:21.981041 INFO: fd: 443, events: 1

2024-07-17 23:32:21.981052 INFO: fd: 439, events: 4

2024-07-17 23:32:21.981058 INFO: HttpConn 443 read success
2024-07-17 23:32:21.981072 INFO: GET / HTTP/1.1
2024-07-17 23:32:21.981079 INFO: Host: 39.98.202.182:9006
2024-07-17 23:32:21.981081 INFO: Thread 140246114473536 is running task

2024-07-17 23:32:21.981084 INFO: User-Agent: Go-http-client/1.1
2024-07-17 23:32:21.981100 INFO: oop!unknow header: User-Agent: Go-http-client/1.1
2024-07-17 23:32:21.981115 INFO: X-Vegeta-Seq: 3397
2024-07-17 23:32:21.981120 INFO: oop!unknow header: X-Vegeta-Seq: 3397
2024-07-17 23:32:21.981127 INFO: Accept-Encoding: gzip
2024-07-17 23:32:21.981137 INFO: oop!unknow header: Accept-Encoding: gzip
2024-07-17 23:32:21.981095 INFO: fd: 441, events: 4

2024-07-17 23:32:21.981141 INFO: 
2024-07-17 23:32:21.981173 INFO: Thread 140246131258944 is running task

2024-07-17 23:32:21.981179 INFO: request:HTTP/1.1 200 OK

2024-07-17 23:32:21.981190 INFO: eventNum: 2
2024-07-17 23:32:21.981202 INFO: fd: 367, events: 8193

2024-07-17 23:32:21.981192 INFO: request:HTTP/1.1 200 OK
Content-Length:542

2024-07-17 23:32:21.981218 INFO: request:HTTP/1.1 200 OK
Content-Length:542
Connection:close

2024-07-17 23:32:21.981221 INFO: HttpConn 367 close success
2024-07-17 23:32:21.981235 INFO: Client[367] quit!
2024-07-17 23:32:21.981226 INFO: request:HTTP/1.1 200 OK
Content-Length:542
Connection:close


2024-07-17 23:32:21.981245 INFO: fd: 442, events: 4

2024-07-17 23:32:21.981266 INFO: Thread 140246148044352 is running task

2024-07-17 23:32:21.981308 INFO: Thread 140246139651648 is running task

2024-07-17 23:32:21.981325 INFO: eventNum: 1
2024-07-17 23:32:21.981334 INFO: fd: 443, events: 4

2024-07-17 23:32:21.981371 INFO: Thread 140246106080832 is running task

2024-07-17 23:32:21.981411 INFO: eventNum: 1
2024-07-17 23:32:21.981421 INFO: fd: 368, events: 8193

2024-07-17 23:32:21.981439 INFO: HttpConn 368 close success
2024-07-17 23:32:21.981448 INFO: Client[368] quit!
2024-07-17 23:32:21.981497 INFO: eventNum: 1
2024-07-17 23:32:21.981505 INFO: fd: 91, events: 8193

2024-07-17 23:32:21.981523 INFO: HttpConn 91 close success
2024-07-17 23:32:21.981534 INFO: Client[91] quit!
2024-07-17 23:32:21.981808 INFO: eventNum: 1
2024-07-17 23:32:21.981825 INFO: fd: 94, events: 8193

2024-07-17 23:32:21.981844 INFO: HttpConn 94 close success
2024-07-17 23:32:21.981854 INFO: Client[94] quit!
2024-07-17 23:32:21.981918 INFO: eventNum: 1
2024-07-17 23:32:21.981929 INFO: fd: 369, events: 8193

2024-07-17 23:32:21.981943 INFO: HttpConn 369 close success
2024-07-17 23:32:21.981951 INFO: Client[369] quit!
2024-07-17 23:32:21.982434 INFO: eventNum: 1
2024-07-17 23:32:21.982450 INFO: fd: 96, events: 8193

2024-07-17 23:32:21.982468 INFO: HttpConn 96 close success
2024-07-17 23:32:21.982476 INFO: Client[96] quit!
2024-07-17 23:32:21.983116 INFO: eventNum: 1
2024-07-17 23:32:21.983130 INFO: fd: 370, events: 8193

2024-07-17 23:32:21.983146 INFO: HttpConn 370 close success
2024-07-17 23:32:21.983154 INFO: Client[370] quit!
2024-07-17 23:32:21.983398 INFO: eventNum: 1
2024-07-17 23:32:21.983411 INFO: fd: 374, events: 8193

2024-07-17 23:32:21.983427 INFO: HttpConn 374 close success
2024-07-17 23:32:21.983435 INFO: Client[374] quit!
2024-07-17 23:32:21.984242 INFO: eventNum: 1
2024-07-17 23:32:21.984260 INFO: fd: 13, events: 1

2024-07-17 23:32:21.984268 INFO: HandleListenEvent 13
2024-07-17 23:32:21.984288 INFO: HttpConn 91 init success
2024-07-17 23:32:21.984297 INFO: addTimer id:91 expireTime:1721230841
2024-07-17 23:32:21.984312 INFO: Client[91] in!
2024-07-17 23:32:21.984319 INFO: HandleListenEvent 13
2024-07-17 23:32:21.984335 INFO: HttpConn 94 init success
2024-07-17 23:32:21.984342 INFO: addTimer id:94 expireTime:1721230841
2024-07-17 23:32:21.984355 INFO: Client[94] in!
2024-07-17 23:32:21.984362 INFO: HandleListenEvent 13
2024-07-17 23:32:21.984380 ERROR: Accept failure -1
2024-07-17 23:32:21.984389 INFO: eventNum: 2
2024-07-17 23:32:21.984395 INFO: fd: 91, events: 1

2024-07-17 23:32:21.984413 INFO: HttpConn 91 read success
2024-07-17 23:32:21.984426 INFO: GET / HTTP/1.1
2024-07-17 23:32:21.984432 INFO: Host: 39.98.202.182:9006
2024-07-17 23:32:21.984437 INFO: User-Agent: Go-http-client/1.1
2024-07-17 23:32:21.984442 INFO: oop!unknow header: User-Agent: Go-http-client/1.1
2024-07-17 23:32:21.984446 INFO: X-Vegeta-Seq: 3733
2024-07-17 23:32:21.984450 INFO: oop!unknow header: X-Vegeta-Seq: 3733
2024-07-17 23:32:21.984455 INFO: Accept-Encoding: gzip
2024-07-17 23:32:21.984459 INFO: oop!unknow header: Accept-Encoding: gzip
2024-07-17 23:32:21.984463 INFO: 
2024-07-17 23:32:21.984480 INFO: request:HTTP/1.1 200 OK

2024-07-17 23:32:21.984485 INFO: request:HTTP/1.1 200 OK
Content-Length:542

2024-07-17 23:32:21.984490 INFO: request:HTTP/1.1 200 OK
Content-Length:542
Connection:close

2024-07-17 23:32:21.984494 INFO: request:HTTP/1.1 200 OK
Content-Length:542
Connection:close


2024-07-17 23:32:21.984504 INFO: Thread 140246156437056 is running task

2024-07-17 23:32:21.984513 INFO: fd: 372, events: 8193

2024-07-17 23:32:21.984530 INFO: HttpConn 372 close success
2024-07-17 23:32:21.984539 INFO: Client[372] quit!
2024-07-17 23:32:21.984544 INFO: eventNum: 1
2024-07-17 23:32:21.984548 INFO: fd: 91, events: 4

2024-07-17 23:32:21.984579 INFO: Thread 140246097688128 is running task

2024-07-17 23:32:21.984590 INFO: eventNum: 1
2024-07-17 23:32:21.984594 INFO: fd: 13, events: 1

2024-07-17 23:32:21.984599 INFO: HandleListenEvent 13
2024-07-17 23:32:21.984618 INFO: HttpConn 96 init success
2024-07-17 23:32:21.984627 INFO: addTimer id:96 expireTime:1721230841
2024-07-17 23:32:21.984639 INFO: Client[96] in!
2024-07-17 23:32:21.984644 INFO: HandleListenEvent 13
2024-07-17 23:32:21.984652 ERROR: Accept failure -1
2024-07-17 23:32:21.984657 INFO: eventNum: 1
2024-07-17 23:32:21.984661 INFO: fd: 13, events: 1

2024-07-17 23:32:21.984665 INFO: HandleListenEvent 13
2024-07-17 23:32:21.984675 INFO: HttpConn 367 init success
2024-07-17 23:32:21.984680 INFO: addTimer id:367 expireTime:1721230841
2024-07-17 23:32:21.984689 INFO: Client[367] in!
2024-07-17 23:32:21.984693 INFO: HandleListenEvent 13
2024-07-17 23:32:21.984700 ERROR: Accept failure -1
2024-07-17 23:32:21.985061 INFO: eventNum: 1
2024-07-17 23:32:21.985079 INFO: fd: 13, events: 1

2024-07-17 23:32:21.985084 INFO: HandleListenEvent 13
2024-07-17 23:32:21.985103 INFO: HttpConn 368 init success
2024-07-17 23:32:21.985109 INFO: addTimer id:368 expireTime:1721230841
2024-07-17 23:32:21.985118 INFO: Client[368] in!
2024-07-17 23:32:21.985122 INFO: HandleListenEvent 13
2024-07-17 23:32:21.985130 ERROR: Accept failure -1
2024-07-17 23:32:21.985135 INFO: eventNum: 1
2024-07-17 23:32:21.985140 INFO: fd: 368, events: 1

2024-07-17 23:32:21.985157 INFO: HttpConn 368 read success
2024-07-17 23:32:21.985169 INFO: GET / HTTP/1.1
2024-07-17 23:32:21.985174 INFO: Host: 39.98.202.182:9006
2024-07-17 23:32:21.985179 INFO: User-Agent: Go-http-client/1.1
2024-07-17 23:32:21.985184 INFO: oop!unknow header: User-Agent: Go-http-client/1.1
2024-07-17 23:32:21.985188 INFO: X-Vegeta-Seq: 3836
2024-07-17 23:32:21.985192 INFO: oop!unknow header: X-Vegeta-Seq: 3836
2024-07-17 23:32:21.985197 INFO: Accept-Encoding: gzip
2024-07-17 23:32:21.985201 INFO: oop!unknow header: Accept-Encoding: gzip
2024-07-17 23:32:21.985205 INFO: 
2024-07-17 23:32:21.985221 INFO: request:HTTP/1.1 200 OK

2024-07-17 23:32:21.985226 INFO: request:HTTP/1.1 200 OK
Content-Length:542

2024-07-17 23:32:21.985230 INFO: request:HTTP/1.1 200 OK
Content-Length:542
Connection:close

2024-07-17 23:32:21.985235 INFO: request:HTTP/1.1 200 OK
Content-Length:542
Connection:close


2024-07-17 23:32:21.985244 INFO: Thread 140246122866240 is running task

2024-07-17 23:32:21.985257 INFO: eventNum: 2
2024-07-17 23:32:21.985264 INFO: fd: 13, events: 1

2024-07-17 23:32:21.985270 INFO: HandleListenEvent 13
2024-07-17 23:32:21.985286 INFO: HttpConn 369 init success
2024-07-17 23:32:21.985292 INFO: addTimer id:369 expireTime:1721230841
2024-07-17 23:32:21.985301 INFO: Client[369] in!
2024-07-17 23:32:21.985306 INFO: HandleListenEvent 13
2024-07-17 23:32:21.985314 ERROR: Accept failure -1
2024-07-17 23:32:21.985319 INFO: fd: 368, events: 4

2024-07-17 23:32:21.985353 INFO: Thread 140246114473536 is running task

2024-07-17 23:32:21.985368 INFO: eventNum: 1
2024-07-17 23:32:21.985402 INFO: fd: 369, events: 1

2024-07-17 23:32:21.985417 INFO: HttpConn 369 read success
2024-07-17 23:32:21.985426 INFO: GET / HTTP/1.1
2024-07-17 23:32:21.985432 INFO: Host: 39.98.202.182:9006
2024-07-17 23:32:21.985437 INFO: User-Agent: Go-http-client/1.1
2024-07-17 23:32:21.985441 INFO: oop!unknow header: User-Agent: Go-http-client/1.1
2024-07-17 23:32:21.985445 INFO: X-Vegeta-Seq: 3699
2024-07-17 23:32:21.985449 INFO: oop!unknow header: X-Vegeta-Seq: 3699
2024-07-17 23:32:21.985454 INFO: Accept-Encoding: gzip
2024-07-17 23:32:21.985458 INFO: oop!unknow header: Accept-Encoding: gzip
2024-07-17 23:32:21.985462 INFO: 
2024-07-17 23:32:21.985476 INFO: request:HTTP/1.1 200 OK

2024-07-17 23:32:21.985481 INFO: request:HTTP/1.1 200 OK
Content-Length:542

2024-07-17 23:32:21.985486 INFO: request:HTTP/1.1 200 OK
Content-Length:542
Connection:close

2024-07-17 23:32:21.985490 INFO: request:HTTP/1.1 200 OK
Content-Length:542
Connection:close


2024-07-17 23:32:21.985498 INFO: Thread 140246131258944 is running task

2024-07-17 23:32:21.985506 INFO: eventNum: 1
2024-07-17 23:32:21.985511 INFO: fd: 369, events: 4

2024-07-17 23:32:21.985559 INFO: Thread 140246148044352 is running task

2024-07-17 23:32:21.985898 INFO: eventNum: 1
2024-07-17 23:32:21.985911 INFO: fd: 13, events: 1

2024-07-17 23:32:21.985916 INFO: HandleListenEvent 13
2024-07-17 23:32:21.985929 INFO: HttpConn 370 init success
