2024-07-17 23:32:21.947352 INFO: addTimer id:335 expireTime:1721230841
2024-07-17 23:32:21.947455 INFO: Client[335] in!
2024-07-17 23:32:21.947464 INFO: HandleListenEvent 13
2024-07-17 23:32:21.947475 ERROR: Accept failure -1
2024-07-17 23:32:21.947481 INFO: eventNum: 1
2024-07-17 23:32:21.947485 INFO: fd: 335, events: 1

2024-07-17 23:32:21.947498 INFO: HttpConn 335 read success
2024-07-17 23:32:21.947508 INFO: GET / HTTP/1.1
2024-07-17 23:32:21.947513 INFO: Host: 39.98.202.182:9006
2024-07-17 23:32:21.947517 INFO: User-Agent: Go-http-client/1.1
2024-07-17 23:32:21.947521 INFO: oop!unknow header: User-Agent: Go-http-client/1.1
2024-07-17 23:32:21.947526 INFO: X-Vegeta-Seq: 3167
2024-07-17 23:32:21.947530 INFO: oop!unknow header: X-Vegeta-Seq: 3167
2024-07-17 23:32:21.947534 INFO: Accept-Encoding: gzip
2024-07-17 23:32:21.947538 INFO: oop!unknow header: Accept-Encoding: gzip
2024-07-17 23:32:21.947551 INFO: 
2024-07-17 23:32:21.947576 INFO: request:HTTP/1.1 200 OK

2024-07-17 23:32:21.947583 INFO: request:HTTP/1.1 200 OK
Content-Length:542

2024-07-17 23:32:21.947590 INFO: request:HTTP/1.1 200 OK
Content-Length:542
Connection:close

2024-07-17 23:32:21.947596 INFO: request:HTTP/1.1 200 OK
Content-Length:542
Connection:close


2024-07-17 23:32:21.947607 INFO: Thread 140246106080832 is running task

2024-07-17 23:32:21.947622 INFO: eventNum: 1
2024-07-17 23:32:21.947627 INFO: fd: 335, events: 4

2024-07-17 23:32:21.947663 INFO: Thread 140246131258944 is running task

2024-07-17 23:32:21.948039 INFO: eventNum: 1
2024-07-17 23:32:21.948059 INFO: fd: 13, events: 1

2024-07-17 23:32:21.948064 INFO: HandleListenEvent 13
2024-07-17 23:32:21.948087 INFO: HttpConn 336 init success
2024-07-17 23:32:21.948097 INFO: addTimer id:336 expireTime:1721230841
2024-07-17 23:32:21.948116 INFO: Client[336] in!
2024-07-17 23:32:21.948124 INFO: HandleListenEvent 13
2024-07-17 23:32:21.948136 ERROR: Accept failure -1
2024-07-17 23:32:21.948351 INFO: eventNum: 1
2024-07-17 23:32:21.948371 INFO: fd: 13, events: 1

2024-07-17 23:32:21.948380 INFO: HandleListenEvent 13
2024-07-17 23:32:21.948395 INFO: HttpConn 338 init success
2024-07-17 23:32:21.948406 INFO: addTimer id:338 expireTime:1721230841
2024-07-17 23:32:21.948416 INFO: Client[338] in!
2024-07-17 23:32:21.948421 INFO: HandleListenEvent 13
2024-07-17 23:32:21.948429 ERROR: Accept failure -1
2024-07-17 23:32:21.948435 INFO: eventNum: 1
2024-07-17 23:32:21.948439 INFO: fd: 336, events: 1

2024-07-17 23:32:21.948452 INFO: HttpConn 336 read success
2024-07-17 23:32:21.948461 INFO: GET / HTTP/1.1
2024-07-17 23:32:21.948467 INFO: Host: 39.98.202.182:9006
2024-07-17 23:32:21.948472 INFO: User-Agent: Go-http-client/1.1
2024-07-17 23:32:21.948476 INFO: oop!unknow header: User-Agent: Go-http-client/1.1
2024-07-17 23:32:21.948480 INFO: X-Vegeta-Seq: 3160
2024-07-17 23:32:21.948485 INFO: oop!unknow header: X-Vegeta-Seq: 3160
2024-07-17 23:32:21.948489 INFO: Accept-Encoding: gzip
2024-07-17 23:32:21.948493 INFO: oop!unknow header: Accept-Encoding: gzip
2024-07-17 23:32:21.948498 INFO: 
2024-07-17 23:32:21.948516 INFO: request:HTTP/1.1 200 OK

2024-07-17 23:32:21.948524 INFO: request:HTTP/1.1 200 OK
Content-Length:542

2024-07-17 23:32:21.948530 INFO: request:HTTP/1.1 200 OK
Content-Length:542
Connection:close

2024-07-17 23:32:21.948536 INFO: request:HTTP/1.1 200 OK
Content-Length:542
Connection:close


2024-07-17 23:32:21.948549 INFO: Thread 140246114473536 is running task

2024-07-17 23:32:21.948560 INFO: eventNum: 1
2024-07-17 23:32:21.948565 INFO: fd: 336, events: 4

2024-07-17 23:32:21.948625 INFO: Thread 140246156437056 is running task

2024-07-17 23:32:21.948744 INFO: eventNum: 1
2024-07-17 23:32:21.948776 INFO: fd: 338, events: 1

2024-07-17 23:32:21.948802 INFO: HttpConn 338 read success
2024-07-17 23:32:21.948818 INFO: GET / HTTP/1.1
2024-07-17 23:32:21.948823 INFO: Host: 39.98.202.182:9006
2024-07-17 23:32:21.948827 INFO: User-Agent: Go-http-client/1.1
2024-07-17 23:32:21.948832 INFO: oop!unknow header: User-Agent: Go-http-client/1.1
2024-07-17 23:32:21.948836 INFO: X-Vegeta-Seq: 3162
2024-07-17 23:32:21.948846 INFO: oop!unknow header: X-Vegeta-Seq: 3162
2024-07-17 23:32:21.948851 INFO: Accept-Encoding: gzip
2024-07-17 23:32:21.948855 INFO: oop!unknow header: Accept-Encoding: gzip
2024-07-17 23:32:21.948859 INFO: 
2024-07-17 23:32:21.948874 INFO: request:HTTP/1.1 200 OK

2024-07-17 23:32:21.948879 INFO: request:HTTP/1.1 200 OK
Content-Length:542

2024-07-17 23:32:21.948883 INFO: request:HTTP/1.1 200 OK
Content-Length:542
Connection:close

2024-07-17 23:32:21.948888 INFO: request:HTTP/1.1 200 OK
Content-Length:542
Connection:close


2024-07-17 23:32:21.948901 INFO: Thread 140246122866240 is running task

2024-07-17 23:32:21.948907 INFO: eventNum: 1
2024-07-17 23:32:21.948916 INFO: fd: 338, events: 4

2024-07-17 23:32:21.948956 INFO: Thread 140246139651648 is running task

2024-07-17 23:32:21.952138 INFO: eventNum: 1
2024-07-17 23:32:21.952167 INFO: fd: 13, events: 1

2024-07-17 23:32:21.952173 INFO: HandleListenEvent 13
2024-07-17 23:32:21.952192 INFO: HttpConn 409 init success
2024-07-17 23:32:21.952198 INFO: addTimer id:409 expireTime:1721230841
2024-07-17 23:32:21.952212 INFO: Client[409] in!
2024-07-17 23:32:21.952217 INFO: HandleListenEvent 13
2024-07-17 23:32:21.952226 ERROR: Accept failure -1
2024-07-17 23:32:21.952231 INFO: eventNum: 1
2024-07-17 23:32:21.952236 INFO: fd: 409, events: 1

2024-07-17 23:32:21.952258 INFO: HttpConn 409 read success
2024-07-17 23:32:21.952286 INFO: GET / HTTP/1.1
2024-07-17 23:32:21.952295 INFO: Host: 39.98.202.182:9006
2024-07-17 23:32:21.952318 INFO: User-Agent: Go-http-client/1.1
2024-07-17 23:32:21.952325 INFO: oop!unknow header: User-Agent: Go-http-client/1.1
2024-07-17 23:32:21.952331 INFO: X-Vegeta-Seq: 3143
2024-07-17 23:32:21.952337 INFO: oop!unknow header: X-Vegeta-Seq: 3143
2024-07-17 23:32:21.952344 INFO: Accept-Encoding: gzip
2024-07-17 23:32:21.952350 INFO: oop!unknow header: Accept-Encoding: gzip
2024-07-17 23:32:21.952356 INFO: 
2024-07-17 23:32:21.952406 INFO: eventNum: 1
2024-07-17 23:32:21.952429 INFO: fd: 13, events: 1

2024-07-17 23:32:21.952436 INFO: request:HTTP/1.1 200 OK

2024-07-17 23:32:21.952437 INFO: HandleListenEvent 13
2024-07-17 23:32:21.952448 INFO: request:HTTP/1.1 200 OK
Content-Length:542

2024-07-17 23:32:21.952471 INFO: HttpConn 410 init success
2024-07-17 23:32:21.952473 INFO: request:HTTP/1.1 200 OK
Content-Length:542
Connection:close

2024-07-17 23:32:21.952509 INFO: request:HTTP/1.1 200 OK
Content-Length:542
Connection:close


2024-07-17 23:32:21.952527 INFO: Thread 140246148044352 is running task

2024-07-17 23:32:21.952492 INFO: addTimer id:410 expireTime:1721230841
2024-07-17 23:32:21.952604 INFO: Client[410] in!
2024-07-17 23:32:21.952612 INFO: HandleListenEvent 13
2024-07-17 23:32:21.952622 ERROR: Accept failure -1
2024-07-17 23:32:21.952633 INFO: eventNum: 2
2024-07-17 23:32:21.952643 INFO: fd: 409, events: 4

2024-07-17 23:32:21.952657 INFO: fd: 410, events: 1

2024-07-17 23:32:21.952673 INFO: HttpConn 410 read success
2024-07-17 23:32:21.952703 INFO: GET / HTTP/1.1
2024-07-17 23:32:21.952718 INFO: Host: 39.98.202.182:9006
2024-07-17 23:32:21.952726 INFO: User-Agent: Go-http-client/1.1
2024-07-17 23:32:21.952733 INFO: oop!unknow header: User-Agent: Go-http-client/1.1
2024-07-17 23:32:21.952737 INFO: X-Vegeta-Seq: 3130
2024-07-17 23:32:21.952742 INFO: oop!unknow header: X-Vegeta-Seq: 3130
2024-07-17 23:32:21.952746 INFO: Accept-Encoding: gzip
2024-07-17 23:32:21.952751 INFO: oop!unknow header: Accept-Encoding: gzip
2024-07-17 23:32:21.952755 INFO: 
2024-07-17 23:32:21.952771 INFO: request:HTTP/1.1 200 OK

2024-07-17 23:32:21.952776 INFO: request:HTTP/1.1 200 OK
Content-Length:542

2024-07-17 23:32:21.952781 INFO: request:HTTP/1.1 200 OK
Content-Length:542
Connection:close

2024-07-17 23:32:21.952788 INFO: request:HTTP/1.1 200 OK
Content-Length:542
Connection:close


2024-07-17 23:32:21.952803 INFO: Thread 140246106080832 is running task

2024-07-17 23:32:21.952704 INFO: Thread 140246097688128 is running task

2024-07-17 23:32:21.952826 INFO: eventNum: 2
2024-07-17 23:32:21.952831 INFO: fd: 29, events: 8193

2024-07-17 23:32:21.952858 INFO: HttpConn 29 close success
2024-07-17 23:32:21.952866 INFO: Client[29] quit!
2024-07-17 23:32:21.952871 INFO: fd: 410, events: 4

2024-07-17 23:32:21.952903 INFO: Thread 140246131258944 is running task

2024-07-17 23:32:21.953130 INFO: eventNum: 1
2024-07-17 23:32:21.953144 INFO: fd: 33, events: 8193

2024-07-17 23:32:21.953161 INFO: HttpConn 33 close success
2024-07-17 23:32:21.953173 INFO: Client[33] quit!
2024-07-17 23:32:21.953746 INFO: eventNum: 1
2024-07-17 23:32:21.953779 INFO: fd: 35, events: 8193

2024-07-17 23:32:21.953805 INFO: HttpConn 35 close success
2024-07-17 23:32:21.953817 INFO: Client[35] quit!
2024-07-17 23:32:21.954124 INFO: eventNum: 1
2024-07-17 23:32:21.954144 INFO: fd: 46, events: 8193

2024-07-17 23:32:21.954164 INFO: HttpConn 46 close success
2024-07-17 23:32:21.954173 INFO: Client[46] quit!
2024-07-17 23:32:21.954417 INFO: eventNum: 1
2024-07-17 23:32:21.954436 INFO: fd: 52, events: 8193

2024-07-17 23:32:21.954458 INFO: HttpConn 52 close success
2024-07-17 23:32:21.954468 INFO: Client[52] quit!
2024-07-17 23:32:21.954787 INFO: eventNum: 1
2024-07-17 23:32:21.954817 INFO: fd: 13, events: 1

2024-07-17 23:32:21.954826 INFO: HandleListenEvent 13
2024-07-17 23:32:21.954847 INFO: HttpConn 29 init success
2024-07-17 23:32:21.954854 INFO: addTimer id:29 expireTime:1721230841
2024-07-17 23:32:21.954865 INFO: Client[29] in!
2024-07-17 23:32:21.954871 INFO: HandleListenEvent 13
2024-07-17 23:32:21.954881 ERROR: Accept failure -1
2024-07-17 23:32:21.954887 INFO: eventNum: 2
2024-07-17 23:32:21.954891 INFO: fd: 29, events: 1

2024-07-17 23:32:21.954910 INFO: HttpConn 29 read success
2024-07-17 23:32:21.954920 INFO: GET / HTTP/1.1
2024-07-17 23:32:21.954926 INFO: Host: 39.98.202.182:9006
2024-07-17 23:32:21.954931 INFO: User-Agent: Go-http-client/1.1
2024-07-17 23:32:21.954937 INFO: oop!unknow header: User-Agent: Go-http-client/1.1
2024-07-17 23:32:21.954944 INFO: X-Vegeta-Seq: 3235
2024-07-17 23:32:21.954950 INFO: oop!unknow header: X-Vegeta-Seq: 3235
2024-07-17 23:32:21.954957 INFO: Accept-Encoding: gzip
2024-07-17 23:32:21.954963 INFO: oop!unknow header: Accept-Encoding: gzip
2024-07-17 23:32:21.954969 INFO: 
2024-07-17 23:32:21.954989 INFO: request:HTTP/1.1 200 OK

2024-07-17 23:32:21.954995 INFO: request:HTTP/1.1 200 OK
Content-Length:542

2024-07-17 23:32:21.955001 INFO: request:HTTP/1.1 200 OK
Content-Length:542
Connection:close

2024-07-17 23:32:21.955006 INFO: request:HTTP/1.1 200 OK
Content-Length:542
Connection:close


2024-07-17 23:32:21.955020 INFO: Thread 140246114473536 is running task

2024-07-17 23:32:21.955033 INFO: fd: 13, events: 1

2024-07-17 23:32:21.955040 INFO: HandleListenEvent 13
2024-07-17 23:32:21.955069 INFO: HttpConn 33 init success
2024-07-17 23:32:21.955099 INFO: addTimer id:33 expireTime:1721230841
2024-07-17 23:32:21.955113 INFO: Client[33] in!
2024-07-17 23:32:21.955127 INFO: HandleListenEvent 13
2024-07-17 23:32:21.955140 ERROR: Accept failure -1
2024-07-17 23:32:21.955149 INFO: eventNum: 3
2024-07-17 23:32:21.955155 INFO: fd: 29, events: 4

2024-07-17 23:32:21.955170 INFO: fd: 33, events: 1

2024-07-17 23:32:21.955186 INFO: fd: 13, events: 1

2024-07-17 23:32:21.955192 INFO: HandleListenEvent 13
2024-07-17 23:32:21.955208 INFO: Thread 140246156437056 is running task

2024-07-17 23:32:21.955210 INFO: HttpConn 35 init success
2024-07-17 23:32:21.955242 INFO: addTimer id:35 expireTime:1721230841
2024-07-17 23:32:21.955233 INFO: HttpConn 33 read success
2024-07-17 23:32:21.955257 INFO: Client[35] in!
2024-07-17 23:32:21.955262 INFO: GET / HTTP/1.1
2024-07-17 23:32:21.955274 INFO: Host: 39.98.202.182:9006
2024-07-17 23:32:21.955286 INFO: User-Agent: Go-http-client/1.1
2024-07-17 23:32:21.955291 INFO: oop!unknow header: User-Agent: Go-http-client/1.1
2024-07-17 23:32:21.955296 INFO: X-Vegeta-Seq: 3264
2024-07-17 23:32:21.955266 INFO: HandleListenEvent 13
2024-07-17 23:32:21.955301 INFO: oop!unknow header: X-Vegeta-Seq: 3264
2024-07-17 23:32:21.955317 ERROR: Accept failure -1
2024-07-17 23:32:21.955319 INFO: Accept-Encoding: gzip
2024-07-17 23:32:21.955338 INFO: oop!unknow header: Accept-Encoding: gzip
2024-07-17 23:32:21.955343 INFO: 
2024-07-17 23:32:21.955359 INFO: request:HTTP/1.1 200 OK

2024-07-17 23:32:21.955364 INFO: request:HTTP/1.1 200 OK
Content-Length:542

2024-07-17 23:32:21.955368 INFO: request:HTTP/1.1 200 OK
Content-Length:542
Connection:close

2024-07-17 23:32:21.955372 INFO: request:HTTP/1.1 200 OK
Content-Length:542
Connection:close


2024-07-17 23:32:21.955411 INFO: Thread 140246156437056 is running task

2024-07-17 23:32:21.955417 INFO: eventNum: 1
2024-07-17 23:32:21.955424 INFO: fd: 33, events: 4

2024-07-17 23:32:21.955457 INFO: Thread 140246139651648 is running task

2024-07-17 23:32:21.955536 INFO: eventNum: 1
2024-07-17 23:32:21.955551 INFO: fd: 35, events: 1

2024-07-17 23:32:21.955562 INFO: eventNum: 1
2024-07-17 23:32:21.955566 INFO: HttpConn 35 read success
2024-07-17 23:32:21.955567 INFO: fd: 13, events: 1

2024-07-17 23:32:21.955586 INFO: GET / HTTP/1.1
2024-07-17 23:32:21.955611 INFO: Host: 39.98.202.182:9006
2024-07-17 23:32:21.955616 INFO: User-Agent: Go-http-client/1.1
2024-07-17 23:32:21.955627 INFO: oop!unknow header: User-Agent: Go-http-client/1.1
2024-07-17 23:32:21.955631 INFO: X-Vegeta-Seq: 3196
2024-07-17 23:32:21.955636 INFO: oop!unknow header: X-Vegeta-Seq: 3196
2024-07-17 23:32:21.955640 INFO: Accept-Encoding: gzip
2024-07-17 23:32:21.955651 INFO: oop!unknow header: Accept-Encoding: gzip
2024-07-17 23:32:21.955597 INFO: HandleListenEvent 13
2024-07-17 23:32:21.955656 INFO: 
2024-07-17 23:32:21.955677 INFO: HttpConn 46 init success
2024-07-17 23:32:21.955683 INFO: request:HTTP/1.1 200 OK

2024-07-17 23:32:21.955697 INFO: request:HTTP/1.1 200 OK
Content-Length:542

2024-07-17 23:32:21.955702 INFO: request:HTTP/1.1 200 OK
Content-Length:542
Connection:close

2024-07-17 23:32:21.955711 INFO: request:HTTP/1.1 200 OK
Content-Length:542
Connection:close


2024-07-17 23:32:21.955686 INFO: addTimer id:46 expireTime:1721230841
2024-07-17 23:32:21.955720 INFO: Thread 140246148044352 is running task

2024-07-17 23:32:21.955728 INFO: Client[46] in!
2024-07-17 23:32:21.955735 INFO: HandleListenEvent 13
2024-07-17 23:32:21.955744 ERROR: Accept failure -1
2024-07-17 23:32:21.955750 INFO: eventNum: 2
2024-07-17 23:32:21.955755 INFO: fd: 35, events: 4

2024-07-17 23:32:21.955823 INFO: Thread 140246106080832 is running task

2024-07-17 23:32:21.955847 INFO: fd: 46, events: 1

2024-07-17 23:32:21.955860 INFO: HttpConn 46 read success
2024-07-17 23:32:21.955870 INFO: GET / HTTP/1.1
2024-07-17 23:32:21.955875 INFO: Host: 39.98.202.182:9006
2024-07-17 23:32:21.955880 INFO: User-Agent: Go-http-client/1.1
2024-07-17 23:32:21.955884 INFO: oop!unknow header: User-Agent: Go-http-client/1.1
2024-07-17 23:32:21.955889 INFO: X-Vegeta-Seq: 3230
2024-07-17 23:32:21.955895 INFO: oop!unknow header: X-Vegeta-Seq: 3230
2024-07-17 23:32:21.955902 INFO: Accept-Encoding: gzip
2024-07-17 23:32:21.955908 INFO: oop!unknow header: Accept-Encoding: gzip
2024-07-17 23:32:21.955914 INFO: 
2024-07-17 23:32:21.955933 INFO: request:HTTP/1.1 200 OK

2024-07-17 23:32:21.955941 INFO: request:HTTP/1.1 200 OK
Content-Length:542

2024-07-17 23:32:21.955947 INFO: request:HTTP/1.1 200 OK
Content-Length:542
Connection:close

2024-07-17 23:32:21.955953 INFO: request:HTTP/1.1 200 OK
Content-Length:542
Connection:close


2024-07-17 23:32:21.955964 INFO: Thread 140246097688128 is running task

2024-07-17 23:32:21.955978 INFO: eventNum: 2
2024-07-17 23:32:21.955985 INFO: fd: 55, events: 8193

2024-07-17 23:32:21.956005 INFO: HttpConn 55 close success
2024-07-17 23:32:21.956014 INFO: Client[55] quit!
2024-07-17 23:32:21.956018 INFO: fd: 46, events: 4

2024-07-17 23:32:21.956050 INFO: Thread 140246131258944 is running task

2024-07-17 23:32:21.956627 INFO: eventNum: 1
2024-07-17 23:32:21.956654 INFO: fd: 54, events: 8193

2024-07-17 23:32:21.956691 INFO: HttpConn 54 close success
2024-07-17 23:32:21.956710 INFO: Client[54] quit!
2024-07-17 23:32:21.957046 INFO: eventNum: 2
2024-07-17 23:32:21.957064 INFO: fd: 342, events: 8193

2024-07-17 23:32:21.957090 INFO: HttpConn 342 close success
2024-07-17 23:32:21.957101 INFO: Client[342] quit!
2024-07-17 23:32:21.957108 INFO: fd: 339, events: 8193

2024-07-17 23:32:21.957124 INFO: HttpConn 339 close success
2024-07-17 23:32:21.957135 INFO: Client[339] quit!
2024-07-17 23:32:21.957169 INFO: eventNum: 1
2024-07-17 23:32:21.957176 INFO: fd: 347, events: 8193

2024-07-17 23:32:21.957189 INFO: HttpConn 347 close success
2024-07-17 23:32:21.957197 INFO: Client[347] quit!
2024-07-17 23:32:21.957291 INFO: eventNum: 1
2024-07-17 23:32:21.957303 INFO: fd: 344, events: 8193

2024-07-17 23:32:21.957315 INFO: HttpConn 344 close success
2024-07-17 23:32:21.957322 INFO: Client[344] quit!
2024-07-17 23:32:21.958159 INFO: eventNum: 1
2024-07-17 23:32:21.958181 INFO: fd: 348, events: 8193

2024-07-17 23:32:21.958200 INFO: HttpConn 348 close success
2024-07-17 23:32:21.958208 INFO: Client[348] quit!
2024-07-17 23:32:21.958939 INFO: eventNum: 1
2024-07-17 23:32:21.958957 INFO: fd: 350, events: 8193

2024-07-17 23:32:21.958976 INFO: HttpConn 350 close success
2024-07-17 23:32:21.958985 INFO: Client[350] quit!
2024-07-17 23:32:21.959254 INFO: eventNum: 1
2024-07-17 23:32:21.959266 INFO: fd: 353, events: 8193

2024-07-17 23:32:21.959281 INFO: HttpConn 353 close success
2024-07-17 23:32:21.959288 INFO: Client[353] quit!
2024-07-17 23:32:21.959350 INFO: eventNum: 1
2024-07-17 23:32:21.959361 INFO: fd: 361, events: 8193

2024-07-17 23:32:21.959393 INFO: HttpConn 361 close success
2024-07-17 23:32:21.959399 INFO: Client[361] quit!
2024-07-17 23:32:21.959465 INFO: eventNum: 1
2024-07-17 23:32:21.959487 INFO: fd: 13, events: 1

2024-07-17 23:32:21.959492 INFO: HandleListenEvent 13
2024-07-17 23:32:21.959518 INFO: HttpConn 52 init success
2024-07-17 23:32:21.959528 INFO: addTimer id:52 expireTime:1721230841
2024-07-17 23:32:21.959543 INFO: Client[52] in!
2024-07-17 23:32:21.959549 INFO: HandleListenEvent 13
2024-07-17 23:32:21.959558 ERROR: Accept failure -1
2024-07-17 23:32:21.959564 INFO: eventNum: 1
2024-07-17 23:32:21.959569 INFO: fd: 52, events: 1

2024-07-17 23:32:21.959583 INFO: HttpConn 52 read success
2024-07-17 23:32:21.959593 INFO: GET / HTTP/1.1
2024-07-17 23:32:21.959599 INFO: Host: 39.98.202.182:9006
2024-07-17 23:32:21.959603 INFO: User-Agent: Go-http-client/1.1
2024-07-17 23:32:21.959608 INFO: oop!unknow header: User-Agent: Go-http-client/1.1
2024-07-17 23:32:21.959612 INFO: X-Vegeta-Seq: 3359
2024-07-17 23:32:21.959616 INFO: oop!unknow header: X-Vegeta-Seq: 3359
2024-07-17 23:32:21.959621 INFO: Accept-Encoding: gzip
2024-07-17 23:32:21.959625 INFO: oop!unknow header: Accept-Encoding: gzip
2024-07-17 23:32:21.959629 INFO: 
2024-07-17 23:32:21.959647 INFO: request:HTTP/1.1 200 OK

2024-07-17 23:32:21.959652 INFO: request:HTTP/1.1 200 OK
Content-Length:542

2024-07-17 23:32:21.959656 INFO: request:HTTP/1.1 200 OK
Content-Length:542
Connection:close

2024-07-17 23:32:21.959661 INFO: request:HTTP/1.1 200 OK
Content-Length:542
Connection:close


2024-07-17 23:32:21.959672 INFO: Thread 140246114473536 is running task

2024-07-17 23:32:21.959682 INFO: eventNum: 1
2024-07-17 23:32:21.959686 INFO: fd: 52, events: 4

2024-07-17 23:32:21.959715 INFO: eventNum: 1
2024-07-17 23:32:21.959722 INFO: fd: 363, events: 8193

2024-07-17 23:32:21.959737 INFO: HttpConn 363 close success
2024-07-17 23:32:21.959749 INFO: Client[363] quit!
2024-07-17 23:32:21.959749 INFO: Thread 140246122866240 is running task

2024-07-17 23:32:21.959760 INFO: eventNum: 1
2024-07-17 23:32:21.959790 INFO: fd: 362, events: 8193

2024-07-17 23:32:21.959803 INFO: HttpConn 362 close success
2024-07-17 23:32:21.959808 INFO: Client[362] quit!
2024-07-17 23:32:21.960574 INFO: eventNum: 1
2024-07-17 23:32:21.960600 INFO: fd: 13, events: 1

2024-07-17 23:32:21.960605 INFO: HandleListenEvent 13
2024-07-17 23:32:21.960627 INFO: HttpConn 54 init success
2024-07-17 23:32:21.960633 INFO: addTimer id:54 expireTime:1721230841
2024-07-17 23:32:21.960644 INFO: Client[54] in!
2024-07-17 23:32:21.960648 INFO: HandleListenEvent 13
2024-07-17 23:32:21.960659 INFO: HttpConn 55 init success
2024-07-17 23:32:21.960674 INFO: addTimer id:55 expireTime:1721230841
2024-07-17 23:32:21.960683 INFO: Client[55] in!
2024-07-17 23:32:21.960687 INFO: HandleListenEvent 13
2024-07-17 23:32:21.960698 INFO: HttpConn 339 init success
2024-07-17 23:32:21.960703 INFO: addTimer id:339 expireTime:1721230841
2024-07-17 23:32:21.960711 INFO: Client[339] in!
2024-07-17 23:32:21.960715 INFO: HandleListenEvent 13
2024-07-17 23:32:21.960723 ERROR: Accept failure -1
2024-07-17 23:32:21.960729 INFO: eventNum: 3
2024-07-17 23:32:21.960734 INFO: fd: 54, events: 1

2024-07-17 23:32:21.960745 INFO: fd: 55, events: 1

2024-07-17 23:32:21.960751 INFO: HttpConn 54 read success
2024-07-17 23:32:21.960753 INFO: fd: 339, events: 1

2024-07-17 23:32:21.960779 INFO: GET / HTTP/1.1
2024-07-17 23:32:21.960786 INFO: Host: 39.98.202.182:9006
2024-07-17 23:32:21.960791 INFO: User-Agent: Go-http-client/1.1
2024-07-17 23:32:21.960795 INFO: oop!unknow header: User-Agent: Go-http-client/1.1
2024-07-17 23:32:21.960800 INFO: X-Vegeta-Seq: 3348
2024-07-17 23:32:21.960804 INFO: oop!unknow header: X-Vegeta-Seq: 3348
2024-07-17 23:32:21.960808 INFO: Accept-Encoding: gzip
2024-07-17 23:32:21.960813 INFO: oop!unknow header: Accept-Encoding: gzip
2024-07-17 23:32:21.960817 INFO: 
2024-07-17 23:32:21.960833 INFO: request:HTTP/1.1 200 OK

2024-07-17 23:32:21.960838 INFO: request:HTTP/1.1 200 OK
Content-Length:542

2024-07-17 23:32:21.960842 INFO: request:HTTP/1.1 200 OK
Content-Length:542
Connection:close

2024-07-17 23:32:21.960846 INFO: request:HTTP/1.1 200 OK
Content-Length:542
Connection:close


2024-07-17 23:32:21.960861 INFO: Thread 140246156437056 is running task

2024-07-17 23:32:21.960864 INFO: eventNum: 1
2024-07-17 23:32:21.960876 INFO: fd: 54, events: 4

2024-07-17 23:32:21.960877 INFO: HttpConn 339 read success
2024-07-17 23:32:21.960894 INFO: GET / HTTP/1.1
2024-07-17 23:32:21.960900 INFO: Host: 39.98.202.182:9006
2024-07-17 23:32:21.960904 INFO: User-Agent: Go-http-client/1.1
2024-07-17 23:32:21.960908 INFO: oop!unknow header: User-Agent: Go-http-client/1.1
2024-07-17 23:32:21.960915 INFO: X-Vegeta-Seq: 3356
2024-07-17 23:32:21.960919 INFO: oop!unknow header: X-Vegeta-Seq: 3356
2024-07-17 23:32:21.960935 INFO: Accept-Encoding: gzip
2024-07-17 23:32:21.960867 INFO: HttpConn 55 read success
2024-07-17 23:32:21.960920 INFO: Thread 140246106080832 is running task

2024-07-17 23:32:21.960948 INFO: GET / HTTP/1.1
2024-07-17 23:32:21.960940 INFO: oop!unknow header: Accept-Encoding: gzip
2024-07-17 23:32:21.960970 INFO: 
2024-07-17 23:32:21.960986 INFO: request:HTTP/1.1 200 OK

2024-07-17 23:32:21.960991 INFO: request:HTTP/1.1 200 OK
Content-Length:542

2024-07-17 23:32:21.960996 INFO: request:HTTP/1.1 200 OK
Content-Length:542
Connection:close

2024-07-17 23:32:21.961001 INFO: request:HTTP/1.1 200 OK
Content-Length:542
Connection:close


2024-07-17 23:32:21.961010 INFO: Thread 140246139651648 is running task

2024-07-17 23:32:21.960962 INFO: Host: 39.98.202.182:9006
2024-07-17 23:32:21.961024 INFO: User-Agent: Go-http-client/1.1
2024-07-17 23:32:21.961028 INFO: oop!unknow header: User-Agent: Go-http-client/1.1
2024-07-17 23:32:21.961033 INFO: X-Vegeta-Seq: 3358
2024-07-17 23:32:21.961037 INFO: oop!unknow header: X-Vegeta-Seq: 3358
2024-07-17 23:32:21.961048 INFO: Accept-Encoding: gzip
2024-07-17 23:32:21.961058 INFO: oop!unknow header: Accept-Encoding: gzip
2024-07-17 23:32:21.961064 INFO: 
2024-07-17 23:32:21.961083 INFO: request:HTTP/1.1 200 OK

2024-07-17 23:32:21.961090 INFO: request:HTTP/1.1 200 OK
Content-Length:542

2024-07-17 23:32:21.961095 INFO: request:HTTP/1.1 200 OK
Content-Length:542
Connection:close

2024-07-17 23:32:21.961099 INFO: request:HTTP/1.1 200 OK
Content-Length:542
Connection:close


2024-07-17 23:32:21.961108 INFO: Thread 140246156437056 is running task

2024-07-17 23:32:21.961116 INFO: eventNum: 2
2024-07-17 23:32:21.961120 INFO: fd: 339, events: 4

2024-07-17 23:32:21.961150 INFO: Thread 140246097688128 is running task

2024-07-17 23:32:21.961162 INFO: fd: 55, events: 4

2024-07-17 23:32:21.961192 INFO: Thread 140246131258944 is running task

2024-07-17 23:32:21.961412 INFO: eventNum: 1
2024-07-17 23:32:21.961425 INFO: fd: 13, events: 1

2024-07-17 23:32:21.961430 INFO: HandleListenEvent 13
2024-07-17 23:32:21.961450 INFO: HttpConn 342 init success
2024-07-17 23:32:21.961456 INFO: addTimer id:342 expireTime:1721230841
2024-07-17 23:32:21.961466 INFO: Client[342] in!
2024-07-17 23:32:21.961471 INFO: HandleListenEvent 13
2024-07-17 23:32:21.961479 ERROR: Accept failure -1
2024-07-17 23:32:21.961485 INFO: eventNum: 1
2024-07-17 23:32:21.961489 INFO: fd: 342, events: 1

2024-07-17 23:32:21.961500 INFO: HttpConn 342 read success
2024-07-17 23:32:21.961510 INFO: GET / HTTP/1.1
2024-07-17 23:32:21.961515 INFO: Host: 39.98.202.182:9006
2024-07-17 23:32:21.961520 INFO: User-Agent: Go-http-client/1.1
2024-07-17 23:32:21.961524 INFO: oop!unknow header: User-Agent: Go-http-client/1.1
2024-07-17 23:32:21.961528 INFO: X-Vegeta-Seq: 3324
2024-07-17 23:32:21.961532 INFO: oop!unknow header: X-Vegeta-Seq: 3324
2024-07-17 23:32:21.961537 INFO: Accept-Encoding: gzip
2024-07-17 23:32:21.961541 INFO: oop!unknow header: Accept-Encoding: gzip
2024-07-17 23:32:21.961545 INFO: 
2024-07-17 23:32:21.961559 INFO: request:HTTP/1.1 200 OK

2024-07-17 23:32:21.961564 INFO: request:HTTP/1.1 200 OK
Content-Length:542

2024-07-17 23:32:21.961568 INFO: request:HTTP/1.1 200 OK
Content-Length:542
Connection:close

2024-07-17 23:32:21.961572 INFO: request:HTTP/1.1 200 OK
Content-Length:542
Connection:close


2024-07-17 23:32:21.961580 INFO: Thread 140246114473536 is running task

2024-07-17 23:32:21.961595 INFO: eventNum: 1
2024-07-17 23:32:21.961605 INFO: fd: 342, events: 4

2024-07-17 23:32:21.961646 INFO: Thread 140246122866240 is running task

2024-07-17 23:32:21.961754 INFO: eventNum: 1
2024-07-17 23:32:21.961768 INFO: fd: 13, events: 1

2024-07-17 23:32:21.961773 INFO: HandleListenEvent 13
2024-07-17 23:32:21.961783 INFO: HttpConn 344 init success
2024-07-17 23:32:21.961789 INFO: addTimer id:344 expireTime:1721230841
2024-07-17 23:32:21.961799 INFO: Client[344] in!
2024-07-17 23:32:21.961804 INFO: HandleListenEvent 13
2024-07-17 23:32:21.961815 ERROR: Accept failure -1
2024-07-17 23:32:21.961820 INFO: eventNum: 1
2024-07-17 23:32:21.961825 INFO: fd: 344, events: 1

2024-07-17 23:32:21.961848 INFO: HttpConn 344 read success
2024-07-17 23:32:21.961865 INFO: GET / HTTP/1.1
2024-07-17 23:32:21.961875 INFO: Host: 39.98.202.182:9006
2024-07-17 23:32:21.961852 INFO: eventNum: 1
2024-07-17 23:32:21.961880 INFO: User-Agent: Go-http-client/1.1
2024-07-17 23:32:21.961901 INFO: oop!unknow header: User-Agent: Go-http-client/1.1
2024-07-17 23:32:21.961910 INFO: X-Vegeta-Seq: 1952
2024-07-17 23:32:21.961919 INFO: oop!unknow header: X-Vegeta-Seq: 1952
2024-07-17 23:32:21.961923 INFO: Accept-Encoding: gzip
2024-07-17 23:32:21.961932 INFO: oop!unknow header: Accept-Encoding: gzip
2024-07-17 23:32:21.961890 INFO: fd: 13, events: 1

2024-07-17 23:32:21.961937 INFO: 
2024-07-17 23:32:21.961946 INFO: HandleListenEvent 13
2024-07-17 23:32:21.961968 INFO: request:HTTP/1.1 200 OK

2024-07-17 23:32:21.961975 INFO: request:HTTP/1.1 200 OK
Content-Length:542

2024-07-17 23:32:21.961976 INFO: HttpConn 347 init success
2024-07-17 23:32:21.961982 INFO: request:HTTP/1.1 200 OK
Content-Length:542
Connection:close

2024-07-17 23:32:21.962003 INFO: request:HTTP/1.1 200 OK
Content-Length:542
Connection:close


2024-07-17 23:32:21.961992 INFO: addTimer id:347 expireTime:1721230841
2024-07-17 23:32:21.962013 INFO: Thread 140246148044352 is running task

2024-07-17 23:32:21.962018 INFO: Client[347] in!
2024-07-17 23:32:21.962025 INFO: HandleListenEvent 13
2024-07-17 23:32:21.962034 ERROR: Accept failure -1
2024-07-17 23:32:21.962039 INFO: eventNum: 2
2024-07-17 23:32:21.962044 INFO: fd: 344, events: 4

2024-07-17 23:32:21.962078 INFO: Thread 140246106080832 is running task

2024-07-17 23:32:21.962088 INFO: fd: 347, events: 1

2024-07-17 23:32:21.962099 INFO: HttpConn 347 read success
2024-07-17 23:32:21.962108 INFO: GET / HTTP/1.1
2024-07-17 23:32:21.962147 INFO: Host: 39.98.202.182:9006
2024-07-17 23:32:21.962157 INFO: User-Agent: Go-http-client/1.1
2024-07-17 23:32:21.962164 INFO: oop!unknow header: User-Agent: Go-http-client/1.1
2024-07-17 23:32:21.962168 INFO: X-Vegeta-Seq: 1855
2024-07-17 23:32:21.962173 INFO: oop!unknow header: X-Vegeta-Seq: 1855
2024-07-17 23:32:21.962177 INFO: Accept-Encoding: gzip
2024-07-17 23:32:21.962181 INFO: oop!unknow header: Accept-Encoding: gzip
2024-07-17 23:32:21.962185 INFO: 
2024-07-17 23:32:21.962200 INFO: request:HTTP/1.1 200 OK

2024-07-17 23:32:21.962205 INFO: request:HTTP/1.1 200 OK
Content-Length:542

2024-07-17 23:32:21.962209 INFO: request:HTTP/1.1 200 OK
Content-Length:542
Connection:close

2024-07-17 23:32:21.962214 INFO: request:HTTP/1.1 200 OK
Content-Length:542
Connection:close


2024-07-17 23:32:21.962223 INFO: Thread 140246139651648 is running task

2024-07-17 23:32:21.962237 INFO: eventNum: 2
2024-07-17 23:32:21.962244 INFO: fd: 13, events: 1

2024-07-17 23:32:21.962252 INFO: HandleListenEvent 13
2024-07-17 23:32:21.962265 INFO: HttpConn 348 init success
2024-07-17 23:32:21.962273 INFO: addTimer id:348 expireTime:1721230841
2024-07-17 23:32:21.962286 INFO: Client[348] in!
2024-07-17 23:32:21.962291 INFO: HandleListenEvent 13
2024-07-17 23:32:21.962300 ERROR: Accept failure -1
2024-07-17 23:32:21.962305 INFO: fd: 347, events: 4

2024-07-17 23:32:21.962337 INFO: Thread 140246156437056 is running task

2024-07-17 23:32:21.962440 INFO: eventNum: 1
2024-07-17 23:32:21.962455 INFO: fd: 348, events: 1

2024-07-17 23:32:21.962467 INFO: HttpConn 348 read success
2024-07-17 23:32:21.962476 INFO: GET / HTTP/1.1
2024-07-17 23:32:21.962481 INFO: Host: 39.98.202.182:9006
2024-07-17 23:32:21.962486 INFO: User-Agent: Go-http-client/1.1
2024-07-17 23:32:21.962490 INFO: oop!unknow header: User-Agent: Go-http-client/1.1
2024-07-17 23:32:21.962495 INFO: X-Vegeta-Seq: 3346
2024-07-17 23:32:21.962499 INFO: oop!unknow header: X-Vegeta-Seq: 3346
2024-07-17 23:32:21.962503 INFO: Accept-Encoding: gzip
2024-07-17 23:32:21.962507 INFO: oop!unknow header: Accept-Encoding: gzip
2024-07-17 23:32:21.962511 INFO: 
2024-07-17 23:32:21.962525 INFO: request:HTTP/1.1 200 OK

2024-07-17 23:32:21.962530 INFO: request:HTTP/1.1 200 OK
Content-Length:542

2024-07-17 23:32:21.962535 INFO: request:HTTP/1.1 200 OK
Content-Length:542
Connection:close

2024-07-17 23:32:21.962539 INFO: request:HTTP/1.1 200 OK
Content-Length:542
Connection:close


2024-07-17 23:32:21.962547 INFO: Thread 140246097688128 is running task

2024-07-17 23:32:21.962555 INFO: eventNum: 1
2024-07-17 23:32:21.962560 INFO: fd: 348, events: 4

2024-07-17 23:32:21.962587 INFO: Thread 140246131258944 is running task

2024-07-17 23:32:21.962600 INFO: eventNum: 1
2024-07-17 23:32:21.962605 INFO: fd: 13, events: 1

2024-07-17 23:32:21.962609 INFO: HandleListenEvent 13
2024-07-17 23:32:21.962622 INFO: HttpConn 350 init success
2024-07-17 23:32:21.962627 INFO: addTimer id:350 expireTime:1721230841
2024-07-17 23:32:21.962637 INFO: Client[350] in!
2024-07-17 23:32:21.962641 INFO: HandleListenEvent 13
2024-07-17 23:32:21.962649 ERROR: Accept failure -1
2024-07-17 23:32:21.962655 INFO: eventNum: 1
2024-07-17 23:32:21.962659 INFO: fd: 350, events: 1

2024-07-17 23:32:21.962670 INFO: HttpConn 350 read success
2024-07-17 23:32:21.962681 INFO: GET / HTTP/1.1
2024-07-17 23:32:21.962689 INFO: Host: 39.98.202.182:9006
2024-07-17 23:32:21.962695 INFO: User-Agent: Go-http-client/1.1
2024-07-17 23:32:21.962702 INFO: oop!unknow header: User-Agent: Go-http-client/1.1
2024-07-17 23:32:21.962709 INFO: X-Vegeta-Seq: 1954
2024-07-17 23:32:21.962715 INFO: oop!unknow header: X-Vegeta-Seq: 1954
2024-07-17 23:32:21.962720 INFO: Accept-Encoding: gzip
2024-07-17 23:32:21.962724 INFO: oop!unknow header: Accept-Encoding: gzip
2024-07-17 23:32:21.962728 INFO: 
2024-07-17 23:32:21.962742 INFO: request:HTTP/1.1 200 OK

2024-07-17 23:32:21.962747 INFO: request:HTTP/1.1 200 OK
Content-Length:542

2024-07-17 23:32:21.962751 INFO: request:HTTP/1.1 200 OK
Content-Length:542
Connection:close

2024-07-17 23:32:21.962760 INFO: request:HTTP/1.1 200 OK
Content-Length:542
Connection:close


2024-07-17 23:32:21.962771 INFO: Thread 140246114473536 is running task

2024-07-17 23:32:21.962783 INFO: eventNum: 1
2024-07-17 23:32:21.962789 INFO: fd: 350, events: 4

2024-07-17 23:32:21.962834 INFO: Thread 140246122866240 is running task

2024-07-17 23:32:21.963092 INFO: eventNum: 1
2024-07-17 23:32:21.963110 INFO: fd: 13, events: 1

2024-07-17 23:32:21.963115 INFO: HandleListenEvent 13
2024-07-17 23:32:21.963133 INFO: HttpConn 353 init success
2024-07-17 23:32:21.963139 INFO: addTimer id:353 expireTime:1721230841
2024-07-17 23:32:21.963150 INFO: Client[353] in!
2024-07-17 23:32:21.963155 INFO: HandleListenEvent 13
2024-07-17 23:32:21.963165 INFO: HttpConn 361 init success
2024-07-17 23:32:21.963170 INFO: addTimer id:361 expireTime:1721230841
2024-07-17 23:32:21.963178 INFO: Client[361] in!
2024-07-17 23:32:21.963183 INFO: HandleListenEvent 13
2024-07-17 23:32:21.963191 ERROR: Accept failure -1
2024-07-17 23:32:21.963197 INFO: eventNum: 2
2024-07-17 23:32:21.963203 INFO: fd: 353, events: 1

2024-07-17 23:32:21.963216 INFO: fd: 361, events: 1

2024-07-17 23:32:21.963221 INFO: HttpConn 353 read success
2024-07-17 23:32:21.963232 INFO: HttpConn 361 read success
2024-07-17 23:32:21.963237 INFO: GET / HTTP/1.1
2024-07-17 23:32:21.963253 INFO: Host: 39.98.202.182:9006
2024-07-17 23:32:21.963256 INFO: GET / HTTP/1.1
2024-07-17 23:32:21.963258 INFO: User-Agent: Go-http-client/1.1
2024-07-17 23:32:21.963288 INFO: oop!unknow header: User-Agent: Go-http-client/1.1
2024-07-17 23:32:21.963296 INFO: X-Vegeta-Seq: 1906
2024-07-17 23:32:21.963303 INFO: oop!unknow header: X-Vegeta-Seq: 1906
2024-07-17 23:32:21.963310 INFO: Accept-Encoding: gzip
2024-07-17 23:32:21.963317 INFO: oop!unknow header: Accept-Encoding: gzip
2024-07-17 23:32:21.963328 INFO: 
2024-07-17 23:32:21.963277 INFO: Host: 39.98.202.182:9006
2024-07-17 23:32:21.963342 INFO: User-Agent: Go-http-client/1.1
2024-07-17 23:32:21.963344 INFO: request:HTTP/1.1 200 OK

2024-07-17 23:32:21.963364 INFO: request:HTTP/1.1 200 OK
Content-Length:542

2024-07-17 23:32:21.963394 INFO: request:HTTP/1.1 200 OK
Content-Length:542
Connection:close

2024-07-17 23:32:21.963400 INFO: request:HTTP/1.1 200 OK
Content-Length:542
Connection:close


2024-07-17 23:32:21.963410 INFO: Thread 140246148044352 is running task

2024-07-17 23:32:21.963352 INFO: oop!unknow header: User-Agent: Go-http-client/1.1
2024-07-17 23:32:21.963433 INFO: X-Vegeta-Seq: 1946
2024-07-17 23:32:21.963442 INFO: oop!unknow header: X-Vegeta-Seq: 1946
2024-07-17 23:32:21.963446 INFO: Accept-Encoding: gzip
2024-07-17 23:32:21.963450 INFO: oop!unknow header: Accept-Encoding: gzip
2024-07-17 23:32:21.963455 INFO: 
2024-07-17 23:32:21.963471 INFO: request:HTTP/1.1 200 OK

2024-07-17 23:32:21.963477 INFO: request:HTTP/1.1 200 OK
Content-Length:542

2024-07-17 23:32:21.963483 INFO: request:HTTP/1.1 200 OK
Content-Length:542
Connection:close

2024-07-17 23:32:21.963490 INFO: request:HTTP/1.1 200 OK
Content-Length:542
Connection:close


2024-07-17 23:32:21.963505 INFO: Thread 140246106080832 is running task

2024-07-17 23:32:21.963518 INFO: eventNum: 3
2024-07-17 23:32:21.963525 INFO: fd: 13, events: 1

2024-07-17 23:32:21.963531 INFO: HandleListenEvent 13
2024-07-17 23:32:21.963547 INFO: HttpConn 362 init success
2024-07-17 23:32:21.963556 INFO: addTimer id:362 expireTime:1721230841
2024-07-17 23:32:21.963566 INFO: Client[362] in!
2024-07-17 23:32:21.963570 INFO: HandleListenEvent 13
2024-07-17 23:32:21.963585 ERROR: Accept failure -1
2024-07-17 23:32:21.963589 INFO: fd: 353, events: 4

2024-07-17 23:32:21.963630 INFO: Thread 140246139651648 is running task

2024-07-17 23:32:21.963659 INFO: fd: 361, events: 4

2024-07-17 23:32:21.963693 INFO: Thread 140246156437056 is running task

2024-07-17 23:32:21.963710 INFO: eventNum: 2
2024-07-17 23:32:21.963716 INFO: fd: 362, events: 1

2024-07-17 23:32:21.963726 INFO: HttpConn 362 read success
2024-07-17 23:32:21.963735 INFO: GET / HTTP/1.1
2024-07-17 23:32:21.963740 INFO: Host: 39.98.202.182:9006
2024-07-17 23:32:21.963751 INFO: User-Agent: Go-http-client/1.1
2024-07-17 23:32:21.963758 INFO: oop!unknow header: User-Agent: Go-http-client/1.1
2024-07-17 23:32:21.963764 INFO: X-Vegeta-Seq: 2010
2024-07-17 23:32:21.963770 INFO: oop!unknow header: X-Vegeta-Seq: 2010
2024-07-17 23:32:21.963777 INFO: Accept-Encoding: gzip
2024-07-17 23:32:21.963784 INFO: oop!unknow header: Accept-Encoding: gzip
2024-07-17 23:32:21.963791 INFO: 
2024-07-17 23:32:21.963806 INFO: request:HTTP/1.1 200 OK

2024-07-17 23:32:21.963812 INFO: request:HTTP/1.1 200 OK
Content-Length:542

2024-07-17 23:32:21.963816 INFO: request:HTTP/1.1 200 OK
Content-Length:542
Connection:close

2024-07-17 23:32:21.963820 INFO: request:HTTP/1.1 200 OK
Content-Length:542
Connection:close


2024-07-17 23:32:21.963829 INFO: Thread 140246097688128 is running task

2024-07-17 23:32:21.963836 INFO: fd: 76, events: 1

2024-07-17 23:32:21.963864 INFO: HttpConn 76 read success
2024-07-17 23:32:21.963877 INFO: GET / HTTP/1.1
2024-07-17 23:32:21.963884 INFO: Host: 39.98.202.182:9006
2024-07-17 23:32:21.963890 INFO: User-Agent: Go-http-client/1.1
2024-07-17 23:32:21.963896 INFO: oop!unknow header: User-Agent: Go-http-client/1.1
2024-07-17 23:32:21.963903 INFO: X-Vegeta-Seq: 2007
2024-07-17 23:32:21.963909 INFO: oop!unknow header: X-Vegeta-Seq: 2007
2024-07-17 23:32:21.963915 INFO: Accept-Encoding: gzip
2024-07-17 23:32:21.963921 INFO: oop!unknow header: Accept-Encoding: gzip
2024-07-17 23:32:21.963928 INFO: 
2024-07-17 23:32:21.963948 INFO: request:HTTP/1.1 200 OK

2024-07-17 23:32:21.963954 INFO: request:HTTP/1.1 200 OK
Content-Length:542

2024-07-17 23:32:21.963960 INFO: request:HTTP/1.1 200 OK
Content-Length:542
Connection:close

2024-07-17 23:32:21.963967 INFO: request:HTTP/1.1 200 OK
Content-Length:542
Connection:close


2024-07-17 23:32:21.963977 INFO: Thread 140246131258944 is running task

2024-07-17 23:32:21.963987 INFO: eventNum: 2
2024-07-17 23:32:21.963992 INFO: fd: 362, events: 4

2024-07-17 23:32:21.964030 INFO: Thread 140246114473536 is running task

2024-07-17 23:32:21.964055 INFO: fd: 76, events: 4

2024-07-17 23:32:21.964094 INFO: Thread 140246122866240 is running task

2024-07-17 23:32:21.964129 INFO: eventNum: 1
2024-07-17 23:32:21.964142 INFO: fd: 84, events: 1

2024-07-17 23:32:21.964157 INFO: HttpConn 84 read success
2024-07-17 23:32:21.964169 INFO: GET / HTTP/1.1
2024-07-17 23:32:21.964174 INFO: Host: 39.98.202.182:9006
2024-07-17 23:32:21.964179 INFO: User-Agent: Go-http-client/1.1
2024-07-17 23:32:21.964183 INFO: oop!unknow header: User-Agent: Go-http-client/1.1
2024-07-17 23:32:21.964187 INFO: X-Vegeta-Seq: 1988
2024-07-17 23:32:21.964191 INFO: oop!unknow header: X-Vegeta-Seq: 1988
2024-07-17 23:32:21.964195 INFO: Accept-Encoding: gzip
2024-07-17 23:32:21.964200 INFO: oop!unknow header: Accept-Encoding: gzip
2024-07-17 23:32:21.964204 INFO: 
2024-07-17 23:32:21.964218 INFO: request:HTTP/1.1 200 OK

2024-07-17 23:32:21.964223 INFO: request:HTTP/1.1 200 OK
Content-Length:542

2024-07-17 23:32:21.964227 INFO: request:HTTP/1.1 200 OK
