2024-07-17 23:30:22.077923 INFO: oop!unknow header: X-Vegeta-Seq: 2681
2024-07-17 23:30:22.077974 INFO: Accept-Encoding: gzip
2024-07-17 23:30:22.077979 INFO: oop!unknow header: Accept-Encoding: gzip
2024-07-17 23:30:22.077983 INFO: 
2024-07-17 23:30:22.077998 INFO: request:HTTP/1.1 200 OK

2024-07-17 23:30:22.078003 INFO: request:HTTP/1.1 200 OK
Content-Length:542

2024-07-17 23:30:22.078007 INFO: request:HTTP/1.1 200 OK
Content-Length:542
Connection:close

2024-07-17 23:30:22.078012 INFO: request:HTTP/1.1 200 OK
Content-Length:542
Connection:close


2024-07-17 23:30:22.078022 INFO: Thread 140246114473536 is running task

2024-07-17 23:30:22.078031 INFO: eventNum: 2
2024-07-17 23:30:22.078036 INFO: fd: 29, events: 4

2024-07-17 23:30:22.078068 INFO: Thread 140246131258944 is running task

2024-07-17 23:30:22.078081 INFO: fd: 35, events: 1

2024-07-17 23:30:22.078094 INFO: HttpConn 35 read success
2024-07-17 23:30:22.078103 INFO: GET / HTTP/1.1
2024-07-17 23:30:22.078108 INFO: Host: 39.98.202.182:9006
2024-07-17 23:30:22.078130 INFO: User-Agent: Go-http-client/1.1
2024-07-17 23:30:22.078135 INFO: oop!unknow header: User-Agent: Go-http-client/1.1
2024-07-17 23:30:22.078140 INFO: X-Vegeta-Seq: 2683
2024-07-17 23:30:22.078144 INFO: oop!unknow header: X-Vegeta-Seq: 2683
2024-07-17 23:30:22.078148 INFO: Accept-Encoding: gzip
2024-07-17 23:30:22.078152 INFO: oop!unknow header: Accept-Encoding: gzip
2024-07-17 23:30:22.078156 INFO: 
2024-07-17 23:30:22.078172 INFO: request:HTTP/1.1 200 OK

2024-07-17 23:30:22.078176 INFO: request:HTTP/1.1 200 OK
Content-Length:542

2024-07-17 23:30:22.078184 INFO: request:HTTP/1.1 200 OK
Content-Length:542
Connection:close

2024-07-17 23:30:22.078188 INFO: request:HTTP/1.1 200 OK
Content-Length:542
Connection:close


2024-07-17 23:30:22.078195 INFO: Thread 140246122866240 is running task

2024-07-17 23:30:22.078204 INFO: eventNum: 1
2024-07-17 23:30:22.078208 INFO: fd: 35, events: 4

2024-07-17 23:30:22.078233 INFO: Thread 140246106080832 is running task

2024-07-17 23:30:22.078312 INFO: eventNum: 1
2024-07-17 23:30:22.078322 INFO: fd: 31, events: 1

2024-07-17 23:30:22.078343 INFO: HttpConn 31 read success
2024-07-17 23:30:22.078370 INFO: GET / HTTP/1.1
2024-07-17 23:30:22.078392 INFO: eventNum: 1
2024-07-17 23:30:22.078414 INFO: fd: 16, events: 1

2024-07-17 23:30:22.078403 INFO: Host: 39.98.202.182:9006
2024-07-17 23:30:22.078432 INFO: HttpConn 16 read success
2024-07-17 23:30:22.078445 INFO: GET / HTTP/1.1
2024-07-17 23:30:22.078450 INFO: Host: 39.98.202.182:9006
2024-07-17 23:30:22.078454 INFO: User-Agent: Go-http-client/1.1
2024-07-17 23:30:22.078459 INFO: oop!unknow header: User-Agent: Go-http-client/1.1
2024-07-17 23:30:22.078463 INFO: X-Vegeta-Seq: 2676
2024-07-17 23:30:22.078467 INFO: oop!unknow header: X-Vegeta-Seq: 2676
2024-07-17 23:30:22.078472 INFO: Accept-Encoding: gzip
2024-07-17 23:30:22.078476 INFO: oop!unknow header: Accept-Encoding: gzip
2024-07-17 23:30:22.078480 INFO: 
2024-07-17 23:30:22.078492 INFO: request:HTTP/1.1 200 OK

2024-07-17 23:30:22.078517 INFO: request:HTTP/1.1 200 OK
Content-Length:542

2024-07-17 23:30:22.078522 INFO: request:HTTP/1.1 200 OK
Content-Length:542
Connection:close

2024-07-17 23:30:22.078527 INFO: request:HTTP/1.1 200 OK
Content-Length:542
Connection:close


2024-07-17 23:30:22.078534 INFO: Thread 140246139651648 is running task

2024-07-17 23:30:22.078432 INFO: User-Agent: Go-http-client/1.1
2024-07-17 23:30:22.078552 INFO: oop!unknow header: User-Agent: Go-http-client/1.1
2024-07-17 23:30:22.078557 INFO: X-Vegeta-Seq: 2678
2024-07-17 23:30:22.078561 INFO: oop!unknow header: X-Vegeta-Seq: 2678
2024-07-17 23:30:22.078566 INFO: Accept-Encoding: gzip
2024-07-17 23:30:22.078570 INFO: oop!unknow header: Accept-Encoding: gzip
2024-07-17 23:30:22.078574 INFO: 
2024-07-17 23:30:22.078586 INFO: request:HTTP/1.1 200 OK

2024-07-17 23:30:22.078591 INFO: request:HTTP/1.1 200 OK
Content-Length:542

2024-07-17 23:30:22.078595 INFO: request:HTTP/1.1 200 OK
Content-Length:542
Connection:close

2024-07-17 23:30:22.078599 INFO: request:HTTP/1.1 200 OK
Content-Length:542
Connection:close


2024-07-17 23:30:22.078612 INFO: Thread 140246097688128 is running task

2024-07-17 23:30:22.078621 INFO: eventNum: 4
2024-07-17 23:30:22.078626 INFO: fd: 13, events: 1

2024-07-17 23:30:22.078631 INFO: HandleListenEvent 13
2024-07-17 23:30:22.078645 INFO: HttpConn 17 init success
2024-07-17 23:30:22.078651 INFO: addTimer id:17 expireTime:1721230722
2024-07-17 23:30:22.078661 INFO: Client[17] in!
2024-07-17 23:30:22.078666 INFO: HandleListenEvent 13
2024-07-17 23:30:22.078674 ERROR: Accept failure -1
2024-07-17 23:30:22.078678 INFO: fd: 16, events: 4

2024-07-17 23:30:22.078688 INFO: fd: 34, events: 1

2024-07-17 23:30:22.078704 INFO: fd: 31, events: 4

2024-07-17 23:30:22.078714 INFO: HttpConn 34 read success
2024-07-17 23:30:22.078728 INFO: GET / HTTP/1.1
2024-07-17 23:30:22.078733 INFO: Host: 39.98.202.182:9006
2024-07-17 23:30:22.078736 INFO: Thread 140246156437056 is running task

2024-07-17 23:30:22.078738 INFO: User-Agent: Go-http-client/1.1
2024-07-17 23:30:22.078779 INFO: oop!unknow header: User-Agent: Go-http-client/1.1
2024-07-17 23:30:22.078784 INFO: X-Vegeta-Seq: 2679
2024-07-17 23:30:22.078793 INFO: oop!unknow header: X-Vegeta-Seq: 2679
2024-07-17 23:30:22.078802 INFO: Accept-Encoding: gzip
2024-07-17 23:30:22.078793 INFO: Thread 140246156437056 is running task

2024-07-17 23:30:22.078806 INFO: oop!unknow header: Accept-Encoding: gzip
2024-07-17 23:30:22.078849 INFO: 
2024-07-17 23:30:22.078863 INFO: request:HTTP/1.1 200 OK

2024-07-17 23:30:22.078868 INFO: request:HTTP/1.1 200 OK
Content-Length:542

2024-07-17 23:30:22.078872 INFO: request:HTTP/1.1 200 OK
Content-Length:542
Connection:close

2024-07-17 23:30:22.078876 INFO: request:HTTP/1.1 200 OK
Content-Length:542
Connection:close


2024-07-17 23:30:22.078884 INFO: Thread 140246114473536 is running task

2024-07-17 23:30:22.078892 INFO: eventNum: 2
2024-07-17 23:30:22.078900 INFO: fd: 34, events: 4

2024-07-17 23:30:22.078928 INFO: Thread 140246131258944 is running task

2024-07-17 23:30:22.078938 INFO: fd: 17, events: 1

2024-07-17 23:30:22.078949 INFO: HttpConn 17 read success
2024-07-17 23:30:22.078960 INFO: GET / HTTP/1.1
2024-07-17 23:30:22.078965 INFO: Host: 39.98.202.182:9006
2024-07-17 23:30:22.078970 INFO: User-Agent: Go-http-client/1.1
2024-07-17 23:30:22.078974 INFO: oop!unknow header: User-Agent: Go-http-client/1.1
2024-07-17 23:30:22.078978 INFO: X-Vegeta-Seq: 2685
2024-07-17 23:30:22.078983 INFO: oop!unknow header: X-Vegeta-Seq: 2685
2024-07-17 23:30:22.078987 INFO: Accept-Encoding: gzip
2024-07-17 23:30:22.078991 INFO: oop!unknow header: Accept-Encoding: gzip
2024-07-17 23:30:22.078995 INFO: 
2024-07-17 23:30:22.079007 INFO: request:HTTP/1.1 200 OK

2024-07-17 23:30:22.079012 INFO: request:HTTP/1.1 200 OK
Content-Length:542

2024-07-17 23:30:22.079016 INFO: request:HTTP/1.1 200 OK
Content-Length:542
Connection:close

2024-07-17 23:30:22.079020 INFO: request:HTTP/1.1 200 OK
Content-Length:542
Connection:close


2024-07-17 23:30:22.079027 INFO: Thread 140246122866240 is running task

2024-07-17 23:30:22.079035 INFO: eventNum: 2
2024-07-17 23:30:22.079040 INFO: fd: 30, events: 1

2024-07-17 23:30:22.079050 INFO: HttpConn 30 read success
2024-07-17 23:30:22.079058 INFO: GET / HTTP/1.1
2024-07-17 23:30:22.079063 INFO: Host: 39.98.202.182:9006
2024-07-17 23:30:22.079067 INFO: User-Agent: Go-http-client/1.1
2024-07-17 23:30:22.079071 INFO: oop!unknow header: User-Agent: Go-http-client/1.1
2024-07-17 23:30:22.079076 INFO: X-Vegeta-Seq: 2675
2024-07-17 23:30:22.079080 INFO: oop!unknow header: X-Vegeta-Seq: 2675
2024-07-17 23:30:22.079085 INFO: Accept-Encoding: gzip
2024-07-17 23:30:22.079089 INFO: oop!unknow header: Accept-Encoding: gzip
2024-07-17 23:30:22.079093 INFO: 
2024-07-17 23:30:22.079104 INFO: request:HTTP/1.1 200 OK

2024-07-17 23:30:22.079108 INFO: request:HTTP/1.1 200 OK
Content-Length:542

2024-07-17 23:30:22.079113 INFO: request:HTTP/1.1 200 OK
Content-Length:542
Connection:close

2024-07-17 23:30:22.079117 INFO: request:HTTP/1.1 200 OK
Content-Length:542
Connection:close


2024-07-17 23:30:22.079128 INFO: Thread 140246106080832 is running task

2024-07-17 23:30:22.079135 INFO: fd: 17, events: 4

2024-07-17 23:30:22.079157 INFO: Thread 140246139651648 is running task

2024-07-17 23:30:22.079168 INFO: eventNum: 1
2024-07-17 23:30:22.079173 INFO: fd: 30, events: 4

2024-07-17 23:30:22.079192 INFO: Thread 140246097688128 is running task

2024-07-17 23:30:22.082992 INFO: eventNum: 1
2024-07-17 23:30:22.083033 INFO: fd: 13, events: 1

2024-07-17 23:30:22.083038 INFO: HandleListenEvent 13
2024-07-17 23:30:22.083053 INFO: HttpConn 18 init success
2024-07-17 23:30:22.083059 INFO: addTimer id:18 expireTime:1721230722
2024-07-17 23:30:22.083071 INFO: Client[18] in!
2024-07-17 23:30:22.083075 INFO: HandleListenEvent 13
2024-07-17 23:30:22.083084 ERROR: Accept failure -1
2024-07-17 23:30:22.083297 INFO: eventNum: 1
2024-07-17 23:30:22.083316 INFO: fd: 18, events: 1

2024-07-17 23:30:22.083340 INFO: HttpConn 18 read success
2024-07-17 23:30:22.083376 INFO: GET / HTTP/1.1
2024-07-17 23:30:22.083388 INFO: Host: 39.98.202.182:9006
2024-07-17 23:30:22.083396 INFO: User-Agent: Go-http-client/1.1
2024-07-17 23:30:22.083403 INFO: oop!unknow header: User-Agent: Go-http-client/1.1
2024-07-17 23:30:22.083409 INFO: X-Vegeta-Seq: 2686
2024-07-17 23:30:22.083416 INFO: oop!unknow header: X-Vegeta-Seq: 2686
2024-07-17 23:30:22.083423 INFO: Accept-Encoding: gzip
2024-07-17 23:30:22.083430 INFO: oop!unknow header: Accept-Encoding: gzip
2024-07-17 23:30:22.083437 INFO: 
2024-07-17 23:30:22.083467 INFO: request:HTTP/1.1 200 OK

2024-07-17 23:30:22.083477 INFO: request:HTTP/1.1 200 OK
Content-Length:542

2024-07-17 23:30:22.083487 INFO: request:HTTP/1.1 200 OK
Content-Length:542
Connection:close

2024-07-17 23:30:22.083495 INFO: request:HTTP/1.1 200 OK
Content-Length:542
Connection:close


2024-07-17 23:30:22.083521 INFO: eventNum: 1
2024-07-17 23:30:22.083523 INFO: Thread 140246148044352 is running task

2024-07-17 23:30:22.083536 INFO: fd: 18, events: 4

2024-07-17 23:30:22.083619 INFO: Thread 140246156437056 is running task

2024-07-17 23:30:22.086243 INFO: eventNum: 1
2024-07-17 23:30:22.086271 INFO: fd: 32, events: 8193

2024-07-17 23:30:22.086293 INFO: HttpConn 32 close success
2024-07-17 23:30:22.086302 INFO: Client[32] quit!
2024-07-17 23:30:22.090542 INFO: eventNum: 2
2024-07-17 23:30:22.090591 INFO: fd: 17, events: 8193

2024-07-17 23:30:22.090615 INFO: HttpConn 17 close success
2024-07-17 23:30:22.090624 INFO: Client[17] quit!
2024-07-17 23:30:22.090629 INFO: fd: 33, events: 8193

2024-07-17 23:30:22.090640 INFO: HttpConn 33 close success
2024-07-17 23:30:22.090645 INFO: Client[33] quit!
2024-07-17 23:30:22.091648 INFO: eventNum: 1
2024-07-17 23:30:22.091671 INFO: fd: 34, events: 8193

2024-07-17 23:30:22.091689 INFO: HttpConn 34 close success
2024-07-17 23:30:22.091697 INFO: Client[34] quit!
2024-07-17 23:30:22.092305 INFO: eventNum: 1
2024-07-17 23:30:22.092317 INFO: fd: 35, events: 8193

2024-07-17 23:30:22.092330 INFO: HttpConn 35 close success
2024-07-17 23:30:22.092337 INFO: Client[35] quit!
2024-07-17 23:30:22.092527 INFO: eventNum: 1
2024-07-17 23:30:22.092541 INFO: fd: 31, events: 8193

2024-07-17 23:30:22.092559 INFO: HttpConn 31 close success
2024-07-17 23:30:22.092569 INFO: Client[31] quit!
2024-07-17 23:30:22.092629 INFO: eventNum: 1
2024-07-17 23:30:22.092635 INFO: fd: 16, events: 8193

2024-07-17 23:30:22.092657 INFO: HttpConn 16 close success
2024-07-17 23:30:22.092665 INFO: Client[16] quit!
2024-07-17 23:30:22.092880 INFO: eventNum: 1
2024-07-17 23:30:22.092891 INFO: fd: 29, events: 8193

2024-07-17 23:30:22.092905 INFO: HttpConn 29 close success
2024-07-17 23:30:22.092912 INFO: Client[29] quit!
2024-07-17 23:30:22.094006 INFO: eventNum: 1
2024-07-17 23:30:22.094025 INFO: fd: 30, events: 8193

2024-07-17 23:30:22.094042 INFO: HttpConn 30 close success
2024-07-17 23:30:22.094051 INFO: Client[30] quit!
2024-07-17 23:30:22.108538 INFO: eventNum: 1
2024-07-17 23:30:22.108589 INFO: fd: 13, events: 1

2024-07-17 23:30:22.108595 INFO: HandleListenEvent 13
2024-07-17 23:30:22.108636 INFO: HttpConn 16 init success
2024-07-17 23:30:22.108643 INFO: addTimer id:16 expireTime:1721230722
2024-07-17 23:30:22.108660 INFO: Client[16] in!
2024-07-17 23:30:22.108667 INFO: HandleListenEvent 13
2024-07-17 23:30:22.108678 ERROR: Accept failure -1
2024-07-17 23:30:22.109478 INFO: eventNum: 1
2024-07-17 23:30:22.109496 INFO: fd: 13, events: 1

2024-07-17 23:30:22.109528 INFO: HandleListenEvent 13
2024-07-17 23:30:22.109544 INFO: HttpConn 17 init success
2024-07-17 23:30:22.109549 INFO: addTimer id:17 expireTime:1721230722
2024-07-17 23:30:22.109560 INFO: Client[17] in!
2024-07-17 23:30:22.109564 INFO: HandleListenEvent 13
2024-07-17 23:30:22.109572 ERROR: Accept failure -1
2024-07-17 23:30:22.109579 INFO: eventNum: 1
2024-07-17 23:30:22.109583 INFO: fd: 18, events: 8193

2024-07-17 23:30:22.109605 INFO: HttpConn 18 close success
2024-07-17 23:30:22.109614 INFO: Client[18] quit!
2024-07-17 23:30:22.109699 INFO: eventNum: 1
2024-07-17 23:30:22.109712 INFO: fd: 13, events: 1

2024-07-17 23:30:22.109716 INFO: HandleListenEvent 13
2024-07-17 23:30:22.109728 INFO: HttpConn 18 init success
2024-07-17 23:30:22.109733 INFO: addTimer id:18 expireTime:1721230722
2024-07-17 23:30:22.109742 INFO: Client[18] in!
2024-07-17 23:30:22.109746 INFO: HandleListenEvent 13
2024-07-17 23:30:22.109753 ERROR: Accept failure -1
2024-07-17 23:30:22.109951 INFO: eventNum: 1
2024-07-17 23:30:22.109962 INFO: fd: 13, events: 1

2024-07-17 23:30:22.109967 INFO: HandleListenEvent 13
2024-07-17 23:30:22.109978 INFO: HttpConn 26 init success
2024-07-17 23:30:22.109983 INFO: addTimer id:26 expireTime:1721230722
2024-07-17 23:30:22.109991 INFO: Client[26] in!
2024-07-17 23:30:22.109996 INFO: HandleListenEvent 13
2024-07-17 23:30:22.110003 ERROR: Accept failure -1
2024-07-17 23:30:22.111302 INFO: eventNum: 2
2024-07-17 23:30:22.111336 INFO: fd: 17, events: 1

2024-07-17 23:30:22.111359 INFO: fd: 26, events: 1

2024-07-17 23:30:22.111446 INFO: HttpConn 17 read success
2024-07-17 23:30:22.111458 INFO: HttpConn 26 read success
2024-07-17 23:30:22.111491 INFO: GET / HTTP/1.1
2024-07-17 23:30:22.111525 INFO: Host: 39.98.202.182:9006
2024-07-17 23:30:22.111531 INFO: User-Agent: Go-http-client/1.1
2024-07-17 23:30:22.111535 INFO: oop!unknow header: User-Agent: Go-http-client/1.1
2024-07-17 23:30:22.111539 INFO: X-Vegeta-Seq: 2698
2024-07-17 23:30:22.111544 INFO: oop!unknow header: X-Vegeta-Seq: 2698
2024-07-17 23:30:22.111548 INFO: Accept-Encoding: gzip
2024-07-17 23:30:22.111552 INFO: oop!unknow header: Accept-Encoding: gzip
2024-07-17 23:30:22.111556 INFO: 
2024-07-17 23:30:22.111582 INFO: request:HTTP/1.1 200 OK

2024-07-17 23:30:22.111588 INFO: request:HTTP/1.1 200 OK
Content-Length:542

2024-07-17 23:30:22.111592 INFO: request:HTTP/1.1 200 OK
Content-Length:542
Connection:close

2024-07-17 23:30:22.111596 INFO: request:HTTP/1.1 200 OK
Content-Length:542
Connection:close


2024-07-17 23:30:22.111614 INFO: Thread 140246131258944 is running task

2024-07-17 23:30:22.111464 INFO: GET / HTTP/1.1
2024-07-17 23:30:22.111640 INFO: Host: 39.98.202.182:9006
2024-07-17 23:30:22.111645 INFO: User-Agent: Go-http-client/1.1
2024-07-17 23:30:22.111649 INFO: oop!unknow header: User-Agent: Go-http-client/1.1
2024-07-17 23:30:22.111654 INFO: X-Vegeta-Seq: 2699
2024-07-17 23:30:22.111658 INFO: oop!unknow header: X-Vegeta-Seq: 2699
2024-07-17 23:30:22.111662 INFO: Accept-Encoding: gzip
2024-07-17 23:30:22.111666 INFO: oop!unknow header: Accept-Encoding: gzip
2024-07-17 23:30:22.111671 INFO: 
2024-07-17 23:30:22.111683 INFO: request:HTTP/1.1 200 OK

2024-07-17 23:30:22.111687 INFO: request:HTTP/1.1 200 OK
Content-Length:542

2024-07-17 23:30:22.111692 INFO: request:HTTP/1.1 200 OK
Content-Length:542
Connection:close

2024-07-17 23:30:22.111696 INFO: request:HTTP/1.1 200 OK
Content-Length:542
Connection:close


2024-07-17 23:30:22.111703 INFO: Thread 140246114473536 is running task

2024-07-17 23:30:22.111747 INFO: eventNum: 3
2024-07-17 23:30:22.111765 INFO: fd: 16, events: 1

2024-07-17 23:30:22.111777 INFO: fd: 26, events: 4

2024-07-17 23:30:22.111784 INFO: HttpConn 16 read success
2024-07-17 23:30:22.111808 INFO: GET / HTTP/1.1
2024-07-17 23:30:22.111814 INFO: Host: 39.98.202.182:9006
2024-07-17 23:30:22.111819 INFO: User-Agent: Go-http-client/1.1
2024-07-17 23:30:22.111823 INFO: oop!unknow header: User-Agent: Go-http-client/1.1
2024-07-17 23:30:22.111827 INFO: X-Vegeta-Seq: 2697
2024-07-17 23:30:22.111831 INFO: oop!unknow header: X-Vegeta-Seq: 2697
2024-07-17 23:30:22.111836 INFO: Accept-Encoding: gzip
2024-07-17 23:30:22.111840 INFO: oop!unknow header: Accept-Encoding: gzip
2024-07-17 23:30:22.111844 INFO: 
2024-07-17 23:30:22.111856 INFO: request:HTTP/1.1 200 OK

2024-07-17 23:30:22.111861 INFO: request:HTTP/1.1 200 OK
Content-Length:542

2024-07-17 23:30:22.111865 INFO: request:HTTP/1.1 200 OK
Content-Length:542
Connection:close

2024-07-17 23:30:22.111869 INFO: request:HTTP/1.1 200 OK
Content-Length:542
Connection:close


2024-07-17 23:30:22.111877 INFO: Thread 140246122866240 is running task

2024-07-17 23:30:22.111911 INFO: Thread 140246122866240 is running task

2024-07-17 23:30:22.111797 INFO: fd: 17, events: 4

2024-07-17 23:30:22.111987 INFO: eventNum: 1
2024-07-17 23:30:22.111994 INFO: fd: 16, events: 4

2024-07-17 23:30:22.112012 INFO: Thread 140246139651648 is running task

2024-07-17 23:30:22.112032 INFO: Thread 140246139651648 is running task

2024-07-17 23:30:22.112345 INFO: eventNum: 1
2024-07-17 23:30:22.112364 INFO: fd: 18, events: 1

2024-07-17 23:30:22.112489 INFO: HttpConn 18 read success
2024-07-17 23:30:22.112538 INFO: GET / HTTP/1.1
2024-07-17 23:30:22.112548 INFO: Host: 39.98.202.182:9006
2024-07-17 23:30:22.112555 INFO: User-Agent: Go-http-client/1.1
2024-07-17 23:30:22.112561 INFO: oop!unknow header: User-Agent: Go-http-client/1.1
2024-07-17 23:30:22.112568 INFO: X-Vegeta-Seq: 2700
2024-07-17 23:30:22.112574 INFO: oop!unknow header: X-Vegeta-Seq: 2700
2024-07-17 23:30:22.112581 INFO: Accept-Encoding: gzip
2024-07-17 23:30:22.112587 INFO: oop!unknow header: Accept-Encoding: gzip
2024-07-17 23:30:22.112593 INFO: 
2024-07-17 23:30:22.112618 INFO: request:HTTP/1.1 200 OK

2024-07-17 23:30:22.112626 INFO: request:HTTP/1.1 200 OK
Content-Length:542

2024-07-17 23:30:22.112632 INFO: request:HTTP/1.1 200 OK
Content-Length:542
Connection:close

2024-07-17 23:30:22.112639 INFO: request:HTTP/1.1 200 OK
Content-Length:542
Connection:close


2024-07-17 23:30:22.112660 INFO: eventNum: 1
2024-07-17 23:30:22.112661 INFO: Thread 140246148044352 is running task

2024-07-17 23:30:22.112679 INFO: fd: 18, events: 4

2024-07-17 23:30:22.112746 INFO: Thread 140246156437056 is running task

2024-07-17 23:30:22.117031 INFO: eventNum: 1
2024-07-17 23:30:22.117063 INFO: fd: 13, events: 1

2024-07-17 23:30:22.117068 INFO: HandleListenEvent 13
2024-07-17 23:30:22.117089 INFO: HttpConn 28 init success
2024-07-17 23:30:22.117096 INFO: addTimer id:28 expireTime:1721230722
2024-07-17 23:30:22.117108 INFO: Client[28] in!
2024-07-17 23:30:22.117112 INFO: HandleListenEvent 13
2024-07-17 23:30:22.117122 ERROR: Accept failure -1
2024-07-17 23:30:22.117461 INFO: eventNum: 1
2024-07-17 23:30:22.117472 INFO: fd: 13, events: 1

2024-07-17 23:30:22.117476 INFO: HandleListenEvent 13
2024-07-17 23:30:22.117487 INFO: HttpConn 29 init success
2024-07-17 23:30:22.117493 INFO: addTimer id:29 expireTime:1721230722
2024-07-17 23:30:22.117519 INFO: Client[29] in!
2024-07-17 23:30:22.117524 INFO: HandleListenEvent 13
2024-07-17 23:30:22.117531 ERROR: Accept failure -1
2024-07-17 23:30:22.118129 INFO: eventNum: 1
2024-07-17 23:30:22.118145 INFO: fd: 28, events: 1

2024-07-17 23:30:22.118160 INFO: HttpConn 28 read success
2024-07-17 23:30:22.118172 INFO: GET / HTTP/1.1
2024-07-17 23:30:22.118178 INFO: Host: 39.98.202.182:9006
2024-07-17 23:30:22.118183 INFO: User-Agent: Go-http-client/1.1
2024-07-17 23:30:22.118187 INFO: oop!unknow header: User-Agent: Go-http-client/1.1
2024-07-17 23:30:22.118192 INFO: X-Vegeta-Seq: 2701
2024-07-17 23:30:22.118196 INFO: oop!unknow header: X-Vegeta-Seq: 2701
2024-07-17 23:30:22.118201 INFO: Accept-Encoding: gzip
2024-07-17 23:30:22.118212 INFO: oop!unknow header: Accept-Encoding: gzip
2024-07-17 23:30:22.118217 INFO: 
2024-07-17 23:30:22.118236 INFO: request:HTTP/1.1 200 OK

2024-07-17 23:30:22.118241 INFO: request:HTTP/1.1 200 OK
Content-Length:542

2024-07-17 23:30:22.118246 INFO: request:HTTP/1.1 200 OK
Content-Length:542
Connection:close

2024-07-17 23:30:22.118250 INFO: request:HTTP/1.1 200 OK
Content-Length:542
Connection:close


2024-07-17 23:30:22.118263 INFO: Thread 140246131258944 is running task

2024-07-17 23:30:22.118273 INFO: eventNum: 1
2024-07-17 23:30:22.118277 INFO: fd: 28, events: 4

2024-07-17 23:30:22.118313 INFO: Thread 140246114473536 is running task

2024-07-17 23:30:22.118585 INFO: eventNum: 1
2024-07-17 23:30:22.118600 INFO: fd: 29, events: 1

2024-07-17 23:30:22.118613 INFO: HttpConn 29 read success
2024-07-17 23:30:22.118623 INFO: GET / HTTP/1.1
2024-07-17 23:30:22.118628 INFO: Host: 39.98.202.182:9006
2024-07-17 23:30:22.118633 INFO: User-Agent: Go-http-client/1.1
2024-07-17 23:30:22.118637 INFO: oop!unknow header: User-Agent: Go-http-client/1.1
2024-07-17 23:30:22.118642 INFO: X-Vegeta-Seq: 2702
2024-07-17 23:30:22.118646 INFO: oop!unknow header: X-Vegeta-Seq: 2702
2024-07-17 23:30:22.118650 INFO: Accept-Encoding: gzip
2024-07-17 23:30:22.118654 INFO: oop!unknow header: Accept-Encoding: gzip
2024-07-17 23:30:22.118658 INFO: 
2024-07-17 23:30:22.118672 INFO: request:HTTP/1.1 200 OK

2024-07-17 23:30:22.118676 INFO: request:HTTP/1.1 200 OK
Content-Length:542

2024-07-17 23:30:22.118681 INFO: request:HTTP/1.1 200 OK
Content-Length:542
Connection:close

2024-07-17 23:30:22.118685 INFO: request:HTTP/1.1 200 OK
Content-Length:542
Connection:close


2024-07-17 23:30:22.118693 INFO: Thread 140246122866240 is running task

2024-07-17 23:30:22.118701 INFO: eventNum: 1
2024-07-17 23:30:22.118706 INFO: fd: 29, events: 4

2024-07-17 23:30:22.118731 INFO: Thread 140246106080832 is running task

2024-07-17 23:30:22.126767 INFO: eventNum: 1
2024-07-17 23:30:22.126809 INFO: fd: 17, events: 8193

2024-07-17 23:30:22.126838 INFO: HttpConn 17 close success
2024-07-17 23:30:22.126847 INFO: Client[17] quit!
2024-07-17 23:30:22.127249 INFO: eventNum: 1
2024-07-17 23:30:22.127261 INFO: fd: 26, events: 8193

2024-07-17 23:30:22.127275 INFO: HttpConn 26 close success
2024-07-17 23:30:22.127283 INFO: Client[26] quit!
2024-07-17 23:30:22.128374 INFO: eventNum: 1
2024-07-17 23:30:22.128390 INFO: fd: 16, events: 8193

2024-07-17 23:30:22.128405 INFO: HttpConn 16 close success
2024-07-17 23:30:22.128410 INFO: Client[16] quit!
2024-07-17 23:30:22.128856 INFO: eventNum: 1
2024-07-17 23:30:22.128868 INFO: fd: 18, events: 8193

2024-07-17 23:30:22.128882 INFO: HttpConn 18 close success
2024-07-17 23:30:22.128890 INFO: Client[18] quit!
2024-07-17 23:30:22.129768 INFO: eventNum: 1
2024-07-17 23:30:22.129790 INFO: fd: 28, events: 8193

2024-07-17 23:30:22.129814 INFO: HttpConn 28 close success
2024-07-17 23:30:22.129822 INFO: Client[28] quit!
2024-07-17 23:30:22.131762 INFO: eventNum: 1
2024-07-17 23:30:22.131785 INFO: fd: 29, events: 8193

2024-07-17 23:30:22.131804 INFO: HttpConn 29 close success
2024-07-17 23:30:22.131813 INFO: Client[29] quit!
2024-07-17 23:30:22.133339 INFO: eventNum: 1
2024-07-17 23:30:22.133353 INFO: fd: 13, events: 1

2024-07-17 23:30:22.133358 INFO: HandleListenEvent 13
2024-07-17 23:30:22.133381 INFO: HttpConn 16 init success
2024-07-17 23:30:22.133388 INFO: addTimer id:16 expireTime:1721230722
2024-07-17 23:30:22.133401 INFO: Client[16] in!
2024-07-17 23:30:22.133406 INFO: HandleListenEvent 13
2024-07-17 23:30:22.133413 ERROR: Accept failure -1
2024-07-17 23:30:22.135226 INFO: eventNum: 1
2024-07-17 23:30:22.135250 INFO: fd: 16, events: 1

2024-07-17 23:30:22.135268 INFO: HttpConn 16 read success
2024-07-17 23:30:22.135281 INFO: GET / HTTP/1.1
2024-07-17 23:30:22.135288 INFO: Host: 39.98.202.182:9006
2024-07-17 23:30:22.135293 INFO: User-Agent: Go-http-client/1.1
2024-07-17 23:30:22.135297 INFO: oop!unknow header: User-Agent: Go-http-client/1.1
2024-07-17 23:30:22.135302 INFO: X-Vegeta-Seq: 2714
2024-07-17 23:30:22.135317 INFO: oop!unknow header: X-Vegeta-Seq: 2714
2024-07-17 23:30:22.135322 INFO: Accept-Encoding: gzip
2024-07-17 23:30:22.135326 INFO: oop!unknow header: Accept-Encoding: gzip
2024-07-17 23:30:22.135330 INFO: 
2024-07-17 23:30:22.135355 INFO: request:HTTP/1.1 200 OK

2024-07-17 23:30:22.135360 INFO: request:HTTP/1.1 200 OK
Content-Length:542

2024-07-17 23:30:22.135365 INFO: request:HTTP/1.1 200 OK
Content-Length:542
Connection:close

2024-07-17 23:30:22.135369 INFO: request:HTTP/1.1 200 OK
Content-Length:542
Connection:close


2024-07-17 23:30:22.135385 INFO: Thread 140246139651648 is running task

2024-07-17 23:30:22.135395 INFO: eventNum: 1
2024-07-17 23:30:22.135400 INFO: fd: 16, events: 4

2024-07-17 23:30:22.135441 INFO: Thread 140246097688128 is running task

2024-07-17 23:30:22.149984 INFO: eventNum: 1
2024-07-17 23:30:22.150045 INFO: fd: 13, events: 1

2024-07-17 23:30:22.150051 INFO: HandleListenEvent 13
2024-07-17 23:30:22.150084 INFO: HttpConn 17 init success
2024-07-17 23:30:22.150103 INFO: addTimer id:17 expireTime:1721230722
2024-07-17 23:30:22.150147 INFO: Client[17] in!
2024-07-17 23:30:22.150155 INFO: HandleListenEvent 13
2024-07-17 23:30:22.150167 ERROR: Accept failure -1
2024-07-17 23:30:22.150529 INFO: eventNum: 1
2024-07-17 23:30:22.150554 INFO: fd: 16, events: 8193

2024-07-17 23:30:22.150583 INFO: HttpConn 16 close success
2024-07-17 23:30:22.150589 INFO: Client[16] quit!
2024-07-17 23:30:22.152234 INFO: eventNum: 1
2024-07-17 23:30:22.152286 INFO: fd: 17, events: 1

2024-07-17 23:30:22.152321 INFO: HttpConn 17 read success
2024-07-17 23:30:22.152339 INFO: GET / HTTP/1.1
2024-07-17 23:30:22.152349 INFO: Host: 39.98.202.182:9006
2024-07-17 23:30:22.152357 INFO: User-Agent: Go-http-client/1.1
2024-07-17 23:30:22.152363 INFO: oop!unknow header: User-Agent: Go-http-client/1.1
2024-07-17 23:30:22.152370 INFO: X-Vegeta-Seq: 2721
2024-07-17 23:30:22.152377 INFO: oop!unknow header: X-Vegeta-Seq: 2721
2024-07-17 23:30:22.152382 INFO: Accept-Encoding: gzip
2024-07-17 23:30:22.152388 INFO: oop!unknow header: Accept-Encoding: gzip
2024-07-17 23:30:22.152393 INFO: 
2024-07-17 23:30:22.152424 INFO: request:HTTP/1.1 200 OK

2024-07-17 23:30:22.152431 INFO: request:HTTP/1.1 200 OK
Content-Length:542

2024-07-17 23:30:22.152439 INFO: request:HTTP/1.1 200 OK
Content-Length:542
Connection:close

2024-07-17 23:30:22.152445 INFO: request:HTTP/1.1 200 OK
Content-Length:542
Connection:close


2024-07-17 23:30:22.152472 INFO: Thread 140246148044352 is running task

2024-07-17 23:30:22.152487 INFO: eventNum: 1
2024-07-17 23:30:22.152493 INFO: fd: 17, events: 4

2024-07-17 23:30:22.152555 INFO: Thread 140246156437056 is running task

2024-07-17 23:30:22.152824 INFO: eventNum: 1
2024-07-17 23:30:22.152848 INFO: fd: 13, events: 1

2024-07-17 23:30:22.152854 INFO: HandleListenEvent 13
2024-07-17 23:30:22.152867 INFO: HttpConn 16 init success
2024-07-17 23:30:22.152873 INFO: addTimer id:16 expireTime:1721230722
2024-07-17 23:30:22.152885 INFO: Client[16] in!
2024-07-17 23:30:22.152889 INFO: HandleListenEvent 13
2024-07-17 23:30:22.152898 ERROR: Accept failure -1
2024-07-17 23:30:22.153175 INFO: eventNum: 2
2024-07-17 23:30:22.153193 INFO: fd: 13, events: 1

2024-07-17 23:30:22.153198 INFO: HandleListenEvent 13
2024-07-17 23:30:22.153214 INFO: HttpConn 18 init success
2024-07-17 23:30:22.153220 INFO: addTimer id:18 expireTime:1721230722
2024-07-17 23:30:22.153229 INFO: Client[18] in!
2024-07-17 23:30:22.153233 INFO: HandleListenEvent 13
2024-07-17 23:30:22.153241 ERROR: Accept failure -1
2024-07-17 23:30:22.153246 INFO: fd: 16, events: 1

2024-07-17 23:30:22.153260 INFO: HttpConn 16 read success
2024-07-17 23:30:22.153271 INFO: GET / HTTP/1.1
2024-07-17 23:30:22.153277 INFO: Host: 39.98.202.182:9006
2024-07-17 23:30:22.153282 INFO: User-Agent: Go-http-client/1.1
2024-07-17 23:30:22.153286 INFO: oop!unknow header: User-Agent: Go-http-client/1.1
2024-07-17 23:30:22.153291 INFO: X-Vegeta-Seq: 2726
2024-07-17 23:30:22.153295 INFO: oop!unknow header: X-Vegeta-Seq: 2726
2024-07-17 23:30:22.153300 INFO: Accept-Encoding: gzip
2024-07-17 23:30:22.153311 INFO: oop!unknow header: Accept-Encoding: gzip
2024-07-17 23:30:22.153316 INFO: 
2024-07-17 23:30:22.153334 INFO: request:HTTP/1.1 200 OK

2024-07-17 23:30:22.153339 INFO: request:HTTP/1.1 200 OK
Content-Length:542

2024-07-17 23:30:22.153343 INFO: request:HTTP/1.1 200 OK
Content-Length:542
Connection:close

2024-07-17 23:30:22.153348 INFO: request:HTTP/1.1 200 OK
Content-Length:542
Connection:close


2024-07-17 23:30:22.153358 INFO: Thread 140246131258944 is running task

2024-07-17 23:30:22.153368 INFO: eventNum: 1
2024-07-17 23:30:22.153373 INFO: fd: 16, events: 4

2024-07-17 23:30:22.153408 INFO: Thread 140246114473536 is running task

2024-07-17 23:30:22.153521 INFO: eventNum: 1
2024-07-17 23:30:22.153542 INFO: fd: 18, events: 1

2024-07-17 23:30:22.153562 INFO: HttpConn 18 read success
2024-07-17 23:30:22.153575 INFO: GET / HTTP/1.1
2024-07-17 23:30:22.153580 INFO: Host: 39.98.202.182:9006
2024-07-17 23:30:22.153585 INFO: User-Agent: Go-http-client/1.1
2024-07-17 23:30:22.153589 INFO: oop!unknow header: User-Agent: Go-http-client/1.1
2024-07-17 23:30:22.153594 INFO: X-Vegeta-Seq: 2725
2024-07-17 23:30:22.153598 INFO: oop!unknow header: X-Vegeta-Seq: 2725
2024-07-17 23:30:22.153602 INFO: Accept-Encoding: gzip
2024-07-17 23:30:22.153606 INFO: oop!unknow header: Accept-Encoding: gzip
2024-07-17 23:30:22.153610 INFO: 
2024-07-17 23:30:22.153625 INFO: request:HTTP/1.1 200 OK

2024-07-17 23:30:22.153630 INFO: request:HTTP/1.1 200 OK
Content-Length:542

2024-07-17 23:30:22.153634 INFO: request:HTTP/1.1 200 OK
Content-Length:542
Connection:close

2024-07-17 23:30:22.153638 INFO: request:HTTP/1.1 200 OK
Content-Length:542
Connection:close


2024-07-17 23:30:22.153649 INFO: Thread 140246122866240 is running task

2024-07-17 23:30:22.153684 INFO: eventNum: 1
2024-07-17 23:30:22.153691 INFO: fd: 18, events: 4

2024-07-17 23:30:22.153725 INFO: Thread 140246106080832 is running task

2024-07-17 23:30:22.157660 INFO: eventNum: 1
2024-07-17 23:30:22.157693 INFO: fd: 13, events: 1

2024-07-17 23:30:22.157698 INFO: HandleListenEvent 13
2024-07-17 23:30:22.157718 INFO: HttpConn 26 init success
2024-07-17 23:30:22.157724 INFO: addTimer id:26 expireTime:1721230722
2024-07-17 23:30:22.157735 INFO: Client[26] in!
2024-07-17 23:30:22.157740 INFO: HandleListenEvent 13
2024-07-17 23:30:22.157748 ERROR: Accept failure -1
2024-07-17 23:30:22.158014 INFO: eventNum: 1
2024-07-17 23:30:22.158030 INFO: fd: 26, events: 1

2024-07-17 23:30:22.158045 INFO: HttpConn 26 read success
2024-07-17 23:30:22.158056 INFO: GET / HTTP/1.1
2024-07-17 23:30:22.158062 INFO: Host: 39.98.202.182:9006
2024-07-17 23:30:22.158067 INFO: User-Agent: Go-http-client/1.1
2024-07-17 23:30:22.158071 INFO: oop!unknow header: User-Agent: Go-http-client/1.1
2024-07-17 23:30:22.158075 INFO: X-Vegeta-Seq: 2724
2024-07-17 23:30:22.158079 INFO: oop!unknow header: X-Vegeta-Seq: 2724
2024-07-17 23:30:22.158084 INFO: Accept-Encoding: gzip
2024-07-17 23:30:22.158088 INFO: oop!unknow header: Accept-Encoding: gzip
2024-07-17 23:30:22.158092 INFO: 
2024-07-17 23:30:22.158109 INFO: request:HTTP/1.1 200 OK

2024-07-17 23:30:22.158128 INFO: request:HTTP/1.1 200 OK
Content-Length:542

2024-07-17 23:30:22.158133 INFO: request:HTTP/1.1 200 OK
Content-Length:542
Connection:close

2024-07-17 23:30:22.158137 INFO: request:HTTP/1.1 200 OK
Content-Length:542
Connection:close


2024-07-17 23:30:22.158149 INFO: Thread 140246139651648 is running task

2024-07-17 23:30:22.158158 INFO: eventNum: 1
2024-07-17 23:30:22.158163 INFO: fd: 26, events: 4

2024-07-17 23:30:22.158200 INFO: Thread 140246097688128 is running task

2024-07-17 23:30:22.171183 INFO: eventNum: 1
2024-07-17 23:30:22.171260 INFO: fd: 13, events: 1

2024-07-17 23:30:22.171269 INFO: HandleListenEvent 13
2024-07-17 23:30:22.171311 INFO: HttpConn 28 init success
2024-07-17 23:30:22.171320 INFO: addTimer id:28 expireTime:1721230722
2024-07-17 23:30:22.171334 INFO: Client[28] in!
2024-07-17 23:30:22.171339 INFO: HandleListenEvent 13
2024-07-17 23:30:22.171350 INFO: HttpConn 29 init success
2024-07-17 23:30:22.171363 INFO: addTimer id:29 expireTime:1721230722
2024-07-17 23:30:22.171372 INFO: Client[29] in!
2024-07-17 23:30:22.171376 INFO: HandleListenEvent 13
2024-07-17 23:30:22.171388 ERROR: Accept failure -1
2024-07-17 23:30:22.173411 INFO: eventNum: 1
2024-07-17 23:30:22.173459 INFO: fd: 26, events: 8193

2024-07-17 23:30:22.173492 INFO: HttpConn 26 close success
2024-07-17 23:30:22.173505 INFO: Client[26] quit!
2024-07-17 23:30:22.173848 INFO: eventNum: 1
2024-07-17 23:30:22.173877 INFO: fd: 28, events: 1

2024-07-17 23:30:22.173906 INFO: HttpConn 28 read success
2024-07-17 23:30:22.173924 INFO: GET / HTTP/1.1
2024-07-17 23:30:22.173936 INFO: Host: 39.98.202.182:9006
2024-07-17 23:30:22.173942 INFO: User-Agent: Go-http-client/1.1
2024-07-17 23:30:22.173946 INFO: oop!unknow header: User-Agent: Go-http-client/1.1
2024-07-17 23:30:22.173953 INFO: X-Vegeta-Seq: 2731
2024-07-17 23:30:22.173958 INFO: oop!unknow header: X-Vegeta-Seq: 2731
2024-07-17 23:30:22.173962 INFO: Accept-Encoding: gzip
2024-07-17 23:30:22.173970 INFO: oop!unknow header: Accept-Encoding: gzip
2024-07-17 23:30:22.173974 INFO: 
2024-07-17 23:30:22.174024 INFO: request:HTTP/1.1 200 OK

2024-07-17 23:30:22.174030 INFO: request:HTTP/1.1 200 OK
Content-Length:542

2024-07-17 23:30:22.174034 INFO: request:HTTP/1.1 200 OK
Content-Length:542
Connection:close

2024-07-17 23:30:22.174039 INFO: request:HTTP/1.1 200 OK
Content-Length:542
Connection:close


2024-07-17 23:30:22.174055 INFO: Thread 140246148044352 is running task

2024-07-17 23:30:22.174075 INFO: eventNum: 2
2024-07-17 23:30:22.174081 INFO: fd: 29, events: 1

2024-07-17 23:30:22.174095 INFO: HttpConn 29 read success
2024-07-17 23:30:22.174104 INFO: GET / HTTP/1.1
2024-07-17 23:30:22.174110 INFO: Host: 39.98.202.182:9006
2024-07-17 23:30:22.174131 INFO: User-Agent: Go-http-client/1.1
2024-07-17 23:30:22.174136 INFO: oop!unknow header: User-Agent: Go-http-client/1.1
2024-07-17 23:30:22.174140 INFO: X-Vegeta-Seq: 2733
2024-07-17 23:30:22.174152 INFO: oop!unknow header: X-Vegeta-Seq: 2733
2024-07-17 23:30:22.174157 INFO: Accept-Encoding: gzip
2024-07-17 23:30:22.174161 INFO: oop!unknow header: Accept-Encoding: gzip
2024-07-17 23:30:22.174166 INFO: 
2024-07-17 23:30:22.174180 INFO: request:HTTP/1.1 200 OK

2024-07-17 23:30:22.174185 INFO: request:HTTP/1.1 200 OK
Content-Length:542

2024-07-17 23:30:22.174190 INFO: request:HTTP/1.1 200 OK
Content-Length:542
Connection:close

2024-07-17 23:30:22.174194 INFO: request:HTTP/1.1 200 OK
Content-Length:542
Connection:close


2024-07-17 23:30:22.174202 INFO: Thread 140246156437056 is running task

2024-07-17 23:30:22.174210 INFO: fd: 28, events: 4

2024-07-17 23:30:22.174222 INFO: eventNum: 2
2024-07-17 23:30:22.174227 INFO: fd: 16, events: 8193

2024-07-17 23:30:22.174244 INFO: HttpConn 16 close success
2024-07-17 23:30:22.174250 INFO: Client[16] quit!
2024-07-17 23:30:22.174254 INFO: fd: 29, events: 4

2024-07-17 23:30:22.174274 INFO: Thread 140246131258944 is running task

2024-07-17 23:30:22.174306 INFO: Thread 140246131258944 is running task

2024-07-17 23:30:22.174372 INFO: eventNum: 1
2024-07-17 23:30:22.174380 INFO: fd: 17, events: 8193

2024-07-17 23:30:22.174396 INFO: HttpConn 17 close success
2024-07-17 23:30:22.174404 INFO: Client[17] quit!
2024-07-17 23:30:22.174917 INFO: eventNum: 1
2024-07-17 23:30:22.174933 INFO: fd: 18, events: 8193

2024-07-17 23:30:22.174949 INFO: HttpConn 18 close success
2024-07-17 23:30:22.174957 INFO: Client[18] quit!
2024-07-17 23:30:22.178645 INFO: eventNum: 1
2024-07-17 23:30:22.178667 INFO: fd: 13, events: 1

2024-07-17 23:30:22.178673 INFO: HandleListenEvent 13
2024-07-17 23:30:22.178694 INFO: HttpConn 16 init success
2024-07-17 23:30:22.178700 INFO: addTimer id:16 expireTime:1721230722
2024-07-17 23:30:22.178711 INFO: Client[16] in!
2024-07-17 23:30:22.178716 INFO: HandleListenEvent 13
2024-07-17 23:30:22.178724 ERROR: Accept failure -1
2024-07-17 23:30:22.181638 INFO: eventNum: 1
2024-07-17 23:30:22.181658 INFO: fd: 16, events: 1

2024-07-17 23:30:22.181676 INFO: HttpConn 16 read success
2024-07-17 23:30:22.181737 INFO: GET / HTTP/1.1
2024-07-17 23:30:22.181744 INFO: Host: 39.98.202.182:9006
2024-07-17 23:30:22.181749 INFO: User-Agent: Go-http-client/1.1
2024-07-17 23:30:22.181753 INFO: oop!unknow header: User-Agent: Go-http-client/1.1
2024-07-17 23:30:22.181758 INFO: X-Vegeta-Seq: 2736
2024-07-17 23:30:22.181762 INFO: oop!unknow header: X-Vegeta-Seq: 2736
2024-07-17 23:30:22.181766 INFO: Accept-Encoding: gzip
2024-07-17 23:30:22.181771 INFO: oop!unknow header: Accept-Encoding: gzip
2024-07-17 23:30:22.181775 INFO: 
2024-07-17 23:30:22.181801 INFO: request:HTTP/1.1 200 OK

2024-07-17 23:30:22.181806 INFO: request:HTTP/1.1 200 OK
Content-Length:542

2024-07-17 23:30:22.181810 INFO: request:HTTP/1.1 200 OK
Content-Length:542
Connection:close

2024-07-17 23:30:22.181815 INFO: request:HTTP/1.1 200 OK
Content-Length:542
Connection:close


2024-07-17 23:30:22.181831 INFO: Thread 140246122866240 is running task

2024-07-17 23:30:22.181853 INFO: eventNum: 1
2024-07-17 23:30:22.181865 INFO: fd: 16, events: 4

2024-07-17 23:30:22.181916 INFO: Thread 140246106080832 is running task

2024-07-17 23:30:22.183007 INFO: eventNum: 1
2024-07-17 23:30:22.183029 INFO: fd: 13, events: 1

2024-07-17 23:30:22.183034 INFO: HandleListenEvent 13
2024-07-17 23:30:22.183051 INFO: HttpConn 17 init success
2024-07-17 23:30:22.183057 INFO: addTimer id:17 expireTime:1721230722
2024-07-17 23:30:22.183068 INFO: Client[17] in!
2024-07-17 23:30:22.183073 INFO: HandleListenEvent 13
2024-07-17 23:30:22.183082 ERROR: Accept failure -1
2024-07-17 23:30:22.184131 INFO: eventNum: 1
2024-07-17 23:30:22.184152 INFO: fd: 17, events: 1

2024-07-17 23:30:22.184168 INFO: HttpConn 17 read success
2024-07-17 23:30:22.184180 INFO: GET / HTTP/1.1
2024-07-17 23:30:22.184186 INFO: Host: 39.98.202.182:9006
2024-07-17 23:30:22.184190 INFO: User-Agent: Go-http-client/1.1
2024-07-17 23:30:22.184195 INFO: oop!unknow header: User-Agent: Go-http-client/1.1
2024-07-17 23:30:22.184199 INFO: X-Vegeta-Seq: 2741
2024-07-17 23:30:22.184203 INFO: oop!unknow header: X-Vegeta-Seq: 2741
2024-07-17 23:30:22.184208 INFO: Accept-Encoding: gzip
2024-07-17 23:30:22.184212 INFO: oop!unknow header: Accept-Encoding: gzip
2024-07-17 23:30:22.184216 INFO: 
2024-07-17 23:30:22.184235 INFO: request:HTTP/1.1 200 OK

2024-07-17 23:30:22.184240 INFO: request:HTTP/1.1 200 OK
Content-Length:542

2024-07-17 23:30:22.184244 INFO: request:HTTP/1.1 200 OK
Content-Length:542
Connection:close

2024-07-17 23:30:22.184248 INFO: request:HTTP/1.1 200 OK
Content-Length:542
Connection:close


2024-07-17 23:30:22.184259 INFO: Thread 140246139651648 is running task

2024-07-17 23:30:22.184269 INFO: eventNum: 1
2024-07-17 23:30:22.184274 INFO: fd: 17, events: 4

2024-07-17 23:30:22.184309 INFO: Thread 140246097688128 is running task

2024-07-17 23:30:22.195682 INFO: eventNum: 1
2024-07-17 23:30:22.195731 INFO: fd: 13, events: 1

2024-07-17 23:30:22.195739 INFO: HandleListenEvent 13
2024-07-17 23:30:22.195768 INFO: HttpConn 18 init success
