2024-07-17 23:31:29.767143 INFO: Thread 140246114473536 is running task

2024-07-17 23:31:29.767222 INFO: fd: 180, events: 1

2024-07-17 23:31:29.767243 INFO: HttpConn 180 read success
2024-07-17 23:31:29.767257 INFO: GET / HTTP/1.1
2024-07-17 23:31:29.767265 INFO: Host: 39.98.202.182:9006
2024-07-17 23:31:29.767269 INFO: User-Agent: Go-http-client/1.1
2024-07-17 23:31:29.767274 INFO: oop!unknow header: User-Agent: Go-http-client/1.1
2024-07-17 23:31:29.767278 INFO: X-Vegeta-Seq: 758
2024-07-17 23:31:29.767282 INFO: oop!unknow header: X-Vegeta-Seq: 758
2024-07-17 23:31:29.767287 INFO: Accept-Encoding: gzip
2024-07-17 23:31:29.767291 INFO: oop!unknow header: Accept-Encoding: gzip
2024-07-17 23:31:29.767295 INFO: 
2024-07-17 23:31:29.767309 INFO: request:HTTP/1.1 200 OK

2024-07-17 23:31:29.767314 INFO: request:HTTP/1.1 200 OK
Content-Length:542

2024-07-17 23:31:29.767319 INFO: request:HTTP/1.1 200 OK
Content-Length:542
Connection:close

2024-07-17 23:31:29.767326 INFO: request:HTTP/1.1 200 OK
Content-Length:542
Connection:close


2024-07-17 23:31:29.767334 INFO: Thread 140246097688128 is running task

2024-07-17 23:31:29.767345 INFO: fd: 148, events: 4

2024-07-17 23:31:29.767361 INFO: eventNum: 1
2024-07-17 23:31:29.767366 INFO: fd: 180, events: 4

2024-07-17 23:31:29.767388 INFO: Thread 140246139651648 is running task

2024-07-17 23:31:29.767412 INFO: Thread 140246139651648 is running task

2024-07-17 23:31:29.767653 INFO: eventNum: 1
2024-07-17 23:31:29.767667 INFO: fd: 183, events: 1

2024-07-17 23:31:29.767695 INFO: HttpConn 183 read success
2024-07-17 23:31:29.767700 INFO: eventNum: 1
2024-07-17 23:31:29.767712 INFO: GET / HTTP/1.1
2024-07-17 23:31:29.767733 INFO: Host: 39.98.202.182:9006
2024-07-17 23:31:29.767741 INFO: User-Agent: Go-http-client/1.1
2024-07-17 23:31:29.767750 INFO: oop!unknow header: User-Agent: Go-http-client/1.1
2024-07-17 23:31:29.767721 INFO: fd: 184, events: 1

2024-07-17 23:31:29.767755 INFO: X-Vegeta-Seq: 749
2024-07-17 23:31:29.767771 INFO: oop!unknow header: X-Vegeta-Seq: 749
2024-07-17 23:31:29.767771 INFO: HttpConn 184 read success
2024-07-17 23:31:29.767780 INFO: Accept-Encoding: gzip
2024-07-17 23:31:29.767793 INFO: GET / HTTP/1.1
2024-07-17 23:31:29.767795 INFO: oop!unknow header: Accept-Encoding: gzip
2024-07-17 23:31:29.767816 INFO: 
2024-07-17 23:31:29.767805 INFO: Host: 39.98.202.182:9006
2024-07-17 23:31:29.767828 INFO: User-Agent: Go-http-client/1.1
2024-07-17 23:31:29.767833 INFO: request:HTTP/1.1 200 OK

2024-07-17 23:31:29.767834 INFO: oop!unknow header: User-Agent: Go-http-client/1.1
2024-07-17 23:31:29.767850 INFO: X-Vegeta-Seq: 753
2024-07-17 23:31:29.767859 INFO: oop!unknow header: X-Vegeta-Seq: 753
2024-07-17 23:31:29.767863 INFO: Accept-Encoding: gzip
2024-07-17 23:31:29.767842 INFO: request:HTTP/1.1 200 OK
Content-Length:542

2024-07-17 23:31:29.767878 INFO: request:HTTP/1.1 200 OK
Content-Length:542
Connection:close

2024-07-17 23:31:29.767884 INFO: request:HTTP/1.1 200 OK
Content-Length:542
Connection:close


2024-07-17 23:31:29.767868 INFO: oop!unknow header: Accept-Encoding: gzip
2024-07-17 23:31:29.767899 INFO: Thread 140246148044352 is running task

2024-07-17 23:31:29.767914 INFO: eventNum: 1
2024-07-17 23:31:29.767909 INFO: 
2024-07-17 23:31:29.767943 INFO: request:HTTP/1.1 200 OK

2024-07-17 23:31:29.767951 INFO: request:HTTP/1.1 200 OK
Content-Length:542

2024-07-17 23:31:29.767958 INFO: request:HTTP/1.1 200 OK
Content-Length:542
Connection:close

2024-07-17 23:31:29.767965 INFO: request:HTTP/1.1 200 OK
Content-Length:542
Connection:close


2024-07-17 23:31:29.767980 INFO: Thread 140246106080832 is running task

2024-07-17 23:31:29.767989 INFO: fd: 183, events: 4

2024-07-17 23:31:29.768022 INFO: Thread 140246131258944 is running task

2024-07-17 23:31:29.768046 INFO: eventNum: 1
2024-07-17 23:31:29.768052 INFO: fd: 184, events: 4

2024-07-17 23:31:29.768083 INFO: Thread 140246122866240 is running task

2024-07-17 23:31:29.768470 INFO: eventNum: 1
2024-07-17 23:31:29.768490 INFO: fd: 13, events: 1

2024-07-17 23:31:29.768496 INFO: HandleListenEvent 13
2024-07-17 23:31:29.768519 INFO: HttpConn 187 init success
2024-07-17 23:31:29.768525 INFO: addTimer id:187 expireTime:1721230789
2024-07-17 23:31:29.768536 INFO: Client[187] in!
2024-07-17 23:31:29.768540 INFO: HandleListenEvent 13
2024-07-17 23:31:29.768549 ERROR: Accept failure -1
2024-07-17 23:31:29.768595 INFO: eventNum: 1
2024-07-17 23:31:29.768602 INFO: fd: 13, events: 1

2024-07-17 23:31:29.768606 INFO: HandleListenEvent 13
2024-07-17 23:31:29.768617 INFO: HttpConn 188 init success
2024-07-17 23:31:29.768623 INFO: addTimer id:188 expireTime:1721230789
2024-07-17 23:31:29.768632 INFO: Client[188] in!
2024-07-17 23:31:29.768636 INFO: HandleListenEvent 13
2024-07-17 23:31:29.768643 ERROR: Accept failure -1
2024-07-17 23:31:29.768977 INFO: eventNum: 1
2024-07-17 23:31:29.768993 INFO: fd: 13, events: 1

2024-07-17 23:31:29.768998 INFO: HandleListenEvent 13
2024-07-17 23:31:29.769010 INFO: HttpConn 189 init success
2024-07-17 23:31:29.769016 INFO: addTimer id:189 expireTime:1721230789
2024-07-17 23:31:29.769025 INFO: Client[189] in!
2024-07-17 23:31:29.769030 INFO: HandleListenEvent 13
2024-07-17 23:31:29.769038 ERROR: Accept failure -1
2024-07-17 23:31:29.769067 INFO: eventNum: 1
2024-07-17 23:31:29.769074 INFO: fd: 13, events: 1

2024-07-17 23:31:29.769078 INFO: HandleListenEvent 13
2024-07-17 23:31:29.769089 INFO: HttpConn 190 init success
2024-07-17 23:31:29.769094 INFO: addTimer id:190 expireTime:1721230789
2024-07-17 23:31:29.769103 INFO: Client[190] in!
2024-07-17 23:31:29.769107 INFO: HandleListenEvent 13
2024-07-17 23:31:29.769115 ERROR: Accept failure -1
2024-07-17 23:31:29.769254 INFO: eventNum: 1
2024-07-17 23:31:29.769269 INFO: fd: 187, events: 1

2024-07-17 23:31:29.769283 INFO: HttpConn 187 read success
2024-07-17 23:31:29.769293 INFO: GET / HTTP/1.1
2024-07-17 23:31:29.769299 INFO: Host: 39.98.202.182:9006
2024-07-17 23:31:29.769304 INFO: User-Agent: Go-http-client/1.1
2024-07-17 23:31:29.769308 INFO: oop!unknow header: User-Agent: Go-http-client/1.1
2024-07-17 23:31:29.769313 INFO: X-Vegeta-Seq: 857
2024-07-17 23:31:29.769317 INFO: oop!unknow header: X-Vegeta-Seq: 857
2024-07-17 23:31:29.769321 INFO: Accept-Encoding: gzip
2024-07-17 23:31:29.769326 INFO: oop!unknow header: Accept-Encoding: gzip
2024-07-17 23:31:29.769330 INFO: 
2024-07-17 23:31:29.769346 INFO: request:HTTP/1.1 200 OK

2024-07-17 23:31:29.769351 INFO: request:HTTP/1.1 200 OK
Content-Length:542

2024-07-17 23:31:29.769355 INFO: request:HTTP/1.1 200 OK
Content-Length:542
Connection:close

2024-07-17 23:31:29.769359 INFO: request:HTTP/1.1 200 OK
Content-Length:542
Connection:close


2024-07-17 23:31:29.769369 INFO: Thread 140246114473536 is running task

2024-07-17 23:31:29.769379 INFO: eventNum: 1
2024-07-17 23:31:29.769383 INFO: fd: 187, events: 4

2024-07-17 23:31:29.769460 INFO: Thread 140246097688128 is running task

2024-07-17 23:31:29.770144 INFO: eventNum: 1
2024-07-17 23:31:29.770176 INFO: fd: 188, events: 1

2024-07-17 23:31:29.770192 INFO: HttpConn 188 read success
2024-07-17 23:31:29.770201 INFO: GET / HTTP/1.1
2024-07-17 23:31:29.770207 INFO: Host: 39.98.202.182:9006
2024-07-17 23:31:29.770211 INFO: User-Agent: Go-http-client/1.1
2024-07-17 23:31:29.770216 INFO: oop!unknow header: User-Agent: Go-http-client/1.1
2024-07-17 23:31:29.770220 INFO: X-Vegeta-Seq: 860
2024-07-17 23:31:29.770224 INFO: oop!unknow header: X-Vegeta-Seq: 860
2024-07-17 23:31:29.770228 INFO: Accept-Encoding: gzip
2024-07-17 23:31:29.770233 INFO: oop!unknow header: Accept-Encoding: gzip
2024-07-17 23:31:29.770237 INFO: 
2024-07-17 23:31:29.770253 INFO: request:HTTP/1.1 200 OK

2024-07-17 23:31:29.770258 INFO: request:HTTP/1.1 200 OK
Content-Length:542

2024-07-17 23:31:29.770262 INFO: request:HTTP/1.1 200 OK
Content-Length:542
Connection:close

2024-07-17 23:31:29.770266 INFO: request:HTTP/1.1 200 OK
Content-Length:542
Connection:close


2024-07-17 23:31:29.770275 INFO: Thread 140246139651648 is running task

2024-07-17 23:31:29.770285 INFO: eventNum: 1
2024-07-17 23:31:29.770289 INFO: fd: 188, events: 4

2024-07-17 23:31:29.770316 INFO: Thread 140246156437056 is running task

2024-07-17 23:31:29.770506 INFO: eventNum: 1
2024-07-17 23:31:29.770518 INFO: fd: 189, events: 1

2024-07-17 23:31:29.770533 INFO: HttpConn 189 read success
2024-07-17 23:31:29.770541 INFO: GET / HTTP/1.1
2024-07-17 23:31:29.770549 INFO: Host: 39.98.202.182:9006
2024-07-17 23:31:29.770554 INFO: User-Agent: Go-http-client/1.1
2024-07-17 23:31:29.770558 INFO: oop!unknow header: User-Agent: Go-http-client/1.1
2024-07-17 23:31:29.770563 INFO: X-Vegeta-Seq: 859
2024-07-17 23:31:29.770567 INFO: oop!unknow header: X-Vegeta-Seq: 859
2024-07-17 23:31:29.770571 INFO: Accept-Encoding: gzip
2024-07-17 23:31:29.770575 INFO: oop!unknow header: Accept-Encoding: gzip
2024-07-17 23:31:29.770579 INFO: 
2024-07-17 23:31:29.770593 INFO: request:HTTP/1.1 200 OK

2024-07-17 23:31:29.770599 INFO: request:HTTP/1.1 200 OK
Content-Length:542

2024-07-17 23:31:29.770603 INFO: request:HTTP/1.1 200 OK
Content-Length:542
Connection:close

2024-07-17 23:31:29.770607 INFO: request:HTTP/1.1 200 OK
Content-Length:542
Connection:close


2024-07-17 23:31:29.770615 INFO: Thread 140246148044352 is running task

2024-07-17 23:31:29.770624 INFO: eventNum: 1
2024-07-17 23:31:29.770629 INFO: fd: 189, events: 4

2024-07-17 23:31:29.770679 INFO: Thread 140246106080832 is running task

2024-07-17 23:31:29.770891 INFO: eventNum: 1
2024-07-17 23:31:29.770912 INFO: fd: 13, events: 1

2024-07-17 23:31:29.770917 INFO: HandleListenEvent 13
2024-07-17 23:31:29.770932 INFO: HttpConn 191 init success
2024-07-17 23:31:29.770938 INFO: addTimer id:191 expireTime:1721230789
2024-07-17 23:31:29.770949 INFO: Client[191] in!
2024-07-17 23:31:29.770954 INFO: HandleListenEvent 13
2024-07-17 23:31:29.770965 INFO: HttpConn 192 init success
2024-07-17 23:31:29.770970 INFO: addTimer id:192 expireTime:1721230789
2024-07-17 23:31:29.770978 INFO: Client[192] in!
2024-07-17 23:31:29.770982 INFO: HandleListenEvent 13
2024-07-17 23:31:29.770991 ERROR: Accept failure -1
2024-07-17 23:31:29.771197 INFO: eventNum: 1
2024-07-17 23:31:29.771208 INFO: fd: 13, events: 1

2024-07-17 23:31:29.771213 INFO: HandleListenEvent 13
2024-07-17 23:31:29.771224 INFO: HttpConn 193 init success
2024-07-17 23:31:29.771237 INFO: addTimer id:193 expireTime:1721230789
2024-07-17 23:31:29.771247 INFO: Client[193] in!
2024-07-17 23:31:29.771251 INFO: HandleListenEvent 13
2024-07-17 23:31:29.771260 ERROR: Accept failure -1
2024-07-17 23:31:29.771265 INFO: eventNum: 2
2024-07-17 23:31:29.771289 INFO: fd: 192, events: 1

2024-07-17 23:31:29.771300 INFO: fd: 193, events: 1

2024-07-17 23:31:29.771307 INFO: HttpConn 192 read success
2024-07-17 23:31:29.771309 INFO: eventNum: 2
2024-07-17 23:31:29.771336 INFO: GET / HTTP/1.1
2024-07-17 23:31:29.771357 INFO: Host: 39.98.202.182:9006
2024-07-17 23:31:29.771344 INFO: fd: 191, events: 1

2024-07-17 23:31:29.771345 INFO: HttpConn 193 read success
2024-07-17 23:31:29.771374 INFO: fd: 190, events: 1

2024-07-17 23:31:29.771383 INFO: HttpConn 191 read success
2024-07-17 23:31:29.771391 INFO: GET / HTTP/1.1
2024-07-17 23:31:29.771396 INFO: Host: 39.98.202.182:9006
2024-07-17 23:31:29.771401 INFO: User-Agent: Go-http-client/1.1
2024-07-17 23:31:29.771405 INFO: oop!unknow header: User-Agent: Go-http-client/1.1
2024-07-17 23:31:29.771409 INFO: X-Vegeta-Seq: 867
2024-07-17 23:31:29.771413 INFO: oop!unknow header: X-Vegeta-Seq: 867
2024-07-17 23:31:29.771417 INFO: Accept-Encoding: gzip
2024-07-17 23:31:29.771421 INFO: oop!unknow header: Accept-Encoding: gzip
2024-07-17 23:31:29.771434 INFO: 
2024-07-17 23:31:29.771463 INFO: request:HTTP/1.1 200 OK

2024-07-17 23:31:29.771469 INFO: request:HTTP/1.1 200 OK
Content-Length:542

2024-07-17 23:31:29.771480 INFO: request:HTTP/1.1 200 OK
Content-Length:542
Connection:close

2024-07-17 23:31:29.771469 INFO: eventNum: 1
2024-07-17 23:31:29.771377 INFO: GET / HTTP/1.1
2024-07-17 23:31:29.771507 INFO: Host: 39.98.202.182:9006
2024-07-17 23:31:29.771512 INFO: User-Agent: Go-http-client/1.1
2024-07-17 23:31:29.771520 INFO: oop!unknow header: User-Agent: Go-http-client/1.1
2024-07-17 23:31:29.771535 INFO: X-Vegeta-Seq: 853
2024-07-17 23:31:29.771497 INFO: fd: 13, events: 1

2024-07-17 23:31:29.771363 INFO: User-Agent: Go-http-client/1.1
2024-07-17 23:31:29.771558 INFO: oop!unknow header: User-Agent: Go-http-client/1.1
2024-07-17 23:31:29.771548 INFO: HandleListenEvent 13
2024-07-17 23:31:29.771540 INFO: oop!unknow header: X-Vegeta-Seq: 853
2024-07-17 23:31:29.771576 INFO: Accept-Encoding: gzip
2024-07-17 23:31:29.771490 INFO: HttpConn 190 read success
2024-07-17 23:31:29.771595 INFO: GET / HTTP/1.1
2024-07-17 23:31:29.771606 INFO: Host: 39.98.202.182:9006
2024-07-17 23:31:29.771579 INFO: HttpConn 194 init success
2024-07-17 23:31:29.771581 INFO: oop!unknow header: Accept-Encoding: gzip
2024-07-17 23:31:29.771611 INFO: User-Agent: Go-http-client/1.1
2024-07-17 23:31:29.771620 INFO: addTimer id:194 expireTime:1721230789
2024-07-17 23:31:29.771563 INFO: X-Vegeta-Seq: 861
2024-07-17 23:31:29.771633 INFO: oop!unknow header: User-Agent: Go-http-client/1.1
2024-07-17 23:31:29.771665 INFO: X-Vegeta-Seq: 864
2024-07-17 23:31:29.771678 INFO: oop!unknow header: X-Vegeta-Seq: 864
2024-07-17 23:31:29.771651 INFO: Client[194] in!
2024-07-17 23:31:29.771621 INFO: 
2024-07-17 23:31:29.771700 INFO: HandleListenEvent 13
2024-07-17 23:31:29.771683 INFO: Accept-Encoding: gzip
2024-07-17 23:31:29.771715 INFO: oop!unknow header: Accept-Encoding: gzip
2024-07-17 23:31:29.771717 INFO: HttpConn 195 init success
2024-07-17 23:31:29.771652 INFO: oop!unknow header: X-Vegeta-Seq: 861
2024-07-17 23:31:29.771747 INFO: Accept-Encoding: gzip
2024-07-17 23:31:29.771731 INFO: addTimer id:195 expireTime:1721230789
2024-07-17 23:31:29.771484 INFO: request:HTTP/1.1 200 OK
Content-Length:542
Connection:close


2024-07-17 23:31:29.771765 INFO: Client[195] in!
2024-07-17 23:31:29.771772 INFO: Thread 140246114473536 is running task

2024-07-17 23:31:29.771704 INFO: request:HTTP/1.1 200 OK

2024-07-17 23:31:29.771795 INFO: request:HTTP/1.1 200 OK
Content-Length:542

2024-07-17 23:31:29.771800 INFO: request:HTTP/1.1 200 OK
Content-Length:542
Connection:close

2024-07-17 23:31:29.771809 INFO: request:HTTP/1.1 200 OK
Content-Length:542
Connection:close


2024-07-17 23:31:29.771772 INFO: HandleListenEvent 13
2024-07-17 23:31:29.771816 INFO: Thread 140246122866240 is running task

2024-07-17 23:31:29.771754 INFO: oop!unknow header: Accept-Encoding: gzip
2024-07-17 23:31:29.771723 INFO: 
2024-07-17 23:31:29.771858 INFO: 
2024-07-17 23:31:29.771880 INFO: request:HTTP/1.1 200 OK

2024-07-17 23:31:29.771894 INFO: request:HTTP/1.1 200 OK
Content-Length:542

2024-07-17 23:31:29.771835 ERROR: Accept failure -1
2024-07-17 23:31:29.771918 INFO: eventNum: 3
2024-07-17 23:31:29.771899 INFO: request:HTTP/1.1 200 OK
Content-Length:542
Connection:close

2024-07-17 23:31:29.771944 INFO: request:HTTP/1.1 200 OK
Content-Length:542
Connection:close


2024-07-17 23:31:29.771931 INFO: fd: 191, events: 4

2024-07-17 23:31:29.771899 INFO: request:HTTP/1.1 200 OK

2024-07-17 23:31:29.771962 INFO: Thread 140246097688128 is running task

2024-07-17 23:31:29.772014 INFO: Thread 140246139651648 is running task

2024-07-17 23:31:29.771981 INFO: request:HTTP/1.1 200 OK
Content-Length:542

2024-07-17 23:31:29.772029 INFO: request:HTTP/1.1 200 OK
Content-Length:542
Connection:close

2024-07-17 23:31:29.772034 INFO: request:HTTP/1.1 200 OK
Content-Length:542
Connection:close


2024-07-17 23:31:29.772041 INFO: Thread 140246131258944 is running task

2024-07-17 23:31:29.772048 INFO: fd: 193, events: 4

2024-07-17 23:31:29.772070 INFO: Thread 140246156437056 is running task

2024-07-17 23:31:29.772111 INFO: fd: 194, events: 1

2024-07-17 23:31:29.772128 INFO: HttpConn 194 read success
2024-07-17 23:31:29.772140 INFO: GET / HTTP/1.1
2024-07-17 23:31:29.772145 INFO: Host: 39.98.202.182:9006
2024-07-17 23:31:29.772150 INFO: User-Agent: Go-http-client/1.1
2024-07-17 23:31:29.772154 INFO: oop!unknow header: User-Agent: Go-http-client/1.1
2024-07-17 23:31:29.772158 INFO: X-Vegeta-Seq: 863
2024-07-17 23:31:29.772162 INFO: oop!unknow header: X-Vegeta-Seq: 863
2024-07-17 23:31:29.772171 INFO: Accept-Encoding: gzip
2024-07-17 23:31:29.772176 INFO: oop!unknow header: Accept-Encoding: gzip
2024-07-17 23:31:29.772180 INFO: 
2024-07-17 23:31:29.772194 INFO: request:HTTP/1.1 200 OK

2024-07-17 23:31:29.772199 INFO: request:HTTP/1.1 200 OK
Content-Length:542

2024-07-17 23:31:29.772203 INFO: request:HTTP/1.1 200 OK
Content-Length:542
Connection:close

2024-07-17 23:31:29.772208 INFO: request:HTTP/1.1 200 OK
Content-Length:542
Connection:close


2024-07-17 23:31:29.772215 INFO: Thread 140246148044352 is running task

2024-07-17 23:31:29.772223 INFO: eventNum: 5
2024-07-17 23:31:29.772228 INFO: fd: 190, events: 4

2024-07-17 23:31:29.772238 INFO: fd: 192, events: 4

2024-07-17 23:31:29.772247 INFO: fd: 195, events: 1

2024-07-17 23:31:29.772254 INFO: fd: 13, events: 1

2024-07-17 23:31:29.772259 INFO: HandleListenEvent 13
2024-07-17 23:31:29.772272 INFO: HttpConn 196 init success
2024-07-17 23:31:29.772282 INFO: addTimer id:196 expireTime:1721230789
2024-07-17 23:31:29.772293 INFO: Client[196] in!
2024-07-17 23:31:29.772296 INFO: Thread 140246114473536 is running task

2024-07-17 23:31:29.772297 INFO: HandleListenEvent 13
2024-07-17 23:31:29.772273 INFO: Thread 140246106080832 is running task

2024-07-17 23:31:29.772333 ERROR: Accept failure -1
2024-07-17 23:31:29.772343 INFO: fd: 194, events: 4

2024-07-17 23:31:29.772320 INFO: HttpConn 195 read success
2024-07-17 23:31:29.772361 INFO: GET / HTTP/1.1
2024-07-17 23:31:29.772367 INFO: Host: 39.98.202.182:9006
2024-07-17 23:31:29.772371 INFO: User-Agent: Go-http-client/1.1
2024-07-17 23:31:29.772376 INFO: oop!unknow header: User-Agent: Go-http-client/1.1
2024-07-17 23:31:29.772380 INFO: X-Vegeta-Seq: 866
2024-07-17 23:31:29.772384 INFO: oop!unknow header: X-Vegeta-Seq: 866
2024-07-17 23:31:29.772388 INFO: Accept-Encoding: gzip
2024-07-17 23:31:29.772392 INFO: oop!unknow header: Accept-Encoding: gzip
2024-07-17 23:31:29.772397 INFO: 
2024-07-17 23:31:29.772412 INFO: request:HTTP/1.1 200 OK

2024-07-17 23:31:29.772417 INFO: eventNum: 1
2024-07-17 23:31:29.772419 INFO: request:HTTP/1.1 200 OK
Content-Length:542

2024-07-17 23:31:29.772481 INFO: request:HTTP/1.1 200 OK
Content-Length:542
Connection:close

2024-07-17 23:31:29.772463 INFO: fd: 13, events: 1

2024-07-17 23:31:29.772497 INFO: HandleListenEvent 13
2024-07-17 23:31:29.772452 INFO: Thread 140246097688128 is running task

2024-07-17 23:31:29.772486 INFO: request:HTTP/1.1 200 OK
Content-Length:542
Connection:close


2024-07-17 23:31:29.772510 INFO: HttpConn 197 init success
2024-07-17 23:31:29.772525 INFO: Thread 140246114473536 is running task

2024-07-17 23:31:29.772537 INFO: addTimer id:197 expireTime:1721230789
2024-07-17 23:31:29.772565 INFO: Client[197] in!
2024-07-17 23:31:29.772570 INFO: HandleListenEvent 13
2024-07-17 23:31:29.772578 ERROR: Accept failure -1
2024-07-17 23:31:29.772584 INFO: eventNum: 2
2024-07-17 23:31:29.772588 INFO: fd: 196, events: 1

2024-07-17 23:31:29.772598 INFO: HttpConn 196 read success
2024-07-17 23:31:29.772606 INFO: GET / HTTP/1.1
2024-07-17 23:31:29.772621 INFO: Host: 39.98.202.182:9006
2024-07-17 23:31:29.772626 INFO: User-Agent: Go-http-client/1.1
2024-07-17 23:31:29.772631 INFO: oop!unknow header: User-Agent: Go-http-client/1.1
2024-07-17 23:31:29.772635 INFO: X-Vegeta-Seq: 868
2024-07-17 23:31:29.772639 INFO: oop!unknow header: X-Vegeta-Seq: 868
2024-07-17 23:31:29.772644 INFO: Accept-Encoding: gzip
2024-07-17 23:31:29.772648 INFO: oop!unknow header: Accept-Encoding: gzip
2024-07-17 23:31:29.772652 INFO: 
2024-07-17 23:31:29.772666 INFO: request:HTTP/1.1 200 OK

2024-07-17 23:31:29.772671 INFO: request:HTTP/1.1 200 OK
Content-Length:542

2024-07-17 23:31:29.772676 INFO: request:HTTP/1.1 200 OK
Content-Length:542
Connection:close

2024-07-17 23:31:29.772680 INFO: request:HTTP/1.1 200 OK
Content-Length:542
Connection:close


2024-07-17 23:31:29.772688 INFO: Thread 140246139651648 is running task

2024-07-17 23:31:29.772696 INFO: fd: 195, events: 4

2024-07-17 23:31:29.772722 INFO: Thread 140246131258944 is running task

2024-07-17 23:31:29.772737 INFO: eventNum: 2
2024-07-17 23:31:29.772742 INFO: fd: 13, events: 1

2024-07-17 23:31:29.772754 INFO: HandleListenEvent 13
2024-07-17 23:31:29.772766 INFO: HttpConn 198 init success
2024-07-17 23:31:29.772771 INFO: addTimer id:198 expireTime:1721230789
2024-07-17 23:31:29.772780 INFO: Client[198] in!
2024-07-17 23:31:29.772785 INFO: HandleListenEvent 13
2024-07-17 23:31:29.772792 ERROR: Accept failure -1
2024-07-17 23:31:29.772797 INFO: fd: 196, events: 4

2024-07-17 23:31:29.772818 INFO: Thread 140246156437056 is running task

2024-07-17 23:31:29.772828 INFO: eventNum: 1
2024-07-17 23:31:29.772833 INFO: fd: 197, events: 1

2024-07-17 23:31:29.772842 INFO: HttpConn 197 read success
2024-07-17 23:31:29.772850 INFO: GET / HTTP/1.1
2024-07-17 23:31:29.772855 INFO: Host: 39.98.202.182:9006
2024-07-17 23:31:29.772860 INFO: User-Agent: Go-http-client/1.1
2024-07-17 23:31:29.772864 INFO: oop!unknow header: User-Agent: Go-http-client/1.1
2024-07-17 23:31:29.772868 INFO: X-Vegeta-Seq: 858
2024-07-17 23:31:29.772872 INFO: oop!unknow header: X-Vegeta-Seq: 858
2024-07-17 23:31:29.772876 INFO: Accept-Encoding: gzip
2024-07-17 23:31:29.772881 INFO: oop!unknow header: Accept-Encoding: gzip
2024-07-17 23:31:29.772885 INFO: 
2024-07-17 23:31:29.772897 INFO: request:HTTP/1.1 200 OK

2024-07-17 23:31:29.772902 INFO: request:HTTP/1.1 200 OK
Content-Length:542

2024-07-17 23:31:29.772906 INFO: request:HTTP/1.1 200 OK
Content-Length:542
Connection:close

2024-07-17 23:31:29.772910 INFO: request:HTTP/1.1 200 OK
Content-Length:542
Connection:close


2024-07-17 23:31:29.772917 INFO: Thread 140246148044352 is running task

2024-07-17 23:31:29.772924 INFO: eventNum: 1
2024-07-17 23:31:29.772929 INFO: fd: 197, events: 4

2024-07-17 23:31:29.772966 INFO: Thread 140246122866240 is running task

2024-07-17 23:31:29.772972 INFO: eventNum: 1
2024-07-17 23:31:29.772985 INFO: fd: 13, events: 1

2024-07-17 23:31:29.772990 INFO: HandleListenEvent 13
2024-07-17 23:31:29.773003 INFO: HttpConn 199 init success
2024-07-17 23:31:29.773022 INFO: addTimer id:199 expireTime:1721230789
2024-07-17 23:31:29.773031 INFO: Client[199] in!
2024-07-17 23:31:29.773036 INFO: HandleListenEvent 13
2024-07-17 23:31:29.773046 INFO: HttpConn 200 init success
2024-07-17 23:31:29.773050 INFO: addTimer id:200 expireTime:1721230789
2024-07-17 23:31:29.773058 INFO: Client[200] in!
2024-07-17 23:31:29.773063 INFO: HandleListenEvent 13
2024-07-17 23:31:29.773072 ERROR: Accept failure -1
2024-07-17 23:31:29.773077 INFO: eventNum: 1
2024-07-17 23:31:29.773081 INFO: fd: 198, events: 1

2024-07-17 23:31:29.773098 INFO: HttpConn 198 read success
2024-07-17 23:31:29.773114 INFO: GET / HTTP/1.1
2024-07-17 23:31:29.773122 INFO: Host: 39.98.202.182:9006
2024-07-17 23:31:29.773130 INFO: User-Agent: Go-http-client/1.1
2024-07-17 23:31:29.773136 INFO: oop!unknow header: User-Agent: Go-http-client/1.1
2024-07-17 23:31:29.773142 INFO: X-Vegeta-Seq: 862
2024-07-17 23:31:29.773152 INFO: oop!unknow header: X-Vegeta-Seq: 862
2024-07-17 23:31:29.773158 INFO: Accept-Encoding: gzip
2024-07-17 23:31:29.773164 INFO: oop!unknow header: Accept-Encoding: gzip
2024-07-17 23:31:29.773171 INFO: 
2024-07-17 23:31:29.773190 INFO: request:HTTP/1.1 200 OK

2024-07-17 23:31:29.773197 INFO: request:HTTP/1.1 200 OK
Content-Length:542

2024-07-17 23:31:29.773204 INFO: request:HTTP/1.1 200 OK
Content-Length:542
Connection:close

2024-07-17 23:31:29.773209 INFO: request:HTTP/1.1 200 OK
Content-Length:542
Connection:close


2024-07-17 23:31:29.773224 INFO: Thread 140246106080832 is running task

2024-07-17 23:31:29.773228 INFO: eventNum: 1
2024-07-17 23:31:29.773237 INFO: fd: 198, events: 4

2024-07-17 23:31:29.773271 INFO: Thread 140246097688128 is running task

2024-07-17 23:31:29.773285 INFO: eventNum: 1
2024-07-17 23:31:29.773295 INFO: fd: 13, events: 1

2024-07-17 23:31:29.773299 INFO: HandleListenEvent 13
2024-07-17 23:31:29.773312 INFO: HttpConn 201 init success
2024-07-17 23:31:29.773317 INFO: addTimer id:201 expireTime:1721230789
2024-07-17 23:31:29.773327 INFO: Client[201] in!
2024-07-17 23:31:29.773336 INFO: HandleListenEvent 13
2024-07-17 23:31:29.773347 INFO: HttpConn 202 init success
2024-07-17 23:31:29.773352 INFO: addTimer id:202 expireTime:1721230789
2024-07-17 23:31:29.773360 INFO: Client[202] in!
2024-07-17 23:31:29.773373 INFO: HandleListenEvent 13
2024-07-17 23:31:29.773381 ERROR: Accept failure -1
2024-07-17 23:31:29.773387 INFO: eventNum: 1
2024-07-17 23:31:29.773391 INFO: fd: 199, events: 1

2024-07-17 23:31:29.773406 INFO: HttpConn 199 read success
2024-07-17 23:31:29.773420 INFO: GET / HTTP/1.1
2024-07-17 23:31:29.773448 INFO: Host: 39.98.202.182:9006
2024-07-17 23:31:29.773453 INFO: User-Agent: Go-http-client/1.1
2024-07-17 23:31:29.773457 INFO: oop!unknow header: User-Agent: Go-http-client/1.1
2024-07-17 23:31:29.773462 INFO: X-Vegeta-Seq: 865
2024-07-17 23:31:29.773466 INFO: oop!unknow header: X-Vegeta-Seq: 865
2024-07-17 23:31:29.773470 INFO: Accept-Encoding: gzip
2024-07-17 23:31:29.773474 INFO: oop!unknow header: Accept-Encoding: gzip
2024-07-17 23:31:29.773478 INFO: 
2024-07-17 23:31:29.773492 INFO: request:HTTP/1.1 200 OK

2024-07-17 23:31:29.773497 INFO: request:HTTP/1.1 200 OK
Content-Length:542

2024-07-17 23:31:29.773501 INFO: request:HTTP/1.1 200 OK
Content-Length:542
Connection:close

2024-07-17 23:31:29.773505 INFO: request:HTTP/1.1 200 OK
Content-Length:542
Connection:close


2024-07-17 23:31:29.773517 INFO: Thread 140246114473536 is running task

2024-07-17 23:31:29.773523 INFO: eventNum: 1
2024-07-17 23:31:29.773531 INFO: fd: 199, events: 4

2024-07-17 23:31:29.773560 INFO: Thread 140246139651648 is running task

2024-07-17 23:31:29.773692 INFO: eventNum: 1
2024-07-17 23:31:29.773705 INFO: fd: 13, events: 1

2024-07-17 23:31:29.773710 INFO: HandleListenEvent 13
2024-07-17 23:31:29.773722 INFO: HttpConn 203 init success
2024-07-17 23:31:29.773728 INFO: addTimer id:203 expireTime:1721230789
2024-07-17 23:31:29.773737 INFO: Client[203] in!
2024-07-17 23:31:29.773741 INFO: HandleListenEvent 13
2024-07-17 23:31:29.773750 ERROR: Accept failure -1
2024-07-17 23:31:29.773818 INFO: eventNum: 1
2024-07-17 23:31:29.773834 INFO: fd: 13, events: 1

2024-07-17 23:31:29.773839 INFO: HandleListenEvent 13
2024-07-17 23:31:29.773857 INFO: HttpConn 204 init success
2024-07-17 23:31:29.773863 INFO: addTimer id:204 expireTime:1721230789
2024-07-17 23:31:29.773874 INFO: Client[204] in!
2024-07-17 23:31:29.773881 INFO: HandleListenEvent 13
2024-07-17 23:31:29.773893 ERROR: Accept failure -1
2024-07-17 23:31:29.774482 INFO: eventNum: 1
2024-07-17 23:31:29.774499 INFO: fd: 200, events: 1

2024-07-17 23:31:29.774517 INFO: HttpConn 200 read success
2024-07-17 23:31:29.774532 INFO: GET / HTTP/1.1
2024-07-17 23:31:29.774537 INFO: Host: 39.98.202.182:9006
2024-07-17 23:31:29.774542 INFO: User-Agent: Go-http-client/1.1
2024-07-17 23:31:29.774546 INFO: oop!unknow header: User-Agent: Go-http-client/1.1
2024-07-17 23:31:29.774551 INFO: X-Vegeta-Seq: 871
2024-07-17 23:31:29.774555 INFO: oop!unknow header: X-Vegeta-Seq: 871
2024-07-17 23:31:29.774559 INFO: Accept-Encoding: gzip
2024-07-17 23:31:29.774563 INFO: oop!unknow header: Accept-Encoding: gzip
2024-07-17 23:31:29.774568 INFO: 
2024-07-17 23:31:29.774583 INFO: request:HTTP/1.1 200 OK

2024-07-17 23:31:29.774588 INFO: request:HTTP/1.1 200 OK
Content-Length:542

2024-07-17 23:31:29.774592 INFO: request:HTTP/1.1 200 OK
Content-Length:542
Connection:close

2024-07-17 23:31:29.774596 INFO: request:HTTP/1.1 200 OK
Content-Length:542
Connection:close


2024-07-17 23:31:29.774610 INFO: Thread 140246131258944 is running task

2024-07-17 23:31:29.774614 INFO: eventNum: 1
2024-07-17 23:31:29.774642 INFO: fd: 200, events: 4

2024-07-17 23:31:29.774655 INFO: eventNum: 1
2024-07-17 23:31:29.774663 INFO: fd: 13, events: 1

2024-07-17 23:31:29.774668 INFO: HandleListenEvent 13
2024-07-17 23:31:29.774686 INFO: Thread 140246156437056 is running task

2024-07-17 23:31:29.774686 INFO: HttpConn 236 init success
2024-07-17 23:31:29.774713 INFO: addTimer id:236 expireTime:1721230789
2024-07-17 23:31:29.774722 INFO: Client[236] in!
2024-07-17 23:31:29.774732 INFO: HandleListenEvent 13
2024-07-17 23:31:29.774742 ERROR: Accept failure -1
2024-07-17 23:31:29.775166 INFO: eventNum: 1
2024-07-17 23:31:29.775189 INFO: fd: 201, events: 1

2024-07-17 23:31:29.775209 INFO: eventNum: 1
2024-07-17 23:31:29.775213 INFO: HttpConn 201 read success
2024-07-17 23:31:29.775238 INFO: GET / HTTP/1.1
2024-07-17 23:31:29.775214 INFO: fd: 203, events: 1

2024-07-17 23:31:29.775249 INFO: Host: 39.98.202.182:9006
2024-07-17 23:31:29.775270 INFO: HttpConn 203 read success
2024-07-17 23:31:29.775271 INFO: User-Agent: Go-http-client/1.1
2024-07-17 23:31:29.775285 INFO: GET / HTTP/1.1
2024-07-17 23:31:29.775285 INFO: oop!unknow header: User-Agent: Go-http-client/1.1
2024-07-17 23:31:29.775314 INFO: X-Vegeta-Seq: 872
2024-07-17 23:31:29.775319 INFO: oop!unknow header: X-Vegeta-Seq: 872
2024-07-17 23:31:29.775323 INFO: Accept-Encoding: gzip
2024-07-17 23:31:29.775330 INFO: oop!unknow header: Accept-Encoding: gzip
2024-07-17 23:31:29.775336 INFO: 
2024-07-17 23:31:29.775295 INFO: Host: 39.98.202.182:9006
2024-07-17 23:31:29.775369 INFO: User-Agent: Go-http-client/1.1
2024-07-17 23:31:29.775376 INFO: oop!unknow header: User-Agent: Go-http-client/1.1
2024-07-17 23:31:29.775381 INFO: X-Vegeta-Seq: 876
2024-07-17 23:31:29.775385 INFO: oop!unknow header: X-Vegeta-Seq: 876
2024-07-17 23:31:29.775389 INFO: Accept-Encoding: gzip
2024-07-17 23:31:29.775394 INFO: oop!unknow header: Accept-Encoding: gzip
2024-07-17 23:31:29.775398 INFO: 
2024-07-17 23:31:29.775414 INFO: request:HTTP/1.1 200 OK

2024-07-17 23:31:29.775420 INFO: request:HTTP/1.1 200 OK
Content-Length:542

2024-07-17 23:31:29.775452 INFO: request:HTTP/1.1 200 OK
Content-Length:542
Connection:close

2024-07-17 23:31:29.775457 INFO: request:HTTP/1.1 200 OK
Content-Length:542
Connection:close


2024-07-17 23:31:29.775469 INFO: Thread 140246122866240 is running task

2024-07-17 23:31:29.775359 INFO: request:HTTP/1.1 200 OK

2024-07-17 23:31:29.775483 INFO: request:HTTP/1.1 200 OK
Content-Length:542

2024-07-17 23:31:29.775488 INFO: request:HTTP/1.1 200 OK
Content-Length:542
Connection:close

2024-07-17 23:31:29.775492 INFO: request:HTTP/1.1 200 OK
Content-Length:542
Connection:close


2024-07-17 23:31:29.775499 INFO: Thread 140246148044352 is running task

2024-07-17 23:31:29.775507 INFO: eventNum: 2
2024-07-17 23:31:29.775512 INFO: fd: 203, events: 4

2024-07-17 23:31:29.775543 INFO: Thread 140246106080832 is running task

2024-07-17 23:31:29.775563 INFO: fd: 201, events: 4

2024-07-17 23:31:29.775587 INFO: Thread 140246097688128 is running task

2024-07-17 23:31:29.775757 INFO: eventNum: 1
2024-07-17 23:31:29.775774 INFO: fd: 236, events: 1

2024-07-17 23:31:29.775786 INFO: HttpConn 236 read success
2024-07-17 23:31:29.775795 INFO: GET / HTTP/1.1
2024-07-17 23:31:29.775800 INFO: Host: 39.98.202.182:9006
2024-07-17 23:31:29.775805 INFO: User-Agent: Go-http-client/1.1
2024-07-17 23:31:29.775811 INFO: oop!unknow header: User-Agent: Go-http-client/1.1
2024-07-17 23:31:29.775818 INFO: X-Vegeta-Seq: 869
2024-07-17 23:31:29.775824 INFO: oop!unknow header: X-Vegeta-Seq: 869
2024-07-17 23:31:29.775830 INFO: Accept-Encoding: gzip
2024-07-17 23:31:29.775837 INFO: oop!unknow header: Accept-Encoding: gzip
2024-07-17 23:31:29.775846 INFO: 
2024-07-17 23:31:29.775865 INFO: request:HTTP/1.1 200 OK

2024-07-17 23:31:29.775870 INFO: request:HTTP/1.1 200 OK
Content-Length:542

2024-07-17 23:31:29.775875 INFO: request:HTTP/1.1 200 OK
Content-Length:542
Connection:close

2024-07-17 23:31:29.775879 INFO: request:HTTP/1.1 200 OK
Content-Length:542
Connection:close


2024-07-17 23:31:29.775895 INFO: Thread 140246114473536 is running task

2024-07-17 23:31:29.775907 INFO: eventNum: 2
2024-07-17 23:31:29.775912 INFO: fd: 202, events: 1

2024-07-17 23:31:29.775922 INFO: fd: 236, events: 4

2024-07-17 23:31:29.775928 INFO: HttpConn 202 read success
2024-07-17 23:31:29.775950 INFO: GET / HTTP/1.1
2024-07-17 23:31:29.775956 INFO: Host: 39.98.202.182:9006
2024-07-17 23:31:29.775961 INFO: User-Agent: Go-http-client/1.1
2024-07-17 23:31:29.775970 INFO: oop!unknow header: User-Agent: Go-http-client/1.1
2024-07-17 23:31:29.775975 INFO: X-Vegeta-Seq: 874
2024-07-17 23:31:29.775979 INFO: oop!unknow header: X-Vegeta-Seq: 874
2024-07-17 23:31:29.775983 INFO: Accept-Encoding: gzip
2024-07-17 23:31:29.775988 INFO: oop!unknow header: Accept-Encoding: gzip
2024-07-17 23:31:29.775992 INFO: 
2024-07-17 23:31:29.776019 INFO: request:HTTP/1.1 200 OK

2024-07-17 23:31:29.776019 INFO: eventNum: 1
2024-07-17 23:31:29.776037 INFO: fd: 204, events: 1

2024-07-17 23:31:29.776052 INFO: Thread 140246131258944 is running task

2024-07-17 23:31:29.776061 INFO: HttpConn 204 read success
2024-07-17 23:31:29.776068 INFO: GET / HTTP/1.1
2024-07-17 23:31:29.776073 INFO: Host: 39.98.202.182:9006
2024-07-17 23:31:29.776077 INFO: User-Agent: Go-http-client/1.1
2024-07-17 23:31:29.776081 INFO: oop!unknow header: User-Agent: Go-http-client/1.1
2024-07-17 23:31:29.776086 INFO: X-Vegeta-Seq: 873
2024-07-17 23:31:29.776090 INFO: oop!unknow header: X-Vegeta-Seq: 873
2024-07-17 23:31:29.776094 INFO: Accept-Encoding: gzip
2024-07-17 23:31:29.776098 INFO: oop!unknow header: Accept-Encoding: gzip
2024-07-17 23:31:29.776102 INFO: 
2024-07-17 23:31:29.776115 INFO: request:HTTP/1.1 200 OK

2024-07-17 23:31:29.776119 INFO: request:HTTP/1.1 200 OK
Content-Length:542

2024-07-17 23:31:29.776123 INFO: request:HTTP/1.1 200 OK
Content-Length:542
Connection:close

2024-07-17 23:31:29.776128 INFO: request:HTTP/1.1 200 OK
Content-Length:542
Connection:close


2024-07-17 23:31:29.776138 INFO: Thread 140246131258944 is running task

2024-07-17 23:31:29.776145 INFO: eventNum: 1
2024-07-17 23:31:29.776157 INFO: fd: 204, events: 4

2024-07-17 23:31:29.776025 INFO: request:HTTP/1.1 200 OK
Content-Length:542

2024-07-17 23:31:29.776171 INFO: request:HTTP/1.1 200 OK
Content-Length:542
Connection:close

2024-07-17 23:31:29.776176 INFO: request:HTTP/1.1 200 OK
Content-Length:542
Connection:close


2024-07-17 23:31:29.776183 INFO: Thread 140246139651648 is running task

2024-07-17 23:31:29.776194 INFO: Thread 140246122866240 is running task

2024-07-17 23:31:29.776207 INFO: eventNum: 1
2024-07-17 23:31:29.776214 INFO: fd: 202, events: 4

2024-07-17 23:31:29.776249 INFO: Thread 140246148044352 is running task

2024-07-17 23:31:29.809729 INFO: eventNum: 1
2024-07-17 23:31:29.809789 INFO: fd: 13, events: 1

2024-07-17 23:31:29.809797 INFO: HandleListenEvent 13
2024-07-17 23:31:29.809825 INFO: HttpConn 237 init success
2024-07-17 23:31:29.809833 INFO: addTimer id:237 expireTime:1721230789
2024-07-17 23:31:29.809849 INFO: Client[237] in!
2024-07-17 23:31:29.809854 INFO: HandleListenEvent 13
2024-07-17 23:31:29.809866 ERROR: Accept failure -1
2024-07-17 23:31:29.809998 INFO: eventNum: 1
2024-07-17 23:31:29.810010 INFO: fd: 13, events: 1

2024-07-17 23:31:29.810015 INFO: HandleListenEvent 13
2024-07-17 23:31:29.810024 INFO: HttpConn 238 init success
2024-07-17 23:31:29.810029 INFO: addTimer id:238 expireTime:1721230789
2024-07-17 23:31:29.810038 INFO: Client[238] in!
2024-07-17 23:31:29.810043 INFO: HandleListenEvent 13
2024-07-17 23:31:29.810050 ERROR: Accept failure -1
2024-07-17 23:31:29.810145 INFO: eventNum: 1
2024-07-17 23:31:29.810180 INFO: fd: 13, events: 1

2024-07-17 23:31:29.810189 INFO: HandleListenEvent 13
2024-07-17 23:31:29.810210 INFO: HttpConn 239 init success
2024-07-17 23:31:29.810217 INFO: addTimer id:239 expireTime:1721230789
2024-07-17 23:31:29.810230 INFO: Client[239] in!
2024-07-17 23:31:29.810235 INFO: HandleListenEvent 13
2024-07-17 23:31:29.810245 ERROR: Accept failure -1
2024-07-17 23:31:29.810784 INFO: eventNum: 1
2024-07-17 23:31:29.810812 INFO: fd: 13, events: 1

2024-07-17 23:31:29.810818 INFO: HandleListenEvent 13
2024-07-17 23:31:29.810836 INFO: HttpConn 240 init success
2024-07-17 23:31:29.810842 INFO: addTimer id:240 expireTime:1721230789
2024-07-17 23:31:29.810854 INFO: Client[240] in!
2024-07-17 23:31:29.810858 INFO: HandleListenEvent 13
2024-07-17 23:31:29.810875 ERROR: Accept failure -1
2024-07-17 23:31:29.810987 INFO: eventNum: 1
2024-07-17 23:31:29.811003 INFO: fd: 13, events: 1

2024-07-17 23:31:29.811017 INFO: HandleListenEvent 13
2024-07-17 23:31:29.811031 INFO: HttpConn 241 init success
2024-07-17 23:31:29.811037 INFO: addTimer id:241 expireTime:1721230789
2024-07-17 23:31:29.811048 INFO: Client[241] in!
2024-07-17 23:31:29.811052 INFO: HandleListenEvent 13
2024-07-17 23:31:29.811061 ERROR: Accept failure -1
2024-07-17 23:31:29.811233 INFO: eventNum: 1
2024-07-17 23:31:29.811257 INFO: fd: 13, events: 1

2024-07-17 23:31:29.811265 INFO: HandleListenEvent 13
2024-07-17 23:31:29.811289 INFO: HttpConn 242 init success
2024-07-17 23:31:29.811297 INFO: addTimer id:242 expireTime:1721230789
2024-07-17 23:31:29.811317 INFO: Client[242] in!
2024-07-17 23:31:29.811324 INFO: HandleListenEvent 13
2024-07-17 23:31:29.811337 ERROR: Accept failure -1
2024-07-17 23:31:29.811368 INFO: eventNum: 1
2024-07-17 23:31:29.811400 INFO: fd: 13, events: 1

2024-07-17 23:31:29.811407 INFO: HandleListenEvent 13
2024-07-17 23:31:29.811452 INFO: HttpConn 243 init success
2024-07-17 23:31:29.811459 INFO: addTimer id:243 expireTime:1721230789
2024-07-17 23:31:29.811471 INFO: Client[243] in!
2024-07-17 23:31:29.811476 INFO: HandleListenEvent 13
2024-07-17 23:31:29.811486 INFO: HttpConn 244 init success
2024-07-17 23:31:29.811491 INFO: addTimer id:244 expireTime:1721230789
2024-07-17 23:31:29.811499 INFO: Client[244] in!
2024-07-17 23:31:29.811503 INFO: HandleListenEvent 13
2024-07-17 23:31:29.811514 INFO: HttpConn 245 init success
2024-07-17 23:31:29.811519 INFO: addTimer id:245 expireTime:1721230789
2024-07-17 23:31:29.811526 INFO: Client[245] in!
2024-07-17 23:31:29.811531 INFO: HandleListenEvent 13
2024-07-17 23:31:29.811540 INFO: HttpConn 246 init success
2024-07-17 23:31:29.811545 INFO: addTimer id:246 expireTime:1721230789
2024-07-17 23:31:29.811552 INFO: Client[246] in!
2024-07-17 23:31:29.811557 INFO: HandleListenEvent 13
2024-07-17 23:31:29.811565 ERROR: Accept failure -1
2024-07-17 23:31:29.811773 INFO: eventNum: 1
2024-07-17 23:31:29.811784 INFO: fd: 13, events: 1

2024-07-17 23:31:29.811788 INFO: HandleListenEvent 13
2024-07-17 23:31:29.811797 INFO: HttpConn 247 init success
2024-07-17 23:31:29.811804 INFO: addTimer id:247 expireTime:1721230789
2024-07-17 23:31:29.811815 INFO: Client[247] in!
2024-07-17 23:31:29.811822 INFO: HandleListenEvent 13
2024-07-17 23:31:29.811833 ERROR: Accept failure -1
2024-07-17 23:31:29.811968 INFO: eventNum: 1
2024-07-17 23:31:29.811978 INFO: fd: 13, events: 1

2024-07-17 23:31:29.811983 INFO: HandleListenEvent 13
2024-07-17 23:31:29.811994 INFO: HttpConn 248 init success
2024-07-17 23:31:29.812000 INFO: addTimer id:248 expireTime:1721230789
2024-07-17 23:31:29.812008 INFO: Client[248] in!
2024-07-17 23:31:29.812012 INFO: HandleListenEvent 13
2024-07-17 23:31:29.812020 ERROR: Accept failure -1
2024-07-17 23:31:29.812041 INFO: eventNum: 1
2024-07-17 23:31:29.812047 INFO: fd: 13, events: 1

2024-07-17 23:31:29.812052 INFO: HandleListenEvent 13
2024-07-17 23:31:29.812062 INFO: HttpConn 249 init success
2024-07-17 23:31:29.812067 INFO: addTimer id:249 expireTime:1721230789
