2024-07-17 23:32:21.239778 INFO: HandleListenEvent 13
2024-07-17 23:32:21.239868 ERROR: Accept failure -1
2024-07-17 23:32:21.240579 INFO: eventNum: 1
2024-07-17 23:32:21.240595 INFO: fd: 13, events: 1

2024-07-17 23:32:21.240601 INFO: HandleListenEvent 13
2024-07-17 23:32:21.240620 INFO: HttpConn 74 init success
2024-07-17 23:32:21.240630 INFO: addTimer id:74 expireTime:1721230841
2024-07-17 23:32:21.240641 INFO: Client[74] in!
2024-07-17 23:32:21.240646 INFO: HandleListenEvent 13
2024-07-17 23:32:21.240654 ERROR: Accept failure -1
2024-07-17 23:32:21.241804 INFO: eventNum: 1
2024-07-17 23:32:21.241821 INFO: fd: 13, events: 1

2024-07-17 23:32:21.241826 INFO: HandleListenEvent 13
2024-07-17 23:32:21.241848 INFO: HttpConn 75 init success
2024-07-17 23:32:21.241854 INFO: addTimer id:75 expireTime:1721230841
2024-07-17 23:32:21.241866 INFO: Client[75] in!
2024-07-17 23:32:21.241871 INFO: HandleListenEvent 13
2024-07-17 23:32:21.241882 ERROR: Accept failure -1
2024-07-17 23:32:21.242181 INFO: eventNum: 1
2024-07-17 23:32:21.242194 INFO: fd: 13, events: 1

2024-07-17 23:32:21.242199 INFO: HandleListenEvent 13
2024-07-17 23:32:21.242211 INFO: HttpConn 76 init success
2024-07-17 23:32:21.242216 INFO: addTimer id:76 expireTime:1721230841
2024-07-17 23:32:21.242225 INFO: Client[76] in!
2024-07-17 23:32:21.242229 INFO: HandleListenEvent 13
2024-07-17 23:32:21.242237 ERROR: Accept failure -1
2024-07-17 23:32:21.243472 INFO: eventNum: 1
2024-07-17 23:32:21.243491 INFO: fd: 13, events: 1

2024-07-17 23:32:21.243496 INFO: HandleListenEvent 13
2024-07-17 23:32:21.243510 INFO: HttpConn 77 init success
2024-07-17 23:32:21.243516 INFO: addTimer id:77 expireTime:1721230841
2024-07-17 23:32:21.243526 INFO: Client[77] in!
2024-07-17 23:32:21.243530 INFO: HandleListenEvent 13
2024-07-17 23:32:21.243538 ERROR: Accept failure -1
2024-07-17 23:32:21.244653 INFO: eventNum: 1
2024-07-17 23:32:21.244672 INFO: fd: 13, events: 1

2024-07-17 23:32:21.244677 INFO: HandleListenEvent 13
2024-07-17 23:32:21.244691 INFO: HttpConn 78 init success
2024-07-17 23:32:21.244702 INFO: addTimer id:78 expireTime:1721230841
2024-07-17 23:32:21.244712 INFO: Client[78] in!
2024-07-17 23:32:21.244717 INFO: HandleListenEvent 13
2024-07-17 23:32:21.244725 ERROR: Accept failure -1
2024-07-17 23:32:21.244793 INFO: eventNum: 1
2024-07-17 23:32:21.244826 INFO: fd: 13, events: 1

2024-07-17 23:32:21.244832 INFO: HandleListenEvent 13
2024-07-17 23:32:21.244848 INFO: HttpConn 79 init success
2024-07-17 23:32:21.244855 INFO: addTimer id:79 expireTime:1721230841
2024-07-17 23:32:21.244865 INFO: Client[79] in!
2024-07-17 23:32:21.244870 INFO: HandleListenEvent 13
2024-07-17 23:32:21.244878 INFO: HttpConn 80 init success
2024-07-17 23:32:21.244883 INFO: addTimer id:80 expireTime:1721230841
2024-07-17 23:32:21.244891 INFO: Client[80] in!
2024-07-17 23:32:21.244895 INFO: HandleListenEvent 13
2024-07-17 23:32:21.244904 ERROR: Accept failure -1
2024-07-17 23:32:21.245007 INFO: eventNum: 1
2024-07-17 23:32:21.245039 INFO: fd: 13, events: 1

2024-07-17 23:32:21.245046 INFO: HandleListenEvent 13
2024-07-17 23:32:21.245059 INFO: HttpConn 81 init success
2024-07-17 23:32:21.245086 INFO: addTimer id:81 expireTime:1721230841
2024-07-17 23:32:21.245095 INFO: Client[81] in!
2024-07-17 23:32:21.245100 INFO: HandleListenEvent 13
2024-07-17 23:32:21.245108 ERROR: Accept failure -1
2024-07-17 23:32:21.245863 INFO: eventNum: 1
2024-07-17 23:32:21.245884 INFO: fd: 13, events: 1

2024-07-17 23:32:21.245890 INFO: HandleListenEvent 13
2024-07-17 23:32:21.245905 INFO: HttpConn 82 init success
2024-07-17 23:32:21.245911 INFO: addTimer id:82 expireTime:1721230841
2024-07-17 23:32:21.245921 INFO: Client[82] in!
2024-07-17 23:32:21.245925 INFO: HandleListenEvent 13
2024-07-17 23:32:21.245934 ERROR: Accept failure -1
2024-07-17 23:32:21.246156 INFO: eventNum: 1
2024-07-17 23:32:21.246179 INFO: fd: 13, events: 1

2024-07-17 23:32:21.246185 INFO: HandleListenEvent 13
2024-07-17 23:32:21.246200 INFO: HttpConn 83 init success
2024-07-17 23:32:21.246206 INFO: addTimer id:83 expireTime:1721230841
2024-07-17 23:32:21.246217 INFO: Client[83] in!
2024-07-17 23:32:21.246229 INFO: HandleListenEvent 13
2024-07-17 23:32:21.246239 ERROR: Accept failure -1
2024-07-17 23:32:21.246426 INFO: eventNum: 1
2024-07-17 23:32:21.246443 INFO: fd: 13, events: 1

2024-07-17 23:32:21.246448 INFO: HandleListenEvent 13
2024-07-17 23:32:21.246462 INFO: HttpConn 84 init success
2024-07-17 23:32:21.246467 INFO: addTimer id:84 expireTime:1721230841
2024-07-17 23:32:21.246478 INFO: Client[84] in!
2024-07-17 23:32:21.246482 INFO: HandleListenEvent 13
2024-07-17 23:32:21.246493 INFO: HttpConn 85 init success
2024-07-17 23:32:21.246498 INFO: addTimer id:85 expireTime:1721230841
2024-07-17 23:32:21.246506 INFO: Client[85] in!
2024-07-17 23:32:21.246510 INFO: HandleListenEvent 13
2024-07-17 23:32:21.246518 ERROR: Accept failure -1
2024-07-17 23:32:21.246733 INFO: eventNum: 1
2024-07-17 23:32:21.246749 INFO: fd: 13, events: 1

2024-07-17 23:32:21.246754 INFO: HandleListenEvent 13
2024-07-17 23:32:21.246767 INFO: HttpConn 86 init success
2024-07-17 23:32:21.246772 INFO: addTimer id:86 expireTime:1721230841
2024-07-17 23:32:21.246781 INFO: Client[86] in!
2024-07-17 23:32:21.246786 INFO: HandleListenEvent 13
2024-07-17 23:32:21.246794 ERROR: Accept failure -1
2024-07-17 23:32:21.246815 INFO: eventNum: 1
2024-07-17 23:32:21.246826 INFO: fd: 85, events: 1

2024-07-17 23:32:21.246849 INFO: HttpConn 85 read success
2024-07-17 23:32:21.246906 INFO: GET / HTTP/1.1
2024-07-17 23:32:21.246874 INFO: eventNum: 1
2024-07-17 23:32:21.246916 INFO: Host: 39.98.202.182:9006
2024-07-17 23:32:21.246942 INFO: User-Agent: Go-http-client/1.1
2024-07-17 23:32:21.246929 INFO: fd: 13, events: 1

2024-07-17 23:32:21.246948 INFO: oop!unknow header: User-Agent: Go-http-client/1.1
2024-07-17 23:32:21.246973 INFO: X-Vegeta-Seq: 1022
2024-07-17 23:32:21.246959 INFO: HandleListenEvent 13
2024-07-17 23:32:21.246978 INFO: oop!unknow header: X-Vegeta-Seq: 1022
2024-07-17 23:32:21.246995 INFO: Accept-Encoding: gzip
2024-07-17 23:32:21.247007 INFO: oop!unknow header: Accept-Encoding: gzip
2024-07-17 23:32:21.247023 INFO: 
2024-07-17 23:32:21.246995 INFO: HttpConn 87 init success
2024-07-17 23:32:21.247047 INFO: addTimer id:87 expireTime:1721230841
2024-07-17 23:32:21.247058 INFO: Client[87] in!
2024-07-17 23:32:21.247059 INFO: request:HTTP/1.1 200 OK

2024-07-17 23:32:21.247063 INFO: HandleListenEvent 13
2024-07-17 23:32:21.247074 INFO: request:HTTP/1.1 200 OK
Content-Length:542

2024-07-17 23:32:21.247084 INFO: HttpConn 88 init success
2024-07-17 23:32:21.247098 INFO: addTimer id:88 expireTime:1721230841
2024-07-17 23:32:21.247084 INFO: request:HTTP/1.1 200 OK
Content-Length:542
Connection:close

2024-07-17 23:32:21.247121 INFO: request:HTTP/1.1 200 OK
Content-Length:542
Connection:close


2024-07-17 23:32:21.247109 INFO: Client[88] in!
2024-07-17 23:32:21.247146 INFO: HandleListenEvent 13
2024-07-17 23:32:21.247149 INFO: Thread 140246097688128 is running task

2024-07-17 23:32:21.247155 ERROR: Accept failure -1
2024-07-17 23:32:21.247162 INFO: eventNum: 1
2024-07-17 23:32:21.247166 INFO: fd: 85, events: 4

2024-07-17 23:32:21.247217 INFO: Thread 140246156437056 is running task

2024-07-17 23:32:21.247591 INFO: eventNum: 1
2024-07-17 23:32:21.247602 INFO: fd: 13, events: 1

2024-07-17 23:32:21.247607 INFO: HandleListenEvent 13
2024-07-17 23:32:21.247619 INFO: HttpConn 89 init success
2024-07-17 23:32:21.247625 INFO: addTimer id:89 expireTime:1721230841
2024-07-17 23:32:21.247634 INFO: Client[89] in!
2024-07-17 23:32:21.247641 INFO: HandleListenEvent 13
2024-07-17 23:32:21.247648 ERROR: Accept failure -1
2024-07-17 23:32:21.248051 INFO: eventNum: 1
2024-07-17 23:32:21.248069 INFO: fd: 88, events: 1

2024-07-17 23:32:21.248083 INFO: HttpConn 88 read success
2024-07-17 23:32:21.248094 INFO: GET / HTTP/1.1
2024-07-17 23:32:21.248100 INFO: Host: 39.98.202.182:9006
2024-07-17 23:32:21.248106 INFO: User-Agent: Go-http-client/1.1
2024-07-17 23:32:21.248110 INFO: oop!unknow header: User-Agent: Go-http-client/1.1
2024-07-17 23:32:21.248115 INFO: X-Vegeta-Seq: 1021
2024-07-17 23:32:21.248119 INFO: oop!unknow header: X-Vegeta-Seq: 1021
2024-07-17 23:32:21.248129 INFO: Accept-Encoding: gzip
2024-07-17 23:32:21.248134 INFO: oop!unknow header: Accept-Encoding: gzip
2024-07-17 23:32:21.248138 INFO: 
2024-07-17 23:32:21.248157 INFO: request:HTTP/1.1 200 OK

2024-07-17 23:32:21.248161 INFO: request:HTTP/1.1 200 OK
Content-Length:542

2024-07-17 23:32:21.248166 INFO: request:HTTP/1.1 200 OK
Content-Length:542
Connection:close

2024-07-17 23:32:21.248171 INFO: request:HTTP/1.1 200 OK
Content-Length:542
Connection:close


2024-07-17 23:32:21.248182 INFO: Thread 140246131258944 is running task

2024-07-17 23:32:21.248191 INFO: eventNum: 1
2024-07-17 23:32:21.248196 INFO: fd: 88, events: 4

2024-07-17 23:32:21.248230 INFO: Thread 140246106080832 is running task

2024-07-17 23:32:21.248329 INFO: eventNum: 1
2024-07-17 23:32:21.248344 INFO: fd: 89, events: 1

2024-07-17 23:32:21.248357 INFO: HttpConn 89 read success
2024-07-17 23:32:21.248366 INFO: GET / HTTP/1.1
2024-07-17 23:32:21.248371 INFO: Host: 39.98.202.182:9006
2024-07-17 23:32:21.248404 INFO: User-Agent: Go-http-client/1.1
2024-07-17 23:32:21.248409 INFO: oop!unknow header: User-Agent: Go-http-client/1.1
2024-07-17 23:32:21.248414 INFO: X-Vegeta-Seq: 1036
2024-07-17 23:32:21.248418 INFO: oop!unknow header: X-Vegeta-Seq: 1036
2024-07-17 23:32:21.248422 INFO: Accept-Encoding: gzip
2024-07-17 23:32:21.248426 INFO: oop!unknow header: Accept-Encoding: gzip
2024-07-17 23:32:21.248430 INFO: 
2024-07-17 23:32:21.248445 INFO: request:HTTP/1.1 200 OK

2024-07-17 23:32:21.248450 INFO: request:HTTP/1.1 200 OK
Content-Length:542

2024-07-17 23:32:21.248455 INFO: request:HTTP/1.1 200 OK
Content-Length:542
Connection:close

2024-07-17 23:32:21.248459 INFO: request:HTTP/1.1 200 OK
Content-Length:542
Connection:close


2024-07-17 23:32:21.248468 INFO: Thread 140246114473536 is running task

2024-07-17 23:32:21.248477 INFO: eventNum: 2
2024-07-17 23:32:21.248482 INFO: fd: 13, events: 1

2024-07-17 23:32:21.248486 INFO: HandleListenEvent 13
2024-07-17 23:32:21.248496 INFO: HttpConn 90 init success
2024-07-17 23:32:21.248502 INFO: addTimer id:90 expireTime:1721230841
2024-07-17 23:32:21.248511 INFO: Client[90] in!
2024-07-17 23:32:21.248516 INFO: HandleListenEvent 13
2024-07-17 23:32:21.248524 ERROR: Accept failure -1
2024-07-17 23:32:21.248528 INFO: fd: 89, events: 4

2024-07-17 23:32:21.248585 INFO: eventNum: 1
2024-07-17 23:32:21.248597 INFO: fd: 86, events: 1

2024-07-17 23:32:21.248597 INFO: Thread 140246122866240 is running task

2024-07-17 23:32:21.248624 INFO: HttpConn 86 read success
2024-07-17 23:32:21.248634 INFO: GET / HTTP/1.1
2024-07-17 23:32:21.248640 INFO: Host: 39.98.202.182:9006
2024-07-17 23:32:21.248645 INFO: User-Agent: Go-http-client/1.1
2024-07-17 23:32:21.248649 INFO: oop!unknow header: User-Agent: Go-http-client/1.1
2024-07-17 23:32:21.248653 INFO: X-Vegeta-Seq: 1011
2024-07-17 23:32:21.248658 INFO: oop!unknow header: X-Vegeta-Seq: 1011
2024-07-17 23:32:21.248662 INFO: Accept-Encoding: gzip
2024-07-17 23:32:21.248666 INFO: oop!unknow header: Accept-Encoding: gzip
2024-07-17 23:32:21.248670 INFO: 
2024-07-17 23:32:21.248698 INFO: request:HTTP/1.1 200 OK

2024-07-17 23:32:21.248706 INFO: request:HTTP/1.1 200 OK
Content-Length:542

2024-07-17 23:32:21.248712 INFO: request:HTTP/1.1 200 OK
Content-Length:542
Connection:close

2024-07-17 23:32:21.248718 INFO: request:HTTP/1.1 200 OK
Content-Length:542
Connection:close


2024-07-17 23:32:21.248735 INFO: Thread 140246122866240 is running task

2024-07-17 23:32:21.248748 INFO: eventNum: 1
2024-07-17 23:32:21.248802 INFO: fd: 86, events: 4

2024-07-17 23:32:21.248851 INFO: Thread 140246148044352 is running task

2024-07-17 23:32:21.249027 INFO: eventNum: 1
2024-07-17 23:32:21.249043 INFO: fd: 84, events: 1

2024-07-17 23:32:21.249060 INFO: HttpConn 84 read success
2024-07-17 23:32:21.249089 INFO: GET / HTTP/1.1
2024-07-17 23:32:21.249092 INFO: eventNum: 1
2024-07-17 23:32:21.249106 INFO: fd: 87, events: 1

2024-07-17 23:32:21.249097 INFO: Host: 39.98.202.182:9006
2024-07-17 23:32:21.249133 INFO: User-Agent: Go-http-client/1.1
2024-07-17 23:32:21.249154 INFO: oop!unknow header: User-Agent: Go-http-client/1.1
2024-07-17 23:32:21.249166 INFO: X-Vegeta-Seq: 1032
2024-07-17 23:32:21.249178 INFO: oop!unknow header: X-Vegeta-Seq: 1032
2024-07-17 23:32:21.249118 INFO: HttpConn 87 read success
2024-07-17 23:32:21.249183 INFO: Accept-Encoding: gzip
2024-07-17 23:32:21.249216 INFO: oop!unknow header: Accept-Encoding: gzip
2024-07-17 23:32:21.249228 INFO: 
2024-07-17 23:32:21.249204 INFO: GET / HTTP/1.1
2024-07-17 23:32:21.249253 INFO: Host: 39.98.202.182:9006
2024-07-17 23:32:21.249254 INFO: request:HTTP/1.1 200 OK

2024-07-17 23:32:21.249263 INFO: User-Agent: Go-http-client/1.1
2024-07-17 23:32:21.249277 INFO: request:HTTP/1.1 200 OK
Content-Length:542

2024-07-17 23:32:21.249313 INFO: eventNum: 1
2024-07-17 23:32:21.249288 INFO: oop!unknow header: User-Agent: Go-http-client/1.1
2024-07-17 23:32:21.249340 INFO: X-Vegeta-Seq: 1029
2024-07-17 23:32:21.249348 INFO: oop!unknow header: X-Vegeta-Seq: 1029
2024-07-17 23:32:21.249356 INFO: Accept-Encoding: gzip
2024-07-17 23:32:21.249318 INFO: request:HTTP/1.1 200 OK
Content-Length:542
Connection:close

2024-07-17 23:32:21.249369 INFO: fd: 80, events: 1

2024-07-17 23:32:21.249364 INFO: oop!unknow header: Accept-Encoding: gzip
2024-07-17 23:32:21.249431 INFO: 
2024-07-17 23:32:21.249411 INFO: request:HTTP/1.1 200 OK
Content-Length:542
Connection:close


2024-07-17 23:32:21.249452 INFO: request:HTTP/1.1 200 OK

2024-07-17 23:32:21.249458 INFO: Thread 140246097688128 is running task

2024-07-17 23:32:21.249458 INFO: request:HTTP/1.1 200 OK
Content-Length:542

2024-07-17 23:32:21.249490 INFO: request:HTTP/1.1 200 OK
Content-Length:542
Connection:close

2024-07-17 23:32:21.249495 INFO: request:HTTP/1.1 200 OK
Content-Length:542
Connection:close


2024-07-17 23:32:21.249505 INFO: Thread 140246156437056 is running task

2024-07-17 23:32:21.249469 INFO: HttpConn 80 read success
2024-07-17 23:32:21.249522 INFO: GET / HTTP/1.1
2024-07-17 23:32:21.249527 INFO: Host: 39.98.202.182:9006
2024-07-17 23:32:21.249532 INFO: User-Agent: Go-http-client/1.1
2024-07-17 23:32:21.249536 INFO: oop!unknow header: User-Agent: Go-http-client/1.1
2024-07-17 23:32:21.249541 INFO: X-Vegeta-Seq: 1034
2024-07-17 23:32:21.249545 INFO: oop!unknow header: X-Vegeta-Seq: 1034
2024-07-17 23:32:21.249550 INFO: Accept-Encoding: gzip
2024-07-17 23:32:21.249554 INFO: oop!unknow header: Accept-Encoding: gzip
2024-07-17 23:32:21.249558 INFO: 
2024-07-17 23:32:21.249571 INFO: request:HTTP/1.1 200 OK

2024-07-17 23:32:21.249575 INFO: request:HTTP/1.1 200 OK
Content-Length:542

2024-07-17 23:32:21.249580 INFO: request:HTTP/1.1 200 OK
Content-Length:542
Connection:close

2024-07-17 23:32:21.249584 INFO: request:HTTP/1.1 200 OK
Content-Length:542
Connection:close


2024-07-17 23:32:21.249591 INFO: Thread 140246131258944 is running task

2024-07-17 23:32:21.249473 INFO: eventNum: 2
2024-07-17 23:32:21.249603 INFO: fd: 84, events: 4

2024-07-17 23:32:21.249635 INFO: Thread 140246106080832 is running task

2024-07-17 23:32:21.249654 INFO: fd: 78, events: 1

2024-07-17 23:32:21.249667 INFO: HttpConn 78 read success
2024-07-17 23:32:21.249675 INFO: GET / HTTP/1.1
2024-07-17 23:32:21.249680 INFO: Host: 39.98.202.182:9006
2024-07-17 23:32:21.249685 INFO: User-Agent: Go-http-client/1.1
2024-07-17 23:32:21.249689 INFO: oop!unknow header: User-Agent: Go-http-client/1.1
2024-07-17 23:32:21.249694 INFO: X-Vegeta-Seq: 1043
2024-07-17 23:32:21.249698 INFO: oop!unknow header: X-Vegeta-Seq: 1043
2024-07-17 23:32:21.249702 INFO: Accept-Encoding: gzip
2024-07-17 23:32:21.249706 INFO: oop!unknow header: Accept-Encoding: gzip
2024-07-17 23:32:21.249713 INFO: 
2024-07-17 23:32:21.249729 INFO: request:HTTP/1.1 200 OK

2024-07-17 23:32:21.249734 INFO: request:HTTP/1.1 200 OK
Content-Length:542

2024-07-17 23:32:21.249738 INFO: request:HTTP/1.1 200 OK
Content-Length:542
Connection:close

2024-07-17 23:32:21.249743 INFO: request:HTTP/1.1 200 OK
Content-Length:542
Connection:close


2024-07-17 23:32:21.249750 INFO: Thread 140246114473536 is running task

2024-07-17 23:32:21.249763 INFO: eventNum: 3
2024-07-17 23:32:21.249768 INFO: fd: 87, events: 4

2024-07-17 23:32:21.249778 INFO: fd: 80, events: 4

2024-07-17 23:32:21.249787 INFO: fd: 78, events: 4

2024-07-17 23:32:21.249808 INFO: Thread 140246122866240 is running task

2024-07-17 23:32:21.249833 INFO: Thread 140246122866240 is running task

2024-07-17 23:32:21.249850 INFO: Thread 140246122866240 is running task

2024-07-17 23:32:21.249917 INFO: eventNum: 2
2024-07-17 23:32:21.249950 INFO: fd: 90, events: 1

2024-07-17 23:32:21.249968 INFO: fd: 83, events: 1

2024-07-17 23:32:21.249972 INFO: HttpConn 90 read success
2024-07-17 23:32:21.249983 INFO: HttpConn 83 read success
2024-07-17 23:32:21.249997 INFO: eventNum: 1
2024-07-17 23:32:21.250003 INFO: GET / HTTP/1.1
2024-07-17 23:32:21.250013 INFO: GET / HTTP/1.1
2024-07-17 23:32:21.250032 INFO: Host: 39.98.202.182:9006
2024-07-17 23:32:21.250024 INFO: fd: 74, events: 1

2024-07-17 23:32:21.250042 INFO: Host: 39.98.202.182:9006
2024-07-17 23:32:21.250065 INFO: User-Agent: Go-http-client/1.1
2024-07-17 23:32:21.250052 INFO: User-Agent: Go-http-client/1.1
2024-07-17 23:32:21.250094 INFO: oop!unknow header: User-Agent: Go-http-client/1.1
2024-07-17 23:32:21.250103 INFO: X-Vegeta-Seq: 1035
2024-07-17 23:32:21.250084 INFO: oop!unknow header: User-Agent: Go-http-client/1.1
2024-07-17 23:32:21.250137 INFO: oop!unknow header: X-Vegeta-Seq: 1035
2024-07-17 23:32:21.250144 INFO: X-Vegeta-Seq: 1033
2024-07-17 23:32:21.250103 INFO: HttpConn 74 read success
2024-07-17 23:32:21.250152 INFO: eventNum: 1
2024-07-17 23:32:21.250154 INFO: Accept-Encoding: gzip
2024-07-17 23:32:21.250195 INFO: oop!unknow header: Accept-Encoding: gzip
2024-07-17 23:32:21.250169 INFO: GET / HTTP/1.1
2024-07-17 23:32:21.250234 INFO: Host: 39.98.202.182:9006
2024-07-17 23:32:21.250243 INFO: User-Agent: Go-http-client/1.1
2024-07-17 23:32:21.250248 INFO: oop!unknow header: User-Agent: Go-http-client/1.1
2024-07-17 23:32:21.250222 INFO: 
2024-07-17 23:32:21.250161 INFO: oop!unknow header: X-Vegeta-Seq: 1033
2024-07-17 23:32:21.250269 INFO: Accept-Encoding: gzip
2024-07-17 23:32:21.250274 INFO: oop!unknow header: Accept-Encoding: gzip
2024-07-17 23:32:21.250278 INFO: 
2024-07-17 23:32:21.250281 INFO: request:HTTP/1.1 200 OK

2024-07-17 23:32:21.250290 INFO: request:HTTP/1.1 200 OK
Content-Length:542

2024-07-17 23:32:21.250310 INFO: request:HTTP/1.1 200 OK
Content-Length:542
Connection:close

2024-07-17 23:32:21.250317 INFO: request:HTTP/1.1 200 OK
Content-Length:542
Connection:close


2024-07-17 23:32:21.250259 INFO: X-Vegeta-Seq: 1045
2024-07-17 23:32:21.250330 INFO: oop!unknow header: X-Vegeta-Seq: 1045
2024-07-17 23:32:21.250294 INFO: request:HTTP/1.1 200 OK

2024-07-17 23:32:21.250330 INFO: Thread 140246097688128 is running task

2024-07-17 23:32:21.250339 INFO: Accept-Encoding: gzip
2024-07-17 23:32:21.250357 INFO: oop!unknow header: Accept-Encoding: gzip
2024-07-17 23:32:21.250362 INFO: 
2024-07-17 23:32:21.250374 INFO: request:HTTP/1.1 200 OK

2024-07-17 23:32:21.250398 INFO: request:HTTP/1.1 200 OK
Content-Length:542

2024-07-17 23:32:21.250403 INFO: request:HTTP/1.1 200 OK
Content-Length:542
Connection:close

2024-07-17 23:32:21.250407 INFO: request:HTTP/1.1 200 OK
Content-Length:542
Connection:close


2024-07-17 23:32:21.250417 INFO: Thread 140246131258944 is running task

2024-07-17 23:32:21.250347 INFO: request:HTTP/1.1 200 OK
Content-Length:542

2024-07-17 23:32:21.250429 INFO: request:HTTP/1.1 200 OK
Content-Length:542
Connection:close

2024-07-17 23:32:21.250433 INFO: request:HTTP/1.1 200 OK
Content-Length:542
Connection:close


2024-07-17 23:32:21.250440 INFO: Thread 140246156437056 is running task

2024-07-17 23:32:21.250178 INFO: fd: 76, events: 1

2024-07-17 23:32:21.250476 INFO: HttpConn 76 read success
2024-07-17 23:32:21.250486 INFO: GET / HTTP/1.1
2024-07-17 23:32:21.250491 INFO: Host: 39.98.202.182:9006
2024-07-17 23:32:21.250495 INFO: User-Agent: Go-http-client/1.1
2024-07-17 23:32:21.250500 INFO: oop!unknow header: User-Agent: Go-http-client/1.1
2024-07-17 23:32:21.250509 INFO: X-Vegeta-Seq: 1041
2024-07-17 23:32:21.250513 INFO: oop!unknow header: X-Vegeta-Seq: 1041
2024-07-17 23:32:21.250518 INFO: Accept-Encoding: gzip
2024-07-17 23:32:21.250522 INFO: oop!unknow header: Accept-Encoding: gzip
2024-07-17 23:32:21.250526 INFO: 
2024-07-17 23:32:21.250539 INFO: request:HTTP/1.1 200 OK

2024-07-17 23:32:21.250544 INFO: request:HTTP/1.1 200 OK
Content-Length:542

2024-07-17 23:32:21.250548 INFO: request:HTTP/1.1 200 OK
Content-Length:542
Connection:close

2024-07-17 23:32:21.250552 INFO: request:HTTP/1.1 200 OK
Content-Length:542
Connection:close


2024-07-17 23:32:21.250559 INFO: Thread 140246106080832 is running task

2024-07-17 23:32:21.250570 INFO: eventNum: 7
2024-07-17 23:32:21.250574 INFO: fd: 77, events: 1

2024-07-17 23:32:21.250585 INFO: HttpConn 77 read success
2024-07-17 23:32:21.250593 INFO: GET / HTTP/1.1
2024-07-17 23:32:21.250598 INFO: Host: 39.98.202.182:9006
2024-07-17 23:32:21.250602 INFO: User-Agent: Go-http-client/1.1
2024-07-17 23:32:21.250606 INFO: oop!unknow header: User-Agent: Go-http-client/1.1
2024-07-17 23:32:21.250611 INFO: X-Vegeta-Seq: 1040
2024-07-17 23:32:21.250615 INFO: oop!unknow header: X-Vegeta-Seq: 1040
2024-07-17 23:32:21.250619 INFO: Accept-Encoding: gzip
2024-07-17 23:32:21.250623 INFO: oop!unknow header: Accept-Encoding: gzip
2024-07-17 23:32:21.250628 INFO: 
2024-07-17 23:32:21.250639 INFO: request:HTTP/1.1 200 OK

2024-07-17 23:32:21.250644 INFO: request:HTTP/1.1 200 OK
Content-Length:542

2024-07-17 23:32:21.250648 INFO: request:HTTP/1.1 200 OK
Content-Length:542
Connection:close

2024-07-17 23:32:21.250652 INFO: request:HTTP/1.1 200 OK
Content-Length:542
Connection:close


2024-07-17 23:32:21.250658 INFO: Thread 140246114473536 is running task

2024-07-17 23:32:21.250665 INFO: fd: 81, events: 1

2024-07-17 23:32:21.250677 INFO: fd: 82, events: 1

2024-07-17 23:32:21.250683 INFO: HttpConn 81 read success
2024-07-17 23:32:21.250685 INFO: fd: 90, events: 4

2024-07-17 23:32:21.250722 INFO: GET / HTTP/1.1
2024-07-17 23:32:21.250730 INFO: Host: 39.98.202.182:9006
2024-07-17 23:32:21.250735 INFO: User-Agent: Go-http-client/1.1
2024-07-17 23:32:21.250739 INFO: oop!unknow header: User-Agent: Go-http-client/1.1
2024-07-17 23:32:21.250747 INFO: X-Vegeta-Seq: 1047
2024-07-17 23:32:21.250751 INFO: oop!unknow header: X-Vegeta-Seq: 1047
2024-07-17 23:32:21.250755 INFO: Accept-Encoding: gzip
2024-07-17 23:32:21.250762 INFO: oop!unknow header: Accept-Encoding: gzip
2024-07-17 23:32:21.250766 INFO: 
2024-07-17 23:32:21.250783 INFO: request:HTTP/1.1 200 OK

2024-07-17 23:32:21.250788 INFO: request:HTTP/1.1 200 OK
Content-Length:542

2024-07-17 23:32:21.250792 INFO: request:HTTP/1.1 200 OK
Content-Length:542
Connection:close

2024-07-17 23:32:21.250796 INFO: request:HTTP/1.1 200 OK
Content-Length:542
Connection:close


2024-07-17 23:32:21.250806 INFO: Thread 140246122866240 is running task

2024-07-17 23:32:21.250812 INFO: HttpConn 82 read success
2024-07-17 23:32:21.250818 INFO: GET / HTTP/1.1
2024-07-17 23:32:21.250823 INFO: Host: 39.98.202.182:9006
2024-07-17 23:32:21.250827 INFO: User-Agent: Go-http-client/1.1
2024-07-17 23:32:21.250831 INFO: oop!unknow header: User-Agent: Go-http-client/1.1
2024-07-17 23:32:21.250836 INFO: X-Vegeta-Seq: 1046
2024-07-17 23:32:21.250840 INFO: oop!unknow header: X-Vegeta-Seq: 1046
2024-07-17 23:32:21.250844 INFO: Accept-Encoding: gzip
2024-07-17 23:32:21.250848 INFO: oop!unknow header: Accept-Encoding: gzip
2024-07-17 23:32:21.250852 INFO: 
2024-07-17 23:32:21.250863 INFO: request:HTTP/1.1 200 OK

2024-07-17 23:32:21.250868 INFO: request:HTTP/1.1 200 OK
Content-Length:542

2024-07-17 23:32:21.250872 INFO: request:HTTP/1.1 200 OK
Content-Length:542
Connection:close

2024-07-17 23:32:21.250876 INFO: request:HTTP/1.1 200 OK
Content-Length:542
Connection:close


2024-07-17 23:32:21.250883 INFO: Thread 140246122866240 is running task

2024-07-17 23:32:21.250907 INFO: Thread 140246122866240 is running task

2024-07-17 23:32:21.250935 INFO: fd: 74, events: 4

2024-07-17 23:32:21.250959 INFO: fd: 83, events: 4

2024-07-17 23:32:21.250978 INFO: Thread 140246097688128 is running task

2024-07-17 23:32:21.251000 INFO: Thread 140246131258944 is running task

2024-07-17 23:32:21.251010 INFO: fd: 76, events: 4

2024-07-17 23:32:21.251032 INFO: Thread 140246156437056 is running task

2024-07-17 23:32:21.251045 INFO: eventNum: 4
2024-07-17 23:32:21.251050 INFO: fd: 77, events: 4

2024-07-17 23:32:21.251070 INFO: Thread 140246106080832 is running task

2024-07-17 23:32:21.251081 INFO: fd: 79, events: 1

2024-07-17 23:32:21.251091 INFO: HttpConn 79 read success
2024-07-17 23:32:21.251099 INFO: GET / HTTP/1.1
2024-07-17 23:32:21.251104 INFO: Host: 39.98.202.182:9006
2024-07-17 23:32:21.251109 INFO: User-Agent: Go-http-client/1.1
2024-07-17 23:32:21.251113 INFO: oop!unknow header: User-Agent: Go-http-client/1.1
2024-07-17 23:32:21.251117 INFO: X-Vegeta-Seq: 1055
2024-07-17 23:32:21.251122 INFO: oop!unknow header: X-Vegeta-Seq: 1055
2024-07-17 23:32:21.251126 INFO: Accept-Encoding: gzip
2024-07-17 23:32:21.251130 INFO: oop!unknow header: Accept-Encoding: gzip
2024-07-17 23:32:21.251134 INFO: 
2024-07-17 23:32:21.251148 INFO: request:HTTP/1.1 200 OK

2024-07-17 23:32:21.251154 INFO: request:HTTP/1.1 200 OK
Content-Length:542

2024-07-17 23:32:21.251158 INFO: request:HTTP/1.1 200 OK
Content-Length:542
Connection:close

2024-07-17 23:32:21.251163 INFO: request:HTTP/1.1 200 OK
Content-Length:542
Connection:close


2024-07-17 23:32:21.251170 INFO: Thread 140246114473536 is running task

2024-07-17 23:32:21.251177 INFO: fd: 81, events: 4

2024-07-17 23:32:21.251187 INFO: fd: 82, events: 4

2024-07-17 23:32:21.251196 INFO: eventNum: 1
2024-07-17 23:32:21.251201 INFO: fd: 79, events: 4

2024-07-17 23:32:21.251214 INFO: Thread 140246122866240 is running task

2024-07-17 23:32:21.251238 INFO: Thread 140246122866240 is running task

2024-07-17 23:32:21.251255 INFO: Thread 140246122866240 is running task

2024-07-17 23:32:21.251570 INFO: eventNum: 1
2024-07-17 23:32:21.251587 INFO: fd: 75, events: 1

2024-07-17 23:32:21.251603 INFO: HttpConn 75 read success
2024-07-17 23:32:21.251623 INFO: GET / HTTP/1.1
2024-07-17 23:32:21.251631 INFO: Host: 39.98.202.182:9006
2024-07-17 23:32:21.251638 INFO: User-Agent: Go-http-client/1.1
2024-07-17 23:32:21.251645 INFO: oop!unknow header: User-Agent: Go-http-client/1.1
2024-07-17 23:32:21.251650 INFO: X-Vegeta-Seq: 1050
2024-07-17 23:32:21.251654 INFO: oop!unknow header: X-Vegeta-Seq: 1050
2024-07-17 23:32:21.251659 INFO: Accept-Encoding: gzip
2024-07-17 23:32:21.251663 INFO: oop!unknow header: Accept-Encoding: gzip
2024-07-17 23:32:21.251667 INFO: 
2024-07-17 23:32:21.251683 INFO: request:HTTP/1.1 200 OK

2024-07-17 23:32:21.251688 INFO: request:HTTP/1.1 200 OK
Content-Length:542

2024-07-17 23:32:21.251692 INFO: request:HTTP/1.1 200 OK
Content-Length:542
Connection:close

2024-07-17 23:32:21.251696 INFO: request:HTTP/1.1 200 OK
Content-Length:542
Connection:close


2024-07-17 23:32:21.251710 INFO: Thread 140246097688128 is running task

2024-07-17 23:32:21.251714 INFO: eventNum: 1
2024-07-17 23:32:21.251721 INFO: fd: 75, events: 4

2024-07-17 23:32:21.251752 INFO: Thread 140246131258944 is running task

2024-07-17 23:32:21.251763 INFO: eventNum: 1
2024-07-17 23:32:21.251768 INFO: fd: 73, events: 1

2024-07-17 23:32:21.251778 INFO: HttpConn 73 read success
2024-07-17 23:32:21.251789 INFO: GET / HTTP/1.1
2024-07-17 23:32:21.251798 INFO: Host: 39.98.202.182:9006
2024-07-17 23:32:21.251802 INFO: User-Agent: Go-http-client/1.1
2024-07-17 23:32:21.251806 INFO: oop!unknow header: User-Agent: Go-http-client/1.1
2024-07-17 23:32:21.251811 INFO: X-Vegeta-Seq: 1049
2024-07-17 23:32:21.251815 INFO: oop!unknow header: X-Vegeta-Seq: 1049
2024-07-17 23:32:21.251819 INFO: Accept-Encoding: gzip
2024-07-17 23:32:21.251823 INFO: oop!unknow header: Accept-Encoding: gzip
2024-07-17 23:32:21.251828 INFO: 
2024-07-17 23:32:21.251841 INFO: request:HTTP/1.1 200 OK

2024-07-17 23:32:21.251845 INFO: request:HTTP/1.1 200 OK
Content-Length:542

2024-07-17 23:32:21.251850 INFO: request:HTTP/1.1 200 OK
Content-Length:542
Connection:close

2024-07-17 23:32:21.251859 INFO: request:HTTP/1.1 200 OK
Content-Length:542
Connection:close


2024-07-17 23:32:21.251866 INFO: Thread 140246156437056 is running task

2024-07-17 23:32:21.251874 INFO: eventNum: 1
2024-07-17 23:32:21.251879 INFO: fd: 73, events: 4

2024-07-17 23:32:21.251900 INFO: Thread 140246106080832 is running task

2024-07-17 23:32:21.252055 INFO: eventNum: 1
2024-07-17 23:32:21.252069 INFO: fd: 66, events: 1

2024-07-17 23:32:21.252081 INFO: HttpConn 66 read success
2024-07-17 23:32:21.252089 INFO: GET / HTTP/1.1
2024-07-17 23:32:21.252094 INFO: Host: 39.98.202.182:9006
2024-07-17 23:32:21.252099 INFO: User-Agent: Go-http-client/1.1
2024-07-17 23:32:21.252103 INFO: oop!unknow header: User-Agent: Go-http-client/1.1
2024-07-17 23:32:21.252108 INFO: X-Vegeta-Seq: 1057
2024-07-17 23:32:21.252112 INFO: oop!unknow header: X-Vegeta-Seq: 1057
2024-07-17 23:32:21.252116 INFO: Accept-Encoding: gzip
2024-07-17 23:32:21.252120 INFO: oop!unknow header: Accept-Encoding: gzip
2024-07-17 23:32:21.252124 INFO: 
2024-07-17 23:32:21.252138 INFO: request:HTTP/1.1 200 OK

2024-07-17 23:32:21.252143 INFO: request:HTTP/1.1 200 OK
Content-Length:542

2024-07-17 23:32:21.252147 INFO: request:HTTP/1.1 200 OK
Content-Length:542
Connection:close

2024-07-17 23:32:21.252151 INFO: request:HTTP/1.1 200 OK
Content-Length:542
Connection:close


2024-07-17 23:32:21.252159 INFO: Thread 140246114473536 is running task

2024-07-17 23:32:21.252168 INFO: eventNum: 1
2024-07-17 23:32:21.252172 INFO: fd: 66, events: 4

2024-07-17 23:32:21.252220 INFO: eventNum: 1
2024-07-17 23:32:21.252230 INFO: fd: 64, events: 1

2024-07-17 23:32:21.252248 INFO: Thread 140246122866240 is running task

2024-07-17 23:32:21.252265 INFO: HttpConn 64 read success
2024-07-17 23:32:21.252273 INFO: GET / HTTP/1.1
2024-07-17 23:32:21.252279 INFO: Host: 39.98.202.182:9006
2024-07-17 23:32:21.252284 INFO: User-Agent: Go-http-client/1.1
2024-07-17 23:32:21.252288 INFO: oop!unknow header: User-Agent: Go-http-client/1.1
2024-07-17 23:32:21.252292 INFO: X-Vegeta-Seq: 1064
2024-07-17 23:32:21.252310 INFO: oop!unknow header: X-Vegeta-Seq: 1064
2024-07-17 23:32:21.252310 INFO: eventNum: 1
2024-07-17 23:32:21.252318 INFO: Accept-Encoding: gzip
2024-07-17 23:32:21.252337 INFO: oop!unknow header: Accept-Encoding: gzip
2024-07-17 23:32:21.252327 INFO: fd: 72, events: 1

2024-07-17 23:32:21.252342 INFO: 
2024-07-17 23:32:21.252358 INFO: eventNum: 1
2024-07-17 23:32:21.252372 INFO: fd: 71, events: 1

2024-07-17 23:32:21.252382 INFO: request:HTTP/1.1 200 OK

2024-07-17 23:32:21.252407 INFO: request:HTTP/1.1 200 OK
Content-Length:542

2024-07-17 23:32:21.252411 INFO: request:HTTP/1.1 200 OK
Content-Length:542
Connection:close

2024-07-17 23:32:21.252416 INFO: request:HTTP/1.1 200 OK
Content-Length:542
Connection:close


2024-07-17 23:32:21.252442 INFO: Thread 140246122866240 is running task

2024-07-17 23:32:21.252445 INFO: eventNum: 1
2024-07-17 23:32:21.252462 INFO: fd: 64, events: 4

2024-07-17 23:32:21.252454 INFO: HttpConn 71 read success
2024-07-17 23:32:21.252478 INFO: GET / HTTP/1.1
2024-07-17 23:32:21.252486 INFO: Host: 39.98.202.182:9006
2024-07-17 23:32:21.252496 INFO: User-Agent: Go-http-client/1.1
2024-07-17 23:32:21.252515 INFO: oop!unknow header: User-Agent: Go-http-client/1.1
2024-07-17 23:32:21.252390 INFO: HttpConn 72 read success
2024-07-17 23:32:21.252519 INFO: X-Vegeta-Seq: 1053
2024-07-17 23:32:21.252532 INFO: GET / HTTP/1.1
2024-07-17 23:32:21.252553 INFO: Host: 39.98.202.182:9006
2024-07-17 23:32:21.252540 INFO: oop!unknow header: X-Vegeta-Seq: 1053
2024-07-17 23:32:21.252558 INFO: User-Agent: Go-http-client/1.1
2024-07-17 23:32:21.252581 INFO: oop!unknow header: User-Agent: Go-http-client/1.1
2024-07-17 23:32:21.252587 INFO: X-Vegeta-Seq: 1048
2024-07-17 23:32:21.252598 INFO: oop!unknow header: X-Vegeta-Seq: 1048
2024-07-17 23:32:21.252568 INFO: Accept-Encoding: gzip
2024-07-17 23:32:21.252499 INFO: Thread 140246131258944 is running task

2024-07-17 23:32:21.252602 INFO: Accept-Encoding: gzip
2024-07-17 23:32:21.252609 INFO: oop!unknow header: Accept-Encoding: gzip
2024-07-17 23:32:21.252646 INFO: 
2024-07-17 23:32:21.252635 INFO: oop!unknow header: Accept-Encoding: gzip
2024-07-17 23:32:21.252661 INFO: 
2024-07-17 23:32:21.252664 INFO: request:HTTP/1.1 200 OK

2024-07-17 23:32:21.252672 INFO: request:HTTP/1.1 200 OK
Content-Length:542

2024-07-17 23:32:21.252676 INFO: request:HTTP/1.1 200 OK
Content-Length:542
Connection:close

2024-07-17 23:32:21.252630 INFO: eventNum: 1
2024-07-17 23:32:21.252696 INFO: fd: 69, events: 1

2024-07-17 23:32:21.252681 INFO: request:HTTP/1.1 200 OK
Content-Length:542
Connection:close


2024-07-17 23:32:21.252679 INFO: request:HTTP/1.1 200 OK

2024-07-17 23:32:21.252716 INFO: Thread 140246122866240 is running task

2024-07-17 23:32:21.252724 INFO: request:HTTP/1.1 200 OK
Content-Length:542

2024-07-17 23:32:21.252739 INFO: request:HTTP/1.1 200 OK
Content-Length:542
Connection:close

2024-07-17 23:32:21.252739 INFO: HttpConn 69 read success
2024-07-17 23:32:21.252757 INFO: GET / HTTP/1.1
2024-07-17 23:32:21.252757 INFO: request:HTTP/1.1 200 OK
Content-Length:542
Connection:close


2024-07-17 23:32:21.252778 INFO: eventNum: 2
2024-07-17 23:32:21.252772 INFO: Host: 39.98.202.182:9006
2024-07-17 23:32:21.252793 INFO: User-Agent: Go-http-client/1.1
2024-07-17 23:32:21.252794 INFO: Thread 140246148044352 is running task

2024-07-17 23:32:21.252805 INFO: oop!unknow header: User-Agent: Go-http-client/1.1
2024-07-17 23:32:21.252825 INFO: X-Vegeta-Seq: 1056
2024-07-17 23:32:21.252832 INFO: oop!unknow header: X-Vegeta-Seq: 1056
2024-07-17 23:32:21.252839 INFO: Accept-Encoding: gzip
2024-07-17 23:32:21.252843 INFO: oop!unknow header: Accept-Encoding: gzip
2024-07-17 23:32:21.252847 INFO: 
2024-07-17 23:32:21.252860 INFO: request:HTTP/1.1 200 OK

2024-07-17 23:32:21.252864 INFO: request:HTTP/1.1 200 OK
Content-Length:542

2024-07-17 23:32:21.252869 INFO: request:HTTP/1.1 200 OK
Content-Length:542
Connection:close

2024-07-17 23:32:21.252873 INFO: request:HTTP/1.1 200 OK
Content-Length:542
Connection:close


2024-07-17 23:32:21.252880 INFO: Thread 140246122866240 is running task

2024-07-17 23:32:21.252806 INFO: fd: 71, events: 4

2024-07-17 23:32:21.252909 INFO: Thread 140246106080832 is running task

2024-07-17 23:32:21.252921 INFO: fd: 65, events: 1

2024-07-17 23:32:21.252930 INFO: HttpConn 65 read success
2024-07-17 23:32:21.252938 INFO: GET / HTTP/1.1
2024-07-17 23:32:21.252943 INFO: Host: 39.98.202.182:9006
2024-07-17 23:32:21.252947 INFO: User-Agent: Go-http-client/1.1
2024-07-17 23:32:21.252952 INFO: oop!unknow header: User-Agent: Go-http-client/1.1
2024-07-17 23:32:21.252956 INFO: X-Vegeta-Seq: 1062
2024-07-17 23:32:21.252960 INFO: oop!unknow header: X-Vegeta-Seq: 1062
2024-07-17 23:32:21.252964 INFO: Accept-Encoding: gzip
2024-07-17 23:32:21.252968 INFO: oop!unknow header: Accept-Encoding: gzip
2024-07-17 23:32:21.252973 INFO: 
2024-07-17 23:32:21.252984 INFO: request:HTTP/1.1 200 OK

2024-07-17 23:32:21.252989 INFO: request:HTTP/1.1 200 OK
Content-Length:542

2024-07-17 23:32:21.252993 INFO: request:HTTP/1.1 200 OK
Content-Length:542
Connection:close

2024-07-17 23:32:21.252997 INFO: request:HTTP/1.1 200 OK
Content-Length:542
Connection:close


2024-07-17 23:32:21.253009 INFO: Thread 140246114473536 is running task

2024-07-17 23:32:21.253019 INFO: eventNum: 6
2024-07-17 23:32:21.253023 INFO: fd: 61, events: 1

2024-07-17 23:32:21.253033 INFO: fd: 72, events: 4

2024-07-17 23:32:21.253038 INFO: HttpConn 61 read success
2024-07-17 23:32:21.253041 INFO: fd: 62, events: 1

2024-07-17 23:32:21.253054 INFO: GET / HTTP/1.1
2024-07-17 23:32:21.253061 INFO: Host: 39.98.202.182:9006
2024-07-17 23:32:21.253066 INFO: User-Agent: Go-http-client/1.1
2024-07-17 23:32:21.253070 INFO: oop!unknow header: User-Agent: Go-http-client/1.1
2024-07-17 23:32:21.253077 INFO: X-Vegeta-Seq: 1058
2024-07-17 23:32:21.253081 INFO: oop!unknow header: X-Vegeta-Seq: 1058
2024-07-17 23:32:21.253081 INFO: Thread 140246131258944 is running task

2024-07-17 23:32:21.253097 INFO: HttpConn 62 read success
2024-07-17 23:32:21.253143 INFO: GET / HTTP/1.1
2024-07-17 23:32:21.253156 INFO: Host: 39.98.202.182:9006
2024-07-17 23:32:21.253169 INFO: User-Agent: Go-http-client/1.1
2024-07-17 23:32:21.253182 INFO: oop!unknow header: User-Agent: Go-http-client/1.1
2024-07-17 23:32:21.253085 INFO: fd: 69, events: 4

2024-07-17 23:32:21.253092 INFO: Accept-Encoding: gzip
2024-07-17 23:32:21.253213 INFO: oop!unknow header: Accept-Encoding: gzip
2024-07-17 23:32:21.253217 INFO: 
2024-07-17 23:32:21.253237 INFO: Thread 140246156437056 is running task

2024-07-17 23:32:21.253245 INFO: request:HTTP/1.1 200 OK

2024-07-17 23:32:21.253251 INFO: fd: 68, events: 1

2024-07-17 23:32:21.253194 INFO: X-Vegeta-Seq: 1063
2024-07-17 23:32:21.253270 INFO: fd: 65, events: 4

2024-07-17 23:32:21.253277 INFO: HttpConn 68 read success
2024-07-17 23:32:21.253299 INFO: GET / HTTP/1.1
2024-07-17 23:32:21.253300 INFO: Thread 140246122866240 is running task

2024-07-17 23:32:21.253270 INFO: oop!unknow header: X-Vegeta-Seq: 1063
2024-07-17 23:32:21.253312 INFO: Host: 39.98.202.182:9006
2024-07-17 23:32:21.253258 INFO: request:HTTP/1.1 200 OK
Content-Length:542

2024-07-17 23:32:21.253338 INFO: eventNum: 3
2024-07-17 23:32:21.253329 INFO: User-Agent: Go-http-client/1.1
2024-07-17 23:32:21.253352 INFO: oop!unknow header: User-Agent: Go-http-client/1.1
2024-07-17 23:32:21.253346 INFO: fd: 63, events: 1

2024-07-17 23:32:21.253372 INFO: X-Vegeta-Seq: 1052
2024-07-17 23:32:21.253410 INFO: fd: 67, events: 1

2024-07-17 23:32:21.253413 INFO: oop!unknow header: X-Vegeta-Seq: 1052
2024-07-17 23:32:21.253437 INFO: Accept-Encoding: gzip
2024-07-17 23:32:21.253330 INFO: Accept-Encoding: gzip
2024-07-17 23:32:21.253405 INFO: HttpConn 63 read success
2024-07-17 23:32:21.253459 INFO: oop!unknow header: Accept-Encoding: gzip
2024-07-17 23:32:21.253340 INFO: request:HTTP/1.1 200 OK
Content-Length:542
Connection:close

2024-07-17 23:32:21.253491 INFO: request:HTTP/1.1 200 OK
Content-Length:542
Connection:close


2024-07-17 23:32:21.253420 INFO: HttpConn 67 read success
2024-07-17 23:32:21.253514 INFO: Thread 140246139651648 is running task

2024-07-17 23:32:21.253520 INFO: GET / HTTP/1.1
2024-07-17 23:32:21.253527 INFO: Host: 39.98.202.182:9006
2024-07-17 23:32:21.253446 INFO: oop!unknow header: Accept-Encoding: gzip
2024-07-17 23:32:21.253466 INFO: 
2024-07-17 23:32:21.253465 INFO: GET / HTTP/1.1
2024-07-17 23:32:21.253571 INFO: Host: 39.98.202.182:9006
2024-07-17 23:32:21.253537 INFO: User-Agent: Go-http-client/1.1
2024-07-17 23:32:21.253591 INFO: oop!unknow header: User-Agent: Go-http-client/1.1
2024-07-17 23:32:21.253596 INFO: X-Vegeta-Seq: 1067
2024-07-17 23:32:21.253603 INFO: oop!unknow header: X-Vegeta-Seq: 1067
2024-07-17 23:32:21.253579 INFO: User-Agent: Go-http-client/1.1
2024-07-17 23:32:21.253422 INFO: fd: 59, events: 1

2024-07-17 23:32:21.253572 INFO: request:HTTP/1.1 200 OK

2024-07-17 23:32:21.253624 INFO: oop!unknow header: User-Agent: Go-http-client/1.1
2024-07-17 23:32:21.253642 INFO: request:HTTP/1.1 200 OK
Content-Length:542
