2024-07-17 23:32:22.025143 INFO: GET / HTTP/1.1
2024-07-17 23:32:22.025208 INFO: Host: 39.98.202.182:9006
2024-07-17 23:32:22.025214 INFO: User-Agent: Go-http-client/1.1
2024-07-17 23:32:22.025218 INFO: oop!unknow header: User-Agent: Go-http-client/1.1
2024-07-17 23:32:22.025226 INFO: X-Vegeta-Seq: 2083
2024-07-17 23:32:22.025230 INFO: oop!unknow header: X-Vegeta-Seq: 2083
2024-07-17 23:32:22.025235 INFO: Accept-Encoding: gzip
2024-07-17 23:32:22.025242 INFO: oop!unknow header: Accept-Encoding: gzip
2024-07-17 23:32:22.025246 INFO: 
2024-07-17 23:32:22.025267 INFO: request:HTTP/1.1 200 OK

2024-07-17 23:32:22.025276 INFO: request:HTTP/1.1 200 OK
Content-Length:542

2024-07-17 23:32:22.025280 INFO: request:HTTP/1.1 200 OK
Content-Length:542
Connection:close

2024-07-17 23:32:22.025285 INFO: request:HTTP/1.1 200 OK
Content-Length:542
Connection:close


2024-07-17 23:32:22.025301 INFO: Thread 140246156437056 is running task

2024-07-17 23:32:22.025313 INFO: eventNum: 1
2024-07-17 23:32:22.025318 INFO: fd: 107, events: 4

2024-07-17 23:32:22.025415 INFO: Thread 140246122866240 is running task

2024-07-17 23:32:22.030919 INFO: eventNum: 1
2024-07-17 23:32:22.030981 INFO: fd: 13, events: 1

2024-07-17 23:32:22.030991 INFO: HandleListenEvent 13
2024-07-17 23:32:22.031032 INFO: HttpConn 456 init success
2024-07-17 23:32:22.031044 INFO: addTimer id:456 expireTime:1721230842
2024-07-17 23:32:22.031065 INFO: Client[456] in!
2024-07-17 23:32:22.031073 INFO: HandleListenEvent 13
2024-07-17 23:32:22.031109 ERROR: Accept failure -1
2024-07-17 23:32:22.031119 INFO: eventNum: 1
2024-07-17 23:32:22.031126 INFO: fd: 13, events: 1

2024-07-17 23:32:22.031133 INFO: HandleListenEvent 13
2024-07-17 23:32:22.031149 INFO: HttpConn 457 init success
2024-07-17 23:32:22.031157 INFO: addTimer id:457 expireTime:1721230842
2024-07-17 23:32:22.031173 INFO: Client[457] in!
2024-07-17 23:32:22.031179 INFO: HandleListenEvent 13
2024-07-17 23:32:22.031191 ERROR: Accept failure -1
2024-07-17 23:32:22.031636 INFO: eventNum: 1
2024-07-17 23:32:22.031664 INFO: fd: 13, events: 1

2024-07-17 23:32:22.031670 INFO: HandleListenEvent 13
2024-07-17 23:32:22.031687 INFO: HttpConn 458 init success
2024-07-17 23:32:22.031694 INFO: addTimer id:458 expireTime:1721230842
2024-07-17 23:32:22.031706 INFO: Client[458] in!
2024-07-17 23:32:22.031711 INFO: HandleListenEvent 13
2024-07-17 23:32:22.031720 ERROR: Accept failure -1
2024-07-17 23:32:22.032080 INFO: eventNum: 1
2024-07-17 23:32:22.032105 INFO: fd: 13, events: 1

2024-07-17 23:32:22.032113 INFO: HandleListenEvent 13
2024-07-17 23:32:22.032131 INFO: HttpConn 459 init success
2024-07-17 23:32:22.032138 INFO: addTimer id:459 expireTime:1721230842
2024-07-17 23:32:22.032151 INFO: Client[459] in!
2024-07-17 23:32:22.032155 INFO: HandleListenEvent 13
2024-07-17 23:32:22.032164 ERROR: Accept failure -1
2024-07-17 23:32:22.032312 INFO: eventNum: 1
2024-07-17 23:32:22.032327 INFO: fd: 13, events: 1

2024-07-17 23:32:22.032332 INFO: HandleListenEvent 13
2024-07-17 23:32:22.032357 INFO: HttpConn 460 init success
2024-07-17 23:32:22.032367 INFO: addTimer id:460 expireTime:1721230842
2024-07-17 23:32:22.032425 INFO: Client[460] in!
2024-07-17 23:32:22.032436 INFO: HandleListenEvent 13
2024-07-17 23:32:22.032452 INFO: HttpConn 461 init success
2024-07-17 23:32:22.032461 INFO: addTimer id:461 expireTime:1721230842
2024-07-17 23:32:22.032472 INFO: Client[461] in!
2024-07-17 23:32:22.032477 INFO: HandleListenEvent 13
2024-07-17 23:32:22.032487 INFO: HttpConn 462 init success
2024-07-17 23:32:22.032492 INFO: addTimer id:462 expireTime:1721230842
2024-07-17 23:32:22.032503 INFO: Client[462] in!
2024-07-17 23:32:22.032507 INFO: HandleListenEvent 13
2024-07-17 23:32:22.032518 ERROR: Accept failure -1
2024-07-17 23:32:22.032598 INFO: eventNum: 1
2024-07-17 23:32:22.032639 INFO: fd: 13, events: 1

2024-07-17 23:32:22.032648 INFO: HandleListenEvent 13
2024-07-17 23:32:22.032663 INFO: HttpConn 463 init success
2024-07-17 23:32:22.032669 INFO: addTimer id:463 expireTime:1721230842
2024-07-17 23:32:22.032684 INFO: Client[463] in!
2024-07-17 23:32:22.032689 INFO: HandleListenEvent 13
2024-07-17 23:32:22.032708 ERROR: Accept failure -1
2024-07-17 23:32:22.032838 INFO: eventNum: 1
2024-07-17 23:32:22.032866 INFO: fd: 13, events: 1

2024-07-17 23:32:22.032873 INFO: HandleListenEvent 13
2024-07-17 23:32:22.032890 INFO: HttpConn 464 init success
2024-07-17 23:32:22.032896 INFO: addTimer id:464 expireTime:1721230842
2024-07-17 23:32:22.032910 INFO: Client[464] in!
2024-07-17 23:32:22.032915 INFO: HandleListenEvent 13
2024-07-17 23:32:22.032930 ERROR: Accept failure -1
2024-07-17 23:32:22.033133 INFO: eventNum: 1
2024-07-17 23:32:22.033152 INFO: fd: 456, events: 1

2024-07-17 23:32:22.033169 INFO: HttpConn 456 read success
2024-07-17 23:32:22.033182 INFO: GET / HTTP/1.1
2024-07-17 23:32:22.033189 INFO: Host: 39.98.202.182:9006
2024-07-17 23:32:22.033194 INFO: User-Agent: Go-http-client/1.1
2024-07-17 23:32:22.033199 INFO: oop!unknow header: User-Agent: Go-http-client/1.1
2024-07-17 23:32:22.033203 INFO: X-Vegeta-Seq: 3843
2024-07-17 23:32:22.033220 INFO: oop!unknow header: X-Vegeta-Seq: 3843
2024-07-17 23:32:22.033226 INFO: Accept-Encoding: gzip
2024-07-17 23:32:22.033233 INFO: oop!unknow header: Accept-Encoding: gzip
2024-07-17 23:32:22.033239 INFO: 
2024-07-17 23:32:22.033269 INFO: request:HTTP/1.1 200 OK

2024-07-17 23:32:22.033276 INFO: request:HTTP/1.1 200 OK
Content-Length:542

2024-07-17 23:32:22.033282 INFO: request:HTTP/1.1 200 OK
Content-Length:542
Connection:close

2024-07-17 23:32:22.033289 INFO: request:HTTP/1.1 200 OK
Content-Length:542
Connection:close


2024-07-17 23:32:22.033307 INFO: Thread 140246114473536 is running task

2024-07-17 23:32:22.033322 INFO: eventNum: 2
2024-07-17 23:32:22.033329 INFO: fd: 13, events: 1

2024-07-17 23:32:22.033335 INFO: HandleListenEvent 13
2024-07-17 23:32:22.033358 INFO: HttpConn 465 init success
2024-07-17 23:32:22.033366 INFO: addTimer id:465 expireTime:1721230842
2024-07-17 23:32:22.033407 INFO: Client[465] in!
2024-07-17 23:32:22.033414 INFO: HandleListenEvent 13
2024-07-17 23:32:22.033426 ERROR: Accept failure -1
2024-07-17 23:32:22.033433 INFO: fd: 456, events: 4

2024-07-17 23:32:22.033489 INFO: Thread 140246097688128 is running task

2024-07-17 23:32:22.033518 INFO: eventNum: 1
2024-07-17 23:32:22.033525 INFO: fd: 465, events: 1

2024-07-17 23:32:22.033541 INFO: HttpConn 465 read success
2024-07-17 23:32:22.033553 INFO: GET / HTTP/1.1
2024-07-17 23:32:22.033561 INFO: Host: 39.98.202.182:9006
2024-07-17 23:32:22.033568 INFO: User-Agent: Go-http-client/1.1
2024-07-17 23:32:22.033574 INFO: oop!unknow header: User-Agent: Go-http-client/1.1
2024-07-17 23:32:22.033581 INFO: X-Vegeta-Seq: 4022
2024-07-17 23:32:22.033587 INFO: oop!unknow header: X-Vegeta-Seq: 4022
2024-07-17 23:32:22.033593 INFO: Accept-Encoding: gzip
2024-07-17 23:32:22.033600 INFO: oop!unknow header: Accept-Encoding: gzip
2024-07-17 23:32:22.033606 INFO: 
2024-07-17 23:32:22.033624 INFO: request:HTTP/1.1 200 OK

2024-07-17 23:32:22.033631 INFO: request:HTTP/1.1 200 OK
Content-Length:542

2024-07-17 23:32:22.033638 INFO: request:HTTP/1.1 200 OK
Content-Length:542
Connection:close

2024-07-17 23:32:22.033644 INFO: request:HTTP/1.1 200 OK
Content-Length:542
Connection:close


2024-07-17 23:32:22.033661 INFO: Thread 140246131258944 is running task

2024-07-17 23:32:22.033674 INFO: eventNum: 1
2024-07-17 23:32:22.033681 INFO: fd: 465, events: 4

2024-07-17 23:32:22.033742 INFO: Thread 140246148044352 is running task

2024-07-17 23:32:22.034010 INFO: eventNum: 1
2024-07-17 23:32:22.034028 INFO: fd: 13, events: 1

2024-07-17 23:32:22.034035 INFO: HandleListenEvent 13
2024-07-17 23:32:22.034054 INFO: HttpConn 466 init success
2024-07-17 23:32:22.034062 INFO: addTimer id:466 expireTime:1721230842
2024-07-17 23:32:22.034078 INFO: Client[466] in!
2024-07-17 23:32:22.034085 INFO: HandleListenEvent 13
2024-07-17 23:32:22.034097 ERROR: Accept failure -1
2024-07-17 23:32:22.034225 INFO: eventNum: 1
2024-07-17 23:32:22.034246 INFO: fd: 458, events: 1

2024-07-17 23:32:22.034299 INFO: HttpConn 458 read success
2024-07-17 23:32:22.034322 INFO: GET / HTTP/1.1
2024-07-17 23:32:22.034339 INFO: Host: 39.98.202.182:9006
2024-07-17 23:32:22.034347 INFO: User-Agent: Go-http-client/1.1
2024-07-17 23:32:22.034353 INFO: oop!unknow header: User-Agent: Go-http-client/1.1
2024-07-17 23:32:22.034358 INFO: X-Vegeta-Seq: 4024
2024-07-17 23:32:22.034362 INFO: oop!unknow header: X-Vegeta-Seq: 4024
2024-07-17 23:32:22.034366 INFO: Accept-Encoding: gzip
2024-07-17 23:32:22.034371 INFO: oop!unknow header: Accept-Encoding: gzip
2024-07-17 23:32:22.034375 INFO: 
2024-07-17 23:32:22.034414 INFO: request:HTTP/1.1 200 OK

2024-07-17 23:32:22.034419 INFO: request:HTTP/1.1 200 OK
Content-Length:542

2024-07-17 23:32:22.034424 INFO: request:HTTP/1.1 200 OK
Content-Length:542
Connection:close

2024-07-17 23:32:22.034428 INFO: request:HTTP/1.1 200 OK
Content-Length:542
Connection:close


2024-07-17 23:32:22.034440 INFO: Thread 140246139651648 is running task

2024-07-17 23:32:22.034510 INFO: eventNum: 3
2024-07-17 23:32:22.034526 INFO: fd: 13, events: 1

2024-07-17 23:32:22.034531 INFO: HandleListenEvent 13
2024-07-17 23:32:22.034547 INFO: HttpConn 467 init success
2024-07-17 23:32:22.034553 INFO: addTimer id:467 expireTime:1721230842
2024-07-17 23:32:22.034565 INFO: Client[467] in!
2024-07-17 23:32:22.034569 INFO: HandleListenEvent 13
2024-07-17 23:32:22.034579 ERROR: Accept failure -1
2024-07-17 23:32:22.034583 INFO: fd: 458, events: 4

2024-07-17 23:32:22.034621 INFO: Thread 140246106080832 is running task

2024-07-17 23:32:22.034631 INFO: fd: 463, events: 1

2024-07-17 23:32:22.034643 INFO: eventNum: 1
2024-07-17 23:32:22.034648 INFO: fd: 467, events: 1

2024-07-17 23:32:22.034648 INFO: HttpConn 463 read success
2024-07-17 23:32:22.034666 INFO: GET / HTTP/1.1
2024-07-17 23:32:22.034672 INFO: Host: 39.98.202.182:9006
2024-07-17 23:32:22.034676 INFO: User-Agent: Go-http-client/1.1
2024-07-17 23:32:22.034680 INFO: oop!unknow header: User-Agent: Go-http-client/1.1
2024-07-17 23:32:22.034685 INFO: X-Vegeta-Seq: 3994
2024-07-17 23:32:22.034689 INFO: oop!unknow header: X-Vegeta-Seq: 3994
2024-07-17 23:32:22.034693 INFO: Accept-Encoding: gzip
2024-07-17 23:32:22.034697 INFO: oop!unknow header: Accept-Encoding: gzip
2024-07-17 23:32:22.034701 INFO: 
2024-07-17 23:32:22.034717 INFO: request:HTTP/1.1 200 OK

2024-07-17 23:32:22.034721 INFO: request:HTTP/1.1 200 OK
Content-Length:542

2024-07-17 23:32:22.034726 INFO: request:HTTP/1.1 200 OK
Content-Length:542
Connection:close

2024-07-17 23:32:22.034730 INFO: request:HTTP/1.1 200 OK
Content-Length:542
Connection:close


2024-07-17 23:32:22.034733 INFO: eventNum: 1
2024-07-17 23:32:22.034741 INFO: fd: 13, events: 1

2024-07-17 23:32:22.034744 INFO: Thread 140246156437056 is running task

2024-07-17 23:32:22.034746 INFO: HandleListenEvent 13
2024-07-17 23:32:22.034763 INFO: HttpConn 467 read success
2024-07-17 23:32:22.034783 INFO: HttpConn 468 init success
2024-07-17 23:32:22.034788 INFO: GET / HTTP/1.1
2024-07-17 23:32:22.034806 INFO: Host: 39.98.202.182:9006
2024-07-17 23:32:22.034790 INFO: addTimer id:468 expireTime:1721230842
2024-07-17 23:32:22.034812 INFO: User-Agent: Go-http-client/1.1
2024-07-17 23:32:22.034827 INFO: oop!unknow header: User-Agent: Go-http-client/1.1
2024-07-17 23:32:22.034829 INFO: Client[468] in!
2024-07-17 23:32:22.034840 INFO: HandleListenEvent 13
2024-07-17 23:32:22.034832 INFO: X-Vegeta-Seq: 4005
2024-07-17 23:32:22.034852 ERROR: Accept failure -1
2024-07-17 23:32:22.034854 INFO: oop!unknow header: X-Vegeta-Seq: 4005
2024-07-17 23:32:22.034874 INFO: Accept-Encoding: gzip
2024-07-17 23:32:22.034879 INFO: oop!unknow header: Accept-Encoding: gzip
2024-07-17 23:32:22.034888 INFO: 
2024-07-17 23:32:22.034864 INFO: eventNum: 2
2024-07-17 23:32:22.034900 INFO: fd: 463, events: 4

2024-07-17 23:32:22.034902 INFO: request:HTTP/1.1 200 OK

2024-07-17 23:32:22.034918 INFO: request:HTTP/1.1 200 OK
Content-Length:542

2024-07-17 23:32:22.034929 INFO: request:HTTP/1.1 200 OK
Content-Length:542
Connection:close

2024-07-17 23:32:22.034912 INFO: fd: 468, events: 1

2024-07-17 23:32:22.034966 INFO: Thread 140246114473536 is running task

2024-07-17 23:32:22.034988 INFO: HttpConn 468 read success
2024-07-17 23:32:22.034969 INFO: eventNum: 1
2024-07-17 23:32:22.034998 INFO: GET / HTTP/1.1
2024-07-17 23:32:22.035018 INFO: Host: 39.98.202.182:9006
2024-07-17 23:32:22.035007 INFO: fd: 460, events: 1

2024-07-17 23:32:22.035023 INFO: User-Agent: Go-http-client/1.1
2024-07-17 23:32:22.035042 INFO: oop!unknow header: User-Agent: Go-http-client/1.1
2024-07-17 23:32:22.035047 INFO: X-Vegeta-Seq: 3990
2024-07-17 23:32:22.035051 INFO: oop!unknow header: X-Vegeta-Seq: 3990
2024-07-17 23:32:22.035056 INFO: Accept-Encoding: gzip
2024-07-17 23:32:22.035060 INFO: oop!unknow header: Accept-Encoding: gzip
2024-07-17 23:32:22.035064 INFO: 
2024-07-17 23:32:22.035076 INFO: request:HTTP/1.1 200 OK

2024-07-17 23:32:22.035081 INFO: request:HTTP/1.1 200 OK
Content-Length:542

2024-07-17 23:32:22.035085 INFO: request:HTTP/1.1 200 OK
Content-Length:542
Connection:close

2024-07-17 23:32:22.035089 INFO: request:HTTP/1.1 200 OK
Content-Length:542
Connection:close


2024-07-17 23:32:22.035100 INFO: Thread 140246114473536 is running task

2024-07-17 23:32:22.035104 INFO: eventNum: 2
2024-07-17 23:32:22.035106 INFO: HttpConn 460 read success
2024-07-17 23:32:22.035115 INFO: fd: 468, events: 4

2024-07-17 23:32:22.035126 INFO: GET / HTTP/1.1
2024-07-17 23:32:22.035132 INFO: Host: 39.98.202.182:9006
2024-07-17 23:32:22.035136 INFO: User-Agent: Go-http-client/1.1
2024-07-17 23:32:22.035140 INFO: oop!unknow header: User-Agent: Go-http-client/1.1
2024-07-17 23:32:22.035144 INFO: X-Vegeta-Seq: 4010
2024-07-17 23:32:22.035149 INFO: oop!unknow header: X-Vegeta-Seq: 4010
2024-07-17 23:32:22.034934 INFO: request:HTTP/1.1 200 OK
Content-Length:542
Connection:close


2024-07-17 23:32:22.035158 INFO: Accept-Encoding: gzip
2024-07-17 23:32:22.035176 INFO: Thread 140246156437056 is running task

2024-07-17 23:32:22.035189 INFO: fd: 464, events: 1

2024-07-17 23:32:22.035157 INFO: Thread 140246148044352 is running task

2024-07-17 23:32:22.035180 INFO: oop!unknow header: Accept-Encoding: gzip
2024-07-17 23:32:22.035215 INFO: 
2024-07-17 23:32:22.035250 INFO: request:HTTP/1.1 200 OK

2024-07-17 23:32:22.035257 INFO: request:HTTP/1.1 200 OK
Content-Length:542

2024-07-17 23:32:22.035261 INFO: request:HTTP/1.1 200 OK
Content-Length:542
Connection:close

2024-07-17 23:32:22.035266 INFO: request:HTTP/1.1 200 OK
Content-Length:542
Connection:close


2024-07-17 23:32:22.035275 INFO: Thread 140246114473536 is running task

2024-07-17 23:32:22.035289 INFO: eventNum: 3
2024-07-17 23:32:22.035292 INFO: HttpConn 464 read success
2024-07-17 23:32:22.035294 INFO: fd: 467, events: 4

2024-07-17 23:32:22.035305 INFO: GET / HTTP/1.1
2024-07-17 23:32:22.035312 INFO: Host: 39.98.202.182:9006
2024-07-17 23:32:22.035317 INFO: User-Agent: Go-http-client/1.1
2024-07-17 23:32:22.035321 INFO: oop!unknow header: User-Agent: Go-http-client/1.1
2024-07-17 23:32:22.035327 INFO: X-Vegeta-Seq: 3998
2024-07-17 23:32:22.035330 INFO: Thread 140246106080832 is running task

2024-07-17 23:32:22.035335 INFO: fd: 13, events: 1

2024-07-17 23:32:22.035338 INFO: oop!unknow header: X-Vegeta-Seq: 3998
2024-07-17 23:32:22.035354 INFO: HandleListenEvent 13
2024-07-17 23:32:22.035362 INFO: Accept-Encoding: gzip
2024-07-17 23:32:22.035392 INFO: oop!unknow header: Accept-Encoding: gzip
2024-07-17 23:32:22.035396 INFO: HttpConn 469 init success
2024-07-17 23:32:22.035397 INFO: 
2024-07-17 23:32:22.035407 INFO: addTimer id:469 expireTime:1721230842
2024-07-17 23:32:22.035423 INFO: request:HTTP/1.1 200 OK

2024-07-17 23:32:22.035429 INFO: request:HTTP/1.1 200 OK
Content-Length:542

2024-07-17 23:32:22.035443 INFO: request:HTTP/1.1 200 OK
Content-Length:542
Connection:close

2024-07-17 23:32:22.035429 INFO: Client[469] in!
2024-07-17 23:32:22.035461 INFO: HandleListenEvent 13
2024-07-17 23:32:22.035447 INFO: request:HTTP/1.1 200 OK
Content-Length:542
Connection:close


2024-07-17 23:32:22.035474 ERROR: Accept failure -1
2024-07-17 23:32:22.035480 INFO: Thread 140246139651648 is running task

2024-07-17 23:32:22.035480 INFO: fd: 460, events: 4

2024-07-17 23:32:22.035524 INFO: eventNum: 2
2024-07-17 23:32:22.035530 INFO: fd: 469, events: 1

2024-07-17 23:32:22.035537 INFO: fd: 464, events: 4

2024-07-17 23:32:22.035552 INFO: Thread 140246122866240 is running task

2024-07-17 23:32:22.035562 INFO: HttpConn 469 read success
2024-07-17 23:32:22.035570 INFO: GET / HTTP/1.1
2024-07-17 23:32:22.035575 INFO: Host: 39.98.202.182:9006
2024-07-17 23:32:22.035579 INFO: User-Agent: Go-http-client/1.1
2024-07-17 23:32:22.035584 INFO: oop!unknow header: User-Agent: Go-http-client/1.1
2024-07-17 23:32:22.035588 INFO: X-Vegeta-Seq: 4009
2024-07-17 23:32:22.035592 INFO: oop!unknow header: X-Vegeta-Seq: 4009
2024-07-17 23:32:22.035596 INFO: Accept-Encoding: gzip
2024-07-17 23:32:22.035600 INFO: oop!unknow header: Accept-Encoding: gzip
2024-07-17 23:32:22.035605 INFO: 
2024-07-17 23:32:22.035617 INFO: request:HTTP/1.1 200 OK

2024-07-17 23:32:22.035622 INFO: request:HTTP/1.1 200 OK
Content-Length:542

2024-07-17 23:32:22.035626 INFO: request:HTTP/1.1 200 OK
Content-Length:542
Connection:close

2024-07-17 23:32:22.035631 INFO: request:HTTP/1.1 200 OK
Content-Length:542
Connection:close


2024-07-17 23:32:22.035641 INFO: Thread 140246122866240 is running task

2024-07-17 23:32:22.035646 INFO: eventNum: 1
2024-07-17 23:32:22.035654 INFO: fd: 469, events: 4

2024-07-17 23:32:22.035663 INFO: Thread 140246122866240 is running task

2024-07-17 23:32:22.035681 INFO: Thread 140246122866240 is running task

2024-07-17 23:32:22.039832 INFO: eventNum: 1
2024-07-17 23:32:22.039873 INFO: fd: 168, events: 8193

2024-07-17 23:32:22.039900 INFO: HttpConn 168 close success
2024-07-17 23:32:22.039908 INFO: Client[168] quit!
2024-07-17 23:32:22.040055 INFO: eventNum: 1
2024-07-17 23:32:22.040073 INFO: fd: 130, events: 8193

2024-07-17 23:32:22.040090 INFO: HttpConn 130 close success
2024-07-17 23:32:22.040095 INFO: Client[130] quit!
2024-07-17 23:32:22.040674 INFO: eventNum: 1
2024-07-17 23:32:22.040684 INFO: fd: 13, events: 1

2024-07-17 23:32:22.040689 INFO: HandleListenEvent 13
2024-07-17 23:32:22.040708 INFO: HttpConn 130 init success
2024-07-17 23:32:22.040714 INFO: addTimer id:130 expireTime:1721230842
2024-07-17 23:32:22.040726 INFO: Client[130] in!
2024-07-17 23:32:22.040730 INFO: HandleListenEvent 13
2024-07-17 23:32:22.040739 ERROR: Accept failure -1
2024-07-17 23:32:22.040744 INFO: eventNum: 1
2024-07-17 23:32:22.040749 INFO: fd: 130, events: 1

2024-07-17 23:32:22.040762 INFO: HttpConn 130 read success
2024-07-17 23:32:22.040774 INFO: GET / HTTP/1.1
2024-07-17 23:32:22.040780 INFO: Host: 39.98.202.182:9006
2024-07-17 23:32:22.040784 INFO: User-Agent: Go-http-client/1.1
2024-07-17 23:32:22.040789 INFO: oop!unknow header: User-Agent: Go-http-client/1.1
2024-07-17 23:32:22.040794 INFO: X-Vegeta-Seq: 3987
2024-07-17 23:32:22.040798 INFO: oop!unknow header: X-Vegeta-Seq: 3987
2024-07-17 23:32:22.040802 INFO: Accept-Encoding: gzip
2024-07-17 23:32:22.040806 INFO: oop!unknow header: Accept-Encoding: gzip
2024-07-17 23:32:22.040812 INFO: 
2024-07-17 23:32:22.040841 INFO: request:HTTP/1.1 200 OK

2024-07-17 23:32:22.040849 INFO: request:HTTP/1.1 200 OK
Content-Length:542

2024-07-17 23:32:22.040855 INFO: request:HTTP/1.1 200 OK
Content-Length:542
Connection:close

2024-07-17 23:32:22.040862 INFO: request:HTTP/1.1 200 OK
Content-Length:542
Connection:close


2024-07-17 23:32:22.040877 INFO: Thread 140246148044352 is running task

2024-07-17 23:32:22.040889 INFO: eventNum: 1
2024-07-17 23:32:22.040896 INFO: fd: 130, events: 4

2024-07-17 23:32:22.040932 INFO: Thread 140246114473536 is running task

2024-07-17 23:32:22.041048 INFO: eventNum: 1
2024-07-17 23:32:22.041064 INFO: fd: 143, events: 8193

2024-07-17 23:32:22.041081 INFO: HttpConn 143 close success
2024-07-17 23:32:22.041087 INFO: Client[143] quit!
2024-07-17 23:32:22.041247 INFO: eventNum: 1
2024-07-17 23:32:22.041260 INFO: fd: 137, events: 8193

2024-07-17 23:32:22.041275 INFO: HttpConn 137 close success
2024-07-17 23:32:22.041280 INFO: Client[137] quit!
2024-07-17 23:32:22.041456 INFO: eventNum: 1
2024-07-17 23:32:22.041475 INFO: fd: 141, events: 8193

2024-07-17 23:32:22.041489 INFO: HttpConn 141 close success
2024-07-17 23:32:22.041494 INFO: Client[141] quit!
2024-07-17 23:32:22.042299 INFO: eventNum: 1
2024-07-17 23:32:22.042319 INFO: fd: 135, events: 8193

2024-07-17 23:32:22.042337 INFO: HttpConn 135 close success
2024-07-17 23:32:22.042342 INFO: Client[135] quit!
2024-07-17 23:32:22.042573 INFO: eventNum: 1
2024-07-17 23:32:22.042586 INFO: fd: 131, events: 8193

2024-07-17 23:32:22.042603 INFO: HttpConn 131 close success
2024-07-17 23:32:22.042608 INFO: Client[131] quit!
2024-07-17 23:32:22.043553 INFO: eventNum: 1
2024-07-17 23:32:22.043567 INFO: fd: 139, events: 8193

2024-07-17 23:32:22.043595 INFO: HttpConn 139 close success
2024-07-17 23:32:22.043601 INFO: Client[139] quit!
2024-07-17 23:32:22.043606 INFO: eventNum: 1
2024-07-17 23:32:22.043611 INFO: fd: 13, events: 1

2024-07-17 23:32:22.043615 INFO: HandleListenEvent 13
2024-07-17 23:32:22.043630 INFO: HttpConn 131 init success
2024-07-17 23:32:22.043636 INFO: addTimer id:131 expireTime:1721230842
2024-07-17 23:32:22.043650 INFO: Client[131] in!
2024-07-17 23:32:22.043655 INFO: HandleListenEvent 13
2024-07-17 23:32:22.043663 ERROR: Accept failure -1
2024-07-17 23:32:22.048102 INFO: eventNum: 1
2024-07-17 23:32:22.048136 INFO: fd: 131, events: 1

2024-07-17 23:32:22.048155 INFO: HttpConn 131 read success
2024-07-17 23:32:22.048168 INFO: GET / HTTP/1.1
2024-07-17 23:32:22.048174 INFO: Host: 39.98.202.182:9006
2024-07-17 23:32:22.048179 INFO: User-Agent: Go-http-client/1.1
2024-07-17 23:32:22.048190 INFO: oop!unknow header: User-Agent: Go-http-client/1.1
2024-07-17 23:32:22.048195 INFO: X-Vegeta-Seq: 3937
2024-07-17 23:32:22.048199 INFO: oop!unknow header: X-Vegeta-Seq: 3937
2024-07-17 23:32:22.048204 INFO: Accept-Encoding: gzip
2024-07-17 23:32:22.048208 INFO: oop!unknow header: Accept-Encoding: gzip
2024-07-17 23:32:22.048212 INFO: 
2024-07-17 23:32:22.048236 INFO: request:HTTP/1.1 200 OK

2024-07-17 23:32:22.048240 INFO: request:HTTP/1.1 200 OK
Content-Length:542

2024-07-17 23:32:22.048245 INFO: request:HTTP/1.1 200 OK
Content-Length:542
Connection:close

2024-07-17 23:32:22.048250 INFO: request:HTTP/1.1 200 OK
Content-Length:542
Connection:close


2024-07-17 23:32:22.048265 INFO: Thread 140246106080832 is running task

2024-07-17 23:32:22.048283 INFO: eventNum: 1
2024-07-17 23:32:22.048288 INFO: fd: 131, events: 4

2024-07-17 23:32:22.048350 INFO: Thread 140246139651648 is running task

2024-07-17 23:32:22.048690 INFO: eventNum: 1
2024-07-17 23:32:22.048704 INFO: fd: 13, events: 1

2024-07-17 23:32:22.048709 INFO: HandleListenEvent 13
2024-07-17 23:32:22.048733 INFO: HttpConn 135 init success
2024-07-17 23:32:22.048744 INFO: addTimer id:135 expireTime:1721230842
2024-07-17 23:32:22.048760 INFO: Client[135] in!
2024-07-17 23:32:22.048766 INFO: HandleListenEvent 13
2024-07-17 23:32:22.048779 ERROR: Accept failure -1
2024-07-17 23:32:22.048787 INFO: eventNum: 1
2024-07-17 23:32:22.048793 INFO: fd: 135, events: 1

2024-07-17 23:32:22.048817 INFO: HttpConn 135 read success
2024-07-17 23:32:22.048851 INFO: GET / HTTP/1.1
2024-07-17 23:32:22.048863 INFO: Host: 39.98.202.182:9006
2024-07-17 23:32:22.048871 INFO: User-Agent: Go-http-client/1.1
2024-07-17 23:32:22.048878 INFO: oop!unknow header: User-Agent: Go-http-client/1.1
2024-07-17 23:32:22.048885 INFO: X-Vegeta-Seq: 3980
2024-07-17 23:32:22.048892 INFO: oop!unknow header: X-Vegeta-Seq: 3980
2024-07-17 23:32:22.048899 INFO: Accept-Encoding: gzip
2024-07-17 23:32:22.048905 INFO: oop!unknow header: Accept-Encoding: gzip
2024-07-17 23:32:22.048912 INFO: 
2024-07-17 23:32:22.048938 INFO: request:HTTP/1.1 200 OK

2024-07-17 23:32:22.048947 INFO: request:HTTP/1.1 200 OK
Content-Length:542

2024-07-17 23:32:22.048954 INFO: request:HTTP/1.1 200 OK
Content-Length:542
Connection:close

2024-07-17 23:32:22.048961 INFO: request:HTTP/1.1 200 OK
Content-Length:542
Connection:close


2024-07-17 23:32:22.048981 INFO: Thread 140246122866240 is running task

2024-07-17 23:32:22.049013 INFO: eventNum: 1
2024-07-17 23:32:22.049031 INFO: fd: 135, events: 4

2024-07-17 23:32:22.049084 INFO: Thread 140246097688128 is running task

2024-07-17 23:32:22.053322 INFO: eventNum: 1
2024-07-17 23:32:22.053365 INFO: fd: 13, events: 1

2024-07-17 23:32:22.053399 INFO: HandleListenEvent 13
2024-07-17 23:32:22.053429 INFO: HttpConn 137 init success
2024-07-17 23:32:22.053437 INFO: addTimer id:137 expireTime:1721230842
2024-07-17 23:32:22.053460 INFO: Client[137] in!
2024-07-17 23:32:22.053468 INFO: HandleListenEvent 13
2024-07-17 23:32:22.053482 ERROR: Accept failure -1
2024-07-17 23:32:22.053706 INFO: eventNum: 1
2024-07-17 23:32:22.053745 INFO: fd: 137, events: 1

2024-07-17 23:32:22.053771 INFO: HttpConn 137 read success
2024-07-17 23:32:22.053786 INFO: GET / HTTP/1.1
2024-07-17 23:32:22.053794 INFO: Host: 39.98.202.182:9006
2024-07-17 23:32:22.053802 INFO: User-Agent: Go-http-client/1.1
2024-07-17 23:32:22.053808 INFO: oop!unknow header: User-Agent: Go-http-client/1.1
2024-07-17 23:32:22.053815 INFO: X-Vegeta-Seq: 4132
2024-07-17 23:32:22.053821 INFO: oop!unknow header: X-Vegeta-Seq: 4132
2024-07-17 23:32:22.053827 INFO: Accept-Encoding: gzip
2024-07-17 23:32:22.053832 INFO: oop!unknow header: Accept-Encoding: gzip
2024-07-17 23:32:22.053839 INFO: 
2024-07-17 23:32:22.053876 INFO: request:HTTP/1.1 200 OK

2024-07-17 23:32:22.053884 INFO: request:HTTP/1.1 200 OK
Content-Length:542

2024-07-17 23:32:22.053891 INFO: request:HTTP/1.1 200 OK
Content-Length:542
Connection:close

2024-07-17 23:32:22.053898 INFO: request:HTTP/1.1 200 OK
Content-Length:542
Connection:close


2024-07-17 23:32:22.053919 INFO: Thread 140246131258944 is running task

2024-07-17 23:32:22.053933 INFO: eventNum: 2
2024-07-17 23:32:22.053939 INFO: fd: 13, events: 1

2024-07-17 23:32:22.053943 INFO: HandleListenEvent 13
2024-07-17 23:32:22.053963 INFO: HttpConn 139 init success
2024-07-17 23:32:22.053969 INFO: addTimer id:139 expireTime:1721230842
2024-07-17 23:32:22.053981 INFO: Client[139] in!
2024-07-17 23:32:22.053986 INFO: HandleListenEvent 13
2024-07-17 23:32:22.053996 INFO: HttpConn 141 init success
2024-07-17 23:32:22.054001 INFO: addTimer id:141 expireTime:1721230842
2024-07-17 23:32:22.054009 INFO: Client[141] in!
2024-07-17 23:32:22.054014 INFO: HandleListenEvent 13
2024-07-17 23:32:22.054023 ERROR: Accept failure -1
2024-07-17 23:32:22.054028 INFO: fd: 137, events: 4

2024-07-17 23:32:22.054069 INFO: Thread 140246156437056 is running task

2024-07-17 23:32:22.054171 INFO: eventNum: 1
2024-07-17 23:32:22.054198 INFO: fd: 13, events: 1

2024-07-17 23:32:22.054204 INFO: HandleListenEvent 13
2024-07-17 23:32:22.054217 INFO: HttpConn 143 init success
2024-07-17 23:32:22.054223 INFO: addTimer id:143 expireTime:1721230842
2024-07-17 23:32:22.054232 INFO: Client[143] in!
2024-07-17 23:32:22.054237 INFO: HandleListenEvent 13
2024-07-17 23:32:22.054246 ERROR: Accept failure -1
2024-07-17 23:32:22.054251 INFO: eventNum: 1
2024-07-17 23:32:22.054256 INFO: fd: 143, events: 1

2024-07-17 23:32:22.054276 INFO: HttpConn 143 read success
2024-07-17 23:32:22.054306 INFO: GET / HTTP/1.1
2024-07-17 23:32:22.054314 INFO: Host: 39.98.202.182:9006
2024-07-17 23:32:22.054322 INFO: User-Agent: Go-http-client/1.1
2024-07-17 23:32:22.054327 INFO: oop!unknow header: User-Agent: Go-http-client/1.1
2024-07-17 23:32:22.054335 INFO: X-Vegeta-Seq: 4187
2024-07-17 23:32:22.054339 INFO: oop!unknow header: X-Vegeta-Seq: 4187
2024-07-17 23:32:22.054344 INFO: Accept-Encoding: gzip
2024-07-17 23:32:22.054351 INFO: oop!unknow header: Accept-Encoding: gzip
2024-07-17 23:32:22.054355 INFO: 
2024-07-17 23:32:22.054374 INFO: request:HTTP/1.1 200 OK

2024-07-17 23:32:22.054413 INFO: request:HTTP/1.1 200 OK
Content-Length:542

2024-07-17 23:32:22.054418 INFO: request:HTTP/1.1 200 OK
Content-Length:542
Connection:close

2024-07-17 23:32:22.054422 INFO: request:HTTP/1.1 200 OK
Content-Length:542
Connection:close


2024-07-17 23:32:22.054438 INFO: Thread 140246148044352 is running task

2024-07-17 23:32:22.054454 INFO: eventNum: 1
2024-07-17 23:32:22.054460 INFO: fd: 143, events: 4

2024-07-17 23:32:22.054508 INFO: Thread 140246114473536 is running task

2024-07-17 23:32:22.054675 INFO: eventNum: 1
2024-07-17 23:32:22.054692 INFO: fd: 13, events: 1

2024-07-17 23:32:22.054700 INFO: HandleListenEvent 13
2024-07-17 23:32:22.054734 INFO: HttpConn 168 init success
2024-07-17 23:32:22.054744 INFO: addTimer id:168 expireTime:1721230842
2024-07-17 23:32:22.054758 INFO: Client[168] in!
2024-07-17 23:32:22.054765 INFO: HandleListenEvent 13
2024-07-17 23:32:22.054775 ERROR: Accept failure -1
2024-07-17 23:32:22.054781 INFO: eventNum: 1
2024-07-17 23:32:22.054785 INFO: fd: 141, events: 1

2024-07-17 23:32:22.054800 INFO: HttpConn 141 read success
2024-07-17 23:32:22.054810 INFO: GET / HTTP/1.1
2024-07-17 23:32:22.054816 INFO: Host: 39.98.202.182:9006
2024-07-17 23:32:22.054820 INFO: User-Agent: Go-http-client/1.1
2024-07-17 23:32:22.054825 INFO: oop!unknow header: User-Agent: Go-http-client/1.1
2024-07-17 23:32:22.054829 INFO: X-Vegeta-Seq: 4185
2024-07-17 23:32:22.054834 INFO: oop!unknow header: X-Vegeta-Seq: 4185
2024-07-17 23:32:22.054838 INFO: Accept-Encoding: gzip
2024-07-17 23:32:22.054842 INFO: oop!unknow header: Accept-Encoding: gzip
2024-07-17 23:32:22.054846 INFO: 
2024-07-17 23:32:22.054862 INFO: request:HTTP/1.1 200 OK

2024-07-17 23:32:22.054867 INFO: request:HTTP/1.1 200 OK
Content-Length:542

2024-07-17 23:32:22.054872 INFO: request:HTTP/1.1 200 OK
Content-Length:542
Connection:close

2024-07-17 23:32:22.054876 INFO: request:HTTP/1.1 200 OK
Content-Length:542
Connection:close


2024-07-17 23:32:22.054886 INFO: Thread 140246106080832 is running task

2024-07-17 23:32:22.054895 INFO: eventNum: 1
2024-07-17 23:32:22.054900 INFO: fd: 141, events: 4

2024-07-17 23:32:22.054946 INFO: Thread 140246139651648 is running task

2024-07-17 23:32:22.055176 INFO: eventNum: 1
2024-07-17 23:32:22.055213 INFO: fd: 13, events: 1

2024-07-17 23:32:22.055223 INFO: HandleListenEvent 13
2024-07-17 23:32:22.055245 INFO: HttpConn 470 init success
2024-07-17 23:32:22.055255 INFO: addTimer id:470 expireTime:1721230842
2024-07-17 23:32:22.055273 INFO: Client[470] in!
2024-07-17 23:32:22.055280 INFO: HandleListenEvent 13
2024-07-17 23:32:22.055292 ERROR: Accept failure -1
2024-07-17 23:32:22.055420 INFO: eventNum: 1
2024-07-17 23:32:22.055440 INFO: fd: 168, events: 1

2024-07-17 23:32:22.055462 INFO: HttpConn 168 read success
2024-07-17 23:32:22.055479 INFO: GET / HTTP/1.1
2024-07-17 23:32:22.055485 INFO: Host: 39.98.202.182:9006
2024-07-17 23:32:22.055490 INFO: User-Agent: Go-http-client/1.1
2024-07-17 23:32:22.055494 INFO: oop!unknow header: User-Agent: Go-http-client/1.1
2024-07-17 23:32:22.055499 INFO: X-Vegeta-Seq: 4176
2024-07-17 23:32:22.055503 INFO: oop!unknow header: X-Vegeta-Seq: 4176
2024-07-17 23:32:22.055507 INFO: Accept-Encoding: gzip
2024-07-17 23:32:22.055512 INFO: oop!unknow header: Accept-Encoding: gzip
2024-07-17 23:32:22.055516 INFO: 
2024-07-17 23:32:22.055532 INFO: request:HTTP/1.1 200 OK

2024-07-17 23:32:22.055537 INFO: request:HTTP/1.1 200 OK
Content-Length:542

2024-07-17 23:32:22.055541 INFO: request:HTTP/1.1 200 OK
Content-Length:542
Connection:close

2024-07-17 23:32:22.055545 INFO: request:HTTP/1.1 200 OK
Content-Length:542
Connection:close


2024-07-17 23:32:22.055558 INFO: Thread 140246122866240 is running task

2024-07-17 23:32:22.055571 INFO: eventNum: 2
2024-07-17 23:32:22.055580 INFO: fd: 168, events: 4

2024-07-17 23:32:22.055591 INFO: fd: 13, events: 1

2024-07-17 23:32:22.055596 INFO: HandleListenEvent 13
2024-07-17 23:32:22.055610 INFO: HttpConn 471 init success
2024-07-17 23:32:22.055618 INFO: addTimer id:471 expireTime:1721230842
2024-07-17 23:32:22.055625 INFO: Thread 140246097688128 is running task

2024-07-17 23:32:22.055628 INFO: Client[471] in!
2024-07-17 23:32:22.055647 INFO: HandleListenEvent 13
2024-07-17 23:32:22.055659 ERROR: Accept failure -1
2024-07-17 23:32:22.055674 INFO: eventNum: 1
2024-07-17 23:32:22.055683 INFO: fd: 471, events: 1

2024-07-17 23:32:22.055701 INFO: HttpConn 471 read success
2024-07-17 23:32:22.055714 INFO: GET / HTTP/1.1
2024-07-17 23:32:22.055725 INFO: Host: 39.98.202.182:9006
2024-07-17 23:32:22.055730 INFO: User-Agent: Go-http-client/1.1
2024-07-17 23:32:22.055734 INFO: oop!unknow header: User-Agent: Go-http-client/1.1
2024-07-17 23:32:22.055739 INFO: eventNum: 1
2024-07-17 23:32:22.055755 INFO: fd: 13, events: 1

2024-07-17 23:32:22.055739 INFO: X-Vegeta-Seq: 4202
2024-07-17 23:32:22.055775 INFO: oop!unknow header: X-Vegeta-Seq: 4202
2024-07-17 23:32:22.055763 INFO: HandleListenEvent 13
2024-07-17 23:32:22.055781 INFO: Accept-Encoding: gzip
2024-07-17 23:32:22.055796 INFO: oop!unknow header: Accept-Encoding: gzip
2024-07-17 23:32:22.055799 INFO: HttpConn 472 init success
2024-07-17 23:32:22.055800 INFO: 
2024-07-17 23:32:22.055810 INFO: addTimer id:472 expireTime:1721230842
2024-07-17 23:32:22.055825 INFO: request:HTTP/1.1 200 OK

2024-07-17 23:32:22.055830 INFO: request:HTTP/1.1 200 OK
Content-Length:542

2024-07-17 23:32:22.055835 INFO: request:HTTP/1.1 200 OK
Content-Length:542
Connection:close

2024-07-17 23:32:22.055843 INFO: request:HTTP/1.1 200 OK
Content-Length:542
Connection:close


2024-07-17 23:32:22.055836 INFO: Client[472] in!
2024-07-17 23:32:22.055852 INFO: Thread 140246131258944 is running task

2024-07-17 23:32:22.055860 INFO: HandleListenEvent 13
2024-07-17 23:32:22.055894 ERROR: Accept failure -1
2024-07-17 23:32:22.055903 INFO: eventNum: 2
2024-07-17 23:32:22.055908 INFO: fd: 472, events: 1

2024-07-17 23:32:22.055918 INFO: fd: 471, events: 4

2024-07-17 23:32:22.055923 INFO: HttpConn 472 read success
2024-07-17 23:32:22.055934 INFO: GET / HTTP/1.1
2024-07-17 23:32:22.055939 INFO: Host: 39.98.202.182:9006
2024-07-17 23:32:22.055943 INFO: User-Agent: Go-http-client/1.1
2024-07-17 23:32:22.055947 INFO: oop!unknow header: User-Agent: Go-http-client/1.1
2024-07-17 23:32:22.055957 INFO: X-Vegeta-Seq: 4210
2024-07-17 23:32:22.055973 INFO: oop!unknow header: X-Vegeta-Seq: 4210
2024-07-17 23:32:22.055957 INFO: Thread 140246148044352 is running task

2024-07-17 23:32:22.055978 INFO: Accept-Encoding: gzip
2024-07-17 23:32:22.056001 INFO: oop!unknow header: Accept-Encoding: gzip
2024-07-17 23:32:22.056006 INFO: 
2024-07-17 23:32:22.056035 INFO: request:HTTP/1.1 200 OK

2024-07-17 23:32:22.056041 INFO: request:HTTP/1.1 200 OK
Content-Length:542

2024-07-17 23:32:22.056045 INFO: request:HTTP/1.1 200 OK
Content-Length:542
Connection:close

2024-07-17 23:32:22.056049 INFO: request:HTTP/1.1 200 OK
Content-Length:542
Connection:close


2024-07-17 23:32:22.056058 INFO: Thread 140246156437056 is running task

2024-07-17 23:32:22.056066 INFO: eventNum: 2
2024-07-17 23:32:22.056071 INFO: fd: 139, events: 1

2024-07-17 23:32:22.056083 INFO: HttpConn 139 read success
2024-07-17 23:32:22.056093 INFO: GET / HTTP/1.1
2024-07-17 23:32:22.056098 INFO: Host: 39.98.202.182:9006
2024-07-17 23:32:22.056103 INFO: User-Agent: Go-http-client/1.1
2024-07-17 23:32:22.056107 INFO: oop!unknow header: User-Agent: Go-http-client/1.1
2024-07-17 23:32:22.056111 INFO: X-Vegeta-Seq: 4206
2024-07-17 23:32:22.056116 INFO: oop!unknow header: X-Vegeta-Seq: 4206
2024-07-17 23:32:22.056120 INFO: Accept-Encoding: gzip
2024-07-17 23:32:22.056130 INFO: oop!unknow header: Accept-Encoding: gzip
2024-07-17 23:32:22.056137 INFO: 
2024-07-17 23:32:22.056157 INFO: request:HTTP/1.1 200 OK

2024-07-17 23:32:22.056164 INFO: request:HTTP/1.1 200 OK
Content-Length:542

2024-07-17 23:32:22.056170 INFO: request:HTTP/1.1 200 OK
Content-Length:542
Connection:close

2024-07-17 23:32:22.056177 INFO: request:HTTP/1.1 200 OK
Content-Length:542
Connection:close


2024-07-17 23:32:22.056188 INFO: Thread 140246114473536 is running task

2024-07-17 23:32:22.056197 INFO: fd: 472, events: 4

2024-07-17 23:32:22.056225 INFO: Thread 140246106080832 is running task

2024-07-17 23:32:22.056236 INFO: eventNum: 1
2024-07-17 23:32:22.056240 INFO: fd: 139, events: 4

2024-07-17 23:32:22.056279 INFO: Thread 140246139651648 is running task

2024-07-17 23:32:22.058791 INFO: eventNum: 1
2024-07-17 23:32:22.058833 INFO: fd: 13, events: 1

2024-07-17 23:32:22.058846 INFO: HandleListenEvent 13
2024-07-17 23:32:22.058864 INFO: HttpConn 473 init success
2024-07-17 23:32:22.058870 INFO: addTimer id:473 expireTime:1721230842
2024-07-17 23:32:22.058884 INFO: Client[473] in!
2024-07-17 23:32:22.058891 INFO: HandleListenEvent 13
2024-07-17 23:32:22.058907 INFO: HttpConn 474 init success
2024-07-17 23:32:22.058914 INFO: addTimer id:474 expireTime:1721230842
2024-07-17 23:32:22.058941 INFO: Client[474] in!
2024-07-17 23:32:22.058946 INFO: HandleListenEvent 13
2024-07-17 23:32:22.058962 INFO: HttpConn 475 init success
2024-07-17 23:32:22.058967 INFO: addTimer id:475 expireTime:1721230842
2024-07-17 23:32:22.058978 INFO: Client[475] in!
2024-07-17 23:32:22.058983 INFO: HandleListenEvent 13
2024-07-17 23:32:22.058992 ERROR: Accept failure -1
2024-07-17 23:32:22.059289 INFO: eventNum: 1
2024-07-17 23:32:22.059309 INFO: fd: 13, events: 1

2024-07-17 23:32:22.059314 INFO: HandleListenEvent 13
2024-07-17 23:32:22.059347 INFO: HttpConn 476 init success
2024-07-17 23:32:22.059355 INFO: addTimer id:476 expireTime:1721230842
2024-07-17 23:32:22.059368 INFO: Client[476] in!
2024-07-17 23:32:22.059373 INFO: HandleListenEvent 13
2024-07-17 23:32:22.059413 INFO: HttpConn 477 init success
2024-07-17 23:32:22.059419 INFO: addTimer id:477 expireTime:1721230842
2024-07-17 23:32:22.059429 INFO: Client[477] in!
2024-07-17 23:32:22.059434 INFO: HandleListenEvent 13
2024-07-17 23:32:22.059451 INFO: HttpConn 478 init success
2024-07-17 23:32:22.059457 INFO: addTimer id:478 expireTime:1721230842
2024-07-17 23:32:22.059468 INFO: Client[478] in!
2024-07-17 23:32:22.059472 INFO: HandleListenEvent 13
2024-07-17 23:32:22.059481 ERROR: Accept failure -1
2024-07-17 23:32:22.059558 INFO: eventNum: 1
2024-07-17 23:32:22.059580 INFO: fd: 13, events: 1

2024-07-17 23:32:22.059595 INFO: HandleListenEvent 13
2024-07-17 23:32:22.059616 INFO: HttpConn 479 init success
2024-07-17 23:32:22.059625 INFO: addTimer id:479 expireTime:1721230842
2024-07-17 23:32:22.059643 INFO: Client[479] in!
2024-07-17 23:32:22.059649 INFO: HandleListenEvent 13
2024-07-17 23:32:22.059661 ERROR: Accept failure -1
2024-07-17 23:32:22.059792 INFO: eventNum: 1
2024-07-17 23:32:22.059803 INFO: fd: 13, events: 1

2024-07-17 23:32:22.059807 INFO: HandleListenEvent 13
2024-07-17 23:32:22.059820 INFO: HttpConn 480 init success
2024-07-17 23:32:22.059825 INFO: addTimer id:480 expireTime:1721230842
2024-07-17 23:32:22.059838 INFO: Client[480] in!
2024-07-17 23:32:22.059842 INFO: HandleListenEvent 13
2024-07-17 23:32:22.059850 ERROR: Accept failure -1
2024-07-17 23:32:22.060164 INFO: eventNum: 1
2024-07-17 23:32:22.060180 INFO: fd: 13, events: 1

2024-07-17 23:32:22.060188 INFO: HandleListenEvent 13
2024-07-17 23:32:22.060204 INFO: HttpConn 481 init success
2024-07-17 23:32:22.060210 INFO: addTimer id:481 expireTime:1721230842
2024-07-17 23:32:22.060225 INFO: Client[481] in!
2024-07-17 23:32:22.060232 INFO: HandleListenEvent 13
2024-07-17 23:32:22.060243 INFO: HttpConn 482 init success
2024-07-17 23:32:22.060248 INFO: addTimer id:482 expireTime:1721230842
