2024-07-17 23:32:21.417098 INFO: oop!unknow header: Accept-Encoding: gzip
2024-07-17 23:32:21.417098 INFO: Thread 140246106080832 is running task

2024-07-17 23:32:21.417178 INFO: eventNum: 22
2024-07-17 23:32:21.417052 INFO: Host: 39.98.202.182:9006
2024-07-17 23:32:21.417195 INFO: User-Agent: Go-http-client/1.1
2024-07-17 23:32:21.417202 INFO: oop!unknow header: User-Agent: Go-http-client/1.1
2024-07-17 23:32:21.417207 INFO: X-Vegeta-Seq: 1145
2024-07-17 23:32:21.417211 INFO: oop!unknow header: X-Vegeta-Seq: 1145
2024-07-17 23:32:21.417215 INFO: Accept-Encoding: gzip
2024-07-17 23:32:21.417219 INFO: oop!unknow header: Accept-Encoding: gzip
2024-07-17 23:32:21.417223 INFO: 
2024-07-17 23:32:21.417237 INFO: request:HTTP/1.1 200 OK

2024-07-17 23:32:21.417241 INFO: request:HTTP/1.1 200 OK
Content-Length:542

2024-07-17 23:32:21.417246 INFO: request:HTTP/1.1 200 OK
Content-Length:542
Connection:close

2024-07-17 23:32:21.417254 INFO: request:HTTP/1.1 200 OK
Content-Length:542
Connection:close


2024-07-17 23:32:21.417263 INFO: Thread 140246122866240 is running task

2024-07-17 23:32:21.417172 INFO: 
2024-07-17 23:32:21.417288 INFO: request:HTTP/1.1 200 OK

2024-07-17 23:32:21.417295 INFO: request:HTTP/1.1 200 OK
Content-Length:542

2024-07-17 23:32:21.417299 INFO: request:HTTP/1.1 200 OK
Content-Length:542
Connection:close

2024-07-17 23:32:21.417303 INFO: request:HTTP/1.1 200 OK
Content-Length:542
Connection:close


2024-07-17 23:32:21.417310 INFO: Thread 140246114473536 is running task

2024-07-17 23:32:21.417317 INFO: fd: 200, events: 4

2024-07-17 23:32:21.417348 INFO: Thread 140246156437056 is running task

2024-07-17 23:32:21.417358 INFO: fd: 249, events: 4

2024-07-17 23:32:21.417368 INFO: fd: 197, events: 1

2024-07-17 23:32:21.417396 INFO: HttpConn 197 read success
2024-07-17 23:32:21.417411 INFO: fd: 243, events: 1

2024-07-17 23:32:21.417406 INFO: Thread 140246131258944 is running task

2024-07-17 23:32:21.417434 INFO: HttpConn 243 read success
2024-07-17 23:32:21.417455 INFO: GET / HTTP/1.1
2024-07-17 23:32:21.417460 INFO: Host: 39.98.202.182:9006
2024-07-17 23:32:21.417464 INFO: User-Agent: Go-http-client/1.1
2024-07-17 23:32:21.417469 INFO: oop!unknow header: User-Agent: Go-http-client/1.1
2024-07-17 23:32:21.417473 INFO: X-Vegeta-Seq: 1230
2024-07-17 23:32:21.417478 INFO: oop!unknow header: X-Vegeta-Seq: 1230
2024-07-17 23:32:21.417482 INFO: Accept-Encoding: gzip
2024-07-17 23:32:21.417486 INFO: oop!unknow header: Accept-Encoding: gzip
2024-07-17 23:32:21.417490 INFO: 
2024-07-17 23:32:21.417502 INFO: request:HTTP/1.1 200 OK

2024-07-17 23:32:21.417507 INFO: request:HTTP/1.1 200 OK
Content-Length:542

2024-07-17 23:32:21.417511 INFO: request:HTTP/1.1 200 OK
Content-Length:542
Connection:close

2024-07-17 23:32:21.417516 INFO: request:HTTP/1.1 200 OK
Content-Length:542
Connection:close


2024-07-17 23:32:21.417523 INFO: Thread 140246139651648 is running task

2024-07-17 23:32:21.417409 INFO: GET / HTTP/1.1
2024-07-17 23:32:21.417537 INFO: Host: 39.98.202.182:9006
2024-07-17 23:32:21.417541 INFO: User-Agent: Go-http-client/1.1
2024-07-17 23:32:21.417549 INFO: oop!unknow header: User-Agent: Go-http-client/1.1
2024-07-17 23:32:21.417553 INFO: X-Vegeta-Seq: 1139
2024-07-17 23:32:21.417557 INFO: oop!unknow header: X-Vegeta-Seq: 1139
2024-07-17 23:32:21.417561 INFO: Accept-Encoding: gzip
2024-07-17 23:32:21.417565 INFO: oop!unknow header: Accept-Encoding: gzip
2024-07-17 23:32:21.417570 INFO: 
2024-07-17 23:32:21.417580 INFO: request:HTTP/1.1 200 OK

2024-07-17 23:32:21.417585 INFO: request:HTTP/1.1 200 OK
Content-Length:542

2024-07-17 23:32:21.417589 INFO: request:HTTP/1.1 200 OK
Content-Length:542
Connection:close

2024-07-17 23:32:21.417593 INFO: request:HTTP/1.1 200 OK
Content-Length:542
Connection:close


2024-07-17 23:32:21.417602 INFO: Thread 140246097688128 is running task

2024-07-17 23:32:21.417440 INFO: fd: 259, events: 1

2024-07-17 23:32:21.417618 INFO: HttpConn 259 read success
2024-07-17 23:32:21.417625 INFO: GET / HTTP/1.1
2024-07-17 23:32:21.417631 INFO: Host: 39.98.202.182:9006
2024-07-17 23:32:21.417644 INFO: User-Agent: Go-http-client/1.1
2024-07-17 23:32:21.417651 INFO: oop!unknow header: User-Agent: Go-http-client/1.1
2024-07-17 23:32:21.417658 INFO: X-Vegeta-Seq: 1328
2024-07-17 23:32:21.417664 INFO: oop!unknow header: X-Vegeta-Seq: 1328
2024-07-17 23:32:21.417671 INFO: Accept-Encoding: gzip
2024-07-17 23:32:21.417677 INFO: oop!unknow header: Accept-Encoding: gzip
2024-07-17 23:32:21.417683 INFO: 
2024-07-17 23:32:21.417704 INFO: request:HTTP/1.1 200 OK

2024-07-17 23:32:21.417712 INFO: request:HTTP/1.1 200 OK
Content-Length:542

2024-07-17 23:32:21.417720 INFO: request:HTTP/1.1 200 OK
Content-Length:542
Connection:close

2024-07-17 23:32:21.417728 INFO: request:HTTP/1.1 200 OK
Content-Length:542
Connection:close


2024-07-17 23:32:21.417739 INFO: Thread 140246148044352 is running task

2024-07-17 23:32:21.417750 INFO: fd: 199, events: 4

2024-07-17 23:32:21.417766 INFO: fd: 194, events: 1

2024-07-17 23:32:21.417781 INFO: HttpConn 194 read success
2024-07-17 23:32:21.417791 INFO: Thread 140246106080832 is running task

2024-07-17 23:32:21.417796 INFO: GET / HTTP/1.1
2024-07-17 23:32:21.417816 INFO: Host: 39.98.202.182:9006
2024-07-17 23:32:21.417820 INFO: User-Agent: Go-http-client/1.1
2024-07-17 23:32:21.417825 INFO: oop!unknow header: User-Agent: Go-http-client/1.1
2024-07-17 23:32:21.417829 INFO: X-Vegeta-Seq: 1209
2024-07-17 23:32:21.417833 INFO: oop!unknow header: X-Vegeta-Seq: 1209
2024-07-17 23:32:21.417837 INFO: Accept-Encoding: gzip
2024-07-17 23:32:21.417842 INFO: oop!unknow header: Accept-Encoding: gzip
2024-07-17 23:32:21.417846 INFO: 
2024-07-17 23:32:21.417859 INFO: request:HTTP/1.1 200 OK

2024-07-17 23:32:21.417863 INFO: request:HTTP/1.1 200 OK
Content-Length:542

2024-07-17 23:32:21.417868 INFO: request:HTTP/1.1 200 OK
Content-Length:542
Connection:close

2024-07-17 23:32:21.417872 INFO: request:HTTP/1.1 200 OK
Content-Length:542
Connection:close


2024-07-17 23:32:21.417882 INFO: Thread 140246122866240 is running task

2024-07-17 23:32:21.417800 INFO: fd: 226, events: 1

2024-07-17 23:32:21.417905 INFO: HttpConn 226 read success
2024-07-17 23:32:21.417916 INFO: GET / HTTP/1.1
2024-07-17 23:32:21.417924 INFO: Host: 39.98.202.182:9006
2024-07-17 23:32:21.417930 INFO: User-Agent: Go-http-client/1.1
2024-07-17 23:32:21.417937 INFO: oop!unknow header: User-Agent: Go-http-client/1.1
2024-07-17 23:32:21.417941 INFO: X-Vegeta-Seq: 1253
2024-07-17 23:32:21.417945 INFO: oop!unknow header: X-Vegeta-Seq: 1253
2024-07-17 23:32:21.417949 INFO: Accept-Encoding: gzip
2024-07-17 23:32:21.417953 INFO: oop!unknow header: Accept-Encoding: gzip
2024-07-17 23:32:21.417957 INFO: 
2024-07-17 23:32:21.417970 INFO: request:HTTP/1.1 200 OK

2024-07-17 23:32:21.417974 INFO: request:HTTP/1.1 200 OK
Content-Length:542

2024-07-17 23:32:21.417979 INFO: request:HTTP/1.1 200 OK
Content-Length:542
Connection:close

2024-07-17 23:32:21.417983 INFO: request:HTTP/1.1 200 OK
Content-Length:542
Connection:close


2024-07-17 23:32:21.417991 INFO: Thread 140246114473536 is running task

2024-07-17 23:32:21.417998 INFO: fd: 224, events: 1

2024-07-17 23:32:21.418010 INFO: HttpConn 224 read success
2024-07-17 23:32:21.418017 INFO: GET / HTTP/1.1
2024-07-17 23:32:21.418022 INFO: Host: 39.98.202.182:9006
2024-07-17 23:32:21.418026 INFO: User-Agent: Go-http-client/1.1
2024-07-17 23:32:21.418031 INFO: oop!unknow header: User-Agent: Go-http-client/1.1
2024-07-17 23:32:21.418035 INFO: X-Vegeta-Seq: 1247
2024-07-17 23:32:21.418039 INFO: oop!unknow header: X-Vegeta-Seq: 1247
2024-07-17 23:32:21.418044 INFO: Accept-Encoding: gzip
2024-07-17 23:32:21.418048 INFO: oop!unknow header: Accept-Encoding: gzip
2024-07-17 23:32:21.418052 INFO: 
2024-07-17 23:32:21.418064 INFO: request:HTTP/1.1 200 OK

2024-07-17 23:32:21.418071 INFO: request:HTTP/1.1 200 OK
Content-Length:542

2024-07-17 23:32:21.418077 INFO: request:HTTP/1.1 200 OK
Content-Length:542
Connection:close

2024-07-17 23:32:21.418083 INFO: request:HTTP/1.1 200 OK
Content-Length:542
Connection:close


2024-07-17 23:32:21.418093 INFO: Thread 140246156437056 is running task

2024-07-17 23:32:21.418109 INFO: fd: 185, events: 4

2024-07-17 23:32:21.418152 INFO: fd: 193, events: 1

2024-07-17 23:32:21.418163 INFO: HttpConn 193 read success
2024-07-17 23:32:21.418176 INFO: GET / HTTP/1.1
2024-07-17 23:32:21.418188 INFO: fd: 211, events: 1

2024-07-17 23:32:21.418176 INFO: Thread 140246131258944 is running task

2024-07-17 23:32:21.418215 INFO: HttpConn 211 read success
2024-07-17 23:32:21.418228 INFO: GET / HTTP/1.1
2024-07-17 23:32:21.418235 INFO: Host: 39.98.202.182:9006
2024-07-17 23:32:21.418242 INFO: User-Agent: Go-http-client/1.1
2024-07-17 23:32:21.418248 INFO: oop!unknow header: User-Agent: Go-http-client/1.1
2024-07-17 23:32:21.418252 INFO: X-Vegeta-Seq: 1187
2024-07-17 23:32:21.418257 INFO: oop!unknow header: X-Vegeta-Seq: 1187
2024-07-17 23:32:21.418261 INFO: Accept-Encoding: gzip
2024-07-17 23:32:21.418265 INFO: oop!unknow header: Accept-Encoding: gzip
2024-07-17 23:32:21.418270 INFO: 
2024-07-17 23:32:21.418284 INFO: request:HTTP/1.1 200 OK

2024-07-17 23:32:21.418289 INFO: request:HTTP/1.1 200 OK
Content-Length:542

2024-07-17 23:32:21.418293 INFO: request:HTTP/1.1 200 OK
Content-Length:542
Connection:close

2024-07-17 23:32:21.418297 INFO: request:HTTP/1.1 200 OK
Content-Length:542
Connection:close


2024-07-17 23:32:21.418306 INFO: Thread 140246097688128 is running task

2024-07-17 23:32:21.418186 INFO: Host: 39.98.202.182:9006
2024-07-17 23:32:21.418317 INFO: User-Agent: Go-http-client/1.1
2024-07-17 23:32:21.418322 INFO: oop!unknow header: User-Agent: Go-http-client/1.1
2024-07-17 23:32:21.418326 INFO: X-Vegeta-Seq: 1155
2024-07-17 23:32:21.418330 INFO: oop!unknow header: X-Vegeta-Seq: 1155
2024-07-17 23:32:21.418335 INFO: Accept-Encoding: gzip
2024-07-17 23:32:21.418339 INFO: oop!unknow header: Accept-Encoding: gzip
2024-07-17 23:32:21.418343 INFO: 
2024-07-17 23:32:21.418354 INFO: request:HTTP/1.1 200 OK

2024-07-17 23:32:21.418359 INFO: request:HTTP/1.1 200 OK
Content-Length:542

2024-07-17 23:32:21.418363 INFO: request:HTTP/1.1 200 OK
Content-Length:542
Connection:close

2024-07-17 23:32:21.418368 INFO: request:HTTP/1.1 200 OK
Content-Length:542
Connection:close


2024-07-17 23:32:21.418384 INFO: Thread 140246139651648 is running task

2024-07-17 23:32:21.418395 INFO: fd: 198, events: 4

2024-07-17 23:32:21.418437 INFO: Thread 140246148044352 is running task

2024-07-17 23:32:21.418454 INFO: fd: 192, events: 4

2024-07-17 23:32:21.418466 INFO: fd: 227, events: 1

2024-07-17 23:32:21.418477 INFO: HttpConn 227 read success
2024-07-17 23:32:21.418489 INFO: Thread 140246106080832 is running task

2024-07-17 23:32:21.418490 INFO: GET / HTTP/1.1
2024-07-17 23:32:21.418507 INFO: Host: 39.98.202.182:9006
2024-07-17 23:32:21.418512 INFO: User-Agent: Go-http-client/1.1
2024-07-17 23:32:21.418516 INFO: oop!unknow header: User-Agent: Go-http-client/1.1
2024-07-17 23:32:21.418520 INFO: X-Vegeta-Seq: 1181
2024-07-17 23:32:21.418524 INFO: oop!unknow header: X-Vegeta-Seq: 1181
2024-07-17 23:32:21.418528 INFO: Accept-Encoding: gzip
2024-07-17 23:32:21.418533 INFO: oop!unknow header: Accept-Encoding: gzip
2024-07-17 23:32:21.418537 INFO: 
2024-07-17 23:32:21.418551 INFO: request:HTTP/1.1 200 OK

2024-07-17 23:32:21.418556 INFO: request:HTTP/1.1 200 OK
Content-Length:542

2024-07-17 23:32:21.418560 INFO: request:HTTP/1.1 200 OK
Content-Length:542
Connection:close

2024-07-17 23:32:21.418565 INFO: request:HTTP/1.1 200 OK
Content-Length:542
Connection:close


2024-07-17 23:32:21.418572 INFO: Thread 140246122866240 is running task

2024-07-17 23:32:21.418492 INFO: fd: 223, events: 1

2024-07-17 23:32:21.418595 INFO: HttpConn 223 read success
2024-07-17 23:32:21.418603 INFO: GET / HTTP/1.1
2024-07-17 23:32:21.418611 INFO: Host: 39.98.202.182:9006
2024-07-17 23:32:21.418615 INFO: User-Agent: Go-http-client/1.1
2024-07-17 23:32:21.418619 INFO: oop!unknow header: User-Agent: Go-http-client/1.1
2024-07-17 23:32:21.418624 INFO: X-Vegeta-Seq: 1250
2024-07-17 23:32:21.418628 INFO: oop!unknow header: X-Vegeta-Seq: 1250
2024-07-17 23:32:21.418640 INFO: Accept-Encoding: gzip
2024-07-17 23:32:21.418647 INFO: oop!unknow header: Accept-Encoding: gzip
2024-07-17 23:32:21.418654 INFO: 
2024-07-17 23:32:21.418678 INFO: request:HTTP/1.1 200 OK

2024-07-17 23:32:21.418686 INFO: request:HTTP/1.1 200 OK
Content-Length:542

2024-07-17 23:32:21.418692 INFO: request:HTTP/1.1 200 OK
Content-Length:542
Connection:close

2024-07-17 23:32:21.418700 INFO: request:HTTP/1.1 200 OK
Content-Length:542
Connection:close


2024-07-17 23:32:21.418710 INFO: Thread 140246114473536 is running task

2024-07-17 23:32:21.418722 INFO: fd: 250, events: 4

2024-07-17 23:32:21.418763 INFO: Thread 140246156437056 is running task

2024-07-17 23:32:21.418775 INFO: fd: 217, events: 1

2024-07-17 23:32:21.418787 INFO: fd: 214, events: 1

2024-07-17 23:32:21.418791 INFO: HttpConn 217 read success
2024-07-17 23:32:21.418797 INFO: HttpConn 214 read success
2024-07-17 23:32:21.418813 INFO: GET / HTTP/1.1
2024-07-17 23:32:21.418802 INFO: fd: 253, events: 4

2024-07-17 23:32:21.418824 INFO: GET / HTTP/1.1
2024-07-17 23:32:21.418832 INFO: Host: 39.98.202.182:9006
2024-07-17 23:32:21.418857 INFO: User-Agent: Go-http-client/1.1
2024-07-17 23:32:21.418862 INFO: oop!unknow header: User-Agent: Go-http-client/1.1
2024-07-17 23:32:21.418867 INFO: X-Vegeta-Seq: 1195
2024-07-17 23:32:21.418873 INFO: oop!unknow header: X-Vegeta-Seq: 1195
2024-07-17 23:32:21.418877 INFO: Thread 140246139651648 is running task

2024-07-17 23:32:21.418878 INFO: Accept-Encoding: gzip
2024-07-17 23:32:21.418848 INFO: Host: 39.98.202.182:9006
2024-07-17 23:32:21.418898 INFO: oop!unknow header: Accept-Encoding: gzip
2024-07-17 23:32:21.418924 INFO: 
2024-07-17 23:32:21.418907 INFO: User-Agent: Go-http-client/1.1
2024-07-17 23:32:21.418938 INFO: oop!unknow header: User-Agent: Go-http-client/1.1
2024-07-17 23:32:21.418894 INFO: fd: 202, events: 1

2024-07-17 23:32:21.418965 INFO: HttpConn 202 read success
2024-07-17 23:32:21.418975 INFO: GET / HTTP/1.1
2024-07-17 23:32:21.418942 INFO: request:HTTP/1.1 200 OK

2024-07-17 23:32:21.418995 INFO: fd: 222, events: 1

2024-07-17 23:32:21.418943 INFO: X-Vegeta-Seq: 1190
2024-07-17 23:32:21.419011 INFO: oop!unknow header: X-Vegeta-Seq: 1190
2024-07-17 23:32:21.419016 INFO: Accept-Encoding: gzip
2024-07-17 23:32:21.419020 INFO: oop!unknow header: Accept-Encoding: gzip
2024-07-17 23:32:21.419024 INFO: 
2024-07-17 23:32:21.419038 INFO: request:HTTP/1.1 200 OK

2024-07-17 23:32:21.419043 INFO: request:HTTP/1.1 200 OK
Content-Length:542

2024-07-17 23:32:21.419047 INFO: request:HTTP/1.1 200 OK
Content-Length:542
Connection:close

2024-07-17 23:32:21.419052 INFO: request:HTTP/1.1 200 OK
Content-Length:542
Connection:close


2024-07-17 23:32:21.419059 INFO: Thread 140246097688128 is running task

2024-07-17 23:32:21.418989 INFO: Host: 39.98.202.182:9006
2024-07-17 23:32:21.419076 INFO: User-Agent: Go-http-client/1.1
2024-07-17 23:32:21.418999 INFO: request:HTTP/1.1 200 OK
Content-Length:542

2024-07-17 23:32:21.419094 INFO: request:HTTP/1.1 200 OK
Content-Length:542
Connection:close

2024-07-17 23:32:21.419100 INFO: request:HTTP/1.1 200 OK
Content-Length:542
Connection:close


2024-07-17 23:32:21.419084 INFO: oop!unknow header: User-Agent: Go-http-client/1.1
2024-07-17 23:32:21.419110 INFO: X-Vegeta-Seq: 1137
2024-07-17 23:32:21.419115 INFO: HttpConn 222 read success
2024-07-17 23:32:21.419122 INFO: eventNum: 26
2024-07-17 23:32:21.419110 INFO: Thread 140246131258944 is running task

2024-07-17 23:32:21.419138 INFO: fd: 225, events: 1

2024-07-17 23:32:21.419117 INFO: oop!unknow header: X-Vegeta-Seq: 1137
2024-07-17 23:32:21.419156 INFO: Accept-Encoding: gzip
2024-07-17 23:32:21.419129 INFO: GET / HTTP/1.1
2024-07-17 23:32:21.419173 INFO: HttpConn 225 read success
2024-07-17 23:32:21.419173 INFO: Host: 39.98.202.182:9006
2024-07-17 23:32:21.419185 INFO: GET / HTTP/1.1
2024-07-17 23:32:21.419187 INFO: User-Agent: Go-http-client/1.1
2024-07-17 23:32:21.419200 INFO: fd: 251, events: 4

2024-07-17 23:32:21.419164 INFO: oop!unknow header: Accept-Encoding: gzip
2024-07-17 23:32:21.419204 INFO: oop!unknow header: User-Agent: Go-http-client/1.1
2024-07-17 23:32:21.419244 INFO: X-Vegeta-Seq: 1245
2024-07-17 23:32:21.419252 INFO: oop!unknow header: X-Vegeta-Seq: 1245
2024-07-17 23:32:21.419256 INFO: Accept-Encoding: gzip
2024-07-17 23:32:21.419259 INFO: Thread 140246114473536 is running task

2024-07-17 23:32:21.419227 INFO: 
2024-07-17 23:32:21.419261 INFO: oop!unknow header: Accept-Encoding: gzip
2024-07-17 23:32:21.419291 INFO: 
2024-07-17 23:32:21.419294 INFO: request:HTTP/1.1 200 OK

2024-07-17 23:32:21.419300 INFO: request:HTTP/1.1 200 OK
Content-Length:542

2024-07-17 23:32:21.419305 INFO: request:HTTP/1.1 200 OK
Content-Length:542
Connection:close

2024-07-17 23:32:21.419306 INFO: request:HTTP/1.1 200 OK

2024-07-17 23:32:21.419310 INFO: request:HTTP/1.1 200 OK
Content-Length:542
Connection:close


2024-07-17 23:32:21.419194 INFO: Host: 39.98.202.182:9006
2024-07-17 23:32:21.419315 INFO: fd: 221, events: 1

2024-07-17 23:32:21.419319 INFO: request:HTTP/1.1 200 OK
Content-Length:542

2024-07-17 23:32:21.419328 INFO: Thread 140246148044352 is running task

2024-07-17 23:32:21.419352 INFO: request:HTTP/1.1 200 OK
Content-Length:542
Connection:close

2024-07-17 23:32:21.419334 INFO: User-Agent: Go-http-client/1.1
2024-07-17 23:32:21.419373 INFO: request:HTTP/1.1 200 OK
Content-Length:542
Connection:close


2024-07-17 23:32:21.419375 INFO: oop!unknow header: User-Agent: Go-http-client/1.1
2024-07-17 23:32:21.419362 INFO: HttpConn 221 read success
2024-07-17 23:32:21.419392 INFO: Thread 140246106080832 is running task

2024-07-17 23:32:21.419403 INFO: X-Vegeta-Seq: 1179
2024-07-17 23:32:21.419426 INFO: oop!unknow header: X-Vegeta-Seq: 1179
2024-07-17 23:32:21.419430 INFO: Accept-Encoding: gzip
2024-07-17 23:32:21.419435 INFO: oop!unknow header: Accept-Encoding: gzip
2024-07-17 23:32:21.419439 INFO: 
2024-07-17 23:32:21.419451 INFO: request:HTTP/1.1 200 OK

2024-07-17 23:32:21.419456 INFO: request:HTTP/1.1 200 OK
Content-Length:542

2024-07-17 23:32:21.419460 INFO: request:HTTP/1.1 200 OK
Content-Length:542
Connection:close

2024-07-17 23:32:21.419465 INFO: request:HTTP/1.1 200 OK
Content-Length:542
Connection:close


2024-07-17 23:32:21.419471 INFO: Thread 140246122866240 is running task

2024-07-17 23:32:21.419416 INFO: GET / HTTP/1.1
2024-07-17 23:32:21.419483 INFO: Host: 39.98.202.182:9006
2024-07-17 23:32:21.419488 INFO: User-Agent: Go-http-client/1.1
2024-07-17 23:32:21.419492 INFO: oop!unknow header: User-Agent: Go-http-client/1.1
2024-07-17 23:32:21.419497 INFO: X-Vegeta-Seq: 1251
2024-07-17 23:32:21.419501 INFO: oop!unknow header: X-Vegeta-Seq: 1251
2024-07-17 23:32:21.419505 INFO: Accept-Encoding: gzip
2024-07-17 23:32:21.419509 INFO: oop!unknow header: Accept-Encoding: gzip
2024-07-17 23:32:21.419513 INFO: 
2024-07-17 23:32:21.419526 INFO: request:HTTP/1.1 200 OK

2024-07-17 23:32:21.419530 INFO: request:HTTP/1.1 200 OK
Content-Length:542

2024-07-17 23:32:21.419534 INFO: request:HTTP/1.1 200 OK
Content-Length:542
Connection:close

2024-07-17 23:32:21.419539 INFO: request:HTTP/1.1 200 OK
Content-Length:542
Connection:close


2024-07-17 23:32:21.419545 INFO: Thread 140246148044352 is running task

2024-07-17 23:32:21.419552 INFO: fd: 257, events: 1

2024-07-17 23:32:21.419565 INFO: HttpConn 257 read success
2024-07-17 23:32:21.419574 INFO: GET / HTTP/1.1
2024-07-17 23:32:21.419579 INFO: Host: 39.98.202.182:9006
2024-07-17 23:32:21.419583 INFO: User-Agent: Go-http-client/1.1
2024-07-17 23:32:21.419588 INFO: oop!unknow header: User-Agent: Go-http-client/1.1
2024-07-17 23:32:21.419592 INFO: X-Vegeta-Seq: 1333
2024-07-17 23:32:21.419596 INFO: oop!unknow header: X-Vegeta-Seq: 1333
2024-07-17 23:32:21.419600 INFO: Accept-Encoding: gzip
2024-07-17 23:32:21.419636 INFO: oop!unknow header: Accept-Encoding: gzip
2024-07-17 23:32:21.419645 INFO: 
2024-07-17 23:32:21.419667 INFO: request:HTTP/1.1 200 OK

2024-07-17 23:32:21.419675 INFO: request:HTTP/1.1 200 OK
Content-Length:542

2024-07-17 23:32:21.419681 INFO: request:HTTP/1.1 200 OK
Content-Length:542
Connection:close

2024-07-17 23:32:21.419693 INFO: request:HTTP/1.1 200 OK
Content-Length:542
Connection:close


2024-07-17 23:32:21.419705 INFO: Thread 140246139651648 is running task

2024-07-17 23:32:21.419716 INFO: fd: 255, events: 1

2024-07-17 23:32:21.419733 INFO: HttpConn 255 read success
2024-07-17 23:32:21.419745 INFO: GET / HTTP/1.1
2024-07-17 23:32:21.419753 INFO: Host: 39.98.202.182:9006
2024-07-17 23:32:21.419760 INFO: User-Agent: Go-http-client/1.1
2024-07-17 23:32:21.419766 INFO: oop!unknow header: User-Agent: Go-http-client/1.1
2024-07-17 23:32:21.419773 INFO: X-Vegeta-Seq: 1332
2024-07-17 23:32:21.419779 INFO: oop!unknow header: X-Vegeta-Seq: 1332
2024-07-17 23:32:21.419785 INFO: Accept-Encoding: gzip
2024-07-17 23:32:21.419792 INFO: oop!unknow header: Accept-Encoding: gzip
2024-07-17 23:32:21.419796 INFO: 
2024-07-17 23:32:21.419809 INFO: request:HTTP/1.1 200 OK

2024-07-17 23:32:21.419813 INFO: request:HTTP/1.1 200 OK
Content-Length:542

2024-07-17 23:32:21.419817 INFO: request:HTTP/1.1 200 OK
Content-Length:542
Connection:close

2024-07-17 23:32:21.419822 INFO: request:HTTP/1.1 200 OK
Content-Length:542
Connection:close


2024-07-17 23:32:21.419829 INFO: Thread 140246097688128 is running task

2024-07-17 23:32:21.419837 INFO: fd: 219, events: 1

2024-07-17 23:32:21.419849 INFO: fd: 196, events: 4

2024-07-17 23:32:21.419859 INFO: HttpConn 219 read success
2024-07-17 23:32:21.419875 INFO: GET / HTTP/1.1
2024-07-17 23:32:21.419889 INFO: fd: 229, events: 1

2024-07-17 23:32:21.419885 INFO: Host: 39.98.202.182:9006
2024-07-17 23:32:21.419920 INFO: fd: 186, events: 4

2024-07-17 23:32:21.419886 INFO: Thread 140246114473536 is running task

2024-07-17 23:32:21.419914 INFO: HttpConn 229 read success
2024-07-17 23:32:21.419925 INFO: User-Agent: Go-http-client/1.1
2024-07-17 23:32:21.419953 INFO: GET / HTTP/1.1
2024-07-17 23:32:21.419961 INFO: fd: 243, events: 4

2024-07-17 23:32:21.419999 INFO: Thread 140246106080832 is running task

2024-07-17 23:32:21.420010 INFO: fd: 197, events: 4

2024-07-17 23:32:21.420004 INFO: Thread 140246122866240 is running task

2024-07-17 23:32:21.419963 INFO: oop!unknow header: User-Agent: Go-http-client/1.1
2024-07-17 23:32:21.419970 INFO: Host: 39.98.202.182:9006
2024-07-17 23:32:21.420031 INFO: X-Vegeta-Seq: 1194
2024-07-17 23:32:21.420048 INFO: oop!unknow header: X-Vegeta-Seq: 1194
2024-07-17 23:32:21.420053 INFO: Accept-Encoding: gzip
2024-07-17 23:32:21.420059 INFO: oop!unknow header: Accept-Encoding: gzip
2024-07-17 23:32:21.420039 INFO: User-Agent: Go-http-client/1.1
2024-07-17 23:32:21.420063 INFO: 
2024-07-17 23:32:21.420076 INFO: oop!unknow header: User-Agent: Go-http-client/1.1
2024-07-17 23:32:21.420128 INFO: X-Vegeta-Seq: 1241
2024-07-17 23:32:21.420133 INFO: oop!unknow header: X-Vegeta-Seq: 1241
2024-07-17 23:32:21.420138 INFO: Accept-Encoding: gzip
2024-07-17 23:32:21.420142 INFO: oop!unknow header: Accept-Encoding: gzip
2024-07-17 23:32:21.420146 INFO: 
2024-07-17 23:32:21.420160 INFO: request:HTTP/1.1 200 OK

2024-07-17 23:32:21.420188 INFO: request:HTTP/1.1 200 OK
Content-Length:542

2024-07-17 23:32:21.420194 INFO: request:HTTP/1.1 200 OK
Content-Length:542
Connection:close

2024-07-17 23:32:21.420198 INFO: request:HTTP/1.1 200 OK
Content-Length:542
Connection:close


2024-07-17 23:32:21.420207 INFO: Thread 140246156437056 is running task

2024-07-17 23:32:21.420064 INFO: Thread 140246148044352 is running task

2024-07-17 23:32:21.420084 INFO: fd: 232, events: 1

2024-07-17 23:32:21.420122 INFO: request:HTTP/1.1 200 OK

2024-07-17 23:32:21.420251 INFO: request:HTTP/1.1 200 OK
Content-Length:542

2024-07-17 23:32:21.420258 INFO: request:HTTP/1.1 200 OK
Content-Length:542
Connection:close

2024-07-17 23:32:21.420263 INFO: request:HTTP/1.1 200 OK
Content-Length:542
Connection:close


2024-07-17 23:32:21.420274 INFO: Thread 140246131258944 is running task

2024-07-17 23:32:21.420231 INFO: HttpConn 232 read success
2024-07-17 23:32:21.420294 INFO: GET / HTTP/1.1
2024-07-17 23:32:21.420301 INFO: Host: 39.98.202.182:9006
2024-07-17 23:32:21.420310 INFO: User-Agent: Go-http-client/1.1
2024-07-17 23:32:21.420315 INFO: oop!unknow header: User-Agent: Go-http-client/1.1
2024-07-17 23:32:21.420319 INFO: X-Vegeta-Seq: 1248
2024-07-17 23:32:21.420324 INFO: oop!unknow header: X-Vegeta-Seq: 1248
2024-07-17 23:32:21.420328 INFO: Accept-Encoding: gzip
2024-07-17 23:32:21.420332 INFO: oop!unknow header: Accept-Encoding: gzip
2024-07-17 23:32:21.420336 INFO: 
2024-07-17 23:32:21.420349 INFO: request:HTTP/1.1 200 OK

2024-07-17 23:32:21.420354 INFO: request:HTTP/1.1 200 OK
Content-Length:542

2024-07-17 23:32:21.420359 INFO: request:HTTP/1.1 200 OK
Content-Length:542
Connection:close

2024-07-17 23:32:21.420363 INFO: request:HTTP/1.1 200 OK
Content-Length:542
Connection:close


2024-07-17 23:32:21.420371 INFO: Thread 140246139651648 is running task

2024-07-17 23:32:21.420236 INFO: fd: 259, events: 4

2024-07-17 23:32:21.420430 INFO: Thread 140246097688128 is running task

2024-07-17 23:32:21.420440 INFO: fd: 194, events: 4

2024-07-17 23:32:21.420463 INFO: Thread 140246114473536 is running task

2024-07-17 23:32:21.420474 INFO: fd: 226, events: 4

2024-07-17 23:32:21.420484 INFO: fd: 224, events: 4

2024-07-17 23:32:21.420515 INFO: Thread 140246106080832 is running task

2024-07-17 23:32:21.420519 INFO: Thread 140246122866240 is running task

2024-07-17 23:32:21.420521 INFO: fd: 220, events: 1

2024-07-17 23:32:21.420552 INFO: HttpConn 220 read success
2024-07-17 23:32:21.420566 INFO: GET / HTTP/1.1
2024-07-17 23:32:21.420573 INFO: Host: 39.98.202.182:9006
2024-07-17 23:32:21.420581 INFO: User-Agent: Go-http-client/1.1
2024-07-17 23:32:21.420587 INFO: oop!unknow header: User-Agent: Go-http-client/1.1
2024-07-17 23:32:21.420594 INFO: X-Vegeta-Seq: 1185
2024-07-17 23:32:21.420600 INFO: oop!unknow header: X-Vegeta-Seq: 1185
2024-07-17 23:32:21.420609 INFO: Accept-Encoding: gzip
2024-07-17 23:32:21.420616 INFO: oop!unknow header: Accept-Encoding: gzip
2024-07-17 23:32:21.420621 INFO: 
2024-07-17 23:32:21.420639 INFO: request:HTTP/1.1 200 OK

2024-07-17 23:32:21.420646 INFO: request:HTTP/1.1 200 OK
Content-Length:542

2024-07-17 23:32:21.420653 INFO: request:HTTP/1.1 200 OK
Content-Length:542
Connection:close

2024-07-17 23:32:21.420657 INFO: request:HTTP/1.1 200 OK
Content-Length:542
Connection:close


2024-07-17 23:32:21.420666 INFO: Thread 140246156437056 is running task

2024-07-17 23:32:21.420674 INFO: fd: 211, events: 4

2024-07-17 23:32:21.420704 INFO: Thread 140246148044352 is running task

2024-07-17 23:32:21.420721 INFO: fd: 193, events: 4

2024-07-17 23:32:21.420736 INFO: fd: 212, events: 1

2024-07-17 23:32:21.420750 INFO: HttpConn 212 read success
2024-07-17 23:32:21.420762 INFO: GET / HTTP/1.1
2024-07-17 23:32:21.420774 INFO: fd: 227, events: 4

2024-07-17 23:32:21.420763 INFO: Thread 140246131258944 is running task

2024-07-17 23:32:21.420815 INFO: Thread 140246097688128 is running task

2024-07-17 23:32:21.420772 INFO: Host: 39.98.202.182:9006
2024-07-17 23:32:21.420834 INFO: User-Agent: Go-http-client/1.1
2024-07-17 23:32:21.420841 INFO: oop!unknow header: User-Agent: Go-http-client/1.1
2024-07-17 23:32:21.420847 INFO: X-Vegeta-Seq: 1203
2024-07-17 23:32:21.420853 INFO: oop!unknow header: X-Vegeta-Seq: 1203
2024-07-17 23:32:21.420858 INFO: Accept-Encoding: gzip
2024-07-17 23:32:21.420862 INFO: oop!unknow header: Accept-Encoding: gzip
2024-07-17 23:32:21.420866 INFO: 
2024-07-17 23:32:21.420880 INFO: request:HTTP/1.1 200 OK

2024-07-17 23:32:21.420885 INFO: request:HTTP/1.1 200 OK
Content-Length:542

2024-07-17 23:32:21.420889 INFO: request:HTTP/1.1 200 OK
Content-Length:542
Connection:close

2024-07-17 23:32:21.420893 INFO: request:HTTP/1.1 200 OK
Content-Length:542
Connection:close


2024-07-17 23:32:21.420901 INFO: Thread 140246139651648 is running task

2024-07-17 23:32:21.420908 INFO: fd: 208, events: 1

2024-07-17 23:32:21.420919 INFO: HttpConn 208 read success
2024-07-17 23:32:21.420928 INFO: GET / HTTP/1.1
2024-07-17 23:32:21.420933 INFO: Host: 39.98.202.182:9006
2024-07-17 23:32:21.420937 INFO: User-Agent: Go-http-client/1.1
2024-07-17 23:32:21.420948 INFO: oop!unknow header: User-Agent: Go-http-client/1.1
2024-07-17 23:32:21.420952 INFO: X-Vegeta-Seq: 1201
2024-07-17 23:32:21.420956 INFO: oop!unknow header: X-Vegeta-Seq: 1201
2024-07-17 23:32:21.420961 INFO: Accept-Encoding: gzip
2024-07-17 23:32:21.420965 INFO: oop!unknow header: Accept-Encoding: gzip
2024-07-17 23:32:21.420969 INFO: 
2024-07-17 23:32:21.420981 INFO: request:HTTP/1.1 200 OK

2024-07-17 23:32:21.420986 INFO: request:HTTP/1.1 200 OK
Content-Length:542

2024-07-17 23:32:21.420990 INFO: request:HTTP/1.1 200 OK
Content-Length:542
Connection:close

2024-07-17 23:32:21.420994 INFO: request:HTTP/1.1 200 OK
Content-Length:542
Connection:close


2024-07-17 23:32:21.421001 INFO: Thread 140246114473536 is running task

2024-07-17 23:32:21.421008 INFO: fd: 223, events: 4

2024-07-17 23:32:21.421018 INFO: fd: 209, events: 1

2024-07-17 23:32:21.421028 INFO: HttpConn 209 read success
2024-07-17 23:32:21.421048 INFO: GET / HTTP/1.1
2024-07-17 23:32:21.421049 INFO: Thread 140246106080832 is running task

2024-07-17 23:32:21.421053 INFO: Host: 39.98.202.182:9006
2024-07-17 23:32:21.421070 INFO: User-Agent: Go-http-client/1.1
2024-07-17 23:32:21.421075 INFO: oop!unknow header: User-Agent: Go-http-client/1.1
2024-07-17 23:32:21.421079 INFO: X-Vegeta-Seq: 1197
2024-07-17 23:32:21.421084 INFO: oop!unknow header: X-Vegeta-Seq: 1197
2024-07-17 23:32:21.421088 INFO: Accept-Encoding: gzip
2024-07-17 23:32:21.421092 INFO: oop!unknow header: Accept-Encoding: gzip
2024-07-17 23:32:21.421096 INFO: 
2024-07-17 23:32:21.421108 INFO: request:HTTP/1.1 200 OK

2024-07-17 23:32:21.421112 INFO: request:HTTP/1.1 200 OK
Content-Length:542

2024-07-17 23:32:21.421117 INFO: request:HTTP/1.1 200 OK
Content-Length:542
Connection:close

2024-07-17 23:32:21.421121 INFO: request:HTTP/1.1 200 OK
Content-Length:542
Connection:close


2024-07-17 23:32:21.421127 INFO: Thread 140246122866240 is running task

2024-07-17 23:32:21.421055 INFO: fd: 206, events: 1

2024-07-17 23:32:21.421142 INFO: HttpConn 206 read success
2024-07-17 23:32:21.421150 INFO: GET / HTTP/1.1
2024-07-17 23:32:21.421155 INFO: Host: 39.98.202.182:9006
2024-07-17 23:32:21.421159 INFO: User-Agent: Go-http-client/1.1
2024-07-17 23:32:21.421166 INFO: oop!unknow header: User-Agent: Go-http-client/1.1
2024-07-17 23:32:21.421170 INFO: X-Vegeta-Seq: 1146
2024-07-17 23:32:21.421174 INFO: oop!unknow header: X-Vegeta-Seq: 1146
2024-07-17 23:32:21.421178 INFO: Accept-Encoding: gzip
2024-07-17 23:32:21.421183 INFO: oop!unknow header: Accept-Encoding: gzip
2024-07-17 23:32:21.421187 INFO: 
2024-07-17 23:32:21.421198 INFO: request:HTTP/1.1 200 OK

2024-07-17 23:32:21.421203 INFO: request:HTTP/1.1 200 OK
Content-Length:542

2024-07-17 23:32:21.421207 INFO: request:HTTP/1.1 200 OK
Content-Length:542
Connection:close

2024-07-17 23:32:21.421211 INFO: request:HTTP/1.1 200 OK
Content-Length:542
Connection:close


2024-07-17 23:32:21.421218 INFO: Thread 140246156437056 is running task

2024-07-17 23:32:21.421225 INFO: fd: 214, events: 4

2024-07-17 23:32:21.421250 INFO: Thread 140246148044352 is running task

2024-07-17 23:32:21.421269 INFO: eventNum: 22
2024-07-17 23:32:21.421275 INFO: fd: 217, events: 4

2024-07-17 23:32:21.421285 INFO: fd: 203, events: 1

2024-07-17 23:32:21.421294 INFO: HttpConn 203 read success
2024-07-17 23:32:21.421306 INFO: Thread 140246131258944 is running task

2024-07-17 23:32:21.421307 INFO: GET / HTTP/1.1
2024-07-17 23:32:21.421325 INFO: Host: 39.98.202.182:9006
2024-07-17 23:32:21.421329 INFO: User-Agent: Go-http-client/1.1
2024-07-17 23:32:21.421334 INFO: oop!unknow header: User-Agent: Go-http-client/1.1
2024-07-17 23:32:21.421338 INFO: X-Vegeta-Seq: 1200
2024-07-17 23:32:21.421342 INFO: oop!unknow header: X-Vegeta-Seq: 1200
2024-07-17 23:32:21.421346 INFO: Accept-Encoding: gzip
2024-07-17 23:32:21.421350 INFO: oop!unknow header: Accept-Encoding: gzip
2024-07-17 23:32:21.421355 INFO: 
2024-07-17 23:32:21.421366 INFO: request:HTTP/1.1 200 OK

2024-07-17 23:32:21.421371 INFO: request:HTTP/1.1 200 OK
Content-Length:542

2024-07-17 23:32:21.421385 INFO: request:HTTP/1.1 200 OK
Content-Length:542
Connection:close

2024-07-17 23:32:21.421390 INFO: request:HTTP/1.1 200 OK
Content-Length:542
Connection:close


2024-07-17 23:32:21.421398 INFO: Thread 140246097688128 is running task

2024-07-17 23:32:21.421308 INFO: fd: 207, events: 1

2024-07-17 23:32:21.421422 INFO: HttpConn 207 read success
2024-07-17 23:32:21.421432 INFO: GET / HTTP/1.1
2024-07-17 23:32:21.421440 INFO: Host: 39.98.202.182:9006
2024-07-17 23:32:21.421445 INFO: User-Agent: Go-http-client/1.1
2024-07-17 23:32:21.421450 INFO: oop!unknow header: User-Agent: Go-http-client/1.1
2024-07-17 23:32:21.421454 INFO: X-Vegeta-Seq: 1199
2024-07-17 23:32:21.421458 INFO: oop!unknow header: X-Vegeta-Seq: 1199
2024-07-17 23:32:21.421463 INFO: Accept-Encoding: gzip
2024-07-17 23:32:21.421468 INFO: oop!unknow header: Accept-Encoding: gzip
2024-07-17 23:32:21.421472 INFO: 
2024-07-17 23:32:21.421485 INFO: request:HTTP/1.1 200 OK

2024-07-17 23:32:21.421489 INFO: request:HTTP/1.1 200 OK
Content-Length:542

2024-07-17 23:32:21.421493 INFO: request:HTTP/1.1 200 OK
Content-Length:542
Connection:close

2024-07-17 23:32:21.421497 INFO: request:HTTP/1.1 200 OK
Content-Length:542
Connection:close


2024-07-17 23:32:21.421505 INFO: Thread 140246139651648 is running task

2024-07-17 23:32:21.421512 INFO: fd: 202, events: 4

2024-07-17 23:32:21.421542 INFO: Thread 140246114473536 is running task

2024-07-17 23:32:21.421552 INFO: fd: 222, events: 4

2024-07-17 23:32:21.421563 INFO: fd: 225, events: 4

2024-07-17 23:32:21.421598 INFO: fd: 221, events: 4

2024-07-17 23:32:21.421592 INFO: Thread 140246106080832 is running task

2024-07-17 23:32:21.421637 INFO: Thread 140246156437056 is running task

2024-07-17 23:32:21.421596 INFO: Thread 140246122866240 is running task

2024-07-17 23:32:21.421653 INFO: fd: 215, events: 1

2024-07-17 23:32:21.421662 INFO: HttpConn 215 read success
2024-07-17 23:32:21.421672 INFO: GET / HTTP/1.1
2024-07-17 23:32:21.421682 INFO: Host: 39.98.202.182:9006
2024-07-17 23:32:21.421690 INFO: User-Agent: Go-http-client/1.1
2024-07-17 23:32:21.421697 INFO: oop!unknow header: User-Agent: Go-http-client/1.1
2024-07-17 23:32:21.421704 INFO: X-Vegeta-Seq: 1189
2024-07-17 23:32:21.421709 INFO: oop!unknow header: X-Vegeta-Seq: 1189
2024-07-17 23:32:21.421716 INFO: Accept-Encoding: gzip
2024-07-17 23:32:21.421722 INFO: oop!unknow header: Accept-Encoding: gzip
2024-07-17 23:32:21.421728 INFO: 
2024-07-17 23:32:21.421751 INFO: request:HTTP/1.1 200 OK

2024-07-17 23:32:21.421758 INFO: request:HTTP/1.1 200 OK
Content-Length:542

2024-07-17 23:32:21.421765 INFO: request:HTTP/1.1 200 OK
Content-Length:542
Connection:close

2024-07-17 23:32:21.421771 INFO: request:HTTP/1.1 200 OK
Content-Length:542
Connection:close


2024-07-17 23:32:21.421785 INFO: Thread 140246148044352 is running task

2024-07-17 23:32:21.421795 INFO: fd: 257, events: 4

2024-07-17 23:32:21.421812 INFO: fd: 255, events: 4

2024-07-17 23:32:21.421837 INFO: Thread 140246131258944 is running task

2024-07-17 23:32:21.421856 INFO: Thread 140246097688128 is running task

2024-07-17 23:32:21.421868 INFO: fd: 201, events: 1

2024-07-17 23:32:21.421879 INFO: HttpConn 201 read success
2024-07-17 23:32:21.421887 INFO: GET / HTTP/1.1
2024-07-17 23:32:21.421892 INFO: Host: 39.98.202.182:9006
2024-07-17 23:32:21.421897 INFO: User-Agent: Go-http-client/1.1
2024-07-17 23:32:21.421901 INFO: oop!unknow header: User-Agent: Go-http-client/1.1
2024-07-17 23:32:21.421905 INFO: X-Vegeta-Seq: 1140
2024-07-17 23:32:21.421909 INFO: oop!unknow header: X-Vegeta-Seq: 1140
2024-07-17 23:32:21.421916 INFO: Accept-Encoding: gzip
2024-07-17 23:32:21.421922 INFO: oop!unknow header: Accept-Encoding: gzip
2024-07-17 23:32:21.421927 INFO: 
2024-07-17 23:32:21.421940 INFO: request:HTTP/1.1 200 OK

2024-07-17 23:32:21.421945 INFO: request:HTTP/1.1 200 OK
Content-Length:542

2024-07-17 23:32:21.421949 INFO: request:HTTP/1.1 200 OK
Content-Length:542
Connection:close

2024-07-17 23:32:21.421953 INFO: request:HTTP/1.1 200 OK
Content-Length:542
Connection:close


2024-07-17 23:32:21.421965 INFO: Thread 140246139651648 is running task

2024-07-17 23:32:21.421973 INFO: fd: 210, events: 1

2024-07-17 23:32:21.421983 INFO: HttpConn 210 read success
2024-07-17 23:32:21.421991 INFO: GET / HTTP/1.1
2024-07-17 23:32:21.421996 INFO: Host: 39.98.202.182:9006
2024-07-17 23:32:21.422000 INFO: User-Agent: Go-http-client/1.1
2024-07-17 23:32:21.422004 INFO: oop!unknow header: User-Agent: Go-http-client/1.1
2024-07-17 23:32:21.422009 INFO: X-Vegeta-Seq: 1204
2024-07-17 23:32:21.422013 INFO: oop!unknow header: X-Vegeta-Seq: 1204
2024-07-17 23:32:21.422017 INFO: Accept-Encoding: gzip
2024-07-17 23:32:21.422021 INFO: oop!unknow header: Accept-Encoding: gzip
2024-07-17 23:32:21.422026 INFO: 
2024-07-17 23:32:21.422037 INFO: request:HTTP/1.1 200 OK

2024-07-17 23:32:21.422042 INFO: request:HTTP/1.1 200 OK
Content-Length:542

2024-07-17 23:32:21.422046 INFO: request:HTTP/1.1 200 OK
Content-Length:542
Connection:close

2024-07-17 23:32:21.422050 INFO: request:HTTP/1.1 200 OK
Content-Length:542
Connection:close


2024-07-17 23:32:21.422057 INFO: Thread 140246114473536 is running task

2024-07-17 23:32:21.422064 INFO: fd: 229, events: 4

2024-07-17 23:32:21.422074 INFO: fd: 219, events: 4

2024-07-17 23:32:21.422102 INFO: Thread 140246106080832 is running task

2024-07-17 23:32:21.422107 INFO: Thread 140246156437056 is running task

2024-07-17 23:32:21.422132 INFO: fd: 232, events: 4

2024-07-17 23:32:21.422182 INFO: Thread 140246122866240 is running task

2024-07-17 23:32:21.422196 INFO: fd: 218, events: 1

2024-07-17 23:32:21.422209 INFO: HttpConn 218 read success
2024-07-17 23:32:21.422221 INFO: GET / HTTP/1.1
2024-07-17 23:32:21.422228 INFO: Host: 39.98.202.182:9006
2024-07-17 23:32:21.422235 INFO: User-Agent: Go-http-client/1.1
2024-07-17 23:32:21.422241 INFO: oop!unknow header: User-Agent: Go-http-client/1.1
2024-07-17 23:32:21.422247 INFO: X-Vegeta-Seq: 1198
2024-07-17 23:32:21.422253 INFO: oop!unknow header: X-Vegeta-Seq: 1198
2024-07-17 23:32:21.422259 INFO: Accept-Encoding: gzip
2024-07-17 23:32:21.422264 INFO: oop!unknow header: Accept-Encoding: gzip
2024-07-17 23:32:21.422268 INFO: 
2024-07-17 23:32:21.422282 INFO: request:HTTP/1.1 200 OK

2024-07-17 23:32:21.422286 INFO: request:HTTP/1.1 200 OK
Content-Length:542

2024-07-17 23:32:21.422291 INFO: request:HTTP/1.1 200 OK
Content-Length:542
Connection:close

2024-07-17 23:32:21.422295 INFO: request:HTTP/1.1 200 OK
Content-Length:542
Connection:close


2024-07-17 23:32:21.422302 INFO: Thread 140246148044352 is running task

2024-07-17 23:32:21.422310 INFO: fd: 220, events: 4

2024-07-17 23:32:21.422321 INFO: fd: 216, events: 1

2024-07-17 23:32:21.422332 INFO: HttpConn 216 read success
2024-07-17 23:32:21.422344 INFO: GET / HTTP/1.1
2024-07-17 23:32:21.422356 INFO: fd: 212, events: 4

2024-07-17 23:32:21.422344 INFO: Thread 140246131258944 is running task

2024-07-17 23:32:21.422409 INFO: Thread 140246139651648 is running task

2024-07-17 23:32:21.422354 INFO: Host: 39.98.202.182:9006
