2024-07-17 23:30:22.717883 INFO: HttpConn 16 read success
2024-07-17 23:30:22.717959 INFO: GET / HTTP/1.1
2024-07-17 23:30:22.717967 INFO: Host: 39.98.202.182:9006
2024-07-17 23:30:22.717972 INFO: User-Agent: Go-http-client/1.1
2024-07-17 23:30:22.717976 INFO: oop!unknow header: User-Agent: Go-http-client/1.1
2024-07-17 23:30:22.717983 INFO: X-Vegeta-Seq: 3007
2024-07-17 23:30:22.717990 INFO: oop!unknow header: X-Vegeta-Seq: 3007
2024-07-17 23:30:22.718015 INFO: Accept-Encoding: gzip
2024-07-17 23:30:22.718024 INFO: oop!unknow header: Accept-Encoding: gzip
2024-07-17 23:30:22.718029 INFO: 
2024-07-17 23:30:22.718051 INFO: request:HTTP/1.1 200 OK

2024-07-17 23:30:22.718056 INFO: request:HTTP/1.1 200 OK
Content-Length:542

2024-07-17 23:30:22.718060 INFO: request:HTTP/1.1 200 OK
Content-Length:542
Connection:close

2024-07-17 23:30:22.718064 INFO: request:HTTP/1.1 200 OK
Content-Length:542
Connection:close


2024-07-17 23:30:22.718079 INFO: Thread 140246106080832 is running task

2024-07-17 23:30:22.718080 INFO: eventNum: 1
2024-07-17 23:30:22.718091 INFO: fd: 16, events: 4

2024-07-17 23:30:22.718147 INFO: Thread 140246097688128 is running task

2024-07-17 23:30:22.723320 INFO: eventNum: 1
2024-07-17 23:30:22.723353 INFO: fd: 18, events: 8193

2024-07-17 23:30:22.723377 INFO: HttpConn 18 close success
2024-07-17 23:30:22.723388 INFO: Client[18] quit!
2024-07-17 23:30:22.724974 INFO: eventNum: 1
2024-07-17 23:30:22.724996 INFO: fd: 13, events: 1

2024-07-17 23:30:22.725002 INFO: HandleListenEvent 13
2024-07-17 23:30:22.725015 INFO: HttpConn 17 init success
2024-07-17 23:30:22.725021 INFO: addTimer id:17 expireTime:1721230722
2024-07-17 23:30:22.725033 INFO: Client[17] in!
2024-07-17 23:30:22.725038 INFO: HandleListenEvent 13
2024-07-17 23:30:22.725047 ERROR: Accept failure -1
2024-07-17 23:30:22.726460 INFO: eventNum: 1
2024-07-17 23:30:22.726482 INFO: fd: 17, events: 1

2024-07-17 23:30:22.726521 INFO: HttpConn 17 read success
2024-07-17 23:30:22.726533 INFO: GET / HTTP/1.1
2024-07-17 23:30:22.726540 INFO: Host: 39.98.202.182:9006
2024-07-17 23:30:22.726545 INFO: User-Agent: Go-http-client/1.1
2024-07-17 23:30:22.726549 INFO: oop!unknow header: User-Agent: Go-http-client/1.1
2024-07-17 23:30:22.726554 INFO: X-Vegeta-Seq: 3010
2024-07-17 23:30:22.726558 INFO: oop!unknow header: X-Vegeta-Seq: 3010
2024-07-17 23:30:22.726562 INFO: Accept-Encoding: gzip
2024-07-17 23:30:22.726567 INFO: oop!unknow header: Accept-Encoding: gzip
2024-07-17 23:30:22.726571 INFO: 
2024-07-17 23:30:22.726593 INFO: request:HTTP/1.1 200 OK

2024-07-17 23:30:22.726598 INFO: request:HTTP/1.1 200 OK
Content-Length:542

2024-07-17 23:30:22.726602 INFO: request:HTTP/1.1 200 OK
Content-Length:542
Connection:close

2024-07-17 23:30:22.726607 INFO: request:HTTP/1.1 200 OK
Content-Length:542
Connection:close


2024-07-17 23:30:22.726620 INFO: Thread 140246139651648 is running task

2024-07-17 23:30:22.726630 INFO: eventNum: 1
2024-07-17 23:30:22.726635 INFO: fd: 17, events: 4

2024-07-17 23:30:22.726680 INFO: Thread 140246122866240 is running task

2024-07-17 23:30:22.726837 INFO: eventNum: 1
2024-07-17 23:30:22.726852 INFO: fd: 13, events: 1

2024-07-17 23:30:22.726857 INFO: HandleListenEvent 13
2024-07-17 23:30:22.726870 INFO: HttpConn 18 init success
2024-07-17 23:30:22.726876 INFO: addTimer id:18 expireTime:1721230722
2024-07-17 23:30:22.726886 INFO: Client[18] in!
2024-07-17 23:30:22.726890 INFO: HandleListenEvent 13
2024-07-17 23:30:22.726899 ERROR: Accept failure -1
2024-07-17 23:30:22.729066 INFO: eventNum: 1
2024-07-17 23:30:22.729090 INFO: fd: 18, events: 1

2024-07-17 23:30:22.729113 INFO: HttpConn 18 read success
2024-07-17 23:30:22.729155 INFO: GET / HTTP/1.1
2024-07-17 23:30:22.729166 INFO: Host: 39.98.202.182:9006
2024-07-17 23:30:22.729171 INFO: User-Agent: Go-http-client/1.1
2024-07-17 23:30:22.729176 INFO: oop!unknow header: User-Agent: Go-http-client/1.1
2024-07-17 23:30:22.729180 INFO: X-Vegeta-Seq: 3011
2024-07-17 23:30:22.729185 INFO: oop!unknow header: X-Vegeta-Seq: 3011
2024-07-17 23:30:22.729200 INFO: Accept-Encoding: gzip
2024-07-17 23:30:22.729215 INFO: oop!unknow header: Accept-Encoding: gzip
2024-07-17 23:30:22.729219 INFO: 
2024-07-17 23:30:22.729240 INFO: request:HTTP/1.1 200 OK

2024-07-17 23:30:22.729245 INFO: request:HTTP/1.1 200 OK
Content-Length:542

2024-07-17 23:30:22.729251 INFO: request:HTTP/1.1 200 OK
Content-Length:542
Connection:close

2024-07-17 23:30:22.729258 INFO: request:HTTP/1.1 200 OK
Content-Length:542
Connection:close


2024-07-17 23:30:22.729274 INFO: Thread 140246114473536 is running task

2024-07-17 23:30:22.729297 INFO: eventNum: 2
2024-07-17 23:30:22.729304 INFO: fd: 28, events: 8193

2024-07-17 23:30:22.729338 INFO: HttpConn 28 close success
2024-07-17 23:30:22.729344 INFO: Client[28] quit!
2024-07-17 23:30:22.729349 INFO: fd: 18, events: 4

2024-07-17 23:30:22.729392 INFO: Thread 140246156437056 is running task

2024-07-17 23:30:22.729522 INFO: eventNum: 1
2024-07-17 23:30:22.729537 INFO: fd: 26, events: 8193

2024-07-17 23:30:22.729556 INFO: HttpConn 26 close success
2024-07-17 23:30:22.729561 INFO: Client[26] quit!
2024-07-17 23:30:22.729826 INFO: eventNum: 1
2024-07-17 23:30:22.729846 INFO: fd: 16, events: 8193

2024-07-17 23:30:22.729861 INFO: HttpConn 16 close success
2024-07-17 23:30:22.729867 INFO: Client[16] quit!
2024-07-17 23:30:22.737712 INFO: eventNum: 1
2024-07-17 23:30:22.737761 INFO: fd: 13, events: 1

2024-07-17 23:30:22.737767 INFO: HandleListenEvent 13
2024-07-17 23:30:22.737791 INFO: HttpConn 16 init success
2024-07-17 23:30:22.737798 INFO: addTimer id:16 expireTime:1721230722
2024-07-17 23:30:22.737812 INFO: Client[16] in!
2024-07-17 23:30:22.737816 INFO: HandleListenEvent 13
2024-07-17 23:30:22.737827 ERROR: Accept failure -1
2024-07-17 23:30:22.738805 INFO: eventNum: 1
2024-07-17 23:30:22.738834 INFO: fd: 16, events: 1

2024-07-17 23:30:22.738855 INFO: HttpConn 16 read success
2024-07-17 23:30:22.738869 INFO: GET / HTTP/1.1
2024-07-17 23:30:22.738875 INFO: Host: 39.98.202.182:9006
2024-07-17 23:30:22.738880 INFO: User-Agent: Go-http-client/1.1
2024-07-17 23:30:22.738884 INFO: oop!unknow header: User-Agent: Go-http-client/1.1
2024-07-17 23:30:22.738889 INFO: X-Vegeta-Seq: 3012
2024-07-17 23:30:22.738893 INFO: oop!unknow header: X-Vegeta-Seq: 3012
2024-07-17 23:30:22.738898 INFO: Accept-Encoding: gzip
2024-07-17 23:30:22.738902 INFO: oop!unknow header: Accept-Encoding: gzip
2024-07-17 23:30:22.738907 INFO: 
2024-07-17 23:30:22.738931 INFO: request:HTTP/1.1 200 OK

2024-07-17 23:30:22.738936 INFO: request:HTTP/1.1 200 OK
Content-Length:542

2024-07-17 23:30:22.738941 INFO: request:HTTP/1.1 200 OK
Content-Length:542
Connection:close

2024-07-17 23:30:22.738946 INFO: request:HTTP/1.1 200 OK
Content-Length:542
Connection:close


2024-07-17 23:30:22.738961 INFO: Thread 140246148044352 is running task

2024-07-17 23:30:22.738972 INFO: eventNum: 1
2024-07-17 23:30:22.738977 INFO: fd: 16, events: 4

2024-07-17 23:30:22.739039 INFO: Thread 140246131258944 is running task

2024-07-17 23:30:22.739161 INFO: eventNum: 1
2024-07-17 23:30:22.739174 INFO: fd: 13, events: 1

2024-07-17 23:30:22.739179 INFO: HandleListenEvent 13
2024-07-17 23:30:22.739196 INFO: HttpConn 26 init success
2024-07-17 23:30:22.739202 INFO: addTimer id:26 expireTime:1721230722
2024-07-17 23:30:22.739214 INFO: Client[26] in!
2024-07-17 23:30:22.739218 INFO: HandleListenEvent 13
2024-07-17 23:30:22.739228 ERROR: Accept failure -1
2024-07-17 23:30:22.740323 INFO: eventNum: 1
2024-07-17 23:30:22.740338 INFO: fd: 13, events: 1

2024-07-17 23:30:22.740343 INFO: HandleListenEvent 13
2024-07-17 23:30:22.740356 INFO: HttpConn 28 init success
2024-07-17 23:30:22.740362 INFO: addTimer id:28 expireTime:1721230722
2024-07-17 23:30:22.740370 INFO: Client[28] in!
2024-07-17 23:30:22.740375 INFO: HandleListenEvent 13
2024-07-17 23:30:22.740383 ERROR: Accept failure -1
2024-07-17 23:30:22.740579 INFO: eventNum: 1
2024-07-17 23:30:22.740590 INFO: fd: 13, events: 1

2024-07-17 23:30:22.740594 INFO: HandleListenEvent 13
2024-07-17 23:30:22.740606 INFO: HttpConn 29 init success
2024-07-17 23:30:22.740611 INFO: addTimer id:29 expireTime:1721230722
2024-07-17 23:30:22.740627 INFO: Client[29] in!
2024-07-17 23:30:22.740632 INFO: HandleListenEvent 13
2024-07-17 23:30:22.740639 ERROR: Accept failure -1
2024-07-17 23:30:22.741421 INFO: eventNum: 1
2024-07-17 23:30:22.741441 INFO: fd: 26, events: 1

2024-07-17 23:30:22.741463 INFO: HttpConn 26 read success
2024-07-17 23:30:22.741495 INFO: GET / HTTP/1.1
2024-07-17 23:30:22.741620 INFO: Host: 39.98.202.182:9006
2024-07-17 23:30:22.741626 INFO: User-Agent: Go-http-client/1.1
2024-07-17 23:30:22.741631 INFO: oop!unknow header: User-Agent: Go-http-client/1.1
2024-07-17 23:30:22.741635 INFO: X-Vegeta-Seq: 3013
2024-07-17 23:30:22.741639 INFO: oop!unknow header: X-Vegeta-Seq: 3013
2024-07-17 23:30:22.741644 INFO: Accept-Encoding: gzip
2024-07-17 23:30:22.741648 INFO: oop!unknow header: Accept-Encoding: gzip
2024-07-17 23:30:22.741652 INFO: 
2024-07-17 23:30:22.741671 INFO: request:HTTP/1.1 200 OK

2024-07-17 23:30:22.741675 INFO: request:HTTP/1.1 200 OK
Content-Length:542

2024-07-17 23:30:22.741680 INFO: request:HTTP/1.1 200 OK
Content-Length:542
Connection:close

2024-07-17 23:30:22.741684 INFO: request:HTTP/1.1 200 OK
Content-Length:542
Connection:close


2024-07-17 23:30:22.741702 INFO: Thread 140246106080832 is running task

2024-07-17 23:30:22.741702 INFO: eventNum: 1
2024-07-17 23:30:22.741726 INFO: fd: 26, events: 4

2024-07-17 23:30:22.741765 INFO: Thread 140246097688128 is running task

2024-07-17 23:30:22.742535 INFO: eventNum: 1
2024-07-17 23:30:22.742557 INFO: fd: 28, events: 1

2024-07-17 23:30:22.742572 INFO: HttpConn 28 read success
2024-07-17 23:30:22.742583 INFO: GET / HTTP/1.1
2024-07-17 23:30:22.742589 INFO: Host: 39.98.202.182:9006
2024-07-17 23:30:22.742593 INFO: User-Agent: Go-http-client/1.1
2024-07-17 23:30:22.742598 INFO: oop!unknow header: User-Agent: Go-http-client/1.1
2024-07-17 23:30:22.742602 INFO: X-Vegeta-Seq: 3016
2024-07-17 23:30:22.742606 INFO: oop!unknow header: X-Vegeta-Seq: 3016
2024-07-17 23:30:22.742611 INFO: Accept-Encoding: gzip
2024-07-17 23:30:22.742615 INFO: oop!unknow header: Accept-Encoding: gzip
2024-07-17 23:30:22.742619 INFO: 
2024-07-17 23:30:22.742637 INFO: request:HTTP/1.1 200 OK

2024-07-17 23:30:22.742642 INFO: request:HTTP/1.1 200 OK
Content-Length:542

2024-07-17 23:30:22.742646 INFO: request:HTTP/1.1 200 OK
Content-Length:542
Connection:close

2024-07-17 23:30:22.742650 INFO: request:HTTP/1.1 200 OK
Content-Length:542
Connection:close


2024-07-17 23:30:22.742660 INFO: Thread 140246139651648 is running task

2024-07-17 23:30:22.742668 INFO: eventNum: 2
2024-07-17 23:30:22.742673 INFO: fd: 17, events: 8193

2024-07-17 23:30:22.742690 INFO: HttpConn 17 close success
2024-07-17 23:30:22.742697 INFO: Client[17] quit!
2024-07-17 23:30:22.742702 INFO: fd: 28, events: 4

2024-07-17 23:30:22.742729 INFO: Thread 140246122866240 is running task

2024-07-17 23:30:22.743163 INFO: eventNum: 1
2024-07-17 23:30:22.743179 INFO: fd: 29, events: 1

2024-07-17 23:30:22.743201 INFO: HttpConn 29 read success
2024-07-17 23:30:22.743224 INFO: GET / HTTP/1.1
2024-07-17 23:30:22.743230 INFO: Host: 39.98.202.182:9006
2024-07-17 23:30:22.743235 INFO: User-Agent: Go-http-client/1.1
2024-07-17 23:30:22.743239 INFO: oop!unknow header: User-Agent: Go-http-client/1.1
2024-07-17 23:30:22.743244 INFO: X-Vegeta-Seq: 3018
2024-07-17 23:30:22.743248 INFO: oop!unknow header: X-Vegeta-Seq: 3018
2024-07-17 23:30:22.743252 INFO: Accept-Encoding: gzip
2024-07-17 23:30:22.743257 INFO: oop!unknow header: Accept-Encoding: gzip
2024-07-17 23:30:22.743261 INFO: 
2024-07-17 23:30:22.743291 INFO: request:HTTP/1.1 200 OK

2024-07-17 23:30:22.743299 INFO: request:HTTP/1.1 200 OK
Content-Length:542

2024-07-17 23:30:22.743308 INFO: request:HTTP/1.1 200 OK
Content-Length:542
Connection:close

2024-07-17 23:30:22.743315 INFO: request:HTTP/1.1 200 OK
Content-Length:542
Connection:close


2024-07-17 23:30:22.743333 INFO: Thread 140246114473536 is running task

2024-07-17 23:30:22.743334 INFO: eventNum: 1
2024-07-17 23:30:22.743355 INFO: fd: 29, events: 4

2024-07-17 23:30:22.743387 INFO: Thread 140246156437056 is running task

2024-07-17 23:30:22.743545 INFO: eventNum: 1
2024-07-17 23:30:22.743559 INFO: fd: 13, events: 1

2024-07-17 23:30:22.743564 INFO: HandleListenEvent 13
2024-07-17 23:30:22.743581 INFO: HttpConn 17 init success
2024-07-17 23:30:22.743587 INFO: addTimer id:17 expireTime:1721230722
2024-07-17 23:30:22.743596 INFO: Client[17] in!
2024-07-17 23:30:22.743601 INFO: HandleListenEvent 13
2024-07-17 23:30:22.743609 ERROR: Accept failure -1
2024-07-17 23:30:22.743877 INFO: eventNum: 1
2024-07-17 23:30:22.743893 INFO: fd: 17, events: 1

2024-07-17 23:30:22.743915 INFO: HttpConn 17 read success
2024-07-17 23:30:22.743934 INFO: GET / HTTP/1.1
2024-07-17 23:30:22.743940 INFO: Host: 39.98.202.182:9006
2024-07-17 23:30:22.743944 INFO: User-Agent: Go-http-client/1.1
2024-07-17 23:30:22.743949 INFO: oop!unknow header: User-Agent: Go-http-client/1.1
2024-07-17 23:30:22.743954 INFO: X-Vegeta-Seq: 3019
2024-07-17 23:30:22.743958 INFO: oop!unknow header: X-Vegeta-Seq: 3019
2024-07-17 23:30:22.743962 INFO: Accept-Encoding: gzip
2024-07-17 23:30:22.743966 INFO: oop!unknow header: Accept-Encoding: gzip
2024-07-17 23:30:22.743970 INFO: 
2024-07-17 23:30:22.743986 INFO: request:HTTP/1.1 200 OK

2024-07-17 23:30:22.743991 INFO: request:HTTP/1.1 200 OK
Content-Length:542

2024-07-17 23:30:22.743997 INFO: request:HTTP/1.1 200 OK
Content-Length:542
Connection:close

2024-07-17 23:30:22.744004 INFO: request:HTTP/1.1 200 OK
Content-Length:542
Connection:close


2024-07-17 23:30:22.744023 INFO: Thread 140246148044352 is running task

2024-07-17 23:30:22.744024 INFO: eventNum: 1
2024-07-17 23:30:22.744046 INFO: fd: 17, events: 4

2024-07-17 23:30:22.744081 INFO: Thread 140246131258944 is running task

2024-07-17 23:30:22.744732 INFO: eventNum: 1
2024-07-17 23:30:22.744743 INFO: fd: 13, events: 1

2024-07-17 23:30:22.744748 INFO: HandleListenEvent 13
2024-07-17 23:30:22.744760 INFO: HttpConn 30 init success
2024-07-17 23:30:22.744766 INFO: addTimer id:30 expireTime:1721230722
2024-07-17 23:30:22.744775 INFO: Client[30] in!
2024-07-17 23:30:22.744779 INFO: HandleListenEvent 13
2024-07-17 23:30:22.744787 ERROR: Accept failure -1
2024-07-17 23:30:22.745118 INFO: eventNum: 1
2024-07-17 23:30:22.745139 INFO: fd: 30, events: 1

2024-07-17 23:30:22.745160 INFO: HttpConn 30 read success
2024-07-17 23:30:22.745186 INFO: GET / HTTP/1.1
2024-07-17 23:30:22.745194 INFO: Host: 39.98.202.182:9006
2024-07-17 23:30:22.745199 INFO: User-Agent: Go-http-client/1.1
2024-07-17 23:30:22.745203 INFO: oop!unknow header: User-Agent: Go-http-client/1.1
2024-07-17 23:30:22.745207 INFO: X-Vegeta-Seq: 3017
2024-07-17 23:30:22.745212 INFO: oop!unknow header: X-Vegeta-Seq: 3017
2024-07-17 23:30:22.745216 INFO: Accept-Encoding: gzip
2024-07-17 23:30:22.745220 INFO: oop!unknow header: Accept-Encoding: gzip
2024-07-17 23:30:22.745224 INFO: 
2024-07-17 23:30:22.745240 INFO: request:HTTP/1.1 200 OK

2024-07-17 23:30:22.745245 INFO: request:HTTP/1.1 200 OK
Content-Length:542

2024-07-17 23:30:22.745250 INFO: request:HTTP/1.1 200 OK
Content-Length:542
Connection:close

2024-07-17 23:30:22.745254 INFO: request:HTTP/1.1 200 OK
Content-Length:542
Connection:close


2024-07-17 23:30:22.745269 INFO: Thread 140246106080832 is running task

2024-07-17 23:30:22.745271 INFO: eventNum: 1
2024-07-17 23:30:22.745280 INFO: fd: 30, events: 4

2024-07-17 23:30:22.745313 INFO: Thread 140246097688128 is running task

2024-07-17 23:30:22.748464 INFO: eventNum: 1
2024-07-17 23:30:22.748494 INFO: fd: 13, events: 1

2024-07-17 23:30:22.748529 INFO: HandleListenEvent 13
2024-07-17 23:30:22.748550 INFO: HttpConn 31 init success
2024-07-17 23:30:22.748556 INFO: addTimer id:31 expireTime:1721230722
2024-07-17 23:30:22.748567 INFO: Client[31] in!
2024-07-17 23:30:22.748572 INFO: HandleListenEvent 13
2024-07-17 23:30:22.748582 ERROR: Accept failure -1
2024-07-17 23:30:22.748588 INFO: eventNum: 1
2024-07-17 23:30:22.748592 INFO: fd: 18, events: 8193

2024-07-17 23:30:22.748612 INFO: HttpConn 18 close success
2024-07-17 23:30:22.748620 INFO: Client[18] quit!
2024-07-17 23:30:22.748809 INFO: eventNum: 1
2024-07-17 23:30:22.748828 INFO: fd: 31, events: 1

2024-07-17 23:30:22.748844 INFO: HttpConn 31 read success
2024-07-17 23:30:22.748855 INFO: GET / HTTP/1.1
2024-07-17 23:30:22.748861 INFO: Host: 39.98.202.182:9006
2024-07-17 23:30:22.748866 INFO: User-Agent: Go-http-client/1.1
2024-07-17 23:30:22.748871 INFO: oop!unknow header: User-Agent: Go-http-client/1.1
2024-07-17 23:30:22.748876 INFO: X-Vegeta-Seq: 3021
2024-07-17 23:30:22.748880 INFO: oop!unknow header: X-Vegeta-Seq: 3021
2024-07-17 23:30:22.748884 INFO: Accept-Encoding: gzip
2024-07-17 23:30:22.748889 INFO: oop!unknow header: Accept-Encoding: gzip
2024-07-17 23:30:22.748893 INFO: 
2024-07-17 23:30:22.748913 INFO: request:HTTP/1.1 200 OK

2024-07-17 23:30:22.748918 INFO: request:HTTP/1.1 200 OK
Content-Length:542

2024-07-17 23:30:22.748922 INFO: request:HTTP/1.1 200 OK
Content-Length:542
Connection:close

2024-07-17 23:30:22.748927 INFO: request:HTTP/1.1 200 OK
Content-Length:542
Connection:close


2024-07-17 23:30:22.748938 INFO: Thread 140246139651648 is running task

2024-07-17 23:30:22.748947 INFO: eventNum: 1
2024-07-17 23:30:22.748952 INFO: fd: 31, events: 4

2024-07-17 23:30:22.748987 INFO: Thread 140246122866240 is running task

2024-07-17 23:30:22.749554 INFO: eventNum: 1
2024-07-17 23:30:22.749584 INFO: fd: 13, events: 1

2024-07-17 23:30:22.749590 INFO: HandleListenEvent 13
2024-07-17 23:30:22.749610 INFO: HttpConn 18 init success
2024-07-17 23:30:22.749626 INFO: addTimer id:18 expireTime:1721230722
2024-07-17 23:30:22.749658 INFO: Client[18] in!
2024-07-17 23:30:22.749666 INFO: HandleListenEvent 13
2024-07-17 23:30:22.749678 ERROR: Accept failure -1
2024-07-17 23:30:22.749919 INFO: eventNum: 1
2024-07-17 23:30:22.749938 INFO: fd: 18, events: 1

2024-07-17 23:30:22.749958 INFO: HttpConn 18 read success
2024-07-17 23:30:22.749969 INFO: GET / HTTP/1.1
2024-07-17 23:30:22.749975 INFO: Host: 39.98.202.182:9006
2024-07-17 23:30:22.749980 INFO: User-Agent: Go-http-client/1.1
2024-07-17 23:30:22.749984 INFO: oop!unknow header: User-Agent: Go-http-client/1.1
2024-07-17 23:30:22.749989 INFO: X-Vegeta-Seq: 3022
2024-07-17 23:30:22.749993 INFO: oop!unknow header: X-Vegeta-Seq: 3022
2024-07-17 23:30:22.749997 INFO: Accept-Encoding: gzip
2024-07-17 23:30:22.750011 INFO: oop!unknow header: Accept-Encoding: gzip
2024-07-17 23:30:22.750018 INFO: 
2024-07-17 23:30:22.750040 INFO: request:HTTP/1.1 200 OK

2024-07-17 23:30:22.750049 INFO: request:HTTP/1.1 200 OK
Content-Length:542

2024-07-17 23:30:22.750056 INFO: request:HTTP/1.1 200 OK
Content-Length:542
Connection:close

2024-07-17 23:30:22.750061 INFO: request:HTTP/1.1 200 OK
Content-Length:542
Connection:close


2024-07-17 23:30:22.750072 INFO: Thread 140246114473536 is running task

2024-07-17 23:30:22.750082 INFO: eventNum: 1
2024-07-17 23:30:22.750087 INFO: fd: 18, events: 4

2024-07-17 23:30:22.750146 INFO: Thread 140246156437056 is running task

2024-07-17 23:30:22.751159 INFO: eventNum: 1
2024-07-17 23:30:22.751182 INFO: fd: 16, events: 8193

2024-07-17 23:30:22.751203 INFO: HttpConn 16 close success
2024-07-17 23:30:22.751209 INFO: Client[16] quit!
2024-07-17 23:30:22.755256 INFO: eventNum: 1
2024-07-17 23:30:22.755286 INFO: fd: 28, events: 8193

2024-07-17 23:30:22.755309 INFO: HttpConn 28 close success
2024-07-17 23:30:22.755315 INFO: Client[28] quit!
2024-07-17 23:30:22.755551 INFO: eventNum: 1
2024-07-17 23:30:22.755570 INFO: fd: 29, events: 8193

2024-07-17 23:30:22.755590 INFO: HttpConn 29 close success
2024-07-17 23:30:22.755597 INFO: Client[29] quit!
2024-07-17 23:30:22.757035 INFO: eventNum: 1
2024-07-17 23:30:22.757059 INFO: fd: 17, events: 8193

2024-07-17 23:30:22.757078 INFO: HttpConn 17 close success
2024-07-17 23:30:22.757083 INFO: Client[17] quit!
2024-07-17 23:30:22.757148 INFO: eventNum: 1
2024-07-17 23:30:22.757176 INFO: fd: 26, events: 8193

2024-07-17 23:30:22.757201 INFO: HttpConn 26 close success
2024-07-17 23:30:22.757212 INFO: Client[26] quit!
2024-07-17 23:30:22.757867 INFO: eventNum: 1
2024-07-17 23:30:22.757881 INFO: fd: 30, events: 8193

2024-07-17 23:30:22.757905 INFO: HttpConn 30 close success
2024-07-17 23:30:22.757913 INFO: Client[30] quit!
2024-07-17 23:30:22.762589 INFO: eventNum: 1
2024-07-17 23:30:22.762629 INFO: fd: 13, events: 1

2024-07-17 23:30:22.762635 INFO: HandleListenEvent 13
2024-07-17 23:30:22.762658 INFO: HttpConn 16 init success
2024-07-17 23:30:22.762665 INFO: addTimer id:16 expireTime:1721230722
2024-07-17 23:30:22.762677 INFO: Client[16] in!
2024-07-17 23:30:22.762682 INFO: HandleListenEvent 13
2024-07-17 23:30:22.762692 ERROR: Accept failure -1
2024-07-17 23:30:22.763058 INFO: eventNum: 1
2024-07-17 23:30:22.763070 INFO: fd: 31, events: 8193

2024-07-17 23:30:22.763091 INFO: HttpConn 31 close success
2024-07-17 23:30:22.763100 INFO: Client[31] quit!
2024-07-17 23:30:22.763138 INFO: eventNum: 1
2024-07-17 23:30:22.763144 INFO: fd: 18, events: 8193

2024-07-17 23:30:22.763157 INFO: HttpConn 18 close success
2024-07-17 23:30:22.763165 INFO: Client[18] quit!
2024-07-17 23:30:22.763585 INFO: eventNum: 1
2024-07-17 23:30:22.763604 INFO: fd: 16, events: 1

2024-07-17 23:30:22.763631 INFO: HttpConn 16 read success
2024-07-17 23:30:22.763664 INFO: GET / HTTP/1.1
2024-07-17 23:30:22.763672 INFO: Host: 39.98.202.182:9006
2024-07-17 23:30:22.763677 INFO: User-Agent: Go-http-client/1.1
2024-07-17 23:30:22.763682 INFO: oop!unknow header: User-Agent: Go-http-client/1.1
2024-07-17 23:30:22.763686 INFO: X-Vegeta-Seq: 3029
2024-07-17 23:30:22.763691 INFO: oop!unknow header: X-Vegeta-Seq: 3029
2024-07-17 23:30:22.763695 INFO: Accept-Encoding: gzip
2024-07-17 23:30:22.763700 INFO: oop!unknow header: Accept-Encoding: gzip
2024-07-17 23:30:22.763704 INFO: 
2024-07-17 23:30:22.763729 INFO: request:HTTP/1.1 200 OK

2024-07-17 23:30:22.763735 INFO: request:HTTP/1.1 200 OK
Content-Length:542

2024-07-17 23:30:22.763739 INFO: request:HTTP/1.1 200 OK
Content-Length:542
Connection:close

2024-07-17 23:30:22.763744 INFO: request:HTTP/1.1 200 OK
Content-Length:542
Connection:close


2024-07-17 23:30:22.763762 INFO: eventNum: 1
2024-07-17 23:30:22.763764 INFO: Thread 140246148044352 is running task

2024-07-17 23:30:22.763777 INFO: fd: 16, events: 4

2024-07-17 23:30:22.763859 INFO: Thread 140246131258944 is running task

2024-07-17 23:30:22.766716 INFO: eventNum: 1
2024-07-17 23:30:22.766755 INFO: fd: 13, events: 1

2024-07-17 23:30:22.766762 INFO: HandleListenEvent 13
2024-07-17 23:30:22.766794 INFO: HttpConn 17 init success
2024-07-17 23:30:22.766806 INFO: addTimer id:17 expireTime:1721230722
2024-07-17 23:30:22.766822 INFO: Client[17] in!
2024-07-17 23:30:22.766828 INFO: HandleListenEvent 13
2024-07-17 23:30:22.766838 ERROR: Accept failure -1
2024-07-17 23:30:22.768194 INFO: eventNum: 1
2024-07-17 23:30:22.768223 INFO: fd: 17, events: 1

2024-07-17 23:30:22.768244 INFO: HttpConn 17 read success
2024-07-17 23:30:22.768273 INFO: GET / HTTP/1.1
2024-07-17 23:30:22.768283 INFO: Host: 39.98.202.182:9006
2024-07-17 23:30:22.768289 INFO: User-Agent: Go-http-client/1.1
2024-07-17 23:30:22.768293 INFO: oop!unknow header: User-Agent: Go-http-client/1.1
2024-07-17 23:30:22.768298 INFO: X-Vegeta-Seq: 3031
2024-07-17 23:30:22.768302 INFO: oop!unknow header: X-Vegeta-Seq: 3031
2024-07-17 23:30:22.768307 INFO: Accept-Encoding: gzip
2024-07-17 23:30:22.768311 INFO: oop!unknow header: Accept-Encoding: gzip
2024-07-17 23:30:22.768316 INFO: 
2024-07-17 23:30:22.768359 INFO: request:HTTP/1.1 200 OK

2024-07-17 23:30:22.768368 INFO: request:HTTP/1.1 200 OK
Content-Length:542

2024-07-17 23:30:22.768375 INFO: request:HTTP/1.1 200 OK
Content-Length:542
Connection:close

2024-07-17 23:30:22.768381 INFO: request:HTTP/1.1 200 OK
Content-Length:542
Connection:close


2024-07-17 23:30:22.768397 INFO: Thread 140246106080832 is running task

2024-07-17 23:30:22.768409 INFO: eventNum: 2
2024-07-17 23:30:22.768416 INFO: fd: 13, events: 1

2024-07-17 23:30:22.768422 INFO: HandleListenEvent 13
2024-07-17 23:30:22.768437 INFO: HttpConn 18 init success
2024-07-17 23:30:22.768445 INFO: addTimer id:18 expireTime:1721230722
2024-07-17 23:30:22.768460 INFO: Client[18] in!
2024-07-17 23:30:22.768479 INFO: HandleListenEvent 13
2024-07-17 23:30:22.768493 ERROR: Accept failure -1
2024-07-17 23:30:22.768534 INFO: fd: 17, events: 4

2024-07-17 23:30:22.768548 INFO: eventNum: 1
2024-07-17 23:30:22.768554 INFO: fd: 18, events: 1

2024-07-17 23:30:22.768590 INFO: Thread 140246097688128 is running task

2024-07-17 23:30:22.768609 INFO: HttpConn 18 read success
2024-07-17 23:30:22.768619 INFO: GET / HTTP/1.1
2024-07-17 23:30:22.768625 INFO: Host: 39.98.202.182:9006
2024-07-17 23:30:22.768629 INFO: User-Agent: Go-http-client/1.1
2024-07-17 23:30:22.768634 INFO: oop!unknow header: User-Agent: Go-http-client/1.1
2024-07-17 23:30:22.768638 INFO: X-Vegeta-Seq: 3030
2024-07-17 23:30:22.768642 INFO: oop!unknow header: X-Vegeta-Seq: 3030
2024-07-17 23:30:22.768647 INFO: Accept-Encoding: gzip
2024-07-17 23:30:22.768651 INFO: oop!unknow header: Accept-Encoding: gzip
2024-07-17 23:30:22.768655 INFO: 
2024-07-17 23:30:22.768673 INFO: request:HTTP/1.1 200 OK

2024-07-17 23:30:22.768678 INFO: request:HTTP/1.1 200 OK
Content-Length:542

2024-07-17 23:30:22.768682 INFO: request:HTTP/1.1 200 OK
Content-Length:542
Connection:close

2024-07-17 23:30:22.768687 INFO: request:HTTP/1.1 200 OK
Content-Length:542
Connection:close


2024-07-17 23:30:22.768697 INFO: Thread 140246097688128 is running task

2024-07-17 23:30:22.768718 INFO: eventNum: 1
2024-07-17 23:30:22.768725 INFO: fd: 18, events: 4

2024-07-17 23:30:22.768754 INFO: Thread 140246122866240 is running task

2024-07-17 23:30:22.783761 INFO: eventNum: 1
2024-07-17 23:30:22.783817 INFO: fd: 13, events: 1

2024-07-17 23:30:22.783823 INFO: HandleListenEvent 13
2024-07-17 23:30:22.783848 INFO: HttpConn 26 init success
2024-07-17 23:30:22.783855 INFO: addTimer id:26 expireTime:1721230722
2024-07-17 23:30:22.783869 INFO: Client[26] in!
2024-07-17 23:30:22.783873 INFO: HandleListenEvent 13
2024-07-17 23:30:22.783884 ERROR: Accept failure -1
2024-07-17 23:30:22.784219 INFO: eventNum: 1
2024-07-17 23:30:22.784235 INFO: fd: 16, events: 8193

2024-07-17 23:30:22.784257 INFO: HttpConn 16 close success
2024-07-17 23:30:22.784266 INFO: Client[16] quit!
2024-07-17 23:30:22.784693 INFO: eventNum: 1
2024-07-17 23:30:22.784703 INFO: fd: 17, events: 8193

2024-07-17 23:30:22.784719 INFO: HttpConn 17 close success
2024-07-17 23:30:22.784727 INFO: Client[17] quit!
2024-07-17 23:30:22.784790 INFO: eventNum: 1
2024-07-17 23:30:22.784796 INFO: fd: 13, events: 1

2024-07-17 23:30:22.784809 INFO: HandleListenEvent 13
2024-07-17 23:30:22.784822 INFO: HttpConn 16 init success
2024-07-17 23:30:22.784828 INFO: addTimer id:16 expireTime:1721230722
2024-07-17 23:30:22.784838 INFO: Client[16] in!
2024-07-17 23:30:22.784843 INFO: HandleListenEvent 13
2024-07-17 23:30:22.784850 ERROR: Accept failure -1
2024-07-17 23:30:22.784878 INFO: eventNum: 1
2024-07-17 23:30:22.784888 INFO: fd: 26, events: 1

2024-07-17 23:30:22.784914 INFO: HttpConn 26 read success
2024-07-17 23:30:22.784947 INFO: GET / HTTP/1.1
2024-07-17 23:30:22.784954 INFO: Host: 39.98.202.182:9006
2024-07-17 23:30:22.784959 INFO: User-Agent: Go-http-client/1.1
2024-07-17 23:30:22.784964 INFO: oop!unknow header: User-Agent: Go-http-client/1.1
2024-07-17 23:30:22.784969 INFO: X-Vegeta-Seq: 3032
2024-07-17 23:30:22.784976 INFO: oop!unknow header: X-Vegeta-Seq: 3032
2024-07-17 23:30:22.784982 INFO: Accept-Encoding: gzip
2024-07-17 23:30:22.784990 INFO: oop!unknow header: Accept-Encoding: gzip
2024-07-17 23:30:22.784996 INFO: 
2024-07-17 23:30:22.785027 INFO: request:HTTP/1.1 200 OK

2024-07-17 23:30:22.785034 INFO: request:HTTP/1.1 200 OK
Content-Length:542

2024-07-17 23:30:22.785040 INFO: request:HTTP/1.1 200 OK
Content-Length:542
Connection:close

2024-07-17 23:30:22.785047 INFO: request:HTTP/1.1 200 OK
Content-Length:542
Connection:close


2024-07-17 23:30:22.785071 INFO: Thread 140246114473536 is running task

2024-07-17 23:30:22.785129 INFO: eventNum: 2
2024-07-17 23:30:22.785153 INFO: fd: 26, events: 4

2024-07-17 23:30:22.785167 INFO: fd: 13, events: 1

2024-07-17 23:30:22.785173 INFO: HandleListenEvent 13
2024-07-17 23:30:22.785199 INFO: HttpConn 17 init success
2024-07-17 23:30:22.785205 INFO: addTimer id:17 expireTime:1721230722
2024-07-17 23:30:22.785210 INFO: Thread 140246156437056 is running task

2024-07-17 23:30:22.785215 INFO: Client[17] in!
2024-07-17 23:30:22.785305 INFO: HandleListenEvent 13
2024-07-17 23:30:22.785316 ERROR: Accept failure -1
2024-07-17 23:30:22.785323 INFO: eventNum: 1
2024-07-17 23:30:22.785330 INFO: fd: 16, events: 1

2024-07-17 23:30:22.785347 INFO: HttpConn 16 read success
2024-07-17 23:30:22.785361 INFO: GET / HTTP/1.1
2024-07-17 23:30:22.785369 INFO: Host: 39.98.202.182:9006
2024-07-17 23:30:22.785376 INFO: User-Agent: Go-http-client/1.1
2024-07-17 23:30:22.785382 INFO: oop!unknow header: User-Agent: Go-http-client/1.1
2024-07-17 23:30:22.785387 INFO: X-Vegeta-Seq: 3036
2024-07-17 23:30:22.785393 INFO: oop!unknow header: X-Vegeta-Seq: 3036
2024-07-17 23:30:22.785400 INFO: Accept-Encoding: gzip
2024-07-17 23:30:22.785406 INFO: oop!unknow header: Accept-Encoding: gzip
2024-07-17 23:30:22.785411 INFO: 
2024-07-17 23:30:22.785428 INFO: request:HTTP/1.1 200 OK

2024-07-17 23:30:22.785433 INFO: request:HTTP/1.1 200 OK
Content-Length:542

2024-07-17 23:30:22.785438 INFO: request:HTTP/1.1 200 OK
Content-Length:542
Connection:close

2024-07-17 23:30:22.785444 INFO: request:HTTP/1.1 200 OK
Content-Length:542
Connection:close


2024-07-17 23:30:22.785457 INFO: Thread 140246148044352 is running task

2024-07-17 23:30:22.785469 INFO: eventNum: 1
2024-07-17 23:30:22.785476 INFO: fd: 16, events: 4

2024-07-17 23:30:22.785543 INFO: Thread 140246131258944 is running task

2024-07-17 23:30:22.785589 INFO: eventNum: 1
2024-07-17 23:30:22.785598 INFO: fd: 13, events: 1

2024-07-17 23:30:22.785602 INFO: HandleListenEvent 13
2024-07-17 23:30:22.785616 INFO: HttpConn 28 init success
2024-07-17 23:30:22.785622 INFO: addTimer id:28 expireTime:1721230722
2024-07-17 23:30:22.785631 INFO: Client[28] in!
2024-07-17 23:30:22.785635 INFO: HandleListenEvent 13
2024-07-17 23:30:22.785643 ERROR: Accept failure -1
2024-07-17 23:30:22.785649 INFO: eventNum: 1
2024-07-17 23:30:22.785654 INFO: fd: 18, events: 8193

2024-07-17 23:30:22.785668 INFO: HttpConn 18 close success
2024-07-17 23:30:22.785675 INFO: Client[18] quit!
2024-07-17 23:30:22.785879 INFO: eventNum: 1
2024-07-17 23:30:22.785896 INFO: fd: 17, events: 1

2024-07-17 23:30:22.785920 INFO: HttpConn 17 read success
2024-07-17 23:30:22.785949 INFO: GET / HTTP/1.1
2024-07-17 23:30:22.785956 INFO: Host: 39.98.202.182:9006
2024-07-17 23:30:22.785961 INFO: User-Agent: Go-http-client/1.1
2024-07-17 23:30:22.785965 INFO: oop!unknow header: User-Agent: Go-http-client/1.1
2024-07-17 23:30:22.785969 INFO: X-Vegeta-Seq: 3037
2024-07-17 23:30:22.785974 INFO: oop!unknow header: X-Vegeta-Seq: 3037
2024-07-17 23:30:22.785978 INFO: Accept-Encoding: gzip
2024-07-17 23:30:22.785982 INFO: oop!unknow header: Accept-Encoding: gzip
2024-07-17 23:30:22.785986 INFO: 
2024-07-17 23:30:22.786002 INFO: request:HTTP/1.1 200 OK

2024-07-17 23:30:22.786007 INFO: request:HTTP/1.1 200 OK
Content-Length:542

2024-07-17 23:30:22.786011 INFO: request:HTTP/1.1 200 OK
Content-Length:542
Connection:close

2024-07-17 23:30:22.786016 INFO: request:HTTP/1.1 200 OK
Content-Length:542
Connection:close


2024-07-17 23:30:22.786029 INFO: Thread 140246106080832 is running task

2024-07-17 23:30:22.786032 INFO: eventNum: 1
2024-07-17 23:30:22.786042 INFO: fd: 17, events: 4

2024-07-17 23:30:22.786077 INFO: Thread 140246097688128 is running task

2024-07-17 23:30:22.786305 INFO: eventNum: 1
2024-07-17 23:30:22.786321 INFO: fd: 28, events: 1

2024-07-17 23:30:22.786334 INFO: HttpConn 28 read success
2024-07-17 23:30:22.786344 INFO: GET / HTTP/1.1
2024-07-17 23:30:22.786350 INFO: Host: 39.98.202.182:9006
2024-07-17 23:30:22.786354 INFO: User-Agent: Go-http-client/1.1
2024-07-17 23:30:22.786359 INFO: oop!unknow header: User-Agent: Go-http-client/1.1
2024-07-17 23:30:22.786364 INFO: X-Vegeta-Seq: 3038
2024-07-17 23:30:22.786368 INFO: oop!unknow header: X-Vegeta-Seq: 3038
2024-07-17 23:30:22.786380 INFO: Accept-Encoding: gzip
2024-07-17 23:30:22.786385 INFO: oop!unknow header: Accept-Encoding: gzip
2024-07-17 23:30:22.786389 INFO: 
2024-07-17 23:30:22.786406 INFO: request:HTTP/1.1 200 OK

2024-07-17 23:30:22.786411 INFO: request:HTTP/1.1 200 OK
Content-Length:542

2024-07-17 23:30:22.786416 INFO: request:HTTP/1.1 200 OK
Content-Length:542
Connection:close

2024-07-17 23:30:22.786421 INFO: request:HTTP/1.1 200 OK
Content-Length:542
Connection:close


2024-07-17 23:30:22.786429 INFO: Thread 140246139651648 is running task

2024-07-17 23:30:22.786438 INFO: eventNum: 1
2024-07-17 23:30:22.786442 INFO: fd: 28, events: 4

2024-07-17 23:30:22.786472 INFO: Thread 140246122866240 is running task

2024-07-17 23:30:22.792766 INFO: eventNum: 1
2024-07-17 23:30:22.792812 INFO: fd: 13, events: 1

2024-07-17 23:30:22.792818 INFO: HandleListenEvent 13
2024-07-17 23:30:22.792846 INFO: HttpConn 18 init success
2024-07-17 23:30:22.792853 INFO: addTimer id:18 expireTime:1721230722
2024-07-17 23:30:22.792865 INFO: Client[18] in!
2024-07-17 23:30:22.792869 INFO: HandleListenEvent 13
2024-07-17 23:30:22.792879 ERROR: Accept failure -1
2024-07-17 23:30:22.794652 INFO: eventNum: 1
2024-07-17 23:30:22.794683 INFO: fd: 18, events: 1

2024-07-17 23:30:22.794774 INFO: HttpConn 18 read success
2024-07-17 23:30:22.794822 INFO: GET / HTTP/1.1
2024-07-17 23:30:22.794835 INFO: Host: 39.98.202.182:9006
2024-07-17 23:30:22.794841 INFO: User-Agent: Go-http-client/1.1
2024-07-17 23:30:22.794845 INFO: oop!unknow header: User-Agent: Go-http-client/1.1
2024-07-17 23:30:22.794850 INFO: X-Vegeta-Seq: 3042
2024-07-17 23:30:22.794854 INFO: oop!unknow header: X-Vegeta-Seq: 3042
2024-07-17 23:30:22.794858 INFO: Accept-Encoding: gzip
2024-07-17 23:30:22.794863 INFO: oop!unknow header: Accept-Encoding: gzip
2024-07-17 23:30:22.794868 INFO: 
2024-07-17 23:30:22.794892 INFO: request:HTTP/1.1 200 OK

2024-07-17 23:30:22.794898 INFO: request:HTTP/1.1 200 OK
Content-Length:542

2024-07-17 23:30:22.794904 INFO: request:HTTP/1.1 200 OK
Content-Length:542
Connection:close

2024-07-17 23:30:22.794911 INFO: request:HTTP/1.1 200 OK
Content-Length:542
Connection:close


2024-07-17 23:30:22.794933 INFO: eventNum: 1
2024-07-17 23:30:22.794952 INFO: fd: 18, events: 4

2024-07-17 23:30:22.794936 INFO: Thread 140246114473536 is running task

2024-07-17 23:30:22.795004 INFO: Thread 140246156437056 is running task

2024-07-17 23:30:22.795526 INFO: eventNum: 1
2024-07-17 23:30:22.795539 INFO: fd: 13, events: 1

2024-07-17 23:30:22.795543 INFO: HandleListenEvent 13
2024-07-17 23:30:22.795560 INFO: HttpConn 29 init success
2024-07-17 23:30:22.795566 INFO: addTimer id:29 expireTime:1721230722
2024-07-17 23:30:22.795576 INFO: Client[29] in!
2024-07-17 23:30:22.795580 INFO: HandleListenEvent 13
2024-07-17 23:30:22.795589 ERROR: Accept failure -1
2024-07-17 23:30:22.795902 INFO: eventNum: 1
2024-07-17 23:30:22.795925 INFO: fd: 29, events: 1

2024-07-17 23:30:22.795936 INFO: eventNum: 1
2024-07-17 23:30:22.795940 INFO: fd: 13, events: 1

2024-07-17 23:30:22.795945 INFO: HandleListenEvent 13
2024-07-17 23:30:22.795953 INFO: HttpConn 29 read success
2024-07-17 23:30:22.795958 INFO: HttpConn 30 init success
2024-07-17 23:30:22.796006 INFO: addTimer id:30 expireTime:1721230722
2024-07-17 23:30:22.796017 INFO: Client[30] in!
2024-07-17 23:30:22.796021 INFO: HandleListenEvent 13
2024-07-17 23:30:22.796027 INFO: GET / HTTP/1.1
2024-07-17 23:30:22.796030 ERROR: Accept failure -1
2024-07-17 23:30:22.796048 INFO: Host: 39.98.202.182:9006
2024-07-17 23:30:22.796066 INFO: User-Agent: Go-http-client/1.1
2024-07-17 23:30:22.796072 INFO: oop!unknow header: User-Agent: Go-http-client/1.1
2024-07-17 23:30:22.796076 INFO: X-Vegeta-Seq: 3041
2024-07-17 23:30:22.796081 INFO: oop!unknow header: X-Vegeta-Seq: 3041
2024-07-17 23:30:22.796085 INFO: Accept-Encoding: gzip
2024-07-17 23:30:22.796121 INFO: oop!unknow header: Accept-Encoding: gzip
2024-07-17 23:30:22.796127 INFO: 
2024-07-17 23:30:22.796147 INFO: request:HTTP/1.1 200 OK

2024-07-17 23:30:22.796152 INFO: request:HTTP/1.1 200 OK
Content-Length:542

2024-07-17 23:30:22.796169 INFO: request:HTTP/1.1 200 OK
Content-Length:542
Connection:close

2024-07-17 23:30:22.796176 INFO: request:HTTP/1.1 200 OK
Content-Length:542
Connection:close


2024-07-17 23:30:22.796192 INFO: Thread 140246148044352 is running task

2024-07-17 23:30:22.796193 INFO: eventNum: 1
2024-07-17 23:30:22.796207 INFO: fd: 29, events: 4

2024-07-17 23:30:22.796246 INFO: Thread 140246131258944 is running task

2024-07-17 23:30:22.796275 INFO: eventNum: 1
2024-07-17 23:30:22.796282 INFO: fd: 13, events: 1

2024-07-17 23:30:22.796286 INFO: HandleListenEvent 13
2024-07-17 23:30:22.796302 INFO: HttpConn 31 init success
2024-07-17 23:30:22.796307 INFO: addTimer id:31 expireTime:1721230722
2024-07-17 23:30:22.796316 INFO: Client[31] in!
2024-07-17 23:30:22.796321 INFO: HandleListenEvent 13
2024-07-17 23:30:22.796329 ERROR: Accept failure -1
2024-07-17 23:30:22.796334 INFO: eventNum: 1
2024-07-17 23:30:22.796339 INFO: fd: 30, events: 1

2024-07-17 23:30:22.796363 INFO: HttpConn 30 read success
2024-07-17 23:30:22.796380 INFO: GET / HTTP/1.1
2024-07-17 23:30:22.796385 INFO: Host: 39.98.202.182:9006
2024-07-17 23:30:22.796390 INFO: User-Agent: Go-http-client/1.1
2024-07-17 23:30:22.796394 INFO: oop!unknow header: User-Agent: Go-http-client/1.1
2024-07-17 23:30:22.796399 INFO: X-Vegeta-Seq: 3044
2024-07-17 23:30:22.796403 INFO: oop!unknow header: X-Vegeta-Seq: 3044
2024-07-17 23:30:22.796407 INFO: Accept-Encoding: gzip
2024-07-17 23:30:22.796411 INFO: oop!unknow header: Accept-Encoding: gzip
2024-07-17 23:30:22.796415 INFO: 
2024-07-17 23:30:22.796432 INFO: request:HTTP/1.1 200 OK

2024-07-17 23:30:22.796437 INFO: request:HTTP/1.1 200 OK
Content-Length:542

2024-07-17 23:30:22.796441 INFO: request:HTTP/1.1 200 OK
Content-Length:542
Connection:close

2024-07-17 23:30:22.796445 INFO: request:HTTP/1.1 200 OK
Content-Length:542
Connection:close


2024-07-17 23:30:22.796460 INFO: Thread 140246106080832 is running task

2024-07-17 23:30:22.796462 INFO: eventNum: 1
2024-07-17 23:30:22.796472 INFO: fd: 30, events: 4

2024-07-17 23:30:22.796510 INFO: Thread 140246097688128 is running task

2024-07-17 23:30:22.796648 INFO: eventNum: 1
2024-07-17 23:30:22.796666 INFO: fd: 31, events: 1

2024-07-17 23:30:22.796684 INFO: HttpConn 31 read success
2024-07-17 23:30:22.796697 INFO: GET / HTTP/1.1
2024-07-17 23:30:22.796706 INFO: Host: 39.98.202.182:9006
2024-07-17 23:30:22.796711 INFO: User-Agent: Go-http-client/1.1
2024-07-17 23:30:22.796716 INFO: oop!unknow header: User-Agent: Go-http-client/1.1
2024-07-17 23:30:22.796720 INFO: X-Vegeta-Seq: 3039
2024-07-17 23:30:22.796725 INFO: oop!unknow header: X-Vegeta-Seq: 3039
2024-07-17 23:30:22.796729 INFO: Accept-Encoding: gzip
2024-07-17 23:30:22.796733 INFO: oop!unknow header: Accept-Encoding: gzip
2024-07-17 23:30:22.796738 INFO: 
2024-07-17 23:30:22.796754 INFO: request:HTTP/1.1 200 OK

2024-07-17 23:30:22.796759 INFO: request:HTTP/1.1 200 OK
Content-Length:542

2024-07-17 23:30:22.796764 INFO: request:HTTP/1.1 200 OK
Content-Length:542
Connection:close

