2024-07-17 23:26:24.919135 INFO: X-Vegeta-Seq: 55
2024-07-17 23:26:24.919198 INFO: oop!unknow header: X-Vegeta-Seq: 55
2024-07-17 23:26:24.919203 INFO: Accept-Encoding: gzip
2024-07-17 23:26:24.919207 INFO: oop!unknow header: Accept-Encoding: gzip
2024-07-17 23:26:24.919212 INFO: 
2024-07-17 23:26:24.919233 INFO: request:HTTP/1.1 200 OK

2024-07-17 23:26:24.919238 INFO: request:HTTP/1.1 200 OK
Content-Length:542

2024-07-17 23:26:24.919243 INFO: request:HTTP/1.1 200 OK
Content-Length:542
Connection:close

2024-07-17 23:26:24.919247 INFO: request:HTTP/1.1 200 OK
Content-Length:542
Connection:close


2024-07-17 23:26:24.919266 INFO: Thread 140246131258944 is running task

2024-07-17 23:26:24.919289 INFO: eventNum: 1
2024-07-17 23:26:24.919295 INFO: fd: 16, events: 4

2024-07-17 23:26:24.919350 INFO: Thread 140246122866240 is running task

2024-07-17 23:26:24.930744 INFO: eventNum: 1
2024-07-17 23:26:24.930800 INFO: fd: 16, events: 8193

2024-07-17 23:26:24.930834 INFO: HttpConn 16 close success
2024-07-17 23:26:24.930844 INFO: Client[16] quit!
2024-07-17 23:26:24.937092 INFO: eventNum: 1
2024-07-17 23:26:24.937141 INFO: fd: 13, events: 1

2024-07-17 23:26:24.937147 INFO: HandleListenEvent 13
2024-07-17 23:26:24.937167 INFO: HttpConn 16 init success
2024-07-17 23:26:24.937174 INFO: addTimer id:16 expireTime:1721230484
2024-07-17 23:26:24.937188 INFO: Client[16] in!
2024-07-17 23:26:24.937193 INFO: HandleListenEvent 13
2024-07-17 23:26:24.937204 ERROR: Accept failure -1
2024-07-17 23:26:24.937211 INFO: eventNum: 1
2024-07-17 23:26:24.937215 INFO: fd: 16, events: 1

2024-07-17 23:26:24.937240 INFO: HttpConn 16 read success
2024-07-17 23:26:24.937273 INFO: GET / HTTP/1.1
2024-07-17 23:26:24.937280 INFO: Host: 39.98.202.182:9006
2024-07-17 23:26:24.937286 INFO: User-Agent: Go-http-client/1.1
2024-07-17 23:26:24.937290 INFO: oop!unknow header: User-Agent: Go-http-client/1.1
2024-07-17 23:26:24.937295 INFO: X-Vegeta-Seq: 56
2024-07-17 23:26:24.937299 INFO: oop!unknow header: X-Vegeta-Seq: 56
2024-07-17 23:26:24.937304 INFO: Accept-Encoding: gzip
2024-07-17 23:26:24.937308 INFO: oop!unknow header: Accept-Encoding: gzip
2024-07-17 23:26:24.937312 INFO: 
2024-07-17 23:26:24.937339 INFO: request:HTTP/1.1 200 OK

2024-07-17 23:26:24.937344 INFO: request:HTTP/1.1 200 OK
Content-Length:542

2024-07-17 23:26:24.937349 INFO: request:HTTP/1.1 200 OK
Content-Length:542
Connection:close

2024-07-17 23:26:24.937354 INFO: request:HTTP/1.1 200 OK
Content-Length:542
Connection:close


2024-07-17 23:26:24.937373 INFO: Thread 140246114473536 is running task

2024-07-17 23:26:24.937392 INFO: eventNum: 1
2024-07-17 23:26:24.937398 INFO: fd: 16, events: 4

2024-07-17 23:26:24.937474 INFO: Thread 140246106080832 is running task

2024-07-17 23:26:24.950959 INFO: eventNum: 1
2024-07-17 23:26:24.951011 INFO: fd: 16, events: 8193

2024-07-17 23:26:24.951039 INFO: HttpConn 16 close success
2024-07-17 23:26:24.951045 INFO: Client[16] quit!
2024-07-17 23:26:24.952321 INFO: eventNum: 1
2024-07-17 23:26:24.952339 INFO: fd: 13, events: 1

2024-07-17 23:26:24.952345 INFO: HandleListenEvent 13
2024-07-17 23:26:24.952366 INFO: HttpConn 16 init success
2024-07-17 23:26:24.952373 INFO: addTimer id:16 expireTime:1721230484
2024-07-17 23:26:24.952387 INFO: Client[16] in!
2024-07-17 23:26:24.952391 INFO: HandleListenEvent 13
2024-07-17 23:26:24.952400 ERROR: Accept failure -1
2024-07-17 23:26:24.952750 INFO: eventNum: 1
2024-07-17 23:26:24.952765 INFO: fd: 16, events: 1

2024-07-17 23:26:24.952782 INFO: HttpConn 16 read success
2024-07-17 23:26:24.952794 INFO: GET / HTTP/1.1
2024-07-17 23:26:24.952801 INFO: Host: 39.98.202.182:9006
2024-07-17 23:26:24.952806 INFO: User-Agent: Go-http-client/1.1
2024-07-17 23:26:24.952810 INFO: oop!unknow header: User-Agent: Go-http-client/1.1
2024-07-17 23:26:24.952815 INFO: X-Vegeta-Seq: 57
2024-07-17 23:26:24.952820 INFO: oop!unknow header: X-Vegeta-Seq: 57
2024-07-17 23:26:24.952824 INFO: Accept-Encoding: gzip
2024-07-17 23:26:24.952828 INFO: oop!unknow header: Accept-Encoding: gzip
2024-07-17 23:26:24.952832 INFO: 
2024-07-17 23:26:24.952866 INFO: request:HTTP/1.1 200 OK

2024-07-17 23:26:24.952871 INFO: request:HTTP/1.1 200 OK
Content-Length:542

2024-07-17 23:26:24.952876 INFO: request:HTTP/1.1 200 OK
Content-Length:542
Connection:close

2024-07-17 23:26:24.952881 INFO: request:HTTP/1.1 200 OK
Content-Length:542
Connection:close


2024-07-17 23:26:24.952896 INFO: Thread 140246097688128 is running task

2024-07-17 23:26:24.952908 INFO: eventNum: 1
2024-07-17 23:26:24.952934 INFO: fd: 16, events: 4

2024-07-17 23:26:24.953004 INFO: Thread 140246156437056 is running task

2024-07-17 23:26:24.965777 INFO: eventNum: 1
2024-07-17 23:26:24.965832 INFO: fd: 16, events: 8193

2024-07-17 23:26:24.965861 INFO: HttpConn 16 close success
2024-07-17 23:26:24.965867 INFO: Client[16] quit!
2024-07-17 23:26:24.974946 INFO: eventNum: 1
2024-07-17 23:26:24.974996 INFO: fd: 13, events: 1

2024-07-17 23:26:24.975001 INFO: HandleListenEvent 13
2024-07-17 23:26:24.975030 INFO: HttpConn 16 init success
2024-07-17 23:26:24.975037 INFO: addTimer id:16 expireTime:1721230484
2024-07-17 23:26:24.975051 INFO: Client[16] in!
2024-07-17 23:26:24.975055 INFO: HandleListenEvent 13
2024-07-17 23:26:24.975066 ERROR: Accept failure -1
2024-07-17 23:26:24.977452 INFO: eventNum: 1
2024-07-17 23:26:24.977487 INFO: fd: 16, events: 1

2024-07-17 23:26:24.977521 INFO: HttpConn 16 read success
2024-07-17 23:26:24.977558 INFO: GET / HTTP/1.1
2024-07-17 23:26:24.977567 INFO: Host: 39.98.202.182:9006
2024-07-17 23:26:24.977572 INFO: User-Agent: Go-http-client/1.1
2024-07-17 23:26:24.977577 INFO: oop!unknow header: User-Agent: Go-http-client/1.1
2024-07-17 23:26:24.977582 INFO: X-Vegeta-Seq: 58
2024-07-17 23:26:24.977586 INFO: oop!unknow header: X-Vegeta-Seq: 58
2024-07-17 23:26:24.977597 INFO: Accept-Encoding: gzip
2024-07-17 23:26:24.977606 INFO: oop!unknow header: Accept-Encoding: gzip
2024-07-17 23:26:24.977613 INFO: 
2024-07-17 23:26:24.977645 INFO: request:HTTP/1.1 200 OK

2024-07-17 23:26:24.977651 INFO: request:HTTP/1.1 200 OK
Content-Length:542

2024-07-17 23:26:24.977656 INFO: request:HTTP/1.1 200 OK
Content-Length:542
Connection:close

2024-07-17 23:26:24.977660 INFO: request:HTTP/1.1 200 OK
Content-Length:542
Connection:close


2024-07-17 23:26:24.977681 INFO: Thread 140246148044352 is running task

2024-07-17 23:26:24.977702 INFO: eventNum: 1
2024-07-17 23:26:24.977709 INFO: fd: 16, events: 4

2024-07-17 23:26:24.977765 INFO: Thread 140246139651648 is running task

2024-07-17 23:26:24.991738 INFO: eventNum: 1
2024-07-17 23:26:24.991812 INFO: fd: 16, events: 8193

2024-07-17 23:26:24.991866 INFO: HttpConn 16 close success
2024-07-17 23:26:24.991873 INFO: Client[16] quit!
2024-07-17 23:26:24.994227 INFO: eventNum: 1
2024-07-17 23:26:24.994263 INFO: fd: 13, events: 1

2024-07-17 23:26:24.994269 INFO: HandleListenEvent 13
2024-07-17 23:26:24.994295 INFO: HttpConn 16 init success
2024-07-17 23:26:24.994302 INFO: addTimer id:16 expireTime:1721230484
2024-07-17 23:26:24.994316 INFO: Client[16] in!
2024-07-17 23:26:24.994321 INFO: HandleListenEvent 13
2024-07-17 23:26:24.994331 ERROR: Accept failure -1
2024-07-17 23:26:24.994983 INFO: eventNum: 1
2024-07-17 23:26:24.995011 INFO: fd: 16, events: 1

2024-07-17 23:26:24.995030 INFO: HttpConn 16 read success
2024-07-17 23:26:24.995045 INFO: GET / HTTP/1.1
2024-07-17 23:26:24.995051 INFO: Host: 39.98.202.182:9006
2024-07-17 23:26:24.995056 INFO: User-Agent: Go-http-client/1.1
2024-07-17 23:26:24.995061 INFO: oop!unknow header: User-Agent: Go-http-client/1.1
2024-07-17 23:26:24.995066 INFO: X-Vegeta-Seq: 59
2024-07-17 23:26:24.995070 INFO: oop!unknow header: X-Vegeta-Seq: 59
2024-07-17 23:26:24.995074 INFO: Accept-Encoding: gzip
2024-07-17 23:26:24.995079 INFO: oop!unknow header: Accept-Encoding: gzip
2024-07-17 23:26:24.995083 INFO: 
2024-07-17 23:26:24.995110 INFO: request:HTTP/1.1 200 OK

2024-07-17 23:26:24.995115 INFO: request:HTTP/1.1 200 OK
Content-Length:542

2024-07-17 23:26:24.995119 INFO: request:HTTP/1.1 200 OK
Content-Length:542
Connection:close

2024-07-17 23:26:24.995124 INFO: request:HTTP/1.1 200 OK
Content-Length:542
Connection:close


2024-07-17 23:26:24.995149 INFO: Thread 140246131258944 is running task

2024-07-17 23:26:24.995161 INFO: eventNum: 1
2024-07-17 23:26:24.995166 INFO: fd: 16, events: 4

2024-07-17 23:26:24.995227 INFO: Thread 140246122866240 is running task

2024-07-17 23:26:25.014098 INFO: eventNum: 1
2024-07-17 23:26:25.014174 INFO: fd: 16, events: 8193

2024-07-17 23:26:25.014231 INFO: HttpConn 16 close success
2024-07-17 23:26:25.014297 INFO: Client[16] quit!
2024-07-17 23:26:25.023311 INFO: eventNum: 1
2024-07-17 23:26:25.023364 INFO: fd: 13, events: 1

2024-07-17 23:26:25.023373 INFO: HandleListenEvent 13
2024-07-17 23:26:25.023404 INFO: HttpConn 16 init success
2024-07-17 23:26:25.023412 INFO: addTimer id:16 expireTime:1721230485
2024-07-17 23:26:25.023426 INFO: Client[16] in!
2024-07-17 23:26:25.023431 INFO: HandleListenEvent 13
2024-07-17 23:26:25.023442 ERROR: Accept failure -1
2024-07-17 23:26:25.024029 INFO: eventNum: 1
2024-07-17 23:26:25.024043 INFO: fd: 16, events: 1

2024-07-17 23:26:25.024060 INFO: HttpConn 16 read success
2024-07-17 23:26:25.024075 INFO: GET / HTTP/1.1
2024-07-17 23:26:25.024082 INFO: Host: 39.98.202.182:9006
2024-07-17 23:26:25.024087 INFO: User-Agent: Go-http-client/1.1
2024-07-17 23:26:25.024091 INFO: oop!unknow header: User-Agent: Go-http-client/1.1
2024-07-17 23:26:25.024096 INFO: X-Vegeta-Seq: 60
2024-07-17 23:26:25.024101 INFO: oop!unknow header: X-Vegeta-Seq: 60
2024-07-17 23:26:25.024105 INFO: Accept-Encoding: gzip
2024-07-17 23:26:25.024110 INFO: oop!unknow header: Accept-Encoding: gzip
2024-07-17 23:26:25.024114 INFO: 
2024-07-17 23:26:25.024140 INFO: request:HTTP/1.1 200 OK

2024-07-17 23:26:25.024146 INFO: request:HTTP/1.1 200 OK
Content-Length:542

2024-07-17 23:26:25.024150 INFO: request:HTTP/1.1 200 OK
Content-Length:542
Connection:close

2024-07-17 23:26:25.024155 INFO: request:HTTP/1.1 200 OK
Content-Length:542
Connection:close


2024-07-17 23:26:25.024171 INFO: Thread 140246114473536 is running task

2024-07-17 23:26:25.024181 INFO: eventNum: 1
2024-07-17 23:26:25.024186 INFO: fd: 16, events: 4

2024-07-17 23:26:25.024252 INFO: Thread 140246106080832 is running task

2024-07-17 23:26:25.033472 INFO: eventNum: 1
2024-07-17 23:26:25.033528 INFO: fd: 13, events: 1

2024-07-17 23:26:25.033534 INFO: HandleListenEvent 13
2024-07-17 23:26:25.033560 INFO: HttpConn 17 init success
2024-07-17 23:26:25.033567 INFO: addTimer id:17 expireTime:1721230485
2024-07-17 23:26:25.033580 INFO: Client[17] in!
2024-07-17 23:26:25.033585 INFO: HandleListenEvent 13
2024-07-17 23:26:25.033595 ERROR: Accept failure -1
2024-07-17 23:26:25.039088 INFO: eventNum: 1
2024-07-17 23:26:25.039124 INFO: fd: 17, events: 1

2024-07-17 23:26:25.039143 INFO: HttpConn 17 read success
2024-07-17 23:26:25.039156 INFO: GET / HTTP/1.1
2024-07-17 23:26:25.039161 INFO: Host: 39.98.202.182:9006
2024-07-17 23:26:25.039166 INFO: User-Agent: Go-http-client/1.1
2024-07-17 23:26:25.039171 INFO: oop!unknow header: User-Agent: Go-http-client/1.1
2024-07-17 23:26:25.039175 INFO: X-Vegeta-Seq: 61
2024-07-17 23:26:25.039180 INFO: oop!unknow header: X-Vegeta-Seq: 61
2024-07-17 23:26:25.039185 INFO: Accept-Encoding: gzip
2024-07-17 23:26:25.039189 INFO: oop!unknow header: Accept-Encoding: gzip
2024-07-17 23:26:25.039194 INFO: 
2024-07-17 23:26:25.039220 INFO: request:HTTP/1.1 200 OK

2024-07-17 23:26:25.039226 INFO: request:HTTP/1.1 200 OK
Content-Length:542

2024-07-17 23:26:25.039230 INFO: request:HTTP/1.1 200 OK
Content-Length:542
Connection:close

2024-07-17 23:26:25.039235 INFO: request:HTTP/1.1 200 OK
Content-Length:542
Connection:close


2024-07-17 23:26:25.039250 INFO: Thread 140246097688128 is running task

2024-07-17 23:26:25.039261 INFO: eventNum: 1
2024-07-17 23:26:25.039266 INFO: fd: 17, events: 4

2024-07-17 23:26:25.039333 INFO: Thread 140246156437056 is running task

2024-07-17 23:26:25.039790 INFO: eventNum: 1
2024-07-17 23:26:25.039808 INFO: fd: 16, events: 8193

2024-07-17 23:26:25.039834 INFO: HttpConn 16 close success
2024-07-17 23:26:25.039846 INFO: Client[16] quit!
2024-07-17 23:26:25.054395 INFO: eventNum: 1
2024-07-17 23:26:25.054446 INFO: fd: 13, events: 1

2024-07-17 23:26:25.054452 INFO: HandleListenEvent 13
2024-07-17 23:26:25.054480 INFO: HttpConn 16 init success
2024-07-17 23:26:25.054487 INFO: addTimer id:16 expireTime:1721230485
2024-07-17 23:26:25.054500 INFO: Client[16] in!
2024-07-17 23:26:25.054505 INFO: HandleListenEvent 13
2024-07-17 23:26:25.054516 ERROR: Accept failure -1
2024-07-17 23:26:25.056335 INFO: eventNum: 1
2024-07-17 23:26:25.056367 INFO: fd: 17, events: 8193

2024-07-17 23:26:25.056399 INFO: HttpConn 17 close success
2024-07-17 23:26:25.056442 INFO: Client[17] quit!
2024-07-17 23:26:25.056625 INFO: eventNum: 1
2024-07-17 23:26:25.056640 INFO: fd: 16, events: 1

2024-07-17 23:26:25.056663 INFO: HttpConn 16 read success
2024-07-17 23:26:25.056690 INFO: GET / HTTP/1.1
2024-07-17 23:26:25.056698 INFO: Host: 39.98.202.182:9006
2024-07-17 23:26:25.056703 INFO: User-Agent: Go-http-client/1.1
2024-07-17 23:26:25.056708 INFO: oop!unknow header: User-Agent: Go-http-client/1.1
2024-07-17 23:26:25.056719 INFO: X-Vegeta-Seq: 62
2024-07-17 23:26:25.056728 INFO: oop!unknow header: X-Vegeta-Seq: 62
2024-07-17 23:26:25.056734 INFO: Accept-Encoding: gzip
2024-07-17 23:26:25.056741 INFO: oop!unknow header: Accept-Encoding: gzip
2024-07-17 23:26:25.056747 INFO: 
2024-07-17 23:26:25.056781 INFO: request:HTTP/1.1 200 OK

2024-07-17 23:26:25.056788 INFO: request:HTTP/1.1 200 OK
Content-Length:542

2024-07-17 23:26:25.056793 INFO: request:HTTP/1.1 200 OK
Content-Length:542
Connection:close

2024-07-17 23:26:25.056798 INFO: request:HTTP/1.1 200 OK
Content-Length:542
Connection:close


2024-07-17 23:26:25.056818 INFO: Thread 140246148044352 is running task

2024-07-17 23:26:25.056835 INFO: eventNum: 1
2024-07-17 23:26:25.056841 INFO: fd: 16, events: 4

2024-07-17 23:26:25.056889 INFO: Thread 140246139651648 is running task

2024-07-17 23:26:25.070107 INFO: eventNum: 1
2024-07-17 23:26:25.070184 INFO: fd: 16, events: 8193

2024-07-17 23:26:25.070215 INFO: HttpConn 16 close success
2024-07-17 23:26:25.070224 INFO: Client[16] quit!
2024-07-17 23:26:25.076007 INFO: eventNum: 1
2024-07-17 23:26:25.076046 INFO: fd: 13, events: 1

2024-07-17 23:26:25.076051 INFO: HandleListenEvent 13
2024-07-17 23:26:25.076080 INFO: HttpConn 16 init success
2024-07-17 23:26:25.076090 INFO: addTimer id:16 expireTime:1721230485
2024-07-17 23:26:25.076110 INFO: Client[16] in!
2024-07-17 23:26:25.076117 INFO: HandleListenEvent 13
2024-07-17 23:26:25.076132 ERROR: Accept failure -1
2024-07-17 23:26:25.076284 INFO: eventNum: 1
2024-07-17 23:26:25.076297 INFO: fd: 16, events: 1

2024-07-17 23:26:25.076322 INFO: HttpConn 16 read success
2024-07-17 23:26:25.076356 INFO: GET / HTTP/1.1
2024-07-17 23:26:25.076363 INFO: Host: 39.98.202.182:9006
2024-07-17 23:26:25.076369 INFO: User-Agent: Go-http-client/1.1
2024-07-17 23:26:25.076373 INFO: oop!unknow header: User-Agent: Go-http-client/1.1
2024-07-17 23:26:25.076378 INFO: X-Vegeta-Seq: 63
2024-07-17 23:26:25.076383 INFO: oop!unknow header: X-Vegeta-Seq: 63
2024-07-17 23:26:25.076387 INFO: Accept-Encoding: gzip
2024-07-17 23:26:25.076391 INFO: oop!unknow header: Accept-Encoding: gzip
2024-07-17 23:26:25.076398 INFO: 
2024-07-17 23:26:25.076431 INFO: request:HTTP/1.1 200 OK

2024-07-17 23:26:25.076439 INFO: request:HTTP/1.1 200 OK
Content-Length:542

2024-07-17 23:26:25.076446 INFO: request:HTTP/1.1 200 OK
Content-Length:542
Connection:close

2024-07-17 23:26:25.076453 INFO: request:HTTP/1.1 200 OK
Content-Length:542
Connection:close


2024-07-17 23:26:25.076477 INFO: Thread 140246131258944 is running task

2024-07-17 23:26:25.076498 INFO: eventNum: 1
2024-07-17 23:26:25.076505 INFO: fd: 16, events: 4

2024-07-17 23:26:25.076559 INFO: Thread 140246122866240 is running task

2024-07-17 23:26:25.092425 INFO: eventNum: 1
2024-07-17 23:26:25.092484 INFO: fd: 16, events: 8193

2024-07-17 23:26:25.092539 INFO: HttpConn 16 close success
2024-07-17 23:26:25.092549 INFO: Client[16] quit!
2024-07-17 23:26:25.109558 INFO: eventNum: 1
2024-07-17 23:26:25.109625 INFO: fd: 13, events: 1

2024-07-17 23:26:25.109632 INFO: HandleListenEvent 13
2024-07-17 23:26:25.109659 INFO: HttpConn 16 init success
2024-07-17 23:26:25.109666 INFO: addTimer id:16 expireTime:1721230485
2024-07-17 23:26:25.109681 INFO: Client[16] in!
2024-07-17 23:26:25.109685 INFO: HandleListenEvent 13
2024-07-17 23:26:25.109696 ERROR: Accept failure -1
2024-07-17 23:26:25.109932 INFO: eventNum: 1
2024-07-17 23:26:25.109963 INFO: fd: 16, events: 1

2024-07-17 23:26:25.109983 INFO: HttpConn 16 read success
2024-07-17 23:26:25.109998 INFO: GET / HTTP/1.1
2024-07-17 23:26:25.110004 INFO: Host: 39.98.202.182:9006
2024-07-17 23:26:25.110023 INFO: User-Agent: Go-http-client/1.1
2024-07-17 23:26:25.110028 INFO: oop!unknow header: User-Agent: Go-http-client/1.1
2024-07-17 23:26:25.110036 INFO: X-Vegeta-Seq: 64
2024-07-17 23:26:25.110041 INFO: oop!unknow header: X-Vegeta-Seq: 64
2024-07-17 23:26:25.110045 INFO: Accept-Encoding: gzip
2024-07-17 23:26:25.110052 INFO: oop!unknow header: Accept-Encoding: gzip
2024-07-17 23:26:25.110057 INFO: 
2024-07-17 23:26:25.110131 INFO: request:HTTP/1.1 200 OK

2024-07-17 23:26:25.110139 INFO: request:HTTP/1.1 200 OK
Content-Length:542

2024-07-17 23:26:25.110143 INFO: request:HTTP/1.1 200 OK
Content-Length:542
Connection:close

2024-07-17 23:26:25.110148 INFO: request:HTTP/1.1 200 OK
Content-Length:542
Connection:close


2024-07-17 23:26:25.110164 INFO: Thread 140246114473536 is running task

2024-07-17 23:26:25.110175 INFO: eventNum: 1
2024-07-17 23:26:25.110180 INFO: fd: 16, events: 4

2024-07-17 23:26:25.110246 INFO: Thread 140246106080832 is running task

2024-07-17 23:26:25.121848 INFO: eventNum: 1
2024-07-17 23:26:25.121902 INFO: fd: 13, events: 1

2024-07-17 23:26:25.121908 INFO: HandleListenEvent 13
2024-07-17 23:26:25.121946 INFO: HttpConn 17 init success
2024-07-17 23:26:25.121953 INFO: addTimer id:17 expireTime:1721230485
2024-07-17 23:26:25.121966 INFO: Client[17] in!
2024-07-17 23:26:25.121972 INFO: HandleListenEvent 13
2024-07-17 23:26:25.121986 ERROR: Accept failure -1
2024-07-17 23:26:25.122559 INFO: eventNum: 1
2024-07-17 23:26:25.122576 INFO: fd: 17, events: 1

2024-07-17 23:26:25.122593 INFO: HttpConn 17 read success
2024-07-17 23:26:25.122606 INFO: GET / HTTP/1.1
2024-07-17 23:26:25.122612 INFO: Host: 39.98.202.182:9006
2024-07-17 23:26:25.122617 INFO: User-Agent: Go-http-client/1.1
2024-07-17 23:26:25.122622 INFO: oop!unknow header: User-Agent: Go-http-client/1.1
2024-07-17 23:26:25.122627 INFO: X-Vegeta-Seq: 65
2024-07-17 23:26:25.122631 INFO: oop!unknow header: X-Vegeta-Seq: 65
2024-07-17 23:26:25.122635 INFO: Accept-Encoding: gzip
2024-07-17 23:26:25.122639 INFO: oop!unknow header: Accept-Encoding: gzip
2024-07-17 23:26:25.122644 INFO: 
2024-07-17 23:26:25.122668 INFO: request:HTTP/1.1 200 OK

2024-07-17 23:26:25.122674 INFO: request:HTTP/1.1 200 OK
Content-Length:542

2024-07-17 23:26:25.122678 INFO: request:HTTP/1.1 200 OK
Content-Length:542
Connection:close

2024-07-17 23:26:25.122686 INFO: request:HTTP/1.1 200 OK
Content-Length:542
Connection:close


2024-07-17 23:26:25.122704 INFO: Thread 140246097688128 is running task

2024-07-17 23:26:25.122722 INFO: eventNum: 1
2024-07-17 23:26:25.122727 INFO: fd: 17, events: 4

2024-07-17 23:26:25.122799 INFO: Thread 140246156437056 is running task

2024-07-17 23:26:25.125286 INFO: eventNum: 1
2024-07-17 23:26:25.125330 INFO: fd: 16, events: 8193

2024-07-17 23:26:25.125366 INFO: HttpConn 16 close success
2024-07-17 23:26:25.125372 INFO: Client[16] quit!
2024-07-17 23:26:25.141256 INFO: eventNum: 1
2024-07-17 23:26:25.141328 INFO: fd: 13, events: 1

2024-07-17 23:26:25.141335 INFO: HandleListenEvent 13
2024-07-17 23:26:25.141361 INFO: HttpConn 16 init success
2024-07-17 23:26:25.141369 INFO: addTimer id:16 expireTime:1721230485
2024-07-17 23:26:25.141383 INFO: Client[16] in!
2024-07-17 23:26:25.141388 INFO: HandleListenEvent 13
2024-07-17 23:26:25.141400 ERROR: Accept failure -1
2024-07-17 23:26:25.141407 INFO: eventNum: 1
2024-07-17 23:26:25.141411 INFO: fd: 17, events: 8193

2024-07-17 23:26:25.141442 INFO: HttpConn 17 close success
2024-07-17 23:26:25.141448 INFO: Client[17] quit!
2024-07-17 23:26:25.141993 INFO: eventNum: 1
2024-07-17 23:26:25.142009 INFO: fd: 16, events: 1

2024-07-17 23:26:25.142035 INFO: HttpConn 16 read success
2024-07-17 23:26:25.142073 INFO: GET / HTTP/1.1
2024-07-17 23:26:25.142083 INFO: Host: 39.98.202.182:9006
2024-07-17 23:26:25.142091 INFO: User-Agent: Go-http-client/1.1
2024-07-17 23:26:25.142098 INFO: oop!unknow header: User-Agent: Go-http-client/1.1
2024-07-17 23:26:25.142105 INFO: X-Vegeta-Seq: 66
2024-07-17 23:26:25.142132 INFO: oop!unknow header: X-Vegeta-Seq: 66
2024-07-17 23:26:25.142147 INFO: Accept-Encoding: gzip
2024-07-17 23:26:25.142157 INFO: oop!unknow header: Accept-Encoding: gzip
2024-07-17 23:26:25.142163 INFO: 
2024-07-17 23:26:25.142196 INFO: request:HTTP/1.1 200 OK

2024-07-17 23:26:25.142202 INFO: request:HTTP/1.1 200 OK
Content-Length:542

2024-07-17 23:26:25.142208 INFO: request:HTTP/1.1 200 OK
Content-Length:542
Connection:close

2024-07-17 23:26:25.142215 INFO: request:HTTP/1.1 200 OK
Content-Length:542
Connection:close


2024-07-17 23:26:25.142241 INFO: Thread 140246148044352 is running task

2024-07-17 23:26:25.142263 INFO: eventNum: 1
2024-07-17 23:26:25.142272 INFO: fd: 16, events: 4

2024-07-17 23:26:25.142338 INFO: Thread 140246139651648 is running task

2024-07-17 23:26:25.155957 INFO: eventNum: 1
2024-07-17 23:26:25.156017 INFO: fd: 13, events: 1

2024-07-17 23:26:25.156024 INFO: HandleListenEvent 13
2024-07-17 23:26:25.156049 INFO: HttpConn 17 init success
2024-07-17 23:26:25.156056 INFO: addTimer id:17 expireTime:1721230485
2024-07-17 23:26:25.156070 INFO: Client[17] in!
2024-07-17 23:26:25.156075 INFO: HandleListenEvent 13
2024-07-17 23:26:25.156086 ERROR: Accept failure -1
2024-07-17 23:26:25.156704 INFO: eventNum: 1
2024-07-17 23:26:25.156720 INFO: fd: 17, events: 1

2024-07-17 23:26:25.156749 INFO: HttpConn 17 read success
2024-07-17 23:26:25.156791 INFO: GET / HTTP/1.1
2024-07-17 23:26:25.156800 INFO: Host: 39.98.202.182:9006
2024-07-17 23:26:25.156805 INFO: User-Agent: Go-http-client/1.1
2024-07-17 23:26:25.156810 INFO: oop!unknow header: User-Agent: Go-http-client/1.1
2024-07-17 23:26:25.156815 INFO: X-Vegeta-Seq: 67
2024-07-17 23:26:25.156819 INFO: oop!unknow header: X-Vegeta-Seq: 67
2024-07-17 23:26:25.156825 INFO: Accept-Encoding: gzip
2024-07-17 23:26:25.156830 INFO: oop!unknow header: Accept-Encoding: gzip
2024-07-17 23:26:25.156834 INFO: 
2024-07-17 23:26:25.156876 INFO: request:HTTP/1.1 200 OK

2024-07-17 23:26:25.156885 INFO: request:HTTP/1.1 200 OK
Content-Length:542

2024-07-17 23:26:25.156892 INFO: request:HTTP/1.1 200 OK
Content-Length:542
Connection:close

2024-07-17 23:26:25.156900 INFO: request:HTTP/1.1 200 OK
Content-Length:542
Connection:close


2024-07-17 23:26:25.156958 INFO: eventNum: 1
2024-07-17 23:26:25.156960 INFO: Thread 140246131258944 is running task

2024-07-17 23:26:25.156986 INFO: fd: 17, events: 4

2024-07-17 23:26:25.157061 INFO: Thread 140246122866240 is running task

2024-07-17 23:26:25.157074 INFO: eventNum: 1
2024-07-17 23:26:25.157079 INFO: fd: 16, events: 8193

2024-07-17 23:26:25.157094 INFO: HttpConn 16 close success
2024-07-17 23:26:25.157099 INFO: Client[16] quit!
2024-07-17 23:26:25.170540 INFO: eventNum: 1
2024-07-17 23:26:25.170593 INFO: fd: 17, events: 8193

2024-07-17 23:26:25.170622 INFO: HttpConn 17 close success
2024-07-17 23:26:25.170628 INFO: Client[17] quit!
2024-07-17 23:26:25.172401 INFO: eventNum: 1
2024-07-17 23:26:25.172430 INFO: fd: 13, events: 1

2024-07-17 23:26:25.172435 INFO: HandleListenEvent 13
2024-07-17 23:26:25.172459 INFO: HttpConn 16 init success
2024-07-17 23:26:25.172466 INFO: addTimer id:16 expireTime:1721230485
2024-07-17 23:26:25.172479 INFO: Client[16] in!
2024-07-17 23:26:25.172484 INFO: HandleListenEvent 13
2024-07-17 23:26:25.172492 ERROR: Accept failure -1
2024-07-17 23:26:25.180637 INFO: eventNum: 1
2024-07-17 23:26:25.180687 INFO: fd: 16, events: 1

2024-07-17 23:26:25.180712 INFO: HttpConn 16 read success
2024-07-17 23:26:25.180726 INFO: GET / HTTP/1.1
2024-07-17 23:26:25.180742 INFO: Host: 39.98.202.182:9006
2024-07-17 23:26:25.180748 INFO: User-Agent: Go-http-client/1.1
2024-07-17 23:26:25.180752 INFO: oop!unknow header: User-Agent: Go-http-client/1.1
2024-07-17 23:26:25.180757 INFO: X-Vegeta-Seq: 68
2024-07-17 23:26:25.180761 INFO: oop!unknow header: X-Vegeta-Seq: 68
2024-07-17 23:26:25.180766 INFO: Accept-Encoding: gzip
2024-07-17 23:26:25.180770 INFO: oop!unknow header: Accept-Encoding: gzip
2024-07-17 23:26:25.180774 INFO: 
2024-07-17 23:26:25.180802 INFO: request:HTTP/1.1 200 OK

2024-07-17 23:26:25.180807 INFO: request:HTTP/1.1 200 OK
Content-Length:542

2024-07-17 23:26:25.180812 INFO: request:HTTP/1.1 200 OK
Content-Length:542
Connection:close

2024-07-17 23:26:25.180817 INFO: request:HTTP/1.1 200 OK
Content-Length:542
Connection:close


2024-07-17 23:26:25.180834 INFO: Thread 140246114473536 is running task

2024-07-17 23:26:25.180846 INFO: eventNum: 1
2024-07-17 23:26:25.180851 INFO: fd: 16, events: 4

2024-07-17 23:26:25.180978 INFO: Thread 140246106080832 is running task

2024-07-17 23:26:25.193506 INFO: eventNum: 1
2024-07-17 23:26:25.193558 INFO: fd: 13, events: 1

2024-07-17 23:26:25.193564 INFO: HandleListenEvent 13
2024-07-17 23:26:25.193591 INFO: HttpConn 17 init success
2024-07-17 23:26:25.193598 INFO: addTimer id:17 expireTime:1721230485
2024-07-17 23:26:25.193612 INFO: Client[17] in!
2024-07-17 23:26:25.193617 INFO: HandleListenEvent 13
2024-07-17 23:26:25.193627 ERROR: Accept failure -1
2024-07-17 23:26:25.195035 INFO: eventNum: 1
2024-07-17 23:26:25.195062 INFO: fd: 17, events: 1

2024-07-17 23:26:25.195081 INFO: HttpConn 17 read success
2024-07-17 23:26:25.195095 INFO: GET / HTTP/1.1
2024-07-17 23:26:25.195102 INFO: Host: 39.98.202.182:9006
2024-07-17 23:26:25.195107 INFO: User-Agent: Go-http-client/1.1
2024-07-17 23:26:25.195111 INFO: oop!unknow header: User-Agent: Go-http-client/1.1
2024-07-17 23:26:25.195116 INFO: X-Vegeta-Seq: 69
2024-07-17 23:26:25.195120 INFO: oop!unknow header: X-Vegeta-Seq: 69
2024-07-17 23:26:25.195125 INFO: Accept-Encoding: gzip
2024-07-17 23:26:25.195129 INFO: oop!unknow header: Accept-Encoding: gzip
2024-07-17 23:26:25.195133 INFO: 
2024-07-17 23:26:25.195159 INFO: request:HTTP/1.1 200 OK

2024-07-17 23:26:25.195164 INFO: request:HTTP/1.1 200 OK
Content-Length:542

2024-07-17 23:26:25.195169 INFO: request:HTTP/1.1 200 OK
Content-Length:542
Connection:close

2024-07-17 23:26:25.195173 INFO: request:HTTP/1.1 200 OK
Content-Length:542
Connection:close


2024-07-17 23:26:25.195190 INFO: Thread 140246097688128 is running task

2024-07-17 23:26:25.195201 INFO: eventNum: 1
2024-07-17 23:26:25.195206 INFO: fd: 17, events: 4

2024-07-17 23:26:25.195275 INFO: Thread 140246156437056 is running task

2024-07-17 23:26:25.195290 INFO: eventNum: 1
2024-07-17 23:26:25.195325 INFO: fd: 16, events: 8193

2024-07-17 23:26:25.195346 INFO: HttpConn 16 close success
2024-07-17 23:26:25.195362 INFO: Client[16] quit!
2024-07-17 23:26:25.217473 INFO: eventNum: 1
2024-07-17 23:26:25.217534 INFO: fd: 13, events: 1

2024-07-17 23:26:25.217544 INFO: HandleListenEvent 13
2024-07-17 23:26:25.217594 INFO: HttpConn 16 init success
2024-07-17 23:26:25.217607 INFO: addTimer id:16 expireTime:1721230485
2024-07-17 23:26:25.217648 INFO: Client[16] in!
2024-07-17 23:26:25.217656 INFO: HandleListenEvent 13
2024-07-17 23:26:25.217679 ERROR: Accept failure -1
2024-07-17 23:26:25.217686 INFO: eventNum: 1
2024-07-17 23:26:25.217691 INFO: fd: 17, events: 8193

2024-07-17 23:26:25.217719 INFO: HttpConn 17 close success
2024-07-17 23:26:25.217730 INFO: Client[17] quit!
2024-07-17 23:26:25.218211 INFO: eventNum: 1
2024-07-17 23:26:25.218238 INFO: fd: 16, events: 1

2024-07-17 23:26:25.218259 INFO: HttpConn 16 read success
2024-07-17 23:26:25.218272 INFO: GET / HTTP/1.1
2024-07-17 23:26:25.218279 INFO: Host: 39.98.202.182:9006
2024-07-17 23:26:25.218284 INFO: User-Agent: Go-http-client/1.1
2024-07-17 23:26:25.218288 INFO: oop!unknow header: User-Agent: Go-http-client/1.1
2024-07-17 23:26:25.218293 INFO: X-Vegeta-Seq: 70
2024-07-17 23:26:25.218306 INFO: oop!unknow header: X-Vegeta-Seq: 70
2024-07-17 23:26:25.218311 INFO: Accept-Encoding: gzip
2024-07-17 23:26:25.218315 INFO: oop!unknow header: Accept-Encoding: gzip
2024-07-17 23:26:25.218320 INFO: 
2024-07-17 23:26:25.218346 INFO: request:HTTP/1.1 200 OK

2024-07-17 23:26:25.218352 INFO: request:HTTP/1.1 200 OK
Content-Length:542

2024-07-17 23:26:25.218356 INFO: request:HTTP/1.1 200 OK
Content-Length:542
Connection:close

2024-07-17 23:26:25.218361 INFO: request:HTTP/1.1 200 OK
Content-Length:542
Connection:close


2024-07-17 23:26:25.218376 INFO: Thread 140246148044352 is running task

2024-07-17 23:26:25.218386 INFO: eventNum: 1
2024-07-17 23:26:25.218391 INFO: fd: 16, events: 4

2024-07-17 23:26:25.218437 INFO: Thread 140246139651648 is running task

2024-07-17 23:26:25.232463 INFO: eventNum: 1
2024-07-17 23:26:25.232518 INFO: fd: 16, events: 8193

2024-07-17 23:26:25.232547 INFO: HttpConn 16 close success
2024-07-17 23:26:25.232553 INFO: Client[16] quit!
2024-07-17 23:26:25.234657 INFO: eventNum: 1
2024-07-17 23:26:25.234684 INFO: fd: 13, events: 1

2024-07-17 23:26:25.234690 INFO: HandleListenEvent 13
2024-07-17 23:26:25.234721 INFO: HttpConn 16 init success
2024-07-17 23:26:25.234729 INFO: addTimer id:16 expireTime:1721230485
2024-07-17 23:26:25.234742 INFO: Client[16] in!
2024-07-17 23:26:25.234746 INFO: HandleListenEvent 13
2024-07-17 23:26:25.234755 ERROR: Accept failure -1
2024-07-17 23:26:25.235759 INFO: eventNum: 1
2024-07-17 23:26:25.235777 INFO: fd: 16, events: 1

2024-07-17 23:26:25.235830 INFO: HttpConn 16 read success
2024-07-17 23:26:25.235882 INFO: GET / HTTP/1.1
2024-07-17 23:26:25.235894 INFO: Host: 39.98.202.182:9006
2024-07-17 23:26:25.235900 INFO: User-Agent: Go-http-client/1.1
2024-07-17 23:26:25.235904 INFO: oop!unknow header: User-Agent: Go-http-client/1.1
2024-07-17 23:26:25.235909 INFO: X-Vegeta-Seq: 71
2024-07-17 23:26:25.235921 INFO: oop!unknow header: X-Vegeta-Seq: 71
2024-07-17 23:26:25.235925 INFO: Accept-Encoding: gzip
2024-07-17 23:26:25.235929 INFO: oop!unknow header: Accept-Encoding: gzip
2024-07-17 23:26:25.235933 INFO: 
2024-07-17 23:26:25.235960 INFO: request:HTTP/1.1 200 OK

2024-07-17 23:26:25.235965 INFO: request:HTTP/1.1 200 OK
Content-Length:542

2024-07-17 23:26:25.235970 INFO: request:HTTP/1.1 200 OK
Content-Length:542
Connection:close

2024-07-17 23:26:25.235974 INFO: request:HTTP/1.1 200 OK
Content-Length:542
Connection:close


2024-07-17 23:26:25.235992 INFO: eventNum: 1
2024-07-17 23:26:25.236008 INFO: fd: 16, events: 4

2024-07-17 23:26:25.235995 INFO: Thread 140246131258944 is running task

2024-07-17 23:26:25.236059 INFO: Thread 140246122866240 is running task

2024-07-17 23:26:25.249647 INFO: eventNum: 1
2024-07-17 23:26:25.249699 INFO: fd: 16, events: 8193

2024-07-17 23:26:25.249729 INFO: HttpConn 16 close success
2024-07-17 23:26:25.249735 INFO: Client[16] quit!
2024-07-17 23:26:25.255347 INFO: eventNum: 1
2024-07-17 23:26:25.255390 INFO: fd: 13, events: 1

2024-07-17 23:26:25.255396 INFO: HandleListenEvent 13
2024-07-17 23:26:25.255422 INFO: HttpConn 16 init success
2024-07-17 23:26:25.255429 INFO: addTimer id:16 expireTime:1721230485
2024-07-17 23:26:25.255443 INFO: Client[16] in!
2024-07-17 23:26:25.255447 INFO: HandleListenEvent 13
2024-07-17 23:26:25.255458 ERROR: Accept failure -1
2024-07-17 23:26:25.256833 INFO: eventNum: 1
2024-07-17 23:26:25.256856 INFO: fd: 16, events: 1

2024-07-17 23:26:25.256875 INFO: HttpConn 16 read success
2024-07-17 23:26:25.256888 INFO: GET / HTTP/1.1
2024-07-17 23:26:25.256894 INFO: Host: 39.98.202.182:9006
2024-07-17 23:26:25.256899 INFO: User-Agent: Go-http-client/1.1
2024-07-17 23:26:25.256903 INFO: oop!unknow header: User-Agent: Go-http-client/1.1
2024-07-17 23:26:25.256908 INFO: X-Vegeta-Seq: 72
2024-07-17 23:26:25.256930 INFO: oop!unknow header: X-Vegeta-Seq: 72
2024-07-17 23:26:25.256934 INFO: Accept-Encoding: gzip
2024-07-17 23:26:25.256939 INFO: oop!unknow header: Accept-Encoding: gzip
2024-07-17 23:26:25.256943 INFO: 
2024-07-17 23:26:25.256969 INFO: request:HTTP/1.1 200 OK

2024-07-17 23:26:25.256984 INFO: request:HTTP/1.1 200 OK
Content-Length:542

2024-07-17 23:26:25.256989 INFO: request:HTTP/1.1 200 OK
Content-Length:542
Connection:close

2024-07-17 23:26:25.256993 INFO: request:HTTP/1.1 200 OK
Content-Length:542
Connection:close


2024-07-17 23:26:25.257009 INFO: Thread 140246114473536 is running task

2024-07-17 23:26:25.257019 INFO: eventNum: 1
2024-07-17 23:26:25.257024 INFO: fd: 16, events: 4

2024-07-17 23:26:25.257106 INFO: Thread 140246106080832 is running task

2024-07-17 23:26:25.270386 INFO: eventNum: 1
2024-07-17 23:26:25.270450 INFO: fd: 16, events: 8193

2024-07-17 23:26:25.270493 INFO: HttpConn 16 close success
2024-07-17 23:26:25.270503 INFO: Client[16] quit!
2024-07-17 23:26:25.273447 INFO: eventNum: 1
2024-07-17 23:26:25.273474 INFO: fd: 13, events: 1

2024-07-17 23:26:25.273479 INFO: HandleListenEvent 13
2024-07-17 23:26:25.273505 INFO: HttpConn 16 init success
2024-07-17 23:26:25.273512 INFO: addTimer id:16 expireTime:1721230485
2024-07-17 23:26:25.273526 INFO: Client[16] in!
2024-07-17 23:26:25.273531 INFO: HandleListenEvent 13
2024-07-17 23:26:25.273540 ERROR: Accept failure -1
2024-07-17 23:26:25.274179 INFO: eventNum: 1
2024-07-17 23:26:25.274192 INFO: fd: 16, events: 1

2024-07-17 23:26:25.274208 INFO: HttpConn 16 read success
2024-07-17 23:26:25.274223 INFO: GET / HTTP/1.1
2024-07-17 23:26:25.274229 INFO: Host: 39.98.202.182:9006
2024-07-17 23:26:25.274234 INFO: User-Agent: Go-http-client/1.1
2024-07-17 23:26:25.274238 INFO: oop!unknow header: User-Agent: Go-http-client/1.1
2024-07-17 23:26:25.274243 INFO: X-Vegeta-Seq: 73
2024-07-17 23:26:25.274247 INFO: oop!unknow header: X-Vegeta-Seq: 73
2024-07-17 23:26:25.274251 INFO: Accept-Encoding: gzip
2024-07-17 23:26:25.274256 INFO: oop!unknow header: Accept-Encoding: gzip
2024-07-17 23:26:25.274260 INFO: 
2024-07-17 23:26:25.274286 INFO: request:HTTP/1.1 200 OK

2024-07-17 23:26:25.274291 INFO: request:HTTP/1.1 200 OK
Content-Length:542

2024-07-17 23:26:25.274296 INFO: request:HTTP/1.1 200 OK
Content-Length:542
Connection:close

2024-07-17 23:26:25.274301 INFO: request:HTTP/1.1 200 OK
Content-Length:542
Connection:close


2024-07-17 23:26:25.274318 INFO: Thread 140246097688128 is running task

2024-07-17 23:26:25.274332 INFO: eventNum: 1
2024-07-17 23:26:25.274339 INFO: fd: 16, events: 4

2024-07-17 23:26:25.274411 INFO: Thread 140246156437056 is running task

2024-07-17 23:26:25.286184 INFO: eventNum: 1
2024-07-17 23:26:25.286241 INFO: fd: 16, events: 8193

2024-07-17 23:26:25.286273 INFO: HttpConn 16 close success
2024-07-17 23:26:25.286279 INFO: Client[16] quit!
2024-07-17 23:26:25.294299 INFO: eventNum: 1
2024-07-17 23:26:25.294350 INFO: fd: 13, events: 1

2024-07-17 23:26:25.294356 INFO: HandleListenEvent 13
2024-07-17 23:26:25.294383 INFO: HttpConn 16 init success
2024-07-17 23:26:25.294389 INFO: addTimer id:16 expireTime:1721230485
2024-07-17 23:26:25.294403 INFO: Client[16] in!
2024-07-17 23:26:25.294408 INFO: HandleListenEvent 13
2024-07-17 23:26:25.294418 ERROR: Accept failure -1
2024-07-17 23:26:25.294424 INFO: eventNum: 1
2024-07-17 23:26:25.294428 INFO: fd: 16, events: 1

2024-07-17 23:26:25.294454 INFO: HttpConn 16 read success
2024-07-17 23:26:25.294497 INFO: GET / HTTP/1.1
2024-07-17 23:26:25.294511 INFO: Host: 39.98.202.182:9006
2024-07-17 23:26:25.294519 INFO: User-Agent: Go-http-client/1.1
2024-07-17 23:26:25.294524 INFO: oop!unknow header: User-Agent: Go-http-client/1.1
2024-07-17 23:26:25.294529 INFO: X-Vegeta-Seq: 74
2024-07-17 23:26:25.294536 INFO: oop!unknow header: X-Vegeta-Seq: 74
2024-07-17 23:26:25.294541 INFO: Accept-Encoding: gzip
2024-07-17 23:26:25.294548 INFO: oop!unknow header: Accept-Encoding: gzip
2024-07-17 23:26:25.294553 INFO: 
2024-07-17 23:26:25.294580 INFO: request:HTTP/1.1 200 OK

2024-07-17 23:26:25.294585 INFO: request:HTTP/1.1 200 OK
Content-Length:542

2024-07-17 23:26:25.294590 INFO: request:HTTP/1.1 200 OK
Content-Length:542
Connection:close

2024-07-17 23:26:25.294597 INFO: request:HTTP/1.1 200 OK
Content-Length:542
Connection:close


2024-07-17 23:26:25.294637 INFO: Thread 140246148044352 is running task

2024-07-17 23:26:25.294644 INFO: eventNum: 1
2024-07-17 23:26:25.294653 INFO: fd: 16, events: 4

2024-07-17 23:26:25.294717 INFO: Thread 140246139651648 is running task

2024-07-17 23:26:25.314474 INFO: eventNum: 1
2024-07-17 23:26:25.314531 INFO: fd: 16, events: 8193

2024-07-17 23:26:25.314565 INFO: HttpConn 16 close success
2024-07-17 23:26:25.314571 INFO: Client[16] quit!
2024-07-17 23:26:25.316002 INFO: eventNum: 1
2024-07-17 23:26:25.316033 INFO: fd: 13, events: 1

2024-07-17 23:26:25.316038 INFO: HandleListenEvent 13
2024-07-17 23:26:25.316056 INFO: HttpConn 16 init success
2024-07-17 23:26:25.316062 INFO: addTimer id:16 expireTime:1721230485
2024-07-17 23:26:25.316076 INFO: Client[16] in!
2024-07-17 23:26:25.316109 INFO: HandleListenEvent 13
2024-07-17 23:26:25.316119 ERROR: Accept failure -1
2024-07-17 23:26:25.319398 INFO: eventNum: 1
2024-07-17 23:26:25.319436 INFO: fd: 16, events: 1

2024-07-17 23:26:25.319471 INFO: HttpConn 16 read success
2024-07-17 23:26:25.319510 INFO: GET / HTTP/1.1
2024-07-17 23:26:25.319518 INFO: Host: 39.98.202.182:9006
2024-07-17 23:26:25.319535 INFO: User-Agent: Go-http-client/1.1
2024-07-17 23:26:25.319542 INFO: oop!unknow header: User-Agent: Go-http-client/1.1
2024-07-17 23:26:25.319549 INFO: X-Vegeta-Seq: 75
2024-07-17 23:26:25.319556 INFO: oop!unknow header: X-Vegeta-Seq: 75
2024-07-17 23:26:25.319563 INFO: Accept-Encoding: gzip
2024-07-17 23:26:25.319570 INFO: oop!unknow header: Accept-Encoding: gzip
2024-07-17 23:26:25.319577 INFO: 
2024-07-17 23:26:25.319608 INFO: request:HTTP/1.1 200 OK

2024-07-17 23:26:25.319614 INFO: request:HTTP/1.1 200 OK
Content-Length:542

2024-07-17 23:26:25.319619 INFO: request:HTTP/1.1 200 OK
Content-Length:542
Connection:close

2024-07-17 23:26:25.319623 INFO: request:HTTP/1.1 200 OK
Content-Length:542
Connection:close


2024-07-17 23:26:25.319645 INFO: Thread 140246131258944 is running task

2024-07-17 23:26:25.319656 INFO: eventNum: 1
2024-07-17 23:26:25.319663 INFO: fd: 16, events: 4

2024-07-17 23:26:25.319719 INFO: Thread 140246122866240 is running task

2024-07-17 23:26:25.332333 INFO: eventNum: 1
2024-07-17 23:26:25.332390 INFO: fd: 13, events: 1

2024-07-17 23:26:25.332396 INFO: HandleListenEvent 13
2024-07-17 23:26:25.332422 INFO: HttpConn 17 init success
2024-07-17 23:26:25.332429 INFO: addTimer id:17 expireTime:1721230485
2024-07-17 23:26:25.332443 INFO: Client[17] in!
2024-07-17 23:26:25.332448 INFO: HandleListenEvent 13
2024-07-17 23:26:25.332458 ERROR: Accept failure -1
2024-07-17 23:26:25.333090 INFO: eventNum: 1
2024-07-17 23:26:25.333121 INFO: fd: 17, events: 1

2024-07-17 23:26:25.333140 INFO: HttpConn 17 read success
2024-07-17 23:26:25.333154 INFO: GET / HTTP/1.1
2024-07-17 23:26:25.333160 INFO: Host: 39.98.202.182:9006
2024-07-17 23:26:25.333166 INFO: User-Agent: Go-http-client/1.1
2024-07-17 23:26:25.333170 INFO: oop!unknow header: User-Agent: Go-http-client/1.1
2024-07-17 23:26:25.333175 INFO: X-Vegeta-Seq: 76
2024-07-17 23:26:25.333179 INFO: oop!unknow header: X-Vegeta-Seq: 76
