2024-07-17 23:32:21.475468 INFO: Thread 140246131258944 is running task

2024-07-17 23:32:21.475527 INFO: eventNum: 5
2024-07-17 23:32:21.475533 INFO: fd: 302, events: 1

2024-07-17 23:32:21.475544 INFO: HttpConn 302 read success
2024-07-17 23:32:21.475552 INFO: GET / HTTP/1.1
2024-07-17 23:32:21.475558 INFO: Host: 39.98.202.182:9006
2024-07-17 23:32:21.475562 INFO: User-Agent: Go-http-client/1.1
2024-07-17 23:32:21.475566 INFO: oop!unknow header: User-Agent: Go-http-client/1.1
2024-07-17 23:32:21.475571 INFO: X-Vegeta-Seq: 1478
2024-07-17 23:32:21.475575 INFO: oop!unknow header: X-Vegeta-Seq: 1478
2024-07-17 23:32:21.475579 INFO: Accept-Encoding: gzip
2024-07-17 23:32:21.475584 INFO: oop!unknow header: Accept-Encoding: gzip
2024-07-17 23:32:21.475588 INFO: 
2024-07-17 23:32:21.475600 INFO: request:HTTP/1.1 200 OK

2024-07-17 23:32:21.475604 INFO: request:HTTP/1.1 200 OK
Content-Length:542

2024-07-17 23:32:21.475609 INFO: request:HTTP/1.1 200 OK
Content-Length:542
Connection:close

2024-07-17 23:32:21.475613 INFO: request:HTTP/1.1 200 OK
Content-Length:542
Connection:close


2024-07-17 23:32:21.475620 INFO: Thread 140246114473536 is running task

2024-07-17 23:32:21.475628 INFO: fd: 303, events: 1

2024-07-17 23:32:21.475641 INFO: fd: 304, events: 1

2024-07-17 23:32:21.475646 INFO: HttpConn 303 read success
2024-07-17 23:32:21.475653 INFO: fd: 301, events: 4

2024-07-17 23:32:21.475671 INFO: HttpConn 304 read success
2024-07-17 23:32:21.475677 INFO: fd: 305, events: 1

2024-07-17 23:32:21.475701 INFO: Thread 140246156437056 is running task

2024-07-17 23:32:21.475679 INFO: GET / HTTP/1.1
2024-07-17 23:32:21.475703 INFO: HttpConn 305 read success
2024-07-17 23:32:21.475723 INFO: Host: 39.98.202.182:9006
2024-07-17 23:32:21.475740 INFO: GET / HTTP/1.1
2024-07-17 23:32:21.475745 INFO: User-Agent: Go-http-client/1.1
2024-07-17 23:32:21.475756 INFO: Host: 39.98.202.182:9006
2024-07-17 23:32:21.475773 INFO: User-Agent: Go-http-client/1.1
2024-07-17 23:32:21.475764 INFO: oop!unknow header: User-Agent: Go-http-client/1.1
2024-07-17 23:32:21.475784 INFO: X-Vegeta-Seq: 1475
2024-07-17 23:32:21.475778 INFO: oop!unknow header: User-Agent: Go-http-client/1.1
2024-07-17 23:32:21.475800 INFO: X-Vegeta-Seq: 1476
2024-07-17 23:32:21.475805 INFO: oop!unknow header: X-Vegeta-Seq: 1476
2024-07-17 23:32:21.475809 INFO: Accept-Encoding: gzip
2024-07-17 23:32:21.475814 INFO: oop!unknow header: Accept-Encoding: gzip
2024-07-17 23:32:21.475818 INFO: 
2024-07-17 23:32:21.475831 INFO: request:HTTP/1.1 200 OK

2024-07-17 23:32:21.475836 INFO: request:HTTP/1.1 200 OK
Content-Length:542

2024-07-17 23:32:21.475840 INFO: request:HTTP/1.1 200 OK
Content-Length:542
Connection:close

2024-07-17 23:32:21.475845 INFO: request:HTTP/1.1 200 OK
Content-Length:542
Connection:close


2024-07-17 23:32:21.475853 INFO: Thread 140246097688128 is running task

2024-07-17 23:32:21.475707 INFO: eventNum: 1
2024-07-17 23:32:21.475870 INFO: fd: 302, events: 4

2024-07-17 23:32:21.475792 INFO: oop!unknow header: X-Vegeta-Seq: 1475
2024-07-17 23:32:21.475882 INFO: Accept-Encoding: gzip
2024-07-17 23:32:21.475887 INFO: oop!unknow header: Accept-Encoding: gzip
2024-07-17 23:32:21.475892 INFO: 
2024-07-17 23:32:21.475664 INFO: GET / HTTP/1.1
2024-07-17 23:32:21.475908 INFO: Thread 140246122866240 is running task

2024-07-17 23:32:21.475917 INFO: eventNum: 2
2024-07-17 23:32:21.475921 INFO: Host: 39.98.202.182:9006
2024-07-17 23:32:21.475910 INFO: request:HTTP/1.1 200 OK

2024-07-17 23:32:21.475954 INFO: request:HTTP/1.1 200 OK
Content-Length:542

2024-07-17 23:32:21.475959 INFO: request:HTTP/1.1 200 OK
Content-Length:542
Connection:close

2024-07-17 23:32:21.475963 INFO: request:HTTP/1.1 200 OK
Content-Length:542
Connection:close


2024-07-17 23:32:21.475970 INFO: Thread 140246148044352 is running task

2024-07-17 23:32:21.475937 INFO: fd: 13, events: 1

2024-07-17 23:32:21.475946 INFO: User-Agent: Go-http-client/1.1
2024-07-17 23:32:21.475985 INFO: HandleListenEvent 13
2024-07-17 23:32:21.475993 INFO: oop!unknow header: User-Agent: Go-http-client/1.1
2024-07-17 23:32:21.476022 INFO: X-Vegeta-Seq: 1381
2024-07-17 23:32:21.476008 INFO: HttpConn 306 init success
2024-07-17 23:32:21.476028 INFO: oop!unknow header: X-Vegeta-Seq: 1381
2024-07-17 23:32:21.476053 INFO: Accept-Encoding: gzip
2024-07-17 23:32:21.476041 INFO: addTimer id:306 expireTime:1721230841
2024-07-17 23:32:21.476058 INFO: oop!unknow header: Accept-Encoding: gzip
2024-07-17 23:32:21.476074 INFO: 
2024-07-17 23:32:21.476074 INFO: Client[306] in!
2024-07-17 23:32:21.476099 INFO: HandleListenEvent 13
2024-07-17 23:32:21.476108 ERROR: Accept failure -1
2024-07-17 23:32:21.476113 INFO: fd: 305, events: 4

2024-07-17 23:32:21.476145 INFO: Thread 140246106080832 is running task

2024-07-17 23:32:21.476147 INFO: request:HTTP/1.1 200 OK

2024-07-17 23:32:21.476167 INFO: request:HTTP/1.1 200 OK
Content-Length:542

2024-07-17 23:32:21.476178 INFO: request:HTTP/1.1 200 OK
Content-Length:542
Connection:close

2024-07-17 23:32:21.476183 INFO: request:HTTP/1.1 200 OK
Content-Length:542
Connection:close


2024-07-17 23:32:21.476161 INFO: eventNum: 2
2024-07-17 23:32:21.476199 INFO: Thread 140246139651648 is running task

2024-07-17 23:32:21.476208 INFO: fd: 304, events: 4

2024-07-17 23:32:21.476255 INFO: Thread 140246131258944 is running task

2024-07-17 23:32:21.476268 INFO: fd: 306, events: 1

2024-07-17 23:32:21.476283 INFO: HttpConn 306 read success
2024-07-17 23:32:21.476295 INFO: GET / HTTP/1.1
2024-07-17 23:32:21.476301 INFO: Host: 39.98.202.182:9006
2024-07-17 23:32:21.476306 INFO: User-Agent: Go-http-client/1.1
2024-07-17 23:32:21.476310 INFO: oop!unknow header: User-Agent: Go-http-client/1.1
2024-07-17 23:32:21.476314 INFO: X-Vegeta-Seq: 1471
2024-07-17 23:32:21.476318 INFO: oop!unknow header: X-Vegeta-Seq: 1471
2024-07-17 23:32:21.476323 INFO: Accept-Encoding: gzip
2024-07-17 23:32:21.476327 INFO: oop!unknow header: Accept-Encoding: gzip
2024-07-17 23:32:21.476331 INFO: 
2024-07-17 23:32:21.476345 INFO: request:HTTP/1.1 200 OK

2024-07-17 23:32:21.476350 INFO: request:HTTP/1.1 200 OK
Content-Length:542

2024-07-17 23:32:21.476354 INFO: request:HTTP/1.1 200 OK
Content-Length:542
Connection:close

2024-07-17 23:32:21.476358 INFO: request:HTTP/1.1 200 OK
Content-Length:542
Connection:close


2024-07-17 23:32:21.476366 INFO: Thread 140246114473536 is running task

2024-07-17 23:32:21.476375 INFO: eventNum: 3
2024-07-17 23:32:21.476399 INFO: fd: 303, events: 4

2024-07-17 23:32:21.476412 INFO: fd: 13, events: 1

2024-07-17 23:32:21.476419 INFO: HandleListenEvent 13
2024-07-17 23:32:21.476433 INFO: HttpConn 307 init success
2024-07-17 23:32:21.476444 INFO: addTimer id:307 expireTime:1721230841
2024-07-17 23:32:21.476453 INFO: Client[307] in!
2024-07-17 23:32:21.476457 INFO: Thread 140246156437056 is running task

2024-07-17 23:32:21.476460 INFO: HandleListenEvent 13
2024-07-17 23:32:21.476500 INFO: HttpConn 308 init success
2024-07-17 23:32:21.476506 INFO: addTimer id:308 expireTime:1721230841
2024-07-17 23:32:21.476515 INFO: Client[308] in!
2024-07-17 23:32:21.476520 INFO: HandleListenEvent 13
2024-07-17 23:32:21.476528 ERROR: Accept failure -1
2024-07-17 23:32:21.476533 INFO: fd: 306, events: 4

2024-07-17 23:32:21.476562 INFO: Thread 140246097688128 is running task

2024-07-17 23:32:21.476573 INFO: eventNum: 1
2024-07-17 23:32:21.476577 INFO: fd: 308, events: 1

2024-07-17 23:32:21.476587 INFO: HttpConn 308 read success
2024-07-17 23:32:21.476595 INFO: GET / HTTP/1.1
2024-07-17 23:32:21.476600 INFO: Host: 39.98.202.182:9006
2024-07-17 23:32:21.476604 INFO: User-Agent: Go-http-client/1.1
2024-07-17 23:32:21.476608 INFO: oop!unknow header: User-Agent: Go-http-client/1.1
2024-07-17 23:32:21.476613 INFO: X-Vegeta-Seq: 1470
2024-07-17 23:32:21.476617 INFO: oop!unknow header: X-Vegeta-Seq: 1470
2024-07-17 23:32:21.476621 INFO: Accept-Encoding: gzip
2024-07-17 23:32:21.476625 INFO: oop!unknow header: Accept-Encoding: gzip
2024-07-17 23:32:21.476630 INFO: 
2024-07-17 23:32:21.476650 INFO: request:HTTP/1.1 200 OK

2024-07-17 23:32:21.476658 INFO: request:HTTP/1.1 200 OK
Content-Length:542

2024-07-17 23:32:21.476671 INFO: request:HTTP/1.1 200 OK
Content-Length:542
Connection:close

2024-07-17 23:32:21.476678 INFO: request:HTTP/1.1 200 OK
Content-Length:542
Connection:close


2024-07-17 23:32:21.476689 INFO: Thread 140246122866240 is running task

2024-07-17 23:32:21.476706 INFO: eventNum: 3
2024-07-17 23:32:21.476713 INFO: fd: 13, events: 1

2024-07-17 23:32:21.476720 INFO: HandleListenEvent 13
2024-07-17 23:32:21.476738 INFO: HttpConn 309 init success
2024-07-17 23:32:21.476746 INFO: addTimer id:309 expireTime:1721230841
2024-07-17 23:32:21.476759 INFO: Client[309] in!
2024-07-17 23:32:21.476766 INFO: HandleListenEvent 13
2024-07-17 23:32:21.476780 INFO: HttpConn 310 init success
2024-07-17 23:32:21.476787 INFO: addTimer id:310 expireTime:1721230841
2024-07-17 23:32:21.476798 INFO: Client[310] in!
2024-07-17 23:32:21.476803 INFO: HandleListenEvent 13
2024-07-17 23:32:21.476811 ERROR: Accept failure -1
2024-07-17 23:32:21.476816 INFO: fd: 308, events: 4

2024-07-17 23:32:21.476848 INFO: Thread 140246148044352 is running task

2024-07-17 23:32:21.476858 INFO: fd: 307, events: 1

2024-07-17 23:32:21.476868 INFO: HttpConn 307 read success
2024-07-17 23:32:21.476876 INFO: GET / HTTP/1.1
2024-07-17 23:32:21.476881 INFO: Host: 39.98.202.182:9006
2024-07-17 23:32:21.476886 INFO: User-Agent: Go-http-client/1.1
2024-07-17 23:32:21.476890 INFO: oop!unknow header: User-Agent: Go-http-client/1.1
2024-07-17 23:32:21.476895 INFO: X-Vegeta-Seq: 1468
2024-07-17 23:32:21.476899 INFO: oop!unknow header: X-Vegeta-Seq: 1468
2024-07-17 23:32:21.476903 INFO: Accept-Encoding: gzip
2024-07-17 23:32:21.476908 INFO: oop!unknow header: Accept-Encoding: gzip
2024-07-17 23:32:21.476912 INFO: 
2024-07-17 23:32:21.476925 INFO: request:HTTP/1.1 200 OK

2024-07-17 23:32:21.476930 INFO: request:HTTP/1.1 200 OK
Content-Length:542

2024-07-17 23:32:21.476935 INFO: request:HTTP/1.1 200 OK
Content-Length:542
Connection:close

2024-07-17 23:32:21.476941 INFO: request:HTTP/1.1 200 OK
Content-Length:542
Connection:close


2024-07-17 23:32:21.476951 INFO: Thread 140246106080832 is running task

2024-07-17 23:32:21.476963 INFO: eventNum: 2
2024-07-17 23:32:21.476970 INFO: fd: 309, events: 1

2024-07-17 23:32:21.476983 INFO: fd: 307, events: 4

2024-07-17 23:32:21.476989 INFO: HttpConn 309 read success
2024-07-17 23:32:21.477011 INFO: GET / HTTP/1.1
2024-07-17 23:32:21.477017 INFO: Thread 140246131258944 is running task

2024-07-17 23:32:21.477018 INFO: Host: 39.98.202.182:9006
2024-07-17 23:32:21.477056 INFO: eventNum: 2
2024-07-17 23:32:21.477059 INFO: User-Agent: Go-http-client/1.1
2024-07-17 23:32:21.477082 INFO: oop!unknow header: User-Agent: Go-http-client/1.1
2024-07-17 23:32:21.477070 INFO: fd: 13, events: 1

2024-07-17 23:32:21.477087 INFO: X-Vegeta-Seq: 1467
2024-07-17 23:32:21.477107 INFO: oop!unknow header: X-Vegeta-Seq: 1467
2024-07-17 23:32:21.477096 INFO: HandleListenEvent 13
2024-07-17 23:32:21.477112 INFO: Accept-Encoding: gzip
2024-07-17 23:32:21.477129 INFO: oop!unknow header: Accept-Encoding: gzip
2024-07-17 23:32:21.477130 INFO: HttpConn 311 init success
2024-07-17 23:32:21.477134 INFO: 
2024-07-17 23:32:21.477144 INFO: addTimer id:311 expireTime:1721230841
2024-07-17 23:32:21.477167 INFO: request:HTTP/1.1 200 OK

2024-07-17 23:32:21.477172 INFO: Client[311] in!
2024-07-17 23:32:21.477174 INFO: request:HTTP/1.1 200 OK
Content-Length:542

2024-07-17 23:32:21.477203 INFO: request:HTTP/1.1 200 OK
Content-Length:542
Connection:close

2024-07-17 23:32:21.477189 INFO: HandleListenEvent 13
2024-07-17 23:32:21.477209 INFO: request:HTTP/1.1 200 OK
Content-Length:542
Connection:close


2024-07-17 23:32:21.477222 ERROR: Accept failure -1
2024-07-17 23:32:21.477229 INFO: fd: 310, events: 1

2024-07-17 23:32:21.477229 INFO: Thread 140246139651648 is running task

2024-07-17 23:32:21.477249 INFO: HttpConn 310 read success
2024-07-17 23:32:21.477262 INFO: GET / HTTP/1.1
2024-07-17 23:32:21.477270 INFO: Host: 39.98.202.182:9006
2024-07-17 23:32:21.477277 INFO: User-Agent: Go-http-client/1.1
2024-07-17 23:32:21.477284 INFO: oop!unknow header: User-Agent: Go-http-client/1.1
2024-07-17 23:32:21.477295 INFO: X-Vegeta-Seq: 1448
2024-07-17 23:32:21.477302 INFO: oop!unknow header: X-Vegeta-Seq: 1448
2024-07-17 23:32:21.477308 INFO: Accept-Encoding: gzip
2024-07-17 23:32:21.477314 INFO: oop!unknow header: Accept-Encoding: gzip
2024-07-17 23:32:21.477320 INFO: 
2024-07-17 23:32:21.477340 INFO: request:HTTP/1.1 200 OK

2024-07-17 23:32:21.477345 INFO: request:HTTP/1.1 200 OK
Content-Length:542

2024-07-17 23:32:21.477349 INFO: request:HTTP/1.1 200 OK
Content-Length:542
Connection:close

2024-07-17 23:32:21.477353 INFO: request:HTTP/1.1 200 OK
Content-Length:542
Connection:close


2024-07-17 23:32:21.477363 INFO: Thread 140246114473536 is running task

2024-07-17 23:32:21.477373 INFO: eventNum: 2
2024-07-17 23:32:21.477396 INFO: fd: 309, events: 4

2024-07-17 23:32:21.477414 INFO: fd: 310, events: 4

2024-07-17 23:32:21.477442 INFO: Thread 140246156437056 is running task

2024-07-17 23:32:21.477464 INFO: Thread 140246097688128 is running task

2024-07-17 23:32:21.477476 INFO: eventNum: 1
2024-07-17 23:32:21.477482 INFO: fd: 311, events: 1

2024-07-17 23:32:21.477492 INFO: HttpConn 311 read success
2024-07-17 23:32:21.477500 INFO: GET / HTTP/1.1
2024-07-17 23:32:21.477506 INFO: Host: 39.98.202.182:9006
2024-07-17 23:32:21.477510 INFO: User-Agent: Go-http-client/1.1
2024-07-17 23:32:21.477514 INFO: oop!unknow header: User-Agent: Go-http-client/1.1
2024-07-17 23:32:21.477519 INFO: X-Vegeta-Seq: 1472
2024-07-17 23:32:21.477523 INFO: oop!unknow header: X-Vegeta-Seq: 1472
2024-07-17 23:32:21.477528 INFO: Accept-Encoding: gzip
2024-07-17 23:32:21.477532 INFO: oop!unknow header: Accept-Encoding: gzip
2024-07-17 23:32:21.477536 INFO: 
2024-07-17 23:32:21.477551 INFO: request:HTTP/1.1 200 OK

2024-07-17 23:32:21.477556 INFO: request:HTTP/1.1 200 OK
Content-Length:542

2024-07-17 23:32:21.477560 INFO: request:HTTP/1.1 200 OK
Content-Length:542
Connection:close

2024-07-17 23:32:21.477564 INFO: request:HTTP/1.1 200 OK
Content-Length:542
Connection:close


2024-07-17 23:32:21.477571 INFO: Thread 140246122866240 is running task

2024-07-17 23:32:21.477579 INFO: eventNum: 1
2024-07-17 23:32:21.477583 INFO: fd: 311, events: 4

2024-07-17 23:32:21.477606 INFO: Thread 140246148044352 is running task

2024-07-17 23:32:21.477988 INFO: eventNum: 1
2024-07-17 23:32:21.478013 INFO: fd: 13, events: 1

2024-07-17 23:32:21.478022 INFO: HandleListenEvent 13
2024-07-17 23:32:21.478037 INFO: HttpConn 312 init success
2024-07-17 23:32:21.478045 INFO: addTimer id:312 expireTime:1721230841
2024-07-17 23:32:21.478058 INFO: Client[312] in!
2024-07-17 23:32:21.478066 INFO: HandleListenEvent 13
2024-07-17 23:32:21.478077 ERROR: Accept failure -1
2024-07-17 23:32:21.478348 INFO: eventNum: 1
2024-07-17 23:32:21.478371 INFO: fd: 312, events: 1

2024-07-17 23:32:21.478396 INFO: HttpConn 312 read success
2024-07-17 23:32:21.478408 INFO: GET / HTTP/1.1
2024-07-17 23:32:21.478415 INFO: Host: 39.98.202.182:9006
2024-07-17 23:32:21.478422 INFO: User-Agent: Go-http-client/1.1
2024-07-17 23:32:21.478428 INFO: oop!unknow header: User-Agent: Go-http-client/1.1
2024-07-17 23:32:21.478434 INFO: X-Vegeta-Seq: 1451
2024-07-17 23:32:21.478441 INFO: oop!unknow header: X-Vegeta-Seq: 1451
2024-07-17 23:32:21.478447 INFO: Accept-Encoding: gzip
2024-07-17 23:32:21.478454 INFO: oop!unknow header: Accept-Encoding: gzip
2024-07-17 23:32:21.478460 INFO: 
2024-07-17 23:32:21.478486 INFO: request:HTTP/1.1 200 OK

2024-07-17 23:32:21.478493 INFO: request:HTTP/1.1 200 OK
Content-Length:542

2024-07-17 23:32:21.478500 INFO: request:HTTP/1.1 200 OK
Content-Length:542
Connection:close

2024-07-17 23:32:21.478507 INFO: request:HTTP/1.1 200 OK
Content-Length:542
Connection:close


2024-07-17 23:32:21.478518 INFO: Thread 140246106080832 is running task

2024-07-17 23:32:21.478529 INFO: eventNum: 1
2024-07-17 23:32:21.478540 INFO: fd: 312, events: 4

2024-07-17 23:32:21.478583 INFO: Thread 140246131258944 is running task

2024-07-17 23:32:21.478814 INFO: eventNum: 1
2024-07-17 23:32:21.478845 INFO: fd: 13, events: 1

2024-07-17 23:32:21.478860 INFO: HandleListenEvent 13
2024-07-17 23:32:21.478880 INFO: HttpConn 313 init success
2024-07-17 23:32:21.478888 INFO: addTimer id:313 expireTime:1721230841
2024-07-17 23:32:21.478908 INFO: Client[313] in!
2024-07-17 23:32:21.478915 INFO: HandleListenEvent 13
2024-07-17 23:32:21.478928 INFO: HttpConn 314 init success
2024-07-17 23:32:21.478935 INFO: addTimer id:314 expireTime:1721230841
2024-07-17 23:32:21.478946 INFO: Client[314] in!
2024-07-17 23:32:21.478952 INFO: HandleListenEvent 13
2024-07-17 23:32:21.478961 ERROR: Accept failure -1
2024-07-17 23:32:21.479051 INFO: eventNum: 1
2024-07-17 23:32:21.479069 INFO: fd: 313, events: 1

2024-07-17 23:32:21.479092 INFO: HttpConn 313 read success
2024-07-17 23:32:21.479112 INFO: GET / HTTP/1.1
2024-07-17 23:32:21.479118 INFO: Host: 39.98.202.182:9006
2024-07-17 23:32:21.479123 INFO: User-Agent: Go-http-client/1.1
2024-07-17 23:32:21.479127 INFO: oop!unknow header: User-Agent: Go-http-client/1.1
2024-07-17 23:32:21.479131 INFO: X-Vegeta-Seq: 1466
2024-07-17 23:32:21.479135 INFO: oop!unknow header: X-Vegeta-Seq: 1466
2024-07-17 23:32:21.479140 INFO: Accept-Encoding: gzip
2024-07-17 23:32:21.479144 INFO: oop!unknow header: Accept-Encoding: gzip
2024-07-17 23:32:21.479148 INFO: 
2024-07-17 23:32:21.479163 INFO: request:HTTP/1.1 200 OK

2024-07-17 23:32:21.479168 INFO: request:HTTP/1.1 200 OK
Content-Length:542

2024-07-17 23:32:21.479173 INFO: request:HTTP/1.1 200 OK
Content-Length:542
Connection:close

2024-07-17 23:32:21.479177 INFO: request:HTTP/1.1 200 OK
Content-Length:542
Connection:close


2024-07-17 23:32:21.479203 INFO: Thread 140246139651648 is running task

2024-07-17 23:32:21.479205 INFO: eventNum: 2
2024-07-17 23:32:21.479217 INFO: fd: 13, events: 1

2024-07-17 23:32:21.479221 INFO: HandleListenEvent 13
2024-07-17 23:32:21.479234 INFO: HttpConn 315 init success
2024-07-17 23:32:21.479239 INFO: addTimer id:315 expireTime:1721230841
2024-07-17 23:32:21.479248 INFO: Client[315] in!
2024-07-17 23:32:21.479253 INFO: HandleListenEvent 13
2024-07-17 23:32:21.479260 ERROR: Accept failure -1
2024-07-17 23:32:21.479265 INFO: fd: 313, events: 4

2024-07-17 23:32:21.479303 INFO: Thread 140246114473536 is running task

2024-07-17 23:32:21.479588 INFO: eventNum: 1
2024-07-17 23:32:21.479615 INFO: fd: 315, events: 1

2024-07-17 23:32:21.479649 INFO: HttpConn 315 read success
2024-07-17 23:32:21.479666 INFO: GET / HTTP/1.1
2024-07-17 23:32:21.479672 INFO: Host: 39.98.202.182:9006
2024-07-17 23:32:21.479677 INFO: User-Agent: Go-http-client/1.1
2024-07-17 23:32:21.479681 INFO: oop!unknow header: User-Agent: Go-http-client/1.1
2024-07-17 23:32:21.479685 INFO: X-Vegeta-Seq: 1469
2024-07-17 23:32:21.479690 INFO: oop!unknow header: X-Vegeta-Seq: 1469
2024-07-17 23:32:21.479694 INFO: Accept-Encoding: gzip
2024-07-17 23:32:21.479698 INFO: oop!unknow header: Accept-Encoding: gzip
2024-07-17 23:32:21.479702 INFO: 
2024-07-17 23:32:21.479717 INFO: request:HTTP/1.1 200 OK

2024-07-17 23:32:21.479722 INFO: request:HTTP/1.1 200 OK
Content-Length:542

2024-07-17 23:32:21.479727 INFO: request:HTTP/1.1 200 OK
Content-Length:542
Connection:close

2024-07-17 23:32:21.479731 INFO: request:HTTP/1.1 200 OK
Content-Length:542
Connection:close


2024-07-17 23:32:21.479746 INFO: Thread 140246156437056 is running task

2024-07-17 23:32:21.479750 INFO: eventNum: 1
2024-07-17 23:32:21.479760 INFO: fd: 315, events: 4

2024-07-17 23:32:21.479802 INFO: Thread 140246097688128 is running task

2024-07-17 23:32:21.479891 INFO: eventNum: 1
2024-07-17 23:32:21.479904 INFO: fd: 314, events: 1

2024-07-17 23:32:21.479915 INFO: HttpConn 314 read success
2024-07-17 23:32:21.479924 INFO: GET / HTTP/1.1
2024-07-17 23:32:21.479930 INFO: Host: 39.98.202.182:9006
2024-07-17 23:32:21.479934 INFO: User-Agent: Go-http-client/1.1
2024-07-17 23:32:21.479939 INFO: oop!unknow header: User-Agent: Go-http-client/1.1
2024-07-17 23:32:21.479944 INFO: X-Vegeta-Seq: 1585
2024-07-17 23:32:21.479948 INFO: oop!unknow header: X-Vegeta-Seq: 1585
2024-07-17 23:32:21.479952 INFO: Accept-Encoding: gzip
2024-07-17 23:32:21.479964 INFO: oop!unknow header: Accept-Encoding: gzip
2024-07-17 23:32:21.479970 INFO: 
2024-07-17 23:32:21.479991 INFO: request:HTTP/1.1 200 OK

2024-07-17 23:32:21.479999 INFO: request:HTTP/1.1 200 OK
Content-Length:542

2024-07-17 23:32:21.480004 INFO: request:HTTP/1.1 200 OK
Content-Length:542
Connection:close

2024-07-17 23:32:21.480009 INFO: request:HTTP/1.1 200 OK
Content-Length:542
Connection:close


2024-07-17 23:32:21.480018 INFO: Thread 140246122866240 is running task

2024-07-17 23:32:21.480028 INFO: eventNum: 2
2024-07-17 23:32:21.480033 INFO: fd: 13, events: 1

2024-07-17 23:32:21.480037 INFO: HandleListenEvent 13
2024-07-17 23:32:21.480053 INFO: HttpConn 316 init success
2024-07-17 23:32:21.480059 INFO: addTimer id:316 expireTime:1721230841
2024-07-17 23:32:21.480072 INFO: Client[316] in!
2024-07-17 23:32:21.480076 INFO: HandleListenEvent 13
2024-07-17 23:32:21.480112 INFO: HttpConn 317 init success
2024-07-17 23:32:21.480118 INFO: addTimer id:317 expireTime:1721230841
2024-07-17 23:32:21.480126 INFO: Client[317] in!
2024-07-17 23:32:21.480131 INFO: HandleListenEvent 13
2024-07-17 23:32:21.480140 ERROR: Accept failure -1
2024-07-17 23:32:21.480144 INFO: fd: 314, events: 4

2024-07-17 23:32:21.480175 INFO: Thread 140246148044352 is running task

2024-07-17 23:32:21.480299 INFO: eventNum: 1
2024-07-17 23:32:21.480316 INFO: fd: 316, events: 1

2024-07-17 23:32:21.480328 INFO: HttpConn 316 read success
2024-07-17 23:32:21.480337 INFO: GET / HTTP/1.1
2024-07-17 23:32:21.480342 INFO: Host: 39.98.202.182:9006
2024-07-17 23:32:21.480347 INFO: User-Agent: Go-http-client/1.1
2024-07-17 23:32:21.480351 INFO: oop!unknow header: User-Agent: Go-http-client/1.1
2024-07-17 23:32:21.480356 INFO: X-Vegeta-Seq: 1464
2024-07-17 23:32:21.480360 INFO: oop!unknow header: X-Vegeta-Seq: 1464
2024-07-17 23:32:21.480364 INFO: Accept-Encoding: gzip
2024-07-17 23:32:21.480368 INFO: oop!unknow header: Accept-Encoding: gzip
2024-07-17 23:32:21.480373 INFO: 
2024-07-17 23:32:21.480398 INFO: request:HTTP/1.1 200 OK

2024-07-17 23:32:21.480407 INFO: request:HTTP/1.1 200 OK
Content-Length:542

2024-07-17 23:32:21.480414 INFO: request:HTTP/1.1 200 OK
Content-Length:542
Connection:close

2024-07-17 23:32:21.480420 INFO: request:HTTP/1.1 200 OK
Content-Length:542
Connection:close


2024-07-17 23:32:21.480432 INFO: Thread 140246106080832 is running task

2024-07-17 23:32:21.480447 INFO: eventNum: 2
2024-07-17 23:32:21.480455 INFO: fd: 316, events: 4

2024-07-17 23:32:21.480489 INFO: Thread 140246131258944 is running task

2024-07-17 23:32:21.480502 INFO: fd: 317, events: 1

2024-07-17 23:32:21.480522 INFO: HttpConn 317 read success
2024-07-17 23:32:21.480540 INFO: GET / HTTP/1.1
2024-07-17 23:32:21.480545 INFO: Host: 39.98.202.182:9006
2024-07-17 23:32:21.480550 INFO: User-Agent: Go-http-client/1.1
2024-07-17 23:32:21.480554 INFO: oop!unknow header: User-Agent: Go-http-client/1.1
2024-07-17 23:32:21.480558 INFO: X-Vegeta-Seq: 1574
2024-07-17 23:32:21.480562 INFO: oop!unknow header: X-Vegeta-Seq: 1574
2024-07-17 23:32:21.480567 INFO: Accept-Encoding: gzip
2024-07-17 23:32:21.480571 INFO: oop!unknow header: Accept-Encoding: gzip
2024-07-17 23:32:21.480575 INFO: 
2024-07-17 23:32:21.480590 INFO: request:HTTP/1.1 200 OK

2024-07-17 23:32:21.480595 INFO: request:HTTP/1.1 200 OK
Content-Length:542

2024-07-17 23:32:21.480599 INFO: request:HTTP/1.1 200 OK
Content-Length:542
Connection:close

2024-07-17 23:32:21.480604 INFO: request:HTTP/1.1 200 OK
Content-Length:542
Connection:close


2024-07-17 23:32:21.480619 INFO: Thread 140246139651648 is running task

2024-07-17 23:32:21.480622 INFO: eventNum: 1
2024-07-17 23:32:21.480630 INFO: fd: 317, events: 4

2024-07-17 23:32:21.480665 INFO: Thread 140246114473536 is running task

2024-07-17 23:32:21.482208 INFO: eventNum: 1
2024-07-17 23:32:21.482241 INFO: fd: 13, events: 1

2024-07-17 23:32:21.482252 INFO: HandleListenEvent 13
2024-07-17 23:32:21.482269 INFO: HttpConn 318 init success
2024-07-17 23:32:21.482284 INFO: addTimer id:318 expireTime:1721230841
2024-07-17 23:32:21.482306 INFO: Client[318] in!
2024-07-17 23:32:21.482313 INFO: HandleListenEvent 13
2024-07-17 23:32:21.482326 ERROR: Accept failure -1
2024-07-17 23:32:21.482401 INFO: eventNum: 1
2024-07-17 23:32:21.482428 INFO: fd: 13, events: 1

2024-07-17 23:32:21.482434 INFO: HandleListenEvent 13
2024-07-17 23:32:21.482450 INFO: HttpConn 319 init success
2024-07-17 23:32:21.482456 INFO: addTimer id:319 expireTime:1721230841
2024-07-17 23:32:21.482467 INFO: Client[319] in!
2024-07-17 23:32:21.482472 INFO: HandleListenEvent 13
2024-07-17 23:32:21.482481 INFO: HttpConn 320 init success
2024-07-17 23:32:21.482487 INFO: addTimer id:320 expireTime:1721230841
2024-07-17 23:32:21.482494 INFO: Client[320] in!
2024-07-17 23:32:21.482498 INFO: HandleListenEvent 13
2024-07-17 23:32:21.482507 ERROR: Accept failure -1
2024-07-17 23:32:21.482555 INFO: eventNum: 1
2024-07-17 23:32:21.482566 INFO: fd: 318, events: 1

2024-07-17 23:32:21.482585 INFO: HttpConn 318 read success
2024-07-17 23:32:21.482607 INFO: GET / HTTP/1.1
2024-07-17 23:32:21.482616 INFO: Host: 39.98.202.182:9006
2024-07-17 23:32:21.482621 INFO: User-Agent: Go-http-client/1.1
2024-07-17 23:32:21.482625 INFO: oop!unknow header: User-Agent: Go-http-client/1.1
2024-07-17 23:32:21.482629 INFO: X-Vegeta-Seq: 1582
2024-07-17 23:32:21.482633 INFO: oop!unknow header: X-Vegeta-Seq: 1582
2024-07-17 23:32:21.482638 INFO: Accept-Encoding: gzip
2024-07-17 23:32:21.482642 INFO: oop!unknow header: Accept-Encoding: gzip
2024-07-17 23:32:21.482646 INFO: 
2024-07-17 23:32:21.482661 INFO: request:HTTP/1.1 200 OK

2024-07-17 23:32:21.482666 INFO: request:HTTP/1.1 200 OK
Content-Length:542

2024-07-17 23:32:21.482670 INFO: request:HTTP/1.1 200 OK
Content-Length:542
Connection:close

2024-07-17 23:32:21.482675 INFO: request:HTTP/1.1 200 OK
Content-Length:542
Connection:close


2024-07-17 23:32:21.482689 INFO: Thread 140246156437056 is running task

2024-07-17 23:32:21.482695 INFO: eventNum: 1
2024-07-17 23:32:21.482708 INFO: fd: 318, events: 4

2024-07-17 23:32:21.482755 INFO: Thread 140246097688128 is running task

2024-07-17 23:32:21.482793 INFO: eventNum: 1
2024-07-17 23:32:21.482803 INFO: fd: 319, events: 1

2024-07-17 23:32:21.482816 INFO: HttpConn 319 read success
2024-07-17 23:32:21.482826 INFO: GET / HTTP/1.1
2024-07-17 23:32:21.482831 INFO: Host: 39.98.202.182:9006
2024-07-17 23:32:21.482836 INFO: User-Agent: Go-http-client/1.1
2024-07-17 23:32:21.482840 INFO: oop!unknow header: User-Agent: Go-http-client/1.1
2024-07-17 23:32:21.482845 INFO: X-Vegeta-Seq: 1555
2024-07-17 23:32:21.482849 INFO: oop!unknow header: X-Vegeta-Seq: 1555
2024-07-17 23:32:21.482854 INFO: Accept-Encoding: gzip
2024-07-17 23:32:21.482858 INFO: oop!unknow header: Accept-Encoding: gzip
2024-07-17 23:32:21.482863 INFO: 
2024-07-17 23:32:21.482880 INFO: request:HTTP/1.1 200 OK

2024-07-17 23:32:21.482887 INFO: request:HTTP/1.1 200 OK
Content-Length:542

2024-07-17 23:32:21.482893 INFO: request:HTTP/1.1 200 OK
Content-Length:542
Connection:close

2024-07-17 23:32:21.482900 INFO: request:HTTP/1.1 200 OK
Content-Length:542
Connection:close


2024-07-17 23:32:21.482911 INFO: Thread 140246122866240 is running task

2024-07-17 23:32:21.482928 INFO: eventNum: 3
2024-07-17 23:32:21.482938 INFO: fd: 13, events: 1

2024-07-17 23:32:21.482944 INFO: HandleListenEvent 13
2024-07-17 23:32:21.482957 INFO: HttpConn 321 init success
2024-07-17 23:32:21.482965 INFO: addTimer id:321 expireTime:1721230841
2024-07-17 23:32:21.482978 INFO: Client[321] in!
2024-07-17 23:32:21.482983 INFO: HandleListenEvent 13
2024-07-17 23:32:21.482995 INFO: HttpConn 322 init success
2024-07-17 23:32:21.483000 INFO: addTimer id:322 expireTime:1721230841
2024-07-17 23:32:21.483009 INFO: Client[322] in!
2024-07-17 23:32:21.483013 INFO: HandleListenEvent 13
2024-07-17 23:32:21.483023 ERROR: Accept failure -1
2024-07-17 23:32:21.483027 INFO: fd: 320, events: 1

2024-07-17 23:32:21.483039 INFO: HttpConn 320 read success
2024-07-17 23:32:21.483048 INFO: GET / HTTP/1.1
2024-07-17 23:32:21.483054 INFO: Host: 39.98.202.182:9006
2024-07-17 23:32:21.483063 INFO: User-Agent: Go-http-client/1.1
2024-07-17 23:32:21.483068 INFO: oop!unknow header: User-Agent: Go-http-client/1.1
2024-07-17 23:32:21.483072 INFO: X-Vegeta-Seq: 1554
2024-07-17 23:32:21.483076 INFO: oop!unknow header: X-Vegeta-Seq: 1554
2024-07-17 23:32:21.483081 INFO: Accept-Encoding: gzip
2024-07-17 23:32:21.483085 INFO: oop!unknow header: Accept-Encoding: gzip
2024-07-17 23:32:21.483089 INFO: 
2024-07-17 23:32:21.483103 INFO: request:HTTP/1.1 200 OK

2024-07-17 23:32:21.483108 INFO: request:HTTP/1.1 200 OK
Content-Length:542

2024-07-17 23:32:21.483113 INFO: request:HTTP/1.1 200 OK
Content-Length:542
Connection:close

2024-07-17 23:32:21.483117 INFO: request:HTTP/1.1 200 OK
Content-Length:542
Connection:close


2024-07-17 23:32:21.483125 INFO: Thread 140246148044352 is running task

2024-07-17 23:32:21.483132 INFO: fd: 319, events: 4

2024-07-17 23:32:21.483168 INFO: Thread 140246106080832 is running task

2024-07-17 23:32:21.483183 INFO: eventNum: 2
2024-07-17 23:32:21.483194 INFO: fd: 13, events: 1

2024-07-17 23:32:21.483210 INFO: HandleListenEvent 13
2024-07-17 23:32:21.483229 INFO: HttpConn 323 init success
2024-07-17 23:32:21.483241 INFO: addTimer id:323 expireTime:1721230841
2024-07-17 23:32:21.483257 INFO: Client[323] in!
2024-07-17 23:32:21.483263 INFO: HandleListenEvent 13
2024-07-17 23:32:21.483272 ERROR: Accept failure -1
2024-07-17 23:32:21.483277 INFO: fd: 320, events: 4

2024-07-17 23:32:21.483304 INFO: Thread 140246131258944 is running task

2024-07-17 23:32:21.483315 INFO: eventNum: 3
2024-07-17 23:32:21.483329 INFO: fd: 321, events: 1

2024-07-17 23:32:21.483343 INFO: fd: 322, events: 1

2024-07-17 23:32:21.483349 INFO: HttpConn 321 read success
2024-07-17 23:32:21.483359 INFO: HttpConn 322 read success
2024-07-17 23:32:21.483367 INFO: GET / HTTP/1.1
2024-07-17 23:32:21.483404 INFO: fd: 323, events: 1

2024-07-17 23:32:21.483401 INFO: Host: 39.98.202.182:9006
2024-07-17 23:32:21.483450 INFO: User-Agent: Go-http-client/1.1
2024-07-17 23:32:21.483455 INFO: oop!unknow header: User-Agent: Go-http-client/1.1
2024-07-17 23:32:21.483460 INFO: X-Vegeta-Seq: 1552
2024-07-17 23:32:21.483470 INFO: oop!unknow header: X-Vegeta-Seq: 1552
2024-07-17 23:32:21.483402 INFO: GET / HTTP/1.1
2024-07-17 23:32:21.483482 INFO: HttpConn 323 read success
2024-07-17 23:32:21.483483 INFO: Host: 39.98.202.182:9006
2024-07-17 23:32:21.483501 INFO: User-Agent: Go-http-client/1.1
2024-07-17 23:32:21.483474 INFO: Accept-Encoding: gzip
2024-07-17 23:32:21.483519 INFO: oop!unknow header: Accept-Encoding: gzip
2024-07-17 23:32:21.483508 INFO: oop!unknow header: User-Agent: Go-http-client/1.1
2024-07-17 23:32:21.483533 INFO: X-Vegeta-Seq: 1586
2024-07-17 23:32:21.483524 INFO: 
2024-07-17 23:32:21.483492 INFO: GET / HTTP/1.1
2024-07-17 23:32:21.483564 INFO: request:HTTP/1.1 200 OK

2024-07-17 23:32:21.483542 INFO: oop!unknow header: X-Vegeta-Seq: 1586
2024-07-17 23:32:21.483574 INFO: request:HTTP/1.1 200 OK
Content-Length:542

2024-07-17 23:32:21.483587 INFO: request:HTTP/1.1 200 OK
Content-Length:542
Connection:close

2024-07-17 23:32:21.483577 INFO: Accept-Encoding: gzip
2024-07-17 23:32:21.483602 INFO: oop!unknow header: Accept-Encoding: gzip
2024-07-17 23:32:21.483592 INFO: request:HTTP/1.1 200 OK
Content-Length:542
Connection:close


2024-07-17 23:32:21.483567 INFO: Host: 39.98.202.182:9006
2024-07-17 23:32:21.483627 INFO: Thread 140246139651648 is running task

2024-07-17 23:32:21.483645 INFO: eventNum: 1
2024-07-17 23:32:21.483611 INFO: 
2024-07-17 23:32:21.483638 INFO: User-Agent: Go-http-client/1.1
2024-07-17 23:32:21.483669 INFO: oop!unknow header: User-Agent: Go-http-client/1.1
2024-07-17 23:32:21.483674 INFO: request:HTTP/1.1 200 OK

2024-07-17 23:32:21.483674 INFO: X-Vegeta-Seq: 1533
2024-07-17 23:32:21.483688 INFO: fd: 321, events: 4

2024-07-17 23:32:21.483684 INFO: request:HTTP/1.1 200 OK
Content-Length:542

2024-07-17 23:32:21.483710 INFO: request:HTTP/1.1 200 OK
Content-Length:542
Connection:close

2024-07-17 23:32:21.483692 INFO: oop!unknow header: X-Vegeta-Seq: 1533
2024-07-17 23:32:21.483732 INFO: Accept-Encoding: gzip
2024-07-17 23:32:21.483738 INFO: oop!unknow header: Accept-Encoding: gzip
2024-07-17 23:32:21.483744 INFO: 
2024-07-17 23:32:21.483752 INFO: Thread 140246097688128 is running task

2024-07-17 23:32:21.483756 INFO: request:HTTP/1.1 200 OK

2024-07-17 23:32:21.483773 INFO: request:HTTP/1.1 200 OK
Content-Length:542

2024-07-17 23:32:21.483784 INFO: request:HTTP/1.1 200 OK
Content-Length:542
Connection:close

2024-07-17 23:32:21.483789 INFO: request:HTTP/1.1 200 OK
Content-Length:542
Connection:close


2024-07-17 23:32:21.483718 INFO: request:HTTP/1.1 200 OK
Content-Length:542
Connection:close


2024-07-17 23:32:21.483801 INFO: Thread 140246156437056 is running task

2024-07-17 23:32:21.483816 INFO: Thread 140246114473536 is running task

2024-07-17 23:32:21.483825 INFO: eventNum: 2
2024-07-17 23:32:21.483830 INFO: fd: 323, events: 4

2024-07-17 23:32:21.483874 INFO: Thread 140246122866240 is running task

2024-07-17 23:32:21.483894 INFO: fd: 322, events: 4

2024-07-17 23:32:21.483924 INFO: Thread 140246148044352 is running task

2024-07-17 23:32:21.484473 INFO: eventNum: 1
2024-07-17 23:32:21.484493 INFO: fd: 13, events: 1

2024-07-17 23:32:21.484498 INFO: HandleListenEvent 13
2024-07-17 23:32:21.484515 INFO: HttpConn 324 init success
2024-07-17 23:32:21.484523 INFO: addTimer id:324 expireTime:1721230841
2024-07-17 23:32:21.484537 INFO: Client[324] in!
2024-07-17 23:32:21.484543 INFO: HandleListenEvent 13
2024-07-17 23:32:21.484555 ERROR: Accept failure -1
2024-07-17 23:32:21.484563 INFO: eventNum: 1
2024-07-17 23:32:21.484567 INFO: fd: 324, events: 1

2024-07-17 23:32:21.484580 INFO: HttpConn 324 read success
2024-07-17 23:32:21.484589 INFO: GET / HTTP/1.1
2024-07-17 23:32:21.484595 INFO: Host: 39.98.202.182:9006
2024-07-17 23:32:21.484599 INFO: User-Agent: Go-http-client/1.1
2024-07-17 23:32:21.484604 INFO: oop!unknow header: User-Agent: Go-http-client/1.1
2024-07-17 23:32:21.484608 INFO: X-Vegeta-Seq: 1540
2024-07-17 23:32:21.484612 INFO: oop!unknow header: X-Vegeta-Seq: 1540
2024-07-17 23:32:21.484617 INFO: Accept-Encoding: gzip
2024-07-17 23:32:21.484621 INFO: oop!unknow header: Accept-Encoding: gzip
2024-07-17 23:32:21.484625 INFO: 
2024-07-17 23:32:21.484640 INFO: request:HTTP/1.1 200 OK

2024-07-17 23:32:21.484645 INFO: request:HTTP/1.1 200 OK
Content-Length:542

2024-07-17 23:32:21.484649 INFO: request:HTTP/1.1 200 OK
Content-Length:542
Connection:close

2024-07-17 23:32:21.484653 INFO: request:HTTP/1.1 200 OK
Content-Length:542
Connection:close


2024-07-17 23:32:21.484662 INFO: Thread 140246106080832 is running task

2024-07-17 23:32:21.484671 INFO: eventNum: 1
2024-07-17 23:32:21.484676 INFO: fd: 324, events: 4

2024-07-17 23:32:21.484702 INFO: Thread 140246131258944 is running task

2024-07-17 23:32:21.487452 INFO: eventNum: 1
2024-07-17 23:32:21.487490 INFO: fd: 13, events: 1

2024-07-17 23:32:21.487500 INFO: HandleListenEvent 13
2024-07-17 23:32:21.487522 INFO: HttpConn 325 init success
2024-07-17 23:32:21.487529 INFO: addTimer id:325 expireTime:1721230841
2024-07-17 23:32:21.487540 INFO: Client[325] in!
2024-07-17 23:32:21.487545 INFO: HandleListenEvent 13
2024-07-17 23:32:21.487554 ERROR: Accept failure -1
2024-07-17 23:32:21.487904 INFO: eventNum: 1
2024-07-17 23:32:21.487925 INFO: fd: 325, events: 1

2024-07-17 23:32:21.487947 INFO: HttpConn 325 read success
2024-07-17 23:32:21.487968 INFO: GET / HTTP/1.1
2024-07-17 23:32:21.487974 INFO: Host: 39.98.202.182:9006
2024-07-17 23:32:21.487979 INFO: User-Agent: Go-http-client/1.1
2024-07-17 23:32:21.487983 INFO: oop!unknow header: User-Agent: Go-http-client/1.1
2024-07-17 23:32:21.487988 INFO: X-Vegeta-Seq: 1524
2024-07-17 23:32:21.487992 INFO: oop!unknow header: X-Vegeta-Seq: 1524
2024-07-17 23:32:21.487996 INFO: Accept-Encoding: gzip
2024-07-17 23:32:21.488000 INFO: oop!unknow header: Accept-Encoding: gzip
2024-07-17 23:32:21.488005 INFO: 
2024-07-17 23:32:21.488027 INFO: request:HTTP/1.1 200 OK

2024-07-17 23:32:21.488034 INFO: request:HTTP/1.1 200 OK
Content-Length:542

2024-07-17 23:32:21.488047 INFO: request:HTTP/1.1 200 OK
Content-Length:542
Connection:close

2024-07-17 23:32:21.488053 INFO: request:HTTP/1.1 200 OK
Content-Length:542
Connection:close


2024-07-17 23:32:21.488079 INFO: Thread 140246139651648 is running task

2024-07-17 23:32:21.488098 INFO: eventNum: 1
2024-07-17 23:32:21.488135 INFO: fd: 325, events: 4

2024-07-17 23:32:21.488217 INFO: Thread 140246097688128 is running task

2024-07-17 23:32:21.488232 INFO: eventNum: 1
2024-07-17 23:32:21.488243 INFO: fd: 13, events: 1

2024-07-17 23:32:21.488248 INFO: HandleListenEvent 13
2024-07-17 23:32:21.488263 INFO: HttpConn 326 init success
2024-07-17 23:32:21.488269 INFO: addTimer id:326 expireTime:1721230841
2024-07-17 23:32:21.488280 INFO: Client[326] in!
2024-07-17 23:32:21.488285 INFO: HandleListenEvent 13
2024-07-17 23:32:21.488294 ERROR: Accept failure -1
2024-07-17 23:32:21.488300 INFO: eventNum: 1
2024-07-17 23:32:21.488304 INFO: fd: 326, events: 1

2024-07-17 23:32:21.488337 INFO: HttpConn 326 read success
2024-07-17 23:32:21.488356 INFO: GET / HTTP/1.1
2024-07-17 23:32:21.488362 INFO: Host: 39.98.202.182:9006
2024-07-17 23:32:21.488367 INFO: User-Agent: Go-http-client/1.1
2024-07-17 23:32:21.488371 INFO: oop!unknow header: User-Agent: Go-http-client/1.1
2024-07-17 23:32:21.488401 INFO: X-Vegeta-Seq: 1523
2024-07-17 23:32:21.488408 INFO: oop!unknow header: X-Vegeta-Seq: 1523
2024-07-17 23:32:21.488415 INFO: Accept-Encoding: gzip
2024-07-17 23:32:21.488421 INFO: oop!unknow header: Accept-Encoding: gzip
2024-07-17 23:32:21.488427 INFO: 
2024-07-17 23:32:21.488449 INFO: request:HTTP/1.1 200 OK

2024-07-17 23:32:21.488456 INFO: request:HTTP/1.1 200 OK
Content-Length:542

2024-07-17 23:32:21.488463 INFO: request:HTTP/1.1 200 OK
Content-Length:542
Connection:close

2024-07-17 23:32:21.488470 INFO: request:HTTP/1.1 200 OK
Content-Length:542
Connection:close


2024-07-17 23:32:21.488486 INFO: Thread 140246156437056 is running task

2024-07-17 23:32:21.488523 INFO: eventNum: 1
2024-07-17 23:32:21.488532 INFO: fd: 326, events: 4

2024-07-17 23:32:21.488581 INFO: Thread 140246114473536 is running task

2024-07-17 23:32:21.488768 INFO: eventNum: 1
2024-07-17 23:32:21.488783 INFO: fd: 13, events: 1

2024-07-17 23:32:21.488788 INFO: HandleListenEvent 13
2024-07-17 23:32:21.488802 INFO: HttpConn 327 init success
2024-07-17 23:32:21.488808 INFO: addTimer id:327 expireTime:1721230841
2024-07-17 23:32:21.488818 INFO: Client[327] in!
2024-07-17 23:32:21.488822 INFO: HandleListenEvent 13
2024-07-17 23:32:21.488831 ERROR: Accept failure -1
2024-07-17 23:32:21.488837 INFO: eventNum: 1
2024-07-17 23:32:21.488841 INFO: fd: 327, events: 1

2024-07-17 23:32:21.488857 INFO: HttpConn 327 read success
2024-07-17 23:32:21.488875 INFO: GET / HTTP/1.1
2024-07-17 23:32:21.488884 INFO: Host: 39.98.202.182:9006
2024-07-17 23:32:21.488889 INFO: User-Agent: Go-http-client/1.1
2024-07-17 23:32:21.488896 INFO: oop!unknow header: User-Agent: Go-http-client/1.1
2024-07-17 23:32:21.488901 INFO: X-Vegeta-Seq: 1521
