2024-07-17 23:31:28.906670 INFO: X-Vegeta-Seq: 165
2024-07-17 23:31:28.906764 INFO: oop!unknow header: X-Vegeta-Seq: 165
2024-07-17 23:31:28.906769 INFO: Accept-Encoding: gzip
2024-07-17 23:31:28.906773 INFO: oop!unknow header: Accept-Encoding: gzip
2024-07-17 23:31:28.906778 INFO: 
2024-07-17 23:31:28.906790 INFO: request:HTTP/1.1 200 OK

2024-07-17 23:31:28.906795 INFO: request:HTTP/1.1 200 OK
Content-Length:542

2024-07-17 23:31:28.906799 INFO: request:HTTP/1.1 200 OK
Content-Length:542
Connection:close

2024-07-17 23:31:28.906804 INFO: request:HTTP/1.1 200 OK
Content-Length:542
Connection:close


2024-07-17 23:31:28.906814 INFO: Thread 140246106080832 is running task

2024-07-17 23:31:28.906869 INFO: eventNum: 2
2024-07-17 23:31:28.906879 INFO: fd: 154, events: 4

2024-07-17 23:31:28.906952 INFO: Thread 140246156437056 is running task

2024-07-17 23:31:28.906963 INFO: fd: 13, events: 1

2024-07-17 23:31:28.906968 INFO: HandleListenEvent 13
2024-07-17 23:31:28.906989 INFO: HttpConn 160 init success
2024-07-17 23:31:28.906996 INFO: addTimer id:160 expireTime:1721230788
2024-07-17 23:31:28.907010 INFO: Client[160] in!
2024-07-17 23:31:28.907015 INFO: HandleListenEvent 13
2024-07-17 23:31:28.907027 INFO: HttpConn 161 init success
2024-07-17 23:31:28.907032 INFO: addTimer id:161 expireTime:1721230788
2024-07-17 23:31:28.907041 INFO: Client[161] in!
2024-07-17 23:31:28.907046 INFO: HandleListenEvent 13
2024-07-17 23:31:28.907054 ERROR: Accept failure -1
2024-07-17 23:31:28.907112 INFO: eventNum: 1
2024-07-17 23:31:28.907140 INFO: fd: 13, events: 1

2024-07-17 23:31:28.907146 INFO: HandleListenEvent 13
2024-07-17 23:31:28.907161 INFO: HttpConn 162 init success
2024-07-17 23:31:28.907168 INFO: addTimer id:162 expireTime:1721230788
2024-07-17 23:31:28.907179 INFO: Client[162] in!
2024-07-17 23:31:28.907183 INFO: HandleListenEvent 13
2024-07-17 23:31:28.907192 ERROR: Accept failure -1
2024-07-17 23:31:28.907386 INFO: eventNum: 1
2024-07-17 23:31:28.907401 INFO: fd: 13, events: 1

2024-07-17 23:31:28.907406 INFO: HandleListenEvent 13
2024-07-17 23:31:28.907417 INFO: HttpConn 163 init success
2024-07-17 23:31:28.907422 INFO: addTimer id:163 expireTime:1721230788
2024-07-17 23:31:28.907455 INFO: Client[163] in!
2024-07-17 23:31:28.907459 INFO: HandleListenEvent 13
2024-07-17 23:31:28.907468 ERROR: Accept failure -1
2024-07-17 23:31:28.907473 INFO: eventNum: 1
2024-07-17 23:31:28.907478 INFO: fd: 163, events: 1

2024-07-17 23:31:28.907490 INFO: HttpConn 163 read success
2024-07-17 23:31:28.907499 INFO: GET / HTTP/1.1
2024-07-17 23:31:28.907504 INFO: Host: 39.98.202.182:9006
2024-07-17 23:31:28.907509 INFO: User-Agent: Go-http-client/1.1
2024-07-17 23:31:28.907513 INFO: oop!unknow header: User-Agent: Go-http-client/1.1
2024-07-17 23:31:28.907517 INFO: X-Vegeta-Seq: 172
2024-07-17 23:31:28.907522 INFO: oop!unknow header: X-Vegeta-Seq: 172
2024-07-17 23:31:28.907526 INFO: Accept-Encoding: gzip
2024-07-17 23:31:28.907530 INFO: oop!unknow header: Accept-Encoding: gzip
2024-07-17 23:31:28.907534 INFO: 
2024-07-17 23:31:28.907549 INFO: request:HTTP/1.1 200 OK

2024-07-17 23:31:28.907554 INFO: request:HTTP/1.1 200 OK
Content-Length:542

2024-07-17 23:31:28.907559 INFO: request:HTTP/1.1 200 OK
Content-Length:542
Connection:close

2024-07-17 23:31:28.907563 INFO: request:HTTP/1.1 200 OK
Content-Length:542
Connection:close


2024-07-17 23:31:28.907573 INFO: Thread 140246122866240 is running task

2024-07-17 23:31:28.907581 INFO: eventNum: 1
2024-07-17 23:31:28.907586 INFO: fd: 163, events: 4

2024-07-17 23:31:28.907619 INFO: Thread 140246097688128 is running task

2024-07-17 23:31:28.907630 INFO: eventNum: 1
2024-07-17 23:31:28.907635 INFO: fd: 160, events: 1

2024-07-17 23:31:28.907645 INFO: HttpConn 160 read success
2024-07-17 23:31:28.907653 INFO: GET / HTTP/1.1
2024-07-17 23:31:28.907658 INFO: Host: 39.98.202.182:9006
2024-07-17 23:31:28.907663 INFO: User-Agent: Go-http-client/1.1
2024-07-17 23:31:28.907667 INFO: oop!unknow header: User-Agent: Go-http-client/1.1
2024-07-17 23:31:28.907672 INFO: X-Vegeta-Seq: 170
2024-07-17 23:31:28.907676 INFO: oop!unknow header: X-Vegeta-Seq: 170
2024-07-17 23:31:28.907685 INFO: Accept-Encoding: gzip
2024-07-17 23:31:28.907690 INFO: oop!unknow header: Accept-Encoding: gzip
2024-07-17 23:31:28.907694 INFO: 
2024-07-17 23:31:28.907706 INFO: request:HTTP/1.1 200 OK

2024-07-17 23:31:28.907711 INFO: request:HTTP/1.1 200 OK
Content-Length:542

2024-07-17 23:31:28.907715 INFO: request:HTTP/1.1 200 OK
Content-Length:542
Connection:close

2024-07-17 23:31:28.907720 INFO: request:HTTP/1.1 200 OK
Content-Length:542
Connection:close


2024-07-17 23:31:28.907727 INFO: Thread 140246139651648 is running task

2024-07-17 23:31:28.907735 INFO: eventNum: 1
2024-07-17 23:31:28.907739 INFO: fd: 160, events: 4

2024-07-17 23:31:28.907762 INFO: Thread 140246114473536 is running task

2024-07-17 23:31:28.907821 INFO: eventNum: 1
2024-07-17 23:31:28.907834 INFO: fd: 162, events: 1

2024-07-17 23:31:28.907846 INFO: HttpConn 162 read success
2024-07-17 23:31:28.907855 INFO: GET / HTTP/1.1
2024-07-17 23:31:28.907860 INFO: Host: 39.98.202.182:9006
2024-07-17 23:31:28.907864 INFO: User-Agent: Go-http-client/1.1
2024-07-17 23:31:28.907869 INFO: oop!unknow header: User-Agent: Go-http-client/1.1
2024-07-17 23:31:28.907873 INFO: X-Vegeta-Seq: 176
2024-07-17 23:31:28.907877 INFO: oop!unknow header: X-Vegeta-Seq: 176
2024-07-17 23:31:28.907881 INFO: Accept-Encoding: gzip
2024-07-17 23:31:28.907885 INFO: oop!unknow header: Accept-Encoding: gzip
2024-07-17 23:31:28.907889 INFO: 
2024-07-17 23:31:28.907902 INFO: request:HTTP/1.1 200 OK

2024-07-17 23:31:28.907907 INFO: request:HTTP/1.1 200 OK
Content-Length:542

2024-07-17 23:31:28.907911 INFO: request:HTTP/1.1 200 OK
Content-Length:542
Connection:close

2024-07-17 23:31:28.907916 INFO: request:HTTP/1.1 200 OK
Content-Length:542
Connection:close


2024-07-17 23:31:28.907923 INFO: Thread 140246148044352 is running task

2024-07-17 23:31:28.907931 INFO: eventNum: 1
2024-07-17 23:31:28.907935 INFO: fd: 162, events: 4

2024-07-17 23:31:28.907971 INFO: Thread 140246131258944 is running task

2024-07-17 23:31:28.908115 INFO: eventNum: 1
2024-07-17 23:31:28.908130 INFO: fd: 161, events: 1

2024-07-17 23:31:28.908142 INFO: HttpConn 161 read success
2024-07-17 23:31:28.908150 INFO: GET / HTTP/1.1
2024-07-17 23:31:28.908155 INFO: Host: 39.98.202.182:9006
2024-07-17 23:31:28.908159 INFO: User-Agent: Go-http-client/1.1
2024-07-17 23:31:28.908164 INFO: oop!unknow header: User-Agent: Go-http-client/1.1
2024-07-17 23:31:28.908168 INFO: X-Vegeta-Seq: 169
2024-07-17 23:31:28.908172 INFO: oop!unknow header: X-Vegeta-Seq: 169
2024-07-17 23:31:28.908176 INFO: Accept-Encoding: gzip
2024-07-17 23:31:28.908181 INFO: oop!unknow header: Accept-Encoding: gzip
2024-07-17 23:31:28.908185 INFO: 
2024-07-17 23:31:28.908198 INFO: request:HTTP/1.1 200 OK

2024-07-17 23:31:28.908202 INFO: request:HTTP/1.1 200 OK
Content-Length:542

2024-07-17 23:31:28.908207 INFO: request:HTTP/1.1 200 OK
Content-Length:542
Connection:close

2024-07-17 23:31:28.908211 INFO: request:HTTP/1.1 200 OK
Content-Length:542
Connection:close


2024-07-17 23:31:28.908219 INFO: Thread 140246106080832 is running task

2024-07-17 23:31:28.908227 INFO: eventNum: 2
2024-07-17 23:31:28.908232 INFO: fd: 13, events: 1

2024-07-17 23:31:28.908236 INFO: HandleListenEvent 13
2024-07-17 23:31:28.908251 INFO: HttpConn 164 init success
2024-07-17 23:31:28.908257 INFO: addTimer id:164 expireTime:1721230788
2024-07-17 23:31:28.908270 INFO: Client[164] in!
2024-07-17 23:31:28.908275 INFO: HandleListenEvent 13
2024-07-17 23:31:28.908282 INFO: HttpConn 165 init success
2024-07-17 23:31:28.908287 INFO: addTimer id:165 expireTime:1721230788
2024-07-17 23:31:28.908294 INFO: Client[165] in!
2024-07-17 23:31:28.908299 INFO: HandleListenEvent 13
2024-07-17 23:31:28.908307 ERROR: Accept failure -1
2024-07-17 23:31:28.908312 INFO: fd: 161, events: 4

2024-07-17 23:31:28.908343 INFO: Thread 140246156437056 is running task

2024-07-17 23:31:28.908591 INFO: eventNum: 1
2024-07-17 23:31:28.908608 INFO: fd: 164, events: 1

2024-07-17 23:31:28.908620 INFO: HttpConn 164 read success
2024-07-17 23:31:28.908633 INFO: GET / HTTP/1.1
2024-07-17 23:31:28.908639 INFO: Host: 39.98.202.182:9006
2024-07-17 23:31:28.908643 INFO: User-Agent: Go-http-client/1.1
2024-07-17 23:31:28.908648 INFO: oop!unknow header: User-Agent: Go-http-client/1.1
2024-07-17 23:31:28.908652 INFO: X-Vegeta-Seq: 171
2024-07-17 23:31:28.908659 INFO: oop!unknow header: X-Vegeta-Seq: 171
2024-07-17 23:31:28.908663 INFO: Accept-Encoding: gzip
2024-07-17 23:31:28.908667 INFO: oop!unknow header: Accept-Encoding: gzip
2024-07-17 23:31:28.908672 INFO: 
2024-07-17 23:31:28.908686 INFO: request:HTTP/1.1 200 OK

2024-07-17 23:31:28.908690 INFO: request:HTTP/1.1 200 OK
Content-Length:542

2024-07-17 23:31:28.908695 INFO: request:HTTP/1.1 200 OK
Content-Length:542
Connection:close

2024-07-17 23:31:28.908699 INFO: request:HTTP/1.1 200 OK
Content-Length:542
Connection:close


2024-07-17 23:31:28.908708 INFO: Thread 140246122866240 is running task

2024-07-17 23:31:28.908716 INFO: eventNum: 3
2024-07-17 23:31:28.908721 INFO: fd: 13, events: 1

2024-07-17 23:31:28.908726 INFO: HandleListenEvent 13
2024-07-17 23:31:28.908737 INFO: HttpConn 166 init success
2024-07-17 23:31:28.908743 INFO: addTimer id:166 expireTime:1721230788
2024-07-17 23:31:28.908756 INFO: Client[166] in!
2024-07-17 23:31:28.908761 INFO: HandleListenEvent 13
2024-07-17 23:31:28.908770 ERROR: Accept failure -1
2024-07-17 23:31:28.908775 INFO: fd: 165, events: 1

2024-07-17 23:31:28.908785 INFO: HttpConn 165 read success
2024-07-17 23:31:28.908793 INFO: GET / HTTP/1.1
2024-07-17 23:31:28.908798 INFO: Host: 39.98.202.182:9006
2024-07-17 23:31:28.908802 INFO: User-Agent: Go-http-client/1.1
2024-07-17 23:31:28.908806 INFO: oop!unknow header: User-Agent: Go-http-client/1.1
2024-07-17 23:31:28.908811 INFO: X-Vegeta-Seq: 177
2024-07-17 23:31:28.908815 INFO: oop!unknow header: X-Vegeta-Seq: 177
2024-07-17 23:31:28.908819 INFO: Accept-Encoding: gzip
2024-07-17 23:31:28.908823 INFO: oop!unknow header: Accept-Encoding: gzip
2024-07-17 23:31:28.908828 INFO: 
2024-07-17 23:31:28.908839 INFO: request:HTTP/1.1 200 OK

2024-07-17 23:31:28.908844 INFO: request:HTTP/1.1 200 OK
Content-Length:542

2024-07-17 23:31:28.908848 INFO: request:HTTP/1.1 200 OK
Content-Length:542
Connection:close

2024-07-17 23:31:28.908853 INFO: request:HTTP/1.1 200 OK
Content-Length:542
Connection:close


2024-07-17 23:31:28.908860 INFO: Thread 140246097688128 is running task

2024-07-17 23:31:28.908867 INFO: fd: 164, events: 4

2024-07-17 23:31:28.908892 INFO: Thread 140246139651648 is running task

2024-07-17 23:31:28.908905 INFO: eventNum: 1
2024-07-17 23:31:28.908910 INFO: fd: 165, events: 4

2024-07-17 23:31:28.908933 INFO: Thread 140246114473536 is running task

2024-07-17 23:31:28.908945 INFO: eventNum: 1
2024-07-17 23:31:28.908950 INFO: fd: 166, events: 1

2024-07-17 23:31:28.908959 INFO: HttpConn 166 read success
2024-07-17 23:31:28.908967 INFO: GET / HTTP/1.1
2024-07-17 23:31:28.908972 INFO: Host: 39.98.202.182:9006
2024-07-17 23:31:28.908976 INFO: User-Agent: Go-http-client/1.1
2024-07-17 23:31:28.908981 INFO: oop!unknow header: User-Agent: Go-http-client/1.1
2024-07-17 23:31:28.908985 INFO: X-Vegeta-Seq: 173
2024-07-17 23:31:28.908989 INFO: oop!unknow header: X-Vegeta-Seq: 173
2024-07-17 23:31:28.908993 INFO: Accept-Encoding: gzip
2024-07-17 23:31:28.908998 INFO: oop!unknow header: Accept-Encoding: gzip
2024-07-17 23:31:28.909002 INFO: 
2024-07-17 23:31:28.909013 INFO: request:HTTP/1.1 200 OK

2024-07-17 23:31:28.909018 INFO: request:HTTP/1.1 200 OK
Content-Length:542

2024-07-17 23:31:28.909022 INFO: request:HTTP/1.1 200 OK
Content-Length:542
Connection:close

2024-07-17 23:31:28.909027 INFO: request:HTTP/1.1 200 OK
Content-Length:542
Connection:close


2024-07-17 23:31:28.909033 INFO: Thread 140246148044352 is running task

2024-07-17 23:31:28.909041 INFO: eventNum: 1
2024-07-17 23:31:28.909046 INFO: fd: 166, events: 4

2024-07-17 23:31:28.909083 INFO: Thread 140246131258944 is running task

2024-07-17 23:31:28.909185 INFO: eventNum: 1
2024-07-17 23:31:28.909198 INFO: fd: 13, events: 1

2024-07-17 23:31:28.909207 INFO: HandleListenEvent 13
2024-07-17 23:31:28.909220 INFO: HttpConn 167 init success
2024-07-17 23:31:28.909226 INFO: addTimer id:167 expireTime:1721230788
2024-07-17 23:31:28.909239 INFO: Client[167] in!
2024-07-17 23:31:28.909244 INFO: HandleListenEvent 13
2024-07-17 23:31:28.909251 ERROR: Accept failure -1
2024-07-17 23:31:28.909348 INFO: eventNum: 1
2024-07-17 23:31:28.909359 INFO: fd: 13, events: 1

2024-07-17 23:31:28.909364 INFO: HandleListenEvent 13
2024-07-17 23:31:28.909374 INFO: HttpConn 168 init success
2024-07-17 23:31:28.909379 INFO: addTimer id:168 expireTime:1721230788
2024-07-17 23:31:28.909390 INFO: Client[168] in!
2024-07-17 23:31:28.909395 INFO: HandleListenEvent 13
2024-07-17 23:31:28.909402 ERROR: Accept failure -1
2024-07-17 23:31:28.909696 INFO: eventNum: 1
2024-07-17 23:31:28.909712 INFO: fd: 168, events: 1

2024-07-17 23:31:28.909724 INFO: HttpConn 168 read success
2024-07-17 23:31:28.909733 INFO: GET / HTTP/1.1
2024-07-17 23:31:28.909740 INFO: Host: 39.98.202.182:9006
2024-07-17 23:31:28.909747 INFO: User-Agent: Go-http-client/1.1
2024-07-17 23:31:28.909755 INFO: oop!unknow header: User-Agent: Go-http-client/1.1
2024-07-17 23:31:28.909762 INFO: X-Vegeta-Seq: 180
2024-07-17 23:31:28.909768 INFO: oop!unknow header: X-Vegeta-Seq: 180
2024-07-17 23:31:28.909774 INFO: Accept-Encoding: gzip
2024-07-17 23:31:28.909780 INFO: oop!unknow header: Accept-Encoding: gzip
2024-07-17 23:31:28.909786 INFO: 
2024-07-17 23:31:28.909803 INFO: request:HTTP/1.1 200 OK

2024-07-17 23:31:28.909811 INFO: request:HTTP/1.1 200 OK
Content-Length:542

2024-07-17 23:31:28.909817 INFO: request:HTTP/1.1 200 OK
Content-Length:542
Connection:close

2024-07-17 23:31:28.909824 INFO: request:HTTP/1.1 200 OK
Content-Length:542
Connection:close


2024-07-17 23:31:28.909834 INFO: Thread 140246106080832 is running task

2024-07-17 23:31:28.909844 INFO: eventNum: 2
2024-07-17 23:31:28.909849 INFO: fd: 13, events: 1

2024-07-17 23:31:28.909853 INFO: HandleListenEvent 13
2024-07-17 23:31:28.909865 INFO: HttpConn 169 init success
2024-07-17 23:31:28.909871 INFO: addTimer id:169 expireTime:1721230788
2024-07-17 23:31:28.909883 INFO: Client[169] in!
2024-07-17 23:31:28.909888 INFO: HandleListenEvent 13
2024-07-17 23:31:28.909896 ERROR: Accept failure -1
2024-07-17 23:31:28.909900 INFO: fd: 168, events: 4

2024-07-17 23:31:28.909916 INFO: eventNum: 2
2024-07-17 23:31:28.909921 INFO: fd: 167, events: 1

2024-07-17 23:31:28.909931 INFO: HttpConn 167 read success
2024-07-17 23:31:28.909942 INFO: Thread 140246156437056 is running task

2024-07-17 23:31:28.909946 INFO: fd: 13, events: 1

2024-07-17 23:31:28.909964 INFO: HandleListenEvent 13
2024-07-17 23:31:28.909943 INFO: GET / HTTP/1.1
2024-07-17 23:31:28.909978 INFO: HttpConn 170 init success
2024-07-17 23:31:28.909980 INFO: Host: 39.98.202.182:9006
2024-07-17 23:31:28.910002 INFO: User-Agent: Go-http-client/1.1
2024-07-17 23:31:28.910008 INFO: oop!unknow header: User-Agent: Go-http-client/1.1
2024-07-17 23:31:28.910017 INFO: X-Vegeta-Seq: 175
2024-07-17 23:31:28.909989 INFO: addTimer id:170 expireTime:1721230788
2024-07-17 23:31:28.910022 INFO: oop!unknow header: X-Vegeta-Seq: 175
2024-07-17 23:31:28.910037 INFO: Accept-Encoding: gzip
2024-07-17 23:31:28.910039 INFO: Client[170] in!
2024-07-17 23:31:28.910049 INFO: HandleListenEvent 13
2024-07-17 23:31:28.910042 INFO: oop!unknow header: Accept-Encoding: gzip
2024-07-17 23:31:28.910062 ERROR: Accept failure -1
2024-07-17 23:31:28.910063 INFO: 
2024-07-17 23:31:28.910093 INFO: eventNum: 1
2024-07-17 23:31:28.910102 INFO: fd: 13, events: 1

2024-07-17 23:31:28.910106 INFO: HandleListenEvent 13
2024-07-17 23:31:28.910109 INFO: request:HTTP/1.1 200 OK

2024-07-17 23:31:28.910131 INFO: request:HTTP/1.1 200 OK
Content-Length:542

2024-07-17 23:31:28.910136 INFO: request:HTTP/1.1 200 OK
Content-Length:542
Connection:close

2024-07-17 23:31:28.910136 INFO: HttpConn 171 init success
2024-07-17 23:31:28.910143 INFO: request:HTTP/1.1 200 OK
Content-Length:542
Connection:close


2024-07-17 23:31:28.910154 INFO: addTimer id:171 expireTime:1721230788
2024-07-17 23:31:28.910172 INFO: Thread 140246122866240 is running task

2024-07-17 23:31:28.910190 INFO: Client[171] in!
2024-07-17 23:31:28.910197 INFO: HandleListenEvent 13
2024-07-17 23:31:28.910208 INFO: HttpConn 172 init success
2024-07-17 23:31:28.910213 INFO: addTimer id:172 expireTime:1721230788
2024-07-17 23:31:28.910225 INFO: Client[172] in!
2024-07-17 23:31:28.910229 INFO: HandleListenEvent 13
2024-07-17 23:31:28.910240 INFO: HttpConn 173 init success
2024-07-17 23:31:28.910245 INFO: addTimer id:173 expireTime:1721230788
2024-07-17 23:31:28.910253 INFO: Client[173] in!
2024-07-17 23:31:28.910257 INFO: HandleListenEvent 13
2024-07-17 23:31:28.910265 ERROR: Accept failure -1
2024-07-17 23:31:28.910270 INFO: eventNum: 1
2024-07-17 23:31:28.910274 INFO: fd: 167, events: 4

2024-07-17 23:31:28.910309 INFO: Thread 140246097688128 is running task

2024-07-17 23:31:28.910468 INFO: eventNum: 2
2024-07-17 23:31:28.910485 INFO: fd: 171, events: 1

2024-07-17 23:31:28.910497 INFO: HttpConn 171 read success
2024-07-17 23:31:28.910505 INFO: GET / HTTP/1.1
2024-07-17 23:31:28.910510 INFO: Host: 39.98.202.182:9006
2024-07-17 23:31:28.910515 INFO: User-Agent: Go-http-client/1.1
2024-07-17 23:31:28.910519 INFO: oop!unknow header: User-Agent: Go-http-client/1.1
2024-07-17 23:31:28.910524 INFO: X-Vegeta-Seq: 183
2024-07-17 23:31:28.910528 INFO: oop!unknow header: X-Vegeta-Seq: 183
2024-07-17 23:31:28.910532 INFO: Accept-Encoding: gzip
2024-07-17 23:31:28.910536 INFO: oop!unknow header: Accept-Encoding: gzip
2024-07-17 23:31:28.910541 INFO: 
2024-07-17 23:31:28.910555 INFO: request:HTTP/1.1 200 OK

2024-07-17 23:31:28.910559 INFO: request:HTTP/1.1 200 OK
Content-Length:542

2024-07-17 23:31:28.910566 INFO: request:HTTP/1.1 200 OK
Content-Length:542
Connection:close

2024-07-17 23:31:28.910570 INFO: request:HTTP/1.1 200 OK
Content-Length:542
Connection:close


2024-07-17 23:31:28.910582 INFO: Thread 140246139651648 is running task

2024-07-17 23:31:28.910589 INFO: fd: 172, events: 1

2024-07-17 23:31:28.910603 INFO: HttpConn 172 read success
2024-07-17 23:31:28.910610 INFO: GET / HTTP/1.1
2024-07-17 23:31:28.910618 INFO: Host: 39.98.202.182:9006
2024-07-17 23:31:28.910623 INFO: User-Agent: Go-http-client/1.1
2024-07-17 23:31:28.910627 INFO: oop!unknow header: User-Agent: Go-http-client/1.1
2024-07-17 23:31:28.910631 INFO: X-Vegeta-Seq: 178
2024-07-17 23:31:28.910635 INFO: oop!unknow header: X-Vegeta-Seq: 178
2024-07-17 23:31:28.910642 INFO: Accept-Encoding: gzip
2024-07-17 23:31:28.910646 INFO: oop!unknow header: Accept-Encoding: gzip
2024-07-17 23:31:28.910651 INFO: 
2024-07-17 23:31:28.910662 INFO: request:HTTP/1.1 200 OK

2024-07-17 23:31:28.910667 INFO: request:HTTP/1.1 200 OK
Content-Length:542

2024-07-17 23:31:28.910671 INFO: request:HTTP/1.1 200 OK
Content-Length:542
Connection:close

2024-07-17 23:31:28.910677 INFO: request:HTTP/1.1 200 OK
Content-Length:542
Connection:close


2024-07-17 23:31:28.910684 INFO: Thread 140246114473536 is running task

2024-07-17 23:31:28.910693 INFO: eventNum: 4
2024-07-17 23:31:28.910698 INFO: fd: 169, events: 1

2024-07-17 23:31:28.910707 INFO: HttpConn 169 read success
2024-07-17 23:31:28.910715 INFO: GET / HTTP/1.1
2024-07-17 23:31:28.910720 INFO: Host: 39.98.202.182:9006
2024-07-17 23:31:28.910724 INFO: User-Agent: Go-http-client/1.1
2024-07-17 23:31:28.910728 INFO: oop!unknow header: User-Agent: Go-http-client/1.1
2024-07-17 23:31:28.910733 INFO: X-Vegeta-Seq: 179
2024-07-17 23:31:28.910737 INFO: oop!unknow header: X-Vegeta-Seq: 179
2024-07-17 23:31:28.910741 INFO: Accept-Encoding: gzip
2024-07-17 23:31:28.910745 INFO: oop!unknow header: Accept-Encoding: gzip
2024-07-17 23:31:28.910750 INFO: 
2024-07-17 23:31:28.910761 INFO: request:HTTP/1.1 200 OK

2024-07-17 23:31:28.910766 INFO: request:HTTP/1.1 200 OK
Content-Length:542

2024-07-17 23:31:28.910770 INFO: request:HTTP/1.1 200 OK
Content-Length:542
Connection:close

2024-07-17 23:31:28.910775 INFO: request:HTTP/1.1 200 OK
Content-Length:542
Connection:close


2024-07-17 23:31:28.910786 INFO: Thread 140246148044352 is running task

2024-07-17 23:31:28.910794 INFO: fd: 171, events: 4

2024-07-17 23:31:28.910804 INFO: fd: 170, events: 1

2024-07-17 23:31:28.910815 INFO: HttpConn 170 read success
2024-07-17 23:31:28.910822 INFO: GET / HTTP/1.1
2024-07-17 23:31:28.910831 INFO: Host: 39.98.202.182:9006
2024-07-17 23:31:28.910838 INFO: fd: 172, events: 4

2024-07-17 23:31:28.910832 INFO: Thread 140246131258944 is running task

2024-07-17 23:31:28.910836 INFO: User-Agent: Go-http-client/1.1
2024-07-17 23:31:28.910858 INFO: eventNum: 1
2024-07-17 23:31:28.910910 INFO: fd: 169, events: 4

2024-07-17 23:31:28.910891 INFO: Thread 140246131258944 is running task

2024-07-17 23:31:28.910893 INFO: oop!unknow header: User-Agent: Go-http-client/1.1
2024-07-17 23:31:28.910947 INFO: X-Vegeta-Seq: 174
2024-07-17 23:31:28.910955 INFO: oop!unknow header: X-Vegeta-Seq: 174
2024-07-17 23:31:28.910959 INFO: Accept-Encoding: gzip
2024-07-17 23:31:28.910963 INFO: Thread 140246131258944 is running task

2024-07-17 23:31:28.910964 INFO: oop!unknow header: Accept-Encoding: gzip
2024-07-17 23:31:28.910985 INFO: 
2024-07-17 23:31:28.910997 INFO: request:HTTP/1.1 200 OK

2024-07-17 23:31:28.911002 INFO: request:HTTP/1.1 200 OK
Content-Length:542

2024-07-17 23:31:28.911007 INFO: request:HTTP/1.1 200 OK
Content-Length:542
Connection:close

2024-07-17 23:31:28.911011 INFO: request:HTTP/1.1 200 OK
Content-Length:542
Connection:close


2024-07-17 23:31:28.911018 INFO: Thread 140246106080832 is running task

2024-07-17 23:31:28.910976 INFO: eventNum: 1
2024-07-17 23:31:28.911029 INFO: fd: 173, events: 1

2024-07-17 23:31:28.911039 INFO: HttpConn 173 read success
2024-07-17 23:31:28.911047 INFO: GET / HTTP/1.1
2024-07-17 23:31:28.911052 INFO: Host: 39.98.202.182:9006
2024-07-17 23:31:28.911056 INFO: User-Agent: Go-http-client/1.1
2024-07-17 23:31:28.911060 INFO: oop!unknow header: User-Agent: Go-http-client/1.1
2024-07-17 23:31:28.911065 INFO: X-Vegeta-Seq: 181
2024-07-17 23:31:28.911069 INFO: oop!unknow header: X-Vegeta-Seq: 181
2024-07-17 23:31:28.911073 INFO: Accept-Encoding: gzip
2024-07-17 23:31:28.911077 INFO: oop!unknow header: Accept-Encoding: gzip
2024-07-17 23:31:28.911082 INFO: 
2024-07-17 23:31:28.911093 INFO: request:HTTP/1.1 200 OK

2024-07-17 23:31:28.911098 INFO: request:HTTP/1.1 200 OK
Content-Length:542

2024-07-17 23:31:28.911102 INFO: request:HTTP/1.1 200 OK
Content-Length:542
Connection:close

2024-07-17 23:31:28.911106 INFO: request:HTTP/1.1 200 OK
Content-Length:542
Connection:close


2024-07-17 23:31:28.911113 INFO: Thread 140246097688128 is running task

2024-07-17 23:31:28.911122 INFO: eventNum: 2
2024-07-17 23:31:28.911127 INFO: fd: 170, events: 4

2024-07-17 23:31:28.911153 INFO: Thread 140246139651648 is running task

2024-07-17 23:31:28.911165 INFO: fd: 173, events: 4

2024-07-17 23:31:28.911190 INFO: Thread 140246114473536 is running task

2024-07-17 23:31:28.912380 INFO: eventNum: 1
2024-07-17 23:31:28.912399 INFO: fd: 13, events: 1

2024-07-17 23:31:28.912405 INFO: HandleListenEvent 13
2024-07-17 23:31:28.912417 INFO: HttpConn 174 init success
2024-07-17 23:31:28.912423 INFO: addTimer id:174 expireTime:1721230788
2024-07-17 23:31:28.912459 INFO: Client[174] in!
2024-07-17 23:31:28.912464 INFO: HandleListenEvent 13
2024-07-17 23:31:28.912473 ERROR: Accept failure -1
2024-07-17 23:31:28.912750 INFO: eventNum: 1
2024-07-17 23:31:28.912765 INFO: fd: 174, events: 1

2024-07-17 23:31:28.912777 INFO: HttpConn 174 read success
2024-07-17 23:31:28.912786 INFO: GET / HTTP/1.1
2024-07-17 23:31:28.912791 INFO: Host: 39.98.202.182:9006
2024-07-17 23:31:28.912796 INFO: User-Agent: Go-http-client/1.1
2024-07-17 23:31:28.912800 INFO: oop!unknow header: User-Agent: Go-http-client/1.1
2024-07-17 23:31:28.912805 INFO: X-Vegeta-Seq: 182
2024-07-17 23:31:28.912809 INFO: oop!unknow header: X-Vegeta-Seq: 182
2024-07-17 23:31:28.912813 INFO: Accept-Encoding: gzip
2024-07-17 23:31:28.912817 INFO: oop!unknow header: Accept-Encoding: gzip
2024-07-17 23:31:28.912821 INFO: 
2024-07-17 23:31:28.912841 INFO: request:HTTP/1.1 200 OK

2024-07-17 23:31:28.912846 INFO: request:HTTP/1.1 200 OK
Content-Length:542

2024-07-17 23:31:28.912850 INFO: request:HTTP/1.1 200 OK
Content-Length:542
Connection:close

2024-07-17 23:31:28.912854 INFO: request:HTTP/1.1 200 OK
Content-Length:542
Connection:close


2024-07-17 23:31:28.912864 INFO: Thread 140246148044352 is running task

2024-07-17 23:31:28.912872 INFO: eventNum: 1
2024-07-17 23:31:28.912877 INFO: fd: 174, events: 4

2024-07-17 23:31:28.912912 INFO: Thread 140246156437056 is running task

2024-07-17 23:31:28.913076 INFO: eventNum: 1
2024-07-17 23:31:28.913093 INFO: fd: 13, events: 1

2024-07-17 23:31:28.913098 INFO: HandleListenEvent 13
2024-07-17 23:31:28.913119 INFO: HttpConn 175 init success
2024-07-17 23:31:28.913125 INFO: addTimer id:175 expireTime:1721230788
2024-07-17 23:31:28.913139 INFO: Client[175] in!
2024-07-17 23:31:28.913143 INFO: HandleListenEvent 13
2024-07-17 23:31:28.913152 ERROR: Accept failure -1
2024-07-17 23:31:28.913158 INFO: eventNum: 1
2024-07-17 23:31:28.913162 INFO: fd: 175, events: 1

2024-07-17 23:31:28.913177 INFO: HttpConn 175 read success
2024-07-17 23:31:28.913192 INFO: GET / HTTP/1.1
2024-07-17 23:31:28.913198 INFO: Host: 39.98.202.182:9006
2024-07-17 23:31:28.913203 INFO: User-Agent: Go-http-client/1.1
2024-07-17 23:31:28.913207 INFO: oop!unknow header: User-Agent: Go-http-client/1.1
2024-07-17 23:31:28.913211 INFO: X-Vegeta-Seq: 187
2024-07-17 23:31:28.913216 INFO: oop!unknow header: X-Vegeta-Seq: 187
2024-07-17 23:31:28.913220 INFO: Accept-Encoding: gzip
2024-07-17 23:31:28.913224 INFO: oop!unknow header: Accept-Encoding: gzip
2024-07-17 23:31:28.913228 INFO: 
2024-07-17 23:31:28.913244 INFO: request:HTTP/1.1 200 OK

2024-07-17 23:31:28.913249 INFO: request:HTTP/1.1 200 OK
Content-Length:542

2024-07-17 23:31:28.913254 INFO: request:HTTP/1.1 200 OK
Content-Length:542
Connection:close

2024-07-17 23:31:28.913280 INFO: eventNum: 1
2024-07-17 23:31:28.913282 INFO: request:HTTP/1.1 200 OK
Content-Length:542
Connection:close


2024-07-17 23:31:28.913321 INFO: Thread 140246131258944 is running task

2024-07-17 23:31:28.913330 INFO: fd: 13, events: 1

2024-07-17 23:31:28.913341 INFO: HandleListenEvent 13
2024-07-17 23:31:28.913356 INFO: HttpConn 176 init success
2024-07-17 23:31:28.913362 INFO: addTimer id:176 expireTime:1721230788
2024-07-17 23:31:28.913376 INFO: Client[176] in!
2024-07-17 23:31:28.913381 INFO: HandleListenEvent 13
2024-07-17 23:31:28.913389 ERROR: Accept failure -1
2024-07-17 23:31:28.913395 INFO: eventNum: 2
2024-07-17 23:31:28.913399 INFO: fd: 175, events: 4

2024-07-17 23:31:28.913409 INFO: fd: 176, events: 1

2024-07-17 23:31:28.913420 INFO: HttpConn 176 read success
2024-07-17 23:31:28.913449 INFO: Thread 140246122866240 is running task

2024-07-17 23:31:28.913451 INFO: GET / HTTP/1.1
2024-07-17 23:31:28.913466 INFO: Host: 39.98.202.182:9006
2024-07-17 23:31:28.913471 INFO: User-Agent: Go-http-client/1.1
2024-07-17 23:31:28.913475 INFO: oop!unknow header: User-Agent: Go-http-client/1.1
2024-07-17 23:31:28.913480 INFO: X-Vegeta-Seq: 194
2024-07-17 23:31:28.913484 INFO: oop!unknow header: X-Vegeta-Seq: 194
2024-07-17 23:31:28.913488 INFO: Accept-Encoding: gzip
2024-07-17 23:31:28.913493 INFO: oop!unknow header: Accept-Encoding: gzip
2024-07-17 23:31:28.913497 INFO: 
2024-07-17 23:31:28.913511 INFO: request:HTTP/1.1 200 OK

2024-07-17 23:31:28.913516 INFO: request:HTTP/1.1 200 OK
Content-Length:542

2024-07-17 23:31:28.913521 INFO: request:HTTP/1.1 200 OK
Content-Length:542
Connection:close

2024-07-17 23:31:28.913525 INFO: request:HTTP/1.1 200 OK
Content-Length:542
Connection:close


2024-07-17 23:31:28.913535 INFO: Thread 140246106080832 is running task

2024-07-17 23:31:28.913543 INFO: eventNum: 1
2024-07-17 23:31:28.913548 INFO: fd: 176, events: 4

2024-07-17 23:31:28.913579 INFO: Thread 140246097688128 is running task

2024-07-17 23:31:28.913722 INFO: eventNum: 1
2024-07-17 23:31:28.913735 INFO: fd: 13, events: 1

2024-07-17 23:31:28.913739 INFO: HandleListenEvent 13
2024-07-17 23:31:28.913756 INFO: HttpConn 177 init success
2024-07-17 23:31:28.913762 INFO: addTimer id:177 expireTime:1721230788
2024-07-17 23:31:28.913775 INFO: Client[177] in!
2024-07-17 23:31:28.913780 INFO: HandleListenEvent 13
2024-07-17 23:31:28.913789 INFO: HttpConn 178 init success
2024-07-17 23:31:28.913795 INFO: addTimer id:178 expireTime:1721230788
2024-07-17 23:31:28.913803 INFO: Client[178] in!
2024-07-17 23:31:28.913807 INFO: HandleListenEvent 13
2024-07-17 23:31:28.913817 INFO: HttpConn 179 init success
2024-07-17 23:31:28.913822 INFO: addTimer id:179 expireTime:1721230788
2024-07-17 23:31:28.913833 INFO: Client[179] in!
2024-07-17 23:31:28.913838 INFO: HandleListenEvent 13
2024-07-17 23:31:28.913847 ERROR: Accept failure -1
2024-07-17 23:31:28.914051 INFO: eventNum: 1
2024-07-17 23:31:28.914063 INFO: fd: 13, events: 1

2024-07-17 23:31:28.914068 INFO: HandleListenEvent 13
2024-07-17 23:31:28.914078 INFO: HttpConn 180 init success
2024-07-17 23:31:28.914084 INFO: addTimer id:180 expireTime:1721230788
2024-07-17 23:31:28.914095 INFO: Client[180] in!
2024-07-17 23:31:28.914100 INFO: HandleListenEvent 13
2024-07-17 23:31:28.914108 ERROR: Accept failure -1
2024-07-17 23:31:28.914145 INFO: eventNum: 1
2024-07-17 23:31:28.914155 INFO: fd: 179, events: 1

2024-07-17 23:31:28.914166 INFO: HttpConn 179 read success
2024-07-17 23:31:28.914175 INFO: GET / HTTP/1.1
2024-07-17 23:31:28.914181 INFO: Host: 39.98.202.182:9006
2024-07-17 23:31:28.914185 INFO: User-Agent: Go-http-client/1.1
2024-07-17 23:31:28.914189 INFO: oop!unknow header: User-Agent: Go-http-client/1.1
2024-07-17 23:31:28.914195 INFO: X-Vegeta-Seq: 192
2024-07-17 23:31:28.914199 INFO: oop!unknow header: X-Vegeta-Seq: 192
2024-07-17 23:31:28.914203 INFO: Accept-Encoding: gzip
2024-07-17 23:31:28.914208 INFO: oop!unknow header: Accept-Encoding: gzip
2024-07-17 23:31:28.914212 INFO: 
2024-07-17 23:31:28.914226 INFO: request:HTTP/1.1 200 OK

2024-07-17 23:31:28.914231 INFO: request:HTTP/1.1 200 OK
Content-Length:542

2024-07-17 23:31:28.914236 INFO: request:HTTP/1.1 200 OK
Content-Length:542
Connection:close

2024-07-17 23:31:28.914240 INFO: request:HTTP/1.1 200 OK
Content-Length:542
Connection:close


2024-07-17 23:31:28.914249 INFO: Thread 140246139651648 is running task

2024-07-17 23:31:28.914258 INFO: eventNum: 1
2024-07-17 23:31:28.914263 INFO: fd: 179, events: 4

2024-07-17 23:31:28.914291 INFO: Thread 140246114473536 is running task

2024-07-17 23:31:28.914394 INFO: eventNum: 1
2024-07-17 23:31:28.914409 INFO: fd: 13, events: 1

2024-07-17 23:31:28.914414 INFO: HandleListenEvent 13
2024-07-17 23:31:28.914446 INFO: HttpConn 181 init success
2024-07-17 23:31:28.914453 INFO: addTimer id:181 expireTime:1721230788
2024-07-17 23:31:28.914473 INFO: Client[181] in!
2024-07-17 23:31:28.914479 INFO: HandleListenEvent 13
2024-07-17 23:31:28.914488 ERROR: Accept failure -1
2024-07-17 23:31:28.914494 INFO: eventNum: 3
2024-07-17 23:31:28.914499 INFO: fd: 180, events: 1

2024-07-17 23:31:28.914510 INFO: HttpConn 180 read success
2024-07-17 23:31:28.914518 INFO: GET / HTTP/1.1
2024-07-17 23:31:28.914523 INFO: Host: 39.98.202.182:9006
2024-07-17 23:31:28.914527 INFO: User-Agent: Go-http-client/1.1
2024-07-17 23:31:28.914532 INFO: oop!unknow header: User-Agent: Go-http-client/1.1
2024-07-17 23:31:28.914536 INFO: X-Vegeta-Seq: 190
2024-07-17 23:31:28.914541 INFO: oop!unknow header: X-Vegeta-Seq: 190
2024-07-17 23:31:28.914545 INFO: Accept-Encoding: gzip
2024-07-17 23:31:28.914549 INFO: oop!unknow header: Accept-Encoding: gzip
2024-07-17 23:31:28.914553 INFO: 
2024-07-17 23:31:28.914567 INFO: request:HTTP/1.1 200 OK

2024-07-17 23:31:28.914572 INFO: request:HTTP/1.1 200 OK
Content-Length:542

2024-07-17 23:31:28.914577 INFO: request:HTTP/1.1 200 OK
Content-Length:542
Connection:close

2024-07-17 23:31:28.914581 INFO: request:HTTP/1.1 200 OK
Content-Length:542
Connection:close


2024-07-17 23:31:28.914589 INFO: Thread 140246148044352 is running task

2024-07-17 23:31:28.914597 INFO: fd: 177, events: 1

2024-07-17 23:31:28.914607 INFO: fd: 178, events: 1

2024-07-17 23:31:28.914612 INFO: HttpConn 177 read success
2024-07-17 23:31:28.914638 INFO: GET / HTTP/1.1
2024-07-17 23:31:28.914649 INFO: Host: 39.98.202.182:9006
2024-07-17 23:31:28.914620 INFO: eventNum: 1
2024-07-17 23:31:28.914661 INFO: HttpConn 178 read success
2024-07-17 23:31:28.914663 INFO: fd: 180, events: 4

2024-07-17 23:31:28.914672 INFO: GET / HTTP/1.1
2024-07-17 23:31:28.914690 INFO: Host: 39.98.202.182:9006
2024-07-17 23:31:28.914695 INFO: User-Agent: Go-http-client/1.1
2024-07-17 23:31:28.914700 INFO: oop!unknow header: User-Agent: Go-http-client/1.1
2024-07-17 23:31:28.914704 INFO: X-Vegeta-Seq: 184
2024-07-17 23:31:28.914708 INFO: oop!unknow header: X-Vegeta-Seq: 184
2024-07-17 23:31:28.914712 INFO: Accept-Encoding: gzip
2024-07-17 23:31:28.914717 INFO: oop!unknow header: Accept-Encoding: gzip
2024-07-17 23:31:28.914721 INFO: 
2024-07-17 23:31:28.914737 INFO: request:HTTP/1.1 200 OK

2024-07-17 23:31:28.914742 INFO: request:HTTP/1.1 200 OK
Content-Length:542

2024-07-17 23:31:28.914761 INFO: request:HTTP/1.1 200 OK
Content-Length:542
Connection:close

2024-07-17 23:31:28.914762 INFO: eventNum: 1
2024-07-17 23:31:28.914780 INFO: fd: 181, events: 1

2024-07-17 23:31:28.914795 INFO: Thread 140246122866240 is running task

2024-07-17 23:31:28.914654 INFO: User-Agent: Go-http-client/1.1
2024-07-17 23:31:28.914796 INFO: HttpConn 181 read success
2024-07-17 23:31:28.914769 INFO: request:HTTP/1.1 200 OK
Content-Length:542
Connection:close


2024-07-17 23:31:28.914835 INFO: GET / HTTP/1.1
2024-07-17 23:31:28.914837 INFO: Thread 140246131258944 is running task

2024-07-17 23:31:28.914821 INFO: oop!unknow header: User-Agent: Go-http-client/1.1
2024-07-17 23:31:28.914868 INFO: X-Vegeta-Seq: 185
2024-07-17 23:31:28.914874 INFO: oop!unknow header: X-Vegeta-Seq: 185
2024-07-17 23:31:28.914879 INFO: Accept-Encoding: gzip
2024-07-17 23:31:28.914883 INFO: oop!unknow header: Accept-Encoding: gzip
2024-07-17 23:31:28.914887 INFO: 
2024-07-17 23:31:28.914901 INFO: request:HTTP/1.1 200 OK

2024-07-17 23:31:28.914906 INFO: request:HTTP/1.1 200 OK
Content-Length:542

2024-07-17 23:31:28.914910 INFO: request:HTTP/1.1 200 OK
Content-Length:542
Connection:close

2024-07-17 23:31:28.914915 INFO: request:HTTP/1.1 200 OK
Content-Length:542
Connection:close


2024-07-17 23:31:28.914926 INFO: Thread 140246156437056 is running task

2024-07-17 23:31:28.914854 INFO: Host: 39.98.202.182:9006
2024-07-17 23:31:28.914938 INFO: User-Agent: Go-http-client/1.1
2024-07-17 23:31:28.914943 INFO: oop!unknow header: User-Agent: Go-http-client/1.1
2024-07-17 23:31:28.914947 INFO: X-Vegeta-Seq: 196
2024-07-17 23:31:28.914951 INFO: oop!unknow header: X-Vegeta-Seq: 196
2024-07-17 23:31:28.914955 INFO: Accept-Encoding: gzip
2024-07-17 23:31:28.914960 INFO: oop!unknow header: Accept-Encoding: gzip
2024-07-17 23:31:28.914964 INFO: 
2024-07-17 23:31:28.914976 INFO: request:HTTP/1.1 200 OK

2024-07-17 23:31:28.914981 INFO: request:HTTP/1.1 200 OK
Content-Length:542

2024-07-17 23:31:28.914985 INFO: request:HTTP/1.1 200 OK
Content-Length:542
Connection:close

2024-07-17 23:31:28.914990 INFO: request:HTTP/1.1 200 OK
Content-Length:542
Connection:close


2024-07-17 23:31:28.914996 INFO: Thread 140246106080832 is running task

2024-07-17 23:31:28.915004 INFO: eventNum: 3
2024-07-17 23:31:28.915009 INFO: fd: 178, events: 4

2024-07-17 23:31:28.915040 INFO: Thread 140246097688128 is running task

2024-07-17 23:31:28.915049 INFO: fd: 177, events: 4

2024-07-17 23:31:28.915070 INFO: Thread 140246139651648 is running task

2024-07-17 23:31:28.915081 INFO: fd: 181, events: 4

2024-07-17 23:31:28.915101 INFO: Thread 140246114473536 is running task

2024-07-17 23:31:28.915253 INFO: eventNum: 1
2024-07-17 23:31:28.915266 INFO: fd: 13, events: 1

2024-07-17 23:31:28.915271 INFO: HandleListenEvent 13
2024-07-17 23:31:28.915284 INFO: HttpConn 182 init success
2024-07-17 23:31:28.915290 INFO: addTimer id:182 expireTime:1721230788
2024-07-17 23:31:28.915304 INFO: Client[182] in!
2024-07-17 23:31:28.915309 INFO: HandleListenEvent 13
2024-07-17 23:31:28.915322 INFO: HttpConn 183 init success
2024-07-17 23:31:28.915327 INFO: addTimer id:183 expireTime:1721230788
2024-07-17 23:31:28.915338 INFO: Client[183] in!
2024-07-17 23:31:28.915343 INFO: HandleListenEvent 13
2024-07-17 23:31:28.915351 ERROR: Accept failure -1
2024-07-17 23:31:28.915590 INFO: eventNum: 1
2024-07-17 23:31:28.915605 INFO: fd: 183, events: 1

2024-07-17 23:31:28.915617 INFO: HttpConn 183 read success
2024-07-17 23:31:28.915625 INFO: GET / HTTP/1.1
2024-07-17 23:31:28.915630 INFO: Host: 39.98.202.182:9006
2024-07-17 23:31:28.915635 INFO: User-Agent: Go-http-client/1.1
2024-07-17 23:31:28.915639 INFO: oop!unknow header: User-Agent: Go-http-client/1.1
2024-07-17 23:31:28.915643 INFO: X-Vegeta-Seq: 186
2024-07-17 23:31:28.915648 INFO: oop!unknow header: X-Vegeta-Seq: 186
2024-07-17 23:31:28.915652 INFO: Accept-Encoding: gzip
2024-07-17 23:31:28.915656 INFO: oop!unknow header: Accept-Encoding: gzip
2024-07-17 23:31:28.915661 INFO: 
2024-07-17 23:31:28.915674 INFO: request:HTTP/1.1 200 OK

2024-07-17 23:31:28.915679 INFO: request:HTTP/1.1 200 OK
Content-Length:542

2024-07-17 23:31:28.915683 INFO: request:HTTP/1.1 200 OK
Content-Length:542
Connection:close

2024-07-17 23:31:28.915688 INFO: request:HTTP/1.1 200 OK
Content-Length:542
Connection:close


2024-07-17 23:31:28.915697 INFO: Thread 140246148044352 is running task

2024-07-17 23:31:28.915706 INFO: eventNum: 2
2024-07-17 23:31:28.915710 INFO: fd: 13, events: 1

2024-07-17 23:31:28.915715 INFO: HandleListenEvent 13
2024-07-17 23:31:28.915726 INFO: HttpConn 184 init success
2024-07-17 23:31:28.915731 INFO: addTimer id:184 expireTime:1721230788
2024-07-17 23:31:28.915743 INFO: Client[184] in!
2024-07-17 23:31:28.915748 INFO: HandleListenEvent 13
2024-07-17 23:31:28.915755 ERROR: Accept failure -1
2024-07-17 23:31:28.915760 INFO: fd: 183, events: 4

2024-07-17 23:31:28.915803 INFO: Thread 140246122866240 is running task

2024-07-17 23:31:28.915871 INFO: eventNum: 1
2024-07-17 23:31:28.915894 INFO: fd: 13, events: 1

2024-07-17 23:31:28.915899 INFO: HandleListenEvent 13
2024-07-17 23:31:28.915911 INFO: HttpConn 185 init success
2024-07-17 23:31:28.915916 INFO: addTimer id:185 expireTime:1721230788
2024-07-17 23:31:28.915929 INFO: Client[185] in!
2024-07-17 23:31:28.915934 INFO: HandleListenEvent 13
2024-07-17 23:31:28.915941 ERROR: Accept failure -1
2024-07-17 23:31:28.916016 INFO: eventNum: 1
2024-07-17 23:31:28.916031 INFO: fd: 184, events: 1

2024-07-17 23:31:28.916046 INFO: HttpConn 184 read success
2024-07-17 23:31:28.916061 INFO: GET / HTTP/1.1
2024-07-17 23:31:28.916067 INFO: Host: 39.98.202.182:9006
2024-07-17 23:31:28.916071 INFO: User-Agent: Go-http-client/1.1
2024-07-17 23:31:28.916075 INFO: oop!unknow header: User-Agent: Go-http-client/1.1
2024-07-17 23:31:28.916080 INFO: X-Vegeta-Seq: 193
2024-07-17 23:31:28.916084 INFO: oop!unknow header: X-Vegeta-Seq: 193
2024-07-17 23:31:28.916088 INFO: Accept-Encoding: gzip
2024-07-17 23:31:28.916092 INFO: oop!unknow header: Accept-Encoding: gzip
2024-07-17 23:31:28.916096 INFO: 
