2024-07-17 23:30:24.648736 INFO: GET / HTTP/1.1
2024-07-17 23:30:24.648791 INFO: Host: 39.98.202.182:9006
2024-07-17 23:30:24.648796 INFO: User-Agent: Go-http-client/1.1
2024-07-17 23:30:24.648800 INFO: oop!unknow header: User-Agent: Go-http-client/1.1
2024-07-17 23:30:24.648805 INFO: X-Vegeta-Seq: 3967
2024-07-17 23:30:24.648831 INFO: oop!unknow header: X-Vegeta-Seq: 3967
2024-07-17 23:30:24.648837 INFO: Accept-Encoding: gzip
2024-07-17 23:30:24.648841 INFO: oop!unknow header: Accept-Encoding: gzip
2024-07-17 23:30:24.648848 INFO: 
2024-07-17 23:30:24.648864 INFO: request:HTTP/1.1 200 OK

2024-07-17 23:30:24.648869 INFO: request:HTTP/1.1 200 OK
Content-Length:542

2024-07-17 23:30:24.648873 INFO: request:HTTP/1.1 200 OK
Content-Length:542
Connection:close

2024-07-17 23:30:24.648877 INFO: request:HTTP/1.1 200 OK
Content-Length:542
Connection:close


2024-07-17 23:30:24.648888 INFO: Thread 140246148044352 is running task

2024-07-17 23:30:24.648898 INFO: eventNum: 2
2024-07-17 23:30:24.648903 INFO: fd: 32, events: 1

2024-07-17 23:30:24.648917 INFO: HttpConn 32 read success
2024-07-17 23:30:24.648926 INFO: GET / HTTP/1.1
2024-07-17 23:30:24.648932 INFO: Host: 39.98.202.182:9006
2024-07-17 23:30:24.648936 INFO: User-Agent: Go-http-client/1.1
2024-07-17 23:30:24.648940 INFO: oop!unknow header: User-Agent: Go-http-client/1.1
2024-07-17 23:30:24.648945 INFO: X-Vegeta-Seq: 3964
2024-07-17 23:30:24.648949 INFO: oop!unknow header: X-Vegeta-Seq: 3964
2024-07-17 23:30:24.648953 INFO: Accept-Encoding: gzip
2024-07-17 23:30:24.648957 INFO: oop!unknow header: Accept-Encoding: gzip
2024-07-17 23:30:24.648962 INFO: 
2024-07-17 23:30:24.648973 INFO: request:HTTP/1.1 200 OK

2024-07-17 23:30:24.648978 INFO: request:HTTP/1.1 200 OK
Content-Length:542

2024-07-17 23:30:24.648982 INFO: request:HTTP/1.1 200 OK
Content-Length:542
Connection:close

2024-07-17 23:30:24.648986 INFO: request:HTTP/1.1 200 OK
Content-Length:542
Connection:close


2024-07-17 23:30:24.648993 INFO: Thread 140246122866240 is running task

2024-07-17 23:30:24.649000 INFO: fd: 36, events: 4

2024-07-17 23:30:24.649047 INFO: Thread 140246156437056 is running task

2024-07-17 23:30:24.649059 INFO: eventNum: 1
2024-07-17 23:30:24.649064 INFO: fd: 32, events: 4

2024-07-17 23:30:24.649087 INFO: Thread 140246114473536 is running task

2024-07-17 23:30:24.649410 INFO: eventNum: 1
2024-07-17 23:30:24.649428 INFO: fd: 28, events: 8193

2024-07-17 23:30:24.649447 INFO: HttpConn 28 close success
2024-07-17 23:30:24.649455 INFO: Client[28] quit!
2024-07-17 23:30:24.650953 INFO: eventNum: 1
2024-07-17 23:30:24.650970 INFO: fd: 13, events: 1

2024-07-17 23:30:24.650975 INFO: HandleListenEvent 13
2024-07-17 23:30:24.650993 INFO: HttpConn 28 init success
2024-07-17 23:30:24.651000 INFO: addTimer id:28 expireTime:1721230724
2024-07-17 23:30:24.651011 INFO: Client[28] in!
2024-07-17 23:30:24.651015 INFO: HandleListenEvent 13
2024-07-17 23:30:24.651024 ERROR: Accept failure -1
2024-07-17 23:30:24.651177 INFO: eventNum: 1
2024-07-17 23:30:24.651189 INFO: fd: 26, events: 8193

2024-07-17 23:30:24.651205 INFO: HttpConn 26 close success
2024-07-17 23:30:24.651213 INFO: Client[26] quit!
2024-07-17 23:30:24.651405 INFO: eventNum: 1
2024-07-17 23:30:24.651415 INFO: fd: 30, events: 8193

2024-07-17 23:30:24.651428 INFO: HttpConn 30 close success
2024-07-17 23:30:24.651436 INFO: Client[30] quit!
2024-07-17 23:30:24.651682 INFO: eventNum: 1
2024-07-17 23:30:24.651697 INFO: fd: 28, events: 1

2024-07-17 23:30:24.651712 INFO: HttpConn 28 read success
2024-07-17 23:30:24.651721 INFO: GET / HTTP/1.1
2024-07-17 23:30:24.651727 INFO: Host: 39.98.202.182:9006
2024-07-17 23:30:24.651732 INFO: User-Agent: Go-http-client/1.1
2024-07-17 23:30:24.651736 INFO: oop!unknow header: User-Agent: Go-http-client/1.1
2024-07-17 23:30:24.651741 INFO: X-Vegeta-Seq: 3974
2024-07-17 23:30:24.651745 INFO: oop!unknow header: X-Vegeta-Seq: 3974
2024-07-17 23:30:24.651749 INFO: Accept-Encoding: gzip
2024-07-17 23:30:24.651754 INFO: oop!unknow header: Accept-Encoding: gzip
2024-07-17 23:30:24.651758 INFO: 
2024-07-17 23:30:24.651774 INFO: request:HTTP/1.1 200 OK

2024-07-17 23:30:24.651786 INFO: request:HTTP/1.1 200 OK
Content-Length:542

2024-07-17 23:30:24.651791 INFO: request:HTTP/1.1 200 OK
Content-Length:542
Connection:close

2024-07-17 23:30:24.651795 INFO: request:HTTP/1.1 200 OK
Content-Length:542
Connection:close


2024-07-17 23:30:24.651805 INFO: Thread 140246139651648 is running task

2024-07-17 23:30:24.651814 INFO: eventNum: 1
2024-07-17 23:30:24.651819 INFO: fd: 28, events: 4

2024-07-17 23:30:24.651850 INFO: Thread 140246131258944 is running task

2024-07-17 23:30:24.656398 INFO: eventNum: 2
2024-07-17 23:30:24.656435 INFO: fd: 18, events: 8193

2024-07-17 23:30:24.656461 INFO: HttpConn 18 close success
2024-07-17 23:30:24.656471 INFO: Client[18] quit!
2024-07-17 23:30:24.656475 INFO: fd: 29, events: 8193

2024-07-17 23:30:24.656487 INFO: HttpConn 29 close success
2024-07-17 23:30:24.656493 INFO: Client[29] quit!
2024-07-17 23:30:24.658043 INFO: eventNum: 1
2024-07-17 23:30:24.658067 INFO: fd: 13, events: 1

2024-07-17 23:30:24.658072 INFO: HandleListenEvent 13
2024-07-17 23:30:24.658095 INFO: HttpConn 18 init success
2024-07-17 23:30:24.658102 INFO: addTimer id:18 expireTime:1721230724
2024-07-17 23:30:24.658146 INFO: Client[18] in!
2024-07-17 23:30:24.658153 INFO: HandleListenEvent 13
2024-07-17 23:30:24.658165 ERROR: Accept failure -1
2024-07-17 23:30:24.658220 INFO: eventNum: 1
2024-07-17 23:30:24.658227 INFO: fd: 31, events: 8193

2024-07-17 23:30:24.658253 INFO: HttpConn 31 close success
2024-07-17 23:30:24.658268 INFO: Client[31] quit!
2024-07-17 23:30:24.658645 INFO: eventNum: 1
2024-07-17 23:30:24.658657 INFO: fd: 13, events: 1

2024-07-17 23:30:24.658661 INFO: HandleListenEvent 13
2024-07-17 23:30:24.658674 INFO: HttpConn 26 init success
2024-07-17 23:30:24.658680 INFO: addTimer id:26 expireTime:1721230724
2024-07-17 23:30:24.658689 INFO: Client[26] in!
2024-07-17 23:30:24.658694 INFO: HandleListenEvent 13
2024-07-17 23:30:24.658701 ERROR: Accept failure -1
2024-07-17 23:30:24.659065 INFO: eventNum: 1
2024-07-17 23:30:24.659081 INFO: fd: 13, events: 1

2024-07-17 23:30:24.659086 INFO: HandleListenEvent 13
2024-07-17 23:30:24.659095 INFO: HttpConn 29 init success
2024-07-17 23:30:24.659101 INFO: addTimer id:29 expireTime:1721230724
2024-07-17 23:30:24.659109 INFO: Client[29] in!
2024-07-17 23:30:24.659114 INFO: HandleListenEvent 13
2024-07-17 23:30:24.659121 ERROR: Accept failure -1
2024-07-17 23:30:24.660031 INFO: eventNum: 1
2024-07-17 23:30:24.660045 INFO: fd: 16, events: 8193

2024-07-17 23:30:24.660063 INFO: HttpConn 16 close success
2024-07-17 23:30:24.660071 INFO: Client[16] quit!
2024-07-17 23:30:24.661785 INFO: eventNum: 1
2024-07-17 23:30:24.661805 INFO: fd: 18, events: 1

2024-07-17 23:30:24.661825 INFO: HttpConn 18 read success
2024-07-17 23:30:24.661841 INFO: GET / HTTP/1.1
2024-07-17 23:30:24.661848 INFO: Host: 39.98.202.182:9006
2024-07-17 23:30:24.661854 INFO: User-Agent: Go-http-client/1.1
2024-07-17 23:30:24.661861 INFO: oop!unknow header: User-Agent: Go-http-client/1.1
2024-07-17 23:30:24.661868 INFO: X-Vegeta-Seq: 3975
2024-07-17 23:30:24.661874 INFO: oop!unknow header: X-Vegeta-Seq: 3975
2024-07-17 23:30:24.661880 INFO: Accept-Encoding: gzip
2024-07-17 23:30:24.661885 INFO: oop!unknow header: Accept-Encoding: gzip
2024-07-17 23:30:24.661891 INFO: 
2024-07-17 23:30:24.661919 INFO: request:HTTP/1.1 200 OK

2024-07-17 23:30:24.661925 INFO: request:HTTP/1.1 200 OK
Content-Length:542

2024-07-17 23:30:24.661930 INFO: request:HTTP/1.1 200 OK
Content-Length:542
Connection:close

2024-07-17 23:30:24.661934 INFO: request:HTTP/1.1 200 OK
Content-Length:542
Connection:close


2024-07-17 23:30:24.661956 INFO: Thread 140246106080832 is running task

2024-07-17 23:30:24.661966 INFO: eventNum: 1
2024-07-17 23:30:24.661971 INFO: fd: 18, events: 4

2024-07-17 23:30:24.662014 INFO: Thread 140246097688128 is running task

2024-07-17 23:30:24.662324 INFO: eventNum: 1
2024-07-17 23:30:24.662336 INFO: fd: 17, events: 8193

2024-07-17 23:30:24.662352 INFO: HttpConn 17 close success
2024-07-17 23:30:24.662368 INFO: Client[17] quit!
2024-07-17 23:30:24.662496 INFO: eventNum: 1
2024-07-17 23:30:24.662511 INFO: fd: 35, events: 8193

2024-07-17 23:30:24.662526 INFO: HttpConn 35 close success
2024-07-17 23:30:24.662534 INFO: Client[35] quit!
2024-07-17 23:30:24.662781 INFO: eventNum: 1
2024-07-17 23:30:24.662795 INFO: fd: 26, events: 1

2024-07-17 23:30:24.662809 INFO: HttpConn 26 read success
2024-07-17 23:30:24.662819 INFO: GET / HTTP/1.1
2024-07-17 23:30:24.662825 INFO: Host: 39.98.202.182:9006
2024-07-17 23:30:24.662831 INFO: User-Agent: Go-http-client/1.1
2024-07-17 23:30:24.662838 INFO: oop!unknow header: User-Agent: Go-http-client/1.1
2024-07-17 23:30:24.662845 INFO: X-Vegeta-Seq: 3976
2024-07-17 23:30:24.662851 INFO: oop!unknow header: X-Vegeta-Seq: 3976
2024-07-17 23:30:24.662858 INFO: Accept-Encoding: gzip
2024-07-17 23:30:24.662862 INFO: oop!unknow header: Accept-Encoding: gzip
2024-07-17 23:30:24.662867 INFO: 
2024-07-17 23:30:24.662890 INFO: request:HTTP/1.1 200 OK

2024-07-17 23:30:24.662895 INFO: request:HTTP/1.1 200 OK
Content-Length:542

2024-07-17 23:30:24.662899 INFO: request:HTTP/1.1 200 OK
Content-Length:542
Connection:close

2024-07-17 23:30:24.662904 INFO: request:HTTP/1.1 200 OK
Content-Length:542
Connection:close


2024-07-17 23:30:24.662914 INFO: Thread 140246148044352 is running task

2024-07-17 23:30:24.662924 INFO: eventNum: 1
2024-07-17 23:30:24.662928 INFO: fd: 26, events: 4

2024-07-17 23:30:24.662962 INFO: Thread 140246122866240 is running task

2024-07-17 23:30:24.662973 INFO: eventNum: 1
2024-07-17 23:30:24.662978 INFO: fd: 33, events: 8193

2024-07-17 23:30:24.662991 INFO: HttpConn 33 close success
2024-07-17 23:30:24.662998 INFO: Client[33] quit!
2024-07-17 23:30:24.663119 INFO: eventNum: 1
2024-07-17 23:30:24.663131 INFO: fd: 32, events: 8193

2024-07-17 23:30:24.663143 INFO: HttpConn 32 close success
2024-07-17 23:30:24.663150 INFO: Client[32] quit!
2024-07-17 23:30:24.663156 INFO: eventNum: 1
2024-07-17 23:30:24.663163 INFO: fd: 29, events: 1

2024-07-17 23:30:24.663176 INFO: HttpConn 29 read success
2024-07-17 23:30:24.663186 INFO: GET / HTTP/1.1
2024-07-17 23:30:24.663191 INFO: Host: 39.98.202.182:9006
2024-07-17 23:30:24.663195 INFO: User-Agent: Go-http-client/1.1
2024-07-17 23:30:24.663200 INFO: oop!unknow header: User-Agent: Go-http-client/1.1
2024-07-17 23:30:24.663204 INFO: X-Vegeta-Seq: 3979
2024-07-17 23:30:24.663208 INFO: oop!unknow header: X-Vegeta-Seq: 3979
2024-07-17 23:30:24.663212 INFO: Accept-Encoding: gzip
2024-07-17 23:30:24.663217 INFO: oop!unknow header: Accept-Encoding: gzip
2024-07-17 23:30:24.663221 INFO: 
2024-07-17 23:30:24.663235 INFO: request:HTTP/1.1 200 OK

2024-07-17 23:30:24.663239 INFO: request:HTTP/1.1 200 OK
Content-Length:542

2024-07-17 23:30:24.663244 INFO: request:HTTP/1.1 200 OK
Content-Length:542
Connection:close

2024-07-17 23:30:24.663248 INFO: request:HTTP/1.1 200 OK
Content-Length:542
Connection:close


2024-07-17 23:30:24.663256 INFO: Thread 140246156437056 is running task

2024-07-17 23:30:24.663265 INFO: eventNum: 2
2024-07-17 23:30:24.663270 INFO: fd: 34, events: 8193

2024-07-17 23:30:24.663282 INFO: HttpConn 34 close success
2024-07-17 23:30:24.663289 INFO: Client[34] quit!
2024-07-17 23:30:24.663294 INFO: fd: 29, events: 4

2024-07-17 23:30:24.663319 INFO: Thread 140246114473536 is running task

2024-07-17 23:30:24.664233 INFO: eventNum: 1
2024-07-17 23:30:24.664262 INFO: fd: 13, events: 1

2024-07-17 23:30:24.664268 INFO: HandleListenEvent 13
2024-07-17 23:30:24.664286 INFO: HttpConn 16 init success
2024-07-17 23:30:24.664293 INFO: addTimer id:16 expireTime:1721230724
2024-07-17 23:30:24.664303 INFO: Client[16] in!
2024-07-17 23:30:24.664308 INFO: HandleListenEvent 13
2024-07-17 23:30:24.664316 ERROR: Accept failure -1
2024-07-17 23:30:24.664746 INFO: eventNum: 1
2024-07-17 23:30:24.664758 INFO: fd: 36, events: 8193

2024-07-17 23:30:24.664775 INFO: HttpConn 36 close success
2024-07-17 23:30:24.664784 INFO: Client[36] quit!
2024-07-17 23:30:24.664792 INFO: eventNum: 1
2024-07-17 23:30:24.664798 INFO: fd: 28, events: 8193

2024-07-17 23:30:24.664824 INFO: HttpConn 28 close success
2024-07-17 23:30:24.664835 INFO: Client[28] quit!
2024-07-17 23:30:24.664952 INFO: eventNum: 1
2024-07-17 23:30:24.664967 INFO: fd: 16, events: 1

2024-07-17 23:30:24.664981 INFO: HttpConn 16 read success
2024-07-17 23:30:24.664993 INFO: GET / HTTP/1.1
2024-07-17 23:30:24.664999 INFO: Host: 39.98.202.182:9006
2024-07-17 23:30:24.665006 INFO: User-Agent: Go-http-client/1.1
2024-07-17 23:30:24.665010 INFO: oop!unknow header: User-Agent: Go-http-client/1.1
2024-07-17 23:30:24.665015 INFO: X-Vegeta-Seq: 3980
2024-07-17 23:30:24.665019 INFO: oop!unknow header: X-Vegeta-Seq: 3980
2024-07-17 23:30:24.665023 INFO: Accept-Encoding: gzip
2024-07-17 23:30:24.665027 INFO: oop!unknow header: Accept-Encoding: gzip
2024-07-17 23:30:24.665032 INFO: 
2024-07-17 23:30:24.665048 INFO: request:HTTP/1.1 200 OK

2024-07-17 23:30:24.665053 INFO: request:HTTP/1.1 200 OK
Content-Length:542

2024-07-17 23:30:24.665057 INFO: request:HTTP/1.1 200 OK
Content-Length:542
Connection:close

2024-07-17 23:30:24.665062 INFO: request:HTTP/1.1 200 OK
Content-Length:542
Connection:close


2024-07-17 23:30:24.665102 INFO: Thread 140246139651648 is running task

2024-07-17 23:30:24.665113 INFO: eventNum: 1
2024-07-17 23:30:24.665117 INFO: fd: 16, events: 4

2024-07-17 23:30:24.665150 INFO: Thread 140246131258944 is running task

2024-07-17 23:30:24.669161 INFO: eventNum: 1
2024-07-17 23:30:24.669191 INFO: fd: 13, events: 1

2024-07-17 23:30:24.669196 INFO: HandleListenEvent 13
2024-07-17 23:30:24.669218 INFO: HttpConn 17 init success
2024-07-17 23:30:24.669224 INFO: addTimer id:17 expireTime:1721230724
2024-07-17 23:30:24.669236 INFO: Client[17] in!
2024-07-17 23:30:24.669240 INFO: HandleListenEvent 13
2024-07-17 23:30:24.669250 ERROR: Accept failure -1
2024-07-17 23:30:24.670244 INFO: eventNum: 1
2024-07-17 23:30:24.670265 INFO: fd: 17, events: 1

2024-07-17 23:30:24.670281 INFO: HttpConn 17 read success
2024-07-17 23:30:24.670292 INFO: GET / HTTP/1.1
2024-07-17 23:30:24.670299 INFO: Host: 39.98.202.182:9006
2024-07-17 23:30:24.670304 INFO: User-Agent: Go-http-client/1.1
2024-07-17 23:30:24.670308 INFO: oop!unknow header: User-Agent: Go-http-client/1.1
2024-07-17 23:30:24.670313 INFO: X-Vegeta-Seq: 3983
2024-07-17 23:30:24.670318 INFO: oop!unknow header: X-Vegeta-Seq: 3983
2024-07-17 23:30:24.670322 INFO: Accept-Encoding: gzip
2024-07-17 23:30:24.670326 INFO: oop!unknow header: Accept-Encoding: gzip
2024-07-17 23:30:24.670331 INFO: 
2024-07-17 23:30:24.670351 INFO: request:HTTP/1.1 200 OK

2024-07-17 23:30:24.670356 INFO: request:HTTP/1.1 200 OK
Content-Length:542

2024-07-17 23:30:24.670360 INFO: request:HTTP/1.1 200 OK
Content-Length:542
Connection:close

2024-07-17 23:30:24.670365 INFO: request:HTTP/1.1 200 OK
Content-Length:542
Connection:close


2024-07-17 23:30:24.670376 INFO: Thread 140246106080832 is running task

2024-07-17 23:30:24.670385 INFO: eventNum: 1
2024-07-17 23:30:24.670390 INFO: fd: 17, events: 4

2024-07-17 23:30:24.670425 INFO: Thread 140246097688128 is running task

2024-07-17 23:30:24.673079 INFO: eventNum: 1
2024-07-17 23:30:24.673104 INFO: fd: 18, events: 8193

2024-07-17 23:30:24.673125 INFO: HttpConn 18 close success
2024-07-17 23:30:24.673134 INFO: Client[18] quit!
2024-07-17 23:30:24.674874 INFO: eventNum: 2
2024-07-17 23:30:24.674920 INFO: fd: 26, events: 8193

2024-07-17 23:30:24.674944 INFO: HttpConn 26 close success
2024-07-17 23:30:24.674950 INFO: Client[26] quit!
2024-07-17 23:30:24.674955 INFO: fd: 29, events: 8193

2024-07-17 23:30:24.674985 INFO: HttpConn 29 close success
2024-07-17 23:30:24.674994 INFO: Client[29] quit!
2024-07-17 23:30:24.684994 INFO: eventNum: 1
2024-07-17 23:30:24.685055 INFO: fd: 13, events: 1

2024-07-17 23:30:24.685065 INFO: HandleListenEvent 13
2024-07-17 23:30:24.685095 INFO: HttpConn 18 init success
2024-07-17 23:30:24.685103 INFO: addTimer id:18 expireTime:1721230724
2024-07-17 23:30:24.685116 INFO: Client[18] in!
2024-07-17 23:30:24.685121 INFO: HandleListenEvent 13
2024-07-17 23:30:24.685159 ERROR: Accept failure -1
2024-07-17 23:30:24.685470 INFO: eventNum: 1
2024-07-17 23:30:24.685489 INFO: fd: 13, events: 1

2024-07-17 23:30:24.685524 INFO: HandleListenEvent 13
2024-07-17 23:30:24.685544 INFO: HttpConn 26 init success
2024-07-17 23:30:24.685557 INFO: addTimer id:26 expireTime:1721230724
2024-07-17 23:30:24.685588 INFO: Client[26] in!
2024-07-17 23:30:24.685595 INFO: HandleListenEvent 13
2024-07-17 23:30:24.685607 ERROR: Accept failure -1
2024-07-17 23:30:24.685966 INFO: eventNum: 1
2024-07-17 23:30:24.685983 INFO: fd: 16, events: 8193

2024-07-17 23:30:24.686008 INFO: HttpConn 16 close success
2024-07-17 23:30:24.686014 INFO: Client[16] quit!
2024-07-17 23:30:24.686071 INFO: eventNum: 1
2024-07-17 23:30:24.686081 INFO: fd: 18, events: 1

2024-07-17 23:30:24.686105 INFO: HttpConn 18 read success
2024-07-17 23:30:24.686150 INFO: GET / HTTP/1.1
2024-07-17 23:30:24.686158 INFO: Host: 39.98.202.182:9006
2024-07-17 23:30:24.686163 INFO: User-Agent: Go-http-client/1.1
2024-07-17 23:30:24.686167 INFO: oop!unknow header: User-Agent: Go-http-client/1.1
2024-07-17 23:30:24.686172 INFO: X-Vegeta-Seq: 3984
2024-07-17 23:30:24.686176 INFO: oop!unknow header: X-Vegeta-Seq: 3984
2024-07-17 23:30:24.686180 INFO: Accept-Encoding: gzip
2024-07-17 23:30:24.686184 INFO: oop!unknow header: Accept-Encoding: gzip
2024-07-17 23:30:24.686189 INFO: 
2024-07-17 23:30:24.686213 INFO: request:HTTP/1.1 200 OK

2024-07-17 23:30:24.686218 INFO: request:HTTP/1.1 200 OK
Content-Length:542

2024-07-17 23:30:24.686223 INFO: request:HTTP/1.1 200 OK
Content-Length:542
Connection:close

2024-07-17 23:30:24.686227 INFO: request:HTTP/1.1 200 OK
Content-Length:542
Connection:close


2024-07-17 23:30:24.686243 INFO: Thread 140246148044352 is running task

2024-07-17 23:30:24.686261 INFO: eventNum: 2
2024-07-17 23:30:24.686269 INFO: fd: 13, events: 1

2024-07-17 23:30:24.686276 INFO: HandleListenEvent 13
2024-07-17 23:30:24.686294 INFO: HttpConn 16 init success
2024-07-17 23:30:24.686301 INFO: addTimer id:16 expireTime:1721230724
2024-07-17 23:30:24.686312 INFO: Client[16] in!
2024-07-17 23:30:24.686317 INFO: HandleListenEvent 13
2024-07-17 23:30:24.686325 ERROR: Accept failure -1
2024-07-17 23:30:24.686330 INFO: fd: 18, events: 4

2024-07-17 23:30:24.686374 INFO: Thread 140246122866240 is running task

2024-07-17 23:30:24.686386 INFO: eventNum: 1
2024-07-17 23:30:24.686391 INFO: fd: 17, events: 8193

2024-07-17 23:30:24.686405 INFO: HttpConn 17 close success
2024-07-17 23:30:24.686412 INFO: Client[17] quit!
2024-07-17 23:30:24.686962 INFO: eventNum: 1
2024-07-17 23:30:24.686978 INFO: fd: 26, events: 1

2024-07-17 23:30:24.686992 INFO: HttpConn 26 read success
2024-07-17 23:30:24.687003 INFO: GET / HTTP/1.1
2024-07-17 23:30:24.687009 INFO: Host: 39.98.202.182:9006
2024-07-17 23:30:24.687013 INFO: User-Agent: Go-http-client/1.1
2024-07-17 23:30:24.687018 INFO: oop!unknow header: User-Agent: Go-http-client/1.1
2024-07-17 23:30:24.687023 INFO: X-Vegeta-Seq: 3986
2024-07-17 23:30:24.687027 INFO: oop!unknow header: X-Vegeta-Seq: 3986
2024-07-17 23:30:24.687031 INFO: Accept-Encoding: gzip
2024-07-17 23:30:24.687036 INFO: oop!unknow header: Accept-Encoding: gzip
2024-07-17 23:30:24.687040 INFO: 
2024-07-17 23:30:24.687056 INFO: request:HTTP/1.1 200 OK

2024-07-17 23:30:24.687061 INFO: request:HTTP/1.1 200 OK
Content-Length:542

2024-07-17 23:30:24.687065 INFO: request:HTTP/1.1 200 OK
Content-Length:542
Connection:close

2024-07-17 23:30:24.687070 INFO: request:HTTP/1.1 200 OK
Content-Length:542
Connection:close


2024-07-17 23:30:24.687079 INFO: Thread 140246156437056 is running task

2024-07-17 23:30:24.687088 INFO: eventNum: 1
2024-07-17 23:30:24.687093 INFO: fd: 26, events: 4

2024-07-17 23:30:24.687125 INFO: Thread 140246114473536 is running task

2024-07-17 23:30:24.687266 INFO: eventNum: 1
2024-07-17 23:30:24.687282 INFO: fd: 16, events: 1

2024-07-17 23:30:24.687299 INFO: HttpConn 16 read success
2024-07-17 23:30:24.687308 INFO: GET / HTTP/1.1
2024-07-17 23:30:24.687313 INFO: Host: 39.98.202.182:9006
2024-07-17 23:30:24.687318 INFO: User-Agent: Go-http-client/1.1
2024-07-17 23:30:24.687329 INFO: oop!unknow header: User-Agent: Go-http-client/1.1
2024-07-17 23:30:24.687334 INFO: X-Vegeta-Seq: 3985
2024-07-17 23:30:24.687339 INFO: oop!unknow header: X-Vegeta-Seq: 3985
2024-07-17 23:30:24.687343 INFO: Accept-Encoding: gzip
2024-07-17 23:30:24.687347 INFO: oop!unknow header: Accept-Encoding: gzip
2024-07-17 23:30:24.687351 INFO: 
2024-07-17 23:30:24.687366 INFO: request:HTTP/1.1 200 OK

2024-07-17 23:30:24.687371 INFO: request:HTTP/1.1 200 OK
Content-Length:542

2024-07-17 23:30:24.687375 INFO: request:HTTP/1.1 200 OK
Content-Length:542
Connection:close

2024-07-17 23:30:24.687379 INFO: request:HTTP/1.1 200 OK
Content-Length:542
Connection:close


2024-07-17 23:30:24.687388 INFO: Thread 140246139651648 is running task

2024-07-17 23:30:24.687397 INFO: eventNum: 1
2024-07-17 23:30:24.687402 INFO: fd: 16, events: 4

2024-07-17 23:30:24.687430 INFO: Thread 140246131258944 is running task

2024-07-17 23:30:24.689119 INFO: eventNum: 1
2024-07-17 23:30:24.689147 INFO: fd: 13, events: 1

2024-07-17 23:30:24.689152 INFO: HandleListenEvent 13
2024-07-17 23:30:24.689169 INFO: HttpConn 17 init success
2024-07-17 23:30:24.689175 INFO: addTimer id:17 expireTime:1721230724
2024-07-17 23:30:24.689188 INFO: Client[17] in!
2024-07-17 23:30:24.689193 INFO: HandleListenEvent 13
2024-07-17 23:30:24.689209 INFO: HttpConn 28 init success
2024-07-17 23:30:24.689217 INFO: addTimer id:28 expireTime:1721230724
2024-07-17 23:30:24.689228 INFO: Client[28] in!
2024-07-17 23:30:24.689233 INFO: HandleListenEvent 13
2024-07-17 23:30:24.689242 ERROR: Accept failure -1
2024-07-17 23:30:24.690234 INFO: eventNum: 1
2024-07-17 23:30:24.690262 INFO: fd: 17, events: 1

2024-07-17 23:30:24.690277 INFO: HttpConn 17 read success
2024-07-17 23:30:24.690288 INFO: GET / HTTP/1.1
2024-07-17 23:30:24.690294 INFO: Host: 39.98.202.182:9006
2024-07-17 23:30:24.690299 INFO: User-Agent: Go-http-client/1.1
2024-07-17 23:30:24.690304 INFO: oop!unknow header: User-Agent: Go-http-client/1.1
2024-07-17 23:30:24.690308 INFO: X-Vegeta-Seq: 3993
2024-07-17 23:30:24.690313 INFO: oop!unknow header: X-Vegeta-Seq: 3993
2024-07-17 23:30:24.690317 INFO: Accept-Encoding: gzip
2024-07-17 23:30:24.690321 INFO: oop!unknow header: Accept-Encoding: gzip
2024-07-17 23:30:24.690326 INFO: 
2024-07-17 23:30:24.690343 INFO: request:HTTP/1.1 200 OK

2024-07-17 23:30:24.690348 INFO: request:HTTP/1.1 200 OK
Content-Length:542

2024-07-17 23:30:24.690352 INFO: request:HTTP/1.1 200 OK
Content-Length:542
Connection:close

2024-07-17 23:30:24.690357 INFO: request:HTTP/1.1 200 OK
Content-Length:542
Connection:close


2024-07-17 23:30:24.690368 INFO: Thread 140246106080832 is running task

2024-07-17 23:30:24.690377 INFO: eventNum: 1
2024-07-17 23:30:24.690381 INFO: fd: 17, events: 4

2024-07-17 23:30:24.690416 INFO: Thread 140246097688128 is running task

2024-07-17 23:30:24.691099 INFO: eventNum: 1
2024-07-17 23:30:24.691129 INFO: fd: 28, events: 1

2024-07-17 23:30:24.691150 INFO: HttpConn 28 read success
2024-07-17 23:30:24.691167 INFO: GET / HTTP/1.1
2024-07-17 23:30:24.691175 INFO: Host: 39.98.202.182:9006
2024-07-17 23:30:24.691181 INFO: User-Agent: Go-http-client/1.1
2024-07-17 23:30:24.691185 INFO: oop!unknow header: User-Agent: Go-http-client/1.1
2024-07-17 23:30:24.691190 INFO: X-Vegeta-Seq: 3992
2024-07-17 23:30:24.691194 INFO: oop!unknow header: X-Vegeta-Seq: 3992
2024-07-17 23:30:24.691198 INFO: Accept-Encoding: gzip
2024-07-17 23:30:24.691203 INFO: oop!unknow header: Accept-Encoding: gzip
2024-07-17 23:30:24.691207 INFO: 
2024-07-17 23:30:24.691221 INFO: request:HTTP/1.1 200 OK

2024-07-17 23:30:24.691226 INFO: request:HTTP/1.1 200 OK
Content-Length:542

2024-07-17 23:30:24.691230 INFO: request:HTTP/1.1 200 OK
Content-Length:542
Connection:close

2024-07-17 23:30:24.691235 INFO: request:HTTP/1.1 200 OK
Content-Length:542
Connection:close


2024-07-17 23:30:24.691245 INFO: Thread 140246148044352 is running task

2024-07-17 23:30:24.691287 INFO: eventNum: 1
2024-07-17 23:30:24.691300 INFO: fd: 28, events: 4

2024-07-17 23:30:24.691344 INFO: Thread 140246122866240 is running task

2024-07-17 23:30:24.700755 INFO: eventNum: 1
2024-07-17 23:30:24.700813 INFO: fd: 18, events: 8193

2024-07-17 23:30:24.700850 INFO: HttpConn 18 close success
2024-07-17 23:30:24.700860 INFO: Client[18] quit!
2024-07-17 23:30:24.734245 INFO: eventNum: 1
2024-07-17 23:30:24.734308 INFO: fd: 26, events: 8193

2024-07-17 23:30:24.734346 INFO: HttpConn 26 close success
2024-07-17 23:30:24.734354 INFO: Client[26] quit!
2024-07-17 23:30:24.746353 INFO: eventNum: 1
2024-07-17 23:30:24.746421 INFO: fd: 13, events: 1

2024-07-17 23:30:24.746433 INFO: HandleListenEvent 13
2024-07-17 23:30:24.746466 INFO: HttpConn 18 init success
2024-07-17 23:30:24.746476 INFO: addTimer id:18 expireTime:1721230724
2024-07-17 23:30:24.746525 INFO: Client[18] in!
2024-07-17 23:30:24.746533 INFO: HandleListenEvent 13
2024-07-17 23:30:24.746596 ERROR: Accept failure -1
2024-07-17 23:30:24.749328 INFO: eventNum: 1
2024-07-17 23:30:24.749383 INFO: fd: 18, events: 1

2024-07-17 23:30:24.749416 INFO: HttpConn 18 read success
2024-07-17 23:30:24.749448 INFO: GET / HTTP/1.1
2024-07-17 23:30:24.749455 INFO: Host: 39.98.202.182:9006
2024-07-17 23:30:24.749460 INFO: User-Agent: Go-http-client/1.1
2024-07-17 23:30:24.749465 INFO: oop!unknow header: User-Agent: Go-http-client/1.1
2024-07-17 23:30:24.749470 INFO: X-Vegeta-Seq: 4015
2024-07-17 23:30:24.749475 INFO: oop!unknow header: X-Vegeta-Seq: 4015
2024-07-17 23:30:24.749479 INFO: Accept-Encoding: gzip
2024-07-17 23:30:24.749484 INFO: oop!unknow header: Accept-Encoding: gzip
2024-07-17 23:30:24.749488 INFO: 
2024-07-17 23:30:24.749544 INFO: request:HTTP/1.1 200 OK

2024-07-17 23:30:24.749549 INFO: request:HTTP/1.1 200 OK
Content-Length:542

2024-07-17 23:30:24.749554 INFO: request:HTTP/1.1 200 OK
Content-Length:542
Connection:close

2024-07-17 23:30:24.749558 INFO: request:HTTP/1.1 200 OK
Content-Length:542
Connection:close


2024-07-17 23:30:24.749580 INFO: Thread 140246156437056 is running task

2024-07-17 23:30:24.749641 INFO: eventNum: 1
2024-07-17 23:30:24.749665 INFO: fd: 18, events: 4

2024-07-17 23:30:24.749718 INFO: Thread 140246114473536 is running task

2024-07-17 23:30:24.750242 INFO: eventNum: 1
2024-07-17 23:30:24.750282 INFO: fd: 17, events: 8193

2024-07-17 23:30:24.750312 INFO: HttpConn 17 close success
2024-07-17 23:30:24.750330 INFO: Client[17] quit!
2024-07-17 23:30:24.750338 INFO: eventNum: 1
2024-07-17 23:30:24.750345 INFO: fd: 28, events: 8193

2024-07-17 23:30:24.750359 INFO: HttpConn 28 close success
2024-07-17 23:30:24.750364 INFO: Client[28] quit!
2024-07-17 23:30:24.751045 INFO: eventNum: 1
2024-07-17 23:30:24.751074 INFO: fd: 16, events: 8193

2024-07-17 23:30:24.751117 INFO: HttpConn 16 close success
2024-07-17 23:30:24.751147 INFO: Client[16] quit!
2024-07-17 23:30:24.764333 INFO: eventNum: 1
2024-07-17 23:30:24.764414 INFO: fd: 18, events: 8193

2024-07-17 23:30:24.764455 INFO: HttpConn 18 close success
2024-07-17 23:30:24.764463 INFO: Client[18] quit!
2024-07-17 23:30:25.013399 INFO: eventNum: 1
2024-07-17 23:30:25.013469 INFO: fd: 13, events: 1

2024-07-17 23:30:25.013478 INFO: HandleListenEvent 13
2024-07-17 23:30:25.013545 INFO: HttpConn 16 init success
2024-07-17 23:30:25.013555 INFO: addTimer id:16 expireTime:1721230725
2024-07-17 23:30:25.013576 INFO: Client[16] in!
2024-07-17 23:30:25.013583 INFO: HandleListenEvent 13
2024-07-17 23:30:25.013598 ERROR: Accept failure -1
2024-07-17 23:30:25.014540 INFO: eventNum: 1
2024-07-17 23:30:25.014573 INFO: fd: 16, events: 1

2024-07-17 23:30:25.014610 INFO: HttpConn 16 read success
2024-07-17 23:30:25.014646 INFO: GET / HTTP/1.1
2024-07-17 23:30:25.014655 INFO: Host: 39.98.202.182:9006
2024-07-17 23:30:25.014660 INFO: User-Agent: Go-http-client/1.1
2024-07-17 23:30:25.014664 INFO: oop!unknow header: User-Agent: Go-http-client/1.1
2024-07-17 23:30:25.014669 INFO: X-Vegeta-Seq: 4152
2024-07-17 23:30:25.014673 INFO: oop!unknow header: X-Vegeta-Seq: 4152
2024-07-17 23:30:25.014678 INFO: Accept-Encoding: gzip
2024-07-17 23:30:25.014682 INFO: oop!unknow header: Accept-Encoding: gzip
2024-07-17 23:30:25.014696 INFO: 
2024-07-17 23:30:25.014725 INFO: request:HTTP/1.1 200 OK

2024-07-17 23:30:25.014730 INFO: request:HTTP/1.1 200 OK
Content-Length:542

2024-07-17 23:30:25.014735 INFO: request:HTTP/1.1 200 OK
Content-Length:542
Connection:close

2024-07-17 23:30:25.014740 INFO: request:HTTP/1.1 200 OK
Content-Length:542
Connection:close


2024-07-17 23:30:25.014762 INFO: Thread 140246139651648 is running task

2024-07-17 23:30:25.014783 INFO: eventNum: 1
2024-07-17 23:30:25.014816 INFO: fd: 16, events: 4

2024-07-17 23:30:25.014877 INFO: Thread 140246131258944 is running task

2024-07-17 23:30:25.043021 INFO: eventNum: 1
2024-07-17 23:30:25.043077 INFO: fd: 16, events: 8193

2024-07-17 23:30:25.043118 INFO: HttpConn 16 close success
2024-07-17 23:30:25.043124 INFO: Client[16] quit!
2024-07-17 23:30:25.634436 INFO: eventNum: 1
2024-07-17 23:30:25.634521 INFO: fd: 13, events: 1

2024-07-17 23:30:25.634529 INFO: HandleListenEvent 13
2024-07-17 23:30:25.634558 INFO: HttpConn 16 init success
2024-07-17 23:30:25.634566 INFO: addTimer id:16 expireTime:1721230725
2024-07-17 23:30:25.634581 INFO: Client[16] in!
2024-07-17 23:30:25.634588 INFO: HandleListenEvent 13
2024-07-17 23:30:25.634603 ERROR: Accept failure -1
2024-07-17 23:30:25.635556 INFO: eventNum: 1
2024-07-17 23:30:25.635583 INFO: fd: 16, events: 1

2024-07-17 23:30:25.635604 INFO: HttpConn 16 read success
2024-07-17 23:30:25.635618 INFO: GET / HTTP/1.1
2024-07-17 23:30:25.635624 INFO: Host: 39.98.202.182:9006
2024-07-17 23:30:25.635629 INFO: User-Agent: Go-http-client/1.1
2024-07-17 23:30:25.635634 INFO: oop!unknow header: User-Agent: Go-http-client/1.1
2024-07-17 23:30:25.635639 INFO: X-Vegeta-Seq: 4465
2024-07-17 23:30:25.635643 INFO: oop!unknow header: X-Vegeta-Seq: 4465
2024-07-17 23:30:25.635647 INFO: Accept-Encoding: gzip
2024-07-17 23:30:25.635655 INFO: oop!unknow header: Accept-Encoding: gzip
2024-07-17 23:30:25.635660 INFO: 
2024-07-17 23:30:25.635686 INFO: request:HTTP/1.1 200 OK

2024-07-17 23:30:25.635691 INFO: request:HTTP/1.1 200 OK
Content-Length:542

2024-07-17 23:30:25.635695 INFO: request:HTTP/1.1 200 OK
Content-Length:542
Connection:close

2024-07-17 23:30:25.635700 INFO: request:HTTP/1.1 200 OK
Content-Length:542
Connection:close


2024-07-17 23:30:25.635718 INFO: Thread 140246106080832 is running task

2024-07-17 23:30:25.635727 INFO: eventNum: 1
2024-07-17 23:30:25.635733 INFO: fd: 16, events: 4

2024-07-17 23:30:25.635777 INFO: Thread 140246097688128 is running task

2024-07-17 23:30:25.664050 INFO: eventNum: 1
2024-07-17 23:30:25.664101 INFO: fd: 16, events: 8193

2024-07-17 23:30:25.664142 INFO: HttpConn 16 close success
2024-07-17 23:30:25.664148 INFO: Client[16] quit!
2024-07-17 23:30:26.245688 INFO: eventNum: 1
2024-07-17 23:30:26.245754 INFO: fd: 13, events: 1

2024-07-17 23:30:26.245765 INFO: HandleListenEvent 13
2024-07-17 23:30:26.245787 INFO: HttpConn 16 init success
2024-07-17 23:30:26.245794 INFO: addTimer id:16 expireTime:1721230726
2024-07-17 23:30:26.245809 INFO: Client[16] in!
2024-07-17 23:30:26.245814 INFO: HandleListenEvent 13
2024-07-17 23:30:26.245827 ERROR: Accept failure -1
2024-07-17 23:30:26.248675 INFO: eventNum: 1
2024-07-17 23:30:26.248714 INFO: fd: 16, events: 1

2024-07-17 23:30:26.248737 INFO: HttpConn 16 read success
2024-07-17 23:30:26.248752 INFO: GET / HTTP/1.1
2024-07-17 23:30:26.248759 INFO: Host: 39.98.202.182:9006
2024-07-17 23:30:26.248764 INFO: User-Agent: Go-http-client/1.1
2024-07-17 23:30:26.248768 INFO: oop!unknow header: User-Agent: Go-http-client/1.1
2024-07-17 23:30:26.248773 INFO: X-Vegeta-Seq: 4766
2024-07-17 23:30:26.248778 INFO: oop!unknow header: X-Vegeta-Seq: 4766
2024-07-17 23:30:26.248782 INFO: Accept-Encoding: gzip
2024-07-17 23:30:26.248786 INFO: oop!unknow header: Accept-Encoding: gzip
2024-07-17 23:30:26.248790 INFO: 
2024-07-17 23:30:26.248819 INFO: request:HTTP/1.1 200 OK

2024-07-17 23:30:26.248824 INFO: request:HTTP/1.1 200 OK
Content-Length:542

2024-07-17 23:30:26.248828 INFO: request:HTTP/1.1 200 OK
Content-Length:542
Connection:close

2024-07-17 23:30:26.248843 INFO: request:HTTP/1.1 200 OK
Content-Length:542
Connection:close


2024-07-17 23:30:26.248862 INFO: Thread 140246148044352 is running task

2024-07-17 23:30:26.248873 INFO: eventNum: 1
2024-07-17 23:30:26.248882 INFO: fd: 16, events: 4

2024-07-17 23:30:26.248957 INFO: Thread 140246122866240 is running task

2024-07-17 23:30:26.265560 INFO: eventNum: 1
2024-07-17 23:30:26.265613 INFO: fd: 16, events: 8193

2024-07-17 23:30:26.265661 INFO: HttpConn 16 close success
2024-07-17 23:30:26.265670 INFO: Client[16] quit!
2024-07-17 23:31:28.475322 INFO: eventNum: 1
2024-07-17 23:31:28.475392 INFO: fd: 13, events: 1

2024-07-17 23:31:28.475399 INFO: HandleListenEvent 13
2024-07-17 23:31:28.475418 INFO: HttpConn 16 init success
2024-07-17 23:31:28.475441 INFO: addTimer id:16 expireTime:1721230788
2024-07-17 23:31:28.475462 INFO: Client[16] in!
2024-07-17 23:31:28.475470 INFO: HandleListenEvent 13
2024-07-17 23:31:28.475482 ERROR: Accept failure -1
2024-07-17 23:31:28.475488 INFO: eventNum: 1
2024-07-17 23:31:28.475493 INFO: fd: 16, events: 1

2024-07-17 23:31:28.475513 INFO: HttpConn 16 read success
2024-07-17 23:31:28.475528 INFO: GET / HTTP/1.1
2024-07-17 23:31:28.475534 INFO: Host: 39.98.202.182:9006
2024-07-17 23:31:28.475539 INFO: User-Agent: Go-http-client/1.1
2024-07-17 23:31:28.475543 INFO: oop!unknow header: User-Agent: Go-http-client/1.1
2024-07-17 23:31:28.475548 INFO: X-Vegeta-Seq: 3
2024-07-17 23:31:28.475553 INFO: oop!unknow header: X-Vegeta-Seq: 3
2024-07-17 23:31:28.475557 INFO: Accept-Encoding: gzip
2024-07-17 23:31:28.475561 INFO: oop!unknow header: Accept-Encoding: gzip
2024-07-17 23:31:28.475566 INFO: 
2024-07-17 23:31:28.475591 INFO: request:HTTP/1.1 200 OK

2024-07-17 23:31:28.475596 INFO: request:HTTP/1.1 200 OK
Content-Length:542

2024-07-17 23:31:28.475600 INFO: request:HTTP/1.1 200 OK
Content-Length:542
Connection:close

2024-07-17 23:31:28.475605 INFO: request:HTTP/1.1 200 OK
Content-Length:542
Connection:close


2024-07-17 23:31:28.475624 INFO: Thread 140246156437056 is running task

2024-07-17 23:31:28.475635 INFO: eventNum: 1
2024-07-17 23:31:28.475640 INFO: fd: 16, events: 4

2024-07-17 23:31:28.475688 INFO: Thread 140246114473536 is running task

2024-07-17 23:31:28.502801 INFO: eventNum: 1
2024-07-17 23:31:28.502860 INFO: fd: 13, events: 1

2024-07-17 23:31:28.502871 INFO: HandleListenEvent 13
2024-07-17 23:31:28.502904 INFO: HttpConn 17 init success
2024-07-17 23:31:28.502913 INFO: addTimer id:17 expireTime:1721230788
2024-07-17 23:31:28.502930 INFO: Client[17] in!
2024-07-17 23:31:28.502938 INFO: HandleListenEvent 13
2024-07-17 23:31:28.502952 ERROR: Accept failure -1
2024-07-17 23:31:28.502960 INFO: eventNum: 1
2024-07-17 23:31:28.502966 INFO: fd: 17, events: 1

2024-07-17 23:31:28.502991 INFO: HttpConn 17 read success
2024-07-17 23:31:28.503009 INFO: GET / HTTP/1.1
2024-07-17 23:31:28.503018 INFO: Host: 39.98.202.182:9006
2024-07-17 23:31:28.503024 INFO: User-Agent: Go-http-client/1.1
2024-07-17 23:31:28.503031 INFO: oop!unknow header: User-Agent: Go-http-client/1.1
2024-07-17 23:31:28.503037 INFO: X-Vegeta-Seq: 10
2024-07-17 23:31:28.503043 INFO: oop!unknow header: X-Vegeta-Seq: 10
2024-07-17 23:31:28.503049 INFO: Accept-Encoding: gzip
2024-07-17 23:31:28.503055 INFO: oop!unknow header: Accept-Encoding: gzip
2024-07-17 23:31:28.503061 INFO: 
2024-07-17 23:31:28.503091 INFO: request:HTTP/1.1 200 OK

2024-07-17 23:31:28.503099 INFO: request:HTTP/1.1 200 OK
Content-Length:542

2024-07-17 23:31:28.503106 INFO: request:HTTP/1.1 200 OK
Content-Length:542
Connection:close

2024-07-17 23:31:28.503112 INFO: request:HTTP/1.1 200 OK
Content-Length:542
Connection:close


2024-07-17 23:31:28.503136 INFO: Thread 140246139651648 is running task

2024-07-17 23:31:28.503151 INFO: eventNum: 1
2024-07-17 23:31:28.503159 INFO: fd: 17, events: 4

2024-07-17 23:31:28.503222 INFO: Thread 140246131258944 is running task

2024-07-17 23:31:28.503380 INFO: eventNum: 1
2024-07-17 23:31:28.503404 INFO: fd: 13, events: 1

2024-07-17 23:31:28.503424 INFO: HandleListenEvent 13
2024-07-17 23:31:28.503477 INFO: HttpConn 18 init success
2024-07-17 23:31:28.503487 INFO: addTimer id:18 expireTime:1721230788
2024-07-17 23:31:28.503502 INFO: Client[18] in!
2024-07-17 23:31:28.503508 INFO: HandleListenEvent 13
2024-07-17 23:31:28.503520 ERROR: Accept failure -1
2024-07-17 23:31:28.503528 INFO: eventNum: 1
2024-07-17 23:31:28.503534 INFO: fd: 18, events: 1

2024-07-17 23:31:28.503556 INFO: HttpConn 18 read success
2024-07-17 23:31:28.503570 INFO: GET / HTTP/1.1
2024-07-17 23:31:28.503578 INFO: Host: 39.98.202.182:9006
2024-07-17 23:31:28.503585 INFO: User-Agent: Go-http-client/1.1
2024-07-17 23:31:28.503591 INFO: oop!unknow header: User-Agent: Go-http-client/1.1
2024-07-17 23:31:28.503598 INFO: X-Vegeta-Seq: 11
2024-07-17 23:31:28.503604 INFO: oop!unknow header: X-Vegeta-Seq: 11
2024-07-17 23:31:28.503611 INFO: Accept-Encoding: gzip
2024-07-17 23:31:28.503617 INFO: oop!unknow header: Accept-Encoding: gzip
2024-07-17 23:31:28.503624 INFO: 
2024-07-17 23:31:28.503645 INFO: request:HTTP/1.1 200 OK

2024-07-17 23:31:28.503653 INFO: request:HTTP/1.1 200 OK
Content-Length:542

2024-07-17 23:31:28.503660 INFO: request:HTTP/1.1 200 OK
Content-Length:542
Connection:close

2024-07-17 23:31:28.503666 INFO: request:HTTP/1.1 200 OK
Content-Length:542
Connection:close


2024-07-17 23:31:28.503683 INFO: Thread 140246106080832 is running task

2024-07-17 23:31:28.503696 INFO: eventNum: 1
2024-07-17 23:31:28.503703 INFO: fd: 18, events: 4

2024-07-17 23:31:28.503752 INFO: Thread 140246097688128 is running task

2024-07-17 23:31:28.503889 INFO: eventNum: 1
2024-07-17 23:31:28.503903 INFO: fd: 13, events: 1

2024-07-17 23:31:28.503911 INFO: HandleListenEvent 13
2024-07-17 23:31:28.503929 INFO: HttpConn 26 init success
2024-07-17 23:31:28.503936 INFO: addTimer id:26 expireTime:1721230788
2024-07-17 23:31:28.503946 INFO: Client[26] in!
2024-07-17 23:31:28.503951 INFO: HandleListenEvent 13
2024-07-17 23:31:28.503959 ERROR: Accept failure -1
2024-07-17 23:31:28.504068 INFO: eventNum: 1
2024-07-17 23:31:28.504082 INFO: fd: 13, events: 1

2024-07-17 23:31:28.504088 INFO: HandleListenEvent 13
2024-07-17 23:31:28.504108 INFO: HttpConn 28 init success
2024-07-17 23:31:28.504116 INFO: addTimer id:28 expireTime:1721230788
2024-07-17 23:31:28.504128 INFO: Client[28] in!
2024-07-17 23:31:28.504135 INFO: HandleListenEvent 13
2024-07-17 23:31:28.504149 INFO: HttpConn 29 init success
2024-07-17 23:31:28.504156 INFO: addTimer id:29 expireTime:1721230788
2024-07-17 23:31:28.504164 INFO: Client[29] in!
2024-07-17 23:31:28.504169 INFO: HandleListenEvent 13
2024-07-17 23:31:28.504178 INFO: HttpConn 30 init success
2024-07-17 23:31:28.504183 INFO: addTimer id:30 expireTime:1721230788
2024-07-17 23:31:28.504191 INFO: Client[30] in!
2024-07-17 23:31:28.504198 INFO: HandleListenEvent 13
2024-07-17 23:31:28.504208 INFO: HttpConn 31 init success
2024-07-17 23:31:28.504213 INFO: addTimer id:31 expireTime:1721230788
2024-07-17 23:31:28.504221 INFO: Client[31] in!
2024-07-17 23:31:28.504226 INFO: HandleListenEvent 13
