2024-07-17 23:31:29.426001 INFO: eventNum: 1
2024-07-17 23:31:29.426063 INFO: fd: 13, events: 1

2024-07-17 23:31:29.426068 INFO: HandleListenEvent 13
2024-07-17 23:31:29.426081 INFO: HttpConn 18 init success
2024-07-17 23:31:29.426088 INFO: addTimer id:18 expireTime:1721230789
2024-07-17 23:31:29.426098 INFO: Client[18] in!
2024-07-17 23:31:29.426103 INFO: HandleListenEvent 13
2024-07-17 23:31:29.426111 ERROR: Accept failure -1
2024-07-17 23:31:29.426622 INFO: eventNum: 1
2024-07-17 23:31:29.426632 INFO: fd: 29, events: 8193

2024-07-17 23:31:29.426652 INFO: HttpConn 29 close success
2024-07-17 23:31:29.426659 INFO: Client[29] quit!
2024-07-17 23:31:29.426742 INFO: eventNum: 1
2024-07-17 23:31:29.426756 INFO: fd: 18, events: 1

2024-07-17 23:31:29.426769 INFO: HttpConn 18 read success
2024-07-17 23:31:29.426778 INFO: GET / HTTP/1.1
2024-07-17 23:31:29.426784 INFO: Host: 39.98.202.182:9006
2024-07-17 23:31:29.426789 INFO: User-Agent: Go-http-client/1.1
2024-07-17 23:31:29.426793 INFO: oop!unknow header: User-Agent: Go-http-client/1.1
2024-07-17 23:31:29.426798 INFO: X-Vegeta-Seq: 544
2024-07-17 23:31:29.426802 INFO: oop!unknow header: X-Vegeta-Seq: 544
2024-07-17 23:31:29.426806 INFO: Accept-Encoding: gzip
2024-07-17 23:31:29.426811 INFO: oop!unknow header: Accept-Encoding: gzip
2024-07-17 23:31:29.426815 INFO: 
2024-07-17 23:31:29.426830 INFO: request:HTTP/1.1 200 OK

2024-07-17 23:31:29.426834 INFO: request:HTTP/1.1 200 OK
Content-Length:542

2024-07-17 23:31:29.426839 INFO: request:HTTP/1.1 200 OK
Content-Length:542
Connection:close

2024-07-17 23:31:29.426843 INFO: request:HTTP/1.1 200 OK
Content-Length:542
Connection:close


2024-07-17 23:31:29.426853 INFO: Thread 140246114473536 is running task

2024-07-17 23:31:29.426862 INFO: eventNum: 1
2024-07-17 23:31:29.426866 INFO: fd: 18, events: 4

2024-07-17 23:31:29.426894 INFO: Thread 140246097688128 is running task

2024-07-17 23:31:29.427138 INFO: eventNum: 1
2024-07-17 23:31:29.427150 INFO: fd: 242, events: 8193

2024-07-17 23:31:29.427173 INFO: HttpConn 242 close success
2024-07-17 23:31:29.427181 INFO: Client[242] quit!
2024-07-17 23:31:29.427983 INFO: eventNum: 1
2024-07-17 23:31:29.427995 INFO: fd: 30, events: 8193

2024-07-17 23:31:29.428009 INFO: HttpConn 30 close success
2024-07-17 23:31:29.428016 INFO: Client[30] quit!
2024-07-17 23:31:29.472251 INFO: eventNum: 1
2024-07-17 23:31:29.472309 INFO: fd: 243, events: 8193

2024-07-17 23:31:29.472347 INFO: HttpConn 243 close success
2024-07-17 23:31:29.472353 INFO: Client[243] quit!
2024-07-17 23:31:29.472360 INFO: eventNum: 1
2024-07-17 23:31:29.472366 INFO: fd: 13, events: 1

2024-07-17 23:31:29.472373 INFO: HandleListenEvent 13
2024-07-17 23:31:29.472402 INFO: HttpConn 26 init success
2024-07-17 23:31:29.472412 INFO: addTimer id:26 expireTime:1721230789
2024-07-17 23:31:29.472467 INFO: Client[26] in!
2024-07-17 23:31:29.472474 INFO: HandleListenEvent 13
2024-07-17 23:31:29.472483 ERROR: Accept failure -1
2024-07-17 23:31:29.472498 INFO: eventNum: 1
2024-07-17 23:31:29.472503 INFO: fd: 244, events: 8193

2024-07-17 23:31:29.472519 INFO: HttpConn 244 close success
2024-07-17 23:31:29.472527 INFO: Client[244] quit!
2024-07-17 23:31:29.472645 INFO: eventNum: 1
2024-07-17 23:31:29.472662 INFO: fd: 26, events: 1

2024-07-17 23:31:29.472678 INFO: HttpConn 26 read success
2024-07-17 23:31:29.472691 INFO: GET / HTTP/1.1
2024-07-17 23:31:29.472697 INFO: Host: 39.98.202.182:9006
2024-07-17 23:31:29.472703 INFO: User-Agent: Go-http-client/1.1
2024-07-17 23:31:29.472707 INFO: oop!unknow header: User-Agent: Go-http-client/1.1
2024-07-17 23:31:29.472712 INFO: X-Vegeta-Seq: 545
2024-07-17 23:31:29.472716 INFO: oop!unknow header: X-Vegeta-Seq: 545
2024-07-17 23:31:29.472720 INFO: Accept-Encoding: gzip
2024-07-17 23:31:29.472724 INFO: oop!unknow header: Accept-Encoding: gzip
2024-07-17 23:31:29.472729 INFO: 
2024-07-17 23:31:29.472754 INFO: request:HTTP/1.1 200 OK

2024-07-17 23:31:29.472760 INFO: request:HTTP/1.1 200 OK
Content-Length:542

2024-07-17 23:31:29.472764 INFO: request:HTTP/1.1 200 OK
Content-Length:542
Connection:close

2024-07-17 23:31:29.472780 INFO: request:HTTP/1.1 200 OK
Content-Length:542
Connection:close


2024-07-17 23:31:29.472796 INFO: Thread 140246156437056 is running task

2024-07-17 23:31:29.472807 INFO: eventNum: 2
2024-07-17 23:31:29.472812 INFO: fd: 246, events: 8193

2024-07-17 23:31:29.472827 INFO: HttpConn 246 close success
2024-07-17 23:31:29.472835 INFO: Client[246] quit!
2024-07-17 23:31:29.472839 INFO: fd: 26, events: 4

2024-07-17 23:31:29.472884 INFO: Thread 140246139651648 is running task

2024-07-17 23:31:29.473384 INFO: eventNum: 1
2024-07-17 23:31:29.473417 INFO: fd: 245, events: 8193

2024-07-17 23:31:29.473463 INFO: HttpConn 245 close success
2024-07-17 23:31:29.473470 INFO: Client[245] quit!
2024-07-17 23:31:29.473622 INFO: eventNum: 1
2024-07-17 23:31:29.473635 INFO: fd: 248, events: 8193

2024-07-17 23:31:29.473650 INFO: HttpConn 248 close success
2024-07-17 23:31:29.473655 INFO: Client[248] quit!
2024-07-17 23:31:29.474230 INFO: eventNum: 1
2024-07-17 23:31:29.474249 INFO: fd: 240, events: 8193

2024-07-17 23:31:29.474266 INFO: HttpConn 240 close success
2024-07-17 23:31:29.474271 INFO: Client[240] quit!
2024-07-17 23:31:29.475020 INFO: eventNum: 1
2024-07-17 23:31:29.475039 INFO: fd: 255, events: 8193

2024-07-17 23:31:29.475056 INFO: HttpConn 255 close success
2024-07-17 23:31:29.475062 INFO: Client[255] quit!
2024-07-17 23:31:29.475471 INFO: eventNum: 1
2024-07-17 23:31:29.475486 INFO: fd: 251, events: 8193

2024-07-17 23:31:29.475499 INFO: HttpConn 251 close success
2024-07-17 23:31:29.475505 INFO: Client[251] quit!
2024-07-17 23:31:29.475673 INFO: eventNum: 1
2024-07-17 23:31:29.475685 INFO: fd: 252, events: 8193

2024-07-17 23:31:29.475698 INFO: HttpConn 252 close success
2024-07-17 23:31:29.475703 INFO: Client[252] quit!
2024-07-17 23:31:29.476177 INFO: eventNum: 1
2024-07-17 23:31:29.476193 INFO: fd: 241, events: 8193

2024-07-17 23:31:29.476208 INFO: HttpConn 241 close success
2024-07-17 23:31:29.476213 INFO: Client[241] quit!
2024-07-17 23:31:29.476383 INFO: eventNum: 1
2024-07-17 23:31:29.476395 INFO: fd: 247, events: 8193

2024-07-17 23:31:29.476407 INFO: HttpConn 247 close success
2024-07-17 23:31:29.476412 INFO: Client[247] quit!
2024-07-17 23:31:29.476628 INFO: eventNum: 1
2024-07-17 23:31:29.476640 INFO: fd: 249, events: 8193

2024-07-17 23:31:29.476655 INFO: HttpConn 249 close success
2024-07-17 23:31:29.476660 INFO: Client[249] quit!
2024-07-17 23:31:29.476993 INFO: eventNum: 1
2024-07-17 23:31:29.477008 INFO: fd: 254, events: 8193

2024-07-17 23:31:29.477026 INFO: HttpConn 254 close success
2024-07-17 23:31:29.477036 INFO: Client[254] quit!
2024-07-17 23:31:29.477627 INFO: eventNum: 1
2024-07-17 23:31:29.477643 INFO: fd: 250, events: 8193

2024-07-17 23:31:29.477661 INFO: HttpConn 250 close success
2024-07-17 23:31:29.477666 INFO: Client[250] quit!
2024-07-17 23:31:29.478859 INFO: eventNum: 1
2024-07-17 23:31:29.478882 INFO: fd: 253, events: 8193

2024-07-17 23:31:29.478899 INFO: HttpConn 253 close success
2024-07-17 23:31:29.478905 INFO: Client[253] quit!
2024-07-17 23:31:29.482747 INFO: eventNum: 1
2024-07-17 23:31:29.482779 INFO: fd: 257, events: 8193

2024-07-17 23:31:29.482798 INFO: HttpConn 257 close success
2024-07-17 23:31:29.482803 INFO: Client[257] quit!
2024-07-17 23:31:29.483074 INFO: eventNum: 1
2024-07-17 23:31:29.483089 INFO: fd: 256, events: 8193

2024-07-17 23:31:29.483116 INFO: HttpConn 256 close success
2024-07-17 23:31:29.483125 INFO: Client[256] quit!
2024-07-17 23:31:29.483250 INFO: eventNum: 1
2024-07-17 23:31:29.483263 INFO: fd: 258, events: 8193

2024-07-17 23:31:29.483278 INFO: HttpConn 258 close success
2024-07-17 23:31:29.483283 INFO: Client[258] quit!
2024-07-17 23:31:29.483368 INFO: eventNum: 1
2024-07-17 23:31:29.483380 INFO: fd: 259, events: 8193

2024-07-17 23:31:29.483393 INFO: HttpConn 259 close success
2024-07-17 23:31:29.483398 INFO: Client[259] quit!
2024-07-17 23:31:29.484590 INFO: eventNum: 1
2024-07-17 23:31:29.484608 INFO: fd: 13, events: 1

2024-07-17 23:31:29.484613 INFO: HandleListenEvent 13
2024-07-17 23:31:29.484636 INFO: HttpConn 28 init success
2024-07-17 23:31:29.484652 INFO: addTimer id:28 expireTime:1721230789
2024-07-17 23:31:29.484666 INFO: Client[28] in!
2024-07-17 23:31:29.484671 INFO: HandleListenEvent 13
2024-07-17 23:31:29.484680 ERROR: Accept failure -1
2024-07-17 23:31:29.485014 INFO: eventNum: 1
2024-07-17 23:31:29.485030 INFO: fd: 13, events: 1

2024-07-17 23:31:29.485035 INFO: HandleListenEvent 13
2024-07-17 23:31:29.485050 INFO: HttpConn 29 init success
2024-07-17 23:31:29.485059 INFO: addTimer id:29 expireTime:1721230789
2024-07-17 23:31:29.485069 INFO: Client[29] in!
2024-07-17 23:31:29.485073 INFO: HandleListenEvent 13
2024-07-17 23:31:29.485083 INFO: HttpConn 30 init success
2024-07-17 23:31:29.485088 INFO: addTimer id:30 expireTime:1721230789
2024-07-17 23:31:29.485096 INFO: Client[30] in!
2024-07-17 23:31:29.485101 INFO: HandleListenEvent 13
2024-07-17 23:31:29.485113 ERROR: Accept failure -1
2024-07-17 23:31:29.485618 INFO: eventNum: 1
2024-07-17 23:31:29.485631 INFO: fd: 13, events: 1

2024-07-17 23:31:29.485635 INFO: HandleListenEvent 13
2024-07-17 23:31:29.485647 INFO: HttpConn 163 init success
2024-07-17 23:31:29.485652 INFO: addTimer id:163 expireTime:1721230789
2024-07-17 23:31:29.485662 INFO: Client[163] in!
2024-07-17 23:31:29.485667 INFO: HandleListenEvent 13
2024-07-17 23:31:29.485674 ERROR: Accept failure -1
2024-07-17 23:31:29.485756 INFO: eventNum: 1
2024-07-17 23:31:29.485772 INFO: fd: 13, events: 1

2024-07-17 23:31:29.485777 INFO: HandleListenEvent 13
2024-07-17 23:31:29.485789 INFO: HttpConn 164 init success
2024-07-17 23:31:29.485794 INFO: addTimer id:164 expireTime:1721230789
2024-07-17 23:31:29.485813 INFO: Client[164] in!
2024-07-17 23:31:29.485818 INFO: HandleListenEvent 13
2024-07-17 23:31:29.485828 INFO: HttpConn 165 init success
2024-07-17 23:31:29.485833 INFO: addTimer id:165 expireTime:1721230789
2024-07-17 23:31:29.485842 INFO: Client[165] in!
2024-07-17 23:31:29.485846 INFO: HandleListenEvent 13
2024-07-17 23:31:29.485854 ERROR: Accept failure -1
2024-07-17 23:31:29.485889 INFO: eventNum: 1
2024-07-17 23:31:29.485904 INFO: fd: 13, events: 1

2024-07-17 23:31:29.485910 INFO: HandleListenEvent 13
2024-07-17 23:31:29.485918 INFO: HttpConn 166 init success
2024-07-17 23:31:29.485923 INFO: addTimer id:166 expireTime:1721230789
2024-07-17 23:31:29.485931 INFO: Client[166] in!
2024-07-17 23:31:29.485936 INFO: HandleListenEvent 13
2024-07-17 23:31:29.485943 ERROR: Accept failure -1
2024-07-17 23:31:29.486244 INFO: eventNum: 1
2024-07-17 23:31:29.486258 INFO: fd: 13, events: 1

2024-07-17 23:31:29.486262 INFO: HandleListenEvent 13
2024-07-17 23:31:29.486275 INFO: HttpConn 167 init success
2024-07-17 23:31:29.486280 INFO: addTimer id:167 expireTime:1721230789
2024-07-17 23:31:29.486288 INFO: Client[167] in!
2024-07-17 23:31:29.486293 INFO: HandleListenEvent 13
2024-07-17 23:31:29.486303 INFO: HttpConn 168 init success
2024-07-17 23:31:29.486308 INFO: addTimer id:168 expireTime:1721230789
2024-07-17 23:31:29.486316 INFO: Client[168] in!
2024-07-17 23:31:29.486321 INFO: HandleListenEvent 13
2024-07-17 23:31:29.486329 ERROR: Accept failure -1
2024-07-17 23:31:29.486371 INFO: eventNum: 1
2024-07-17 23:31:29.486384 INFO: fd: 13, events: 1

2024-07-17 23:31:29.486388 INFO: HandleListenEvent 13
2024-07-17 23:31:29.486413 INFO: HttpConn 169 init success
2024-07-17 23:31:29.486419 INFO: addTimer id:169 expireTime:1721230789
2024-07-17 23:31:29.486458 INFO: Client[169] in!
2024-07-17 23:31:29.486463 INFO: HandleListenEvent 13
2024-07-17 23:31:29.486473 INFO: HttpConn 170 init success
2024-07-17 23:31:29.486478 INFO: addTimer id:170 expireTime:1721230789
2024-07-17 23:31:29.486486 INFO: Client[170] in!
2024-07-17 23:31:29.486491 INFO: HandleListenEvent 13
2024-07-17 23:31:29.486498 ERROR: Accept failure -1
2024-07-17 23:31:29.486955 INFO: eventNum: 1
2024-07-17 23:31:29.486970 INFO: fd: 13, events: 1

2024-07-17 23:31:29.486975 INFO: HandleListenEvent 13
2024-07-17 23:31:29.486987 INFO: HttpConn 171 init success
2024-07-17 23:31:29.486993 INFO: addTimer id:171 expireTime:1721230789
2024-07-17 23:31:29.487001 INFO: Client[171] in!
2024-07-17 23:31:29.487012 INFO: HandleListenEvent 13
2024-07-17 23:31:29.487021 ERROR: Accept failure -1
2024-07-17 23:31:29.487115 INFO: eventNum: 1
2024-07-17 23:31:29.487127 INFO: fd: 13, events: 1

2024-07-17 23:31:29.487132 INFO: HandleListenEvent 13
2024-07-17 23:31:29.487145 INFO: HttpConn 172 init success
2024-07-17 23:31:29.487150 INFO: addTimer id:172 expireTime:1721230789
2024-07-17 23:31:29.487159 INFO: Client[172] in!
2024-07-17 23:31:29.487163 INFO: HandleListenEvent 13
2024-07-17 23:31:29.487171 ERROR: Accept failure -1
2024-07-17 23:31:29.487312 INFO: eventNum: 1
2024-07-17 23:31:29.487330 INFO: fd: 13, events: 1

2024-07-17 23:31:29.487338 INFO: HandleListenEvent 13
2024-07-17 23:31:29.487352 INFO: HttpConn 173 init success
2024-07-17 23:31:29.487360 INFO: addTimer id:173 expireTime:1721230789
2024-07-17 23:31:29.487371 INFO: Client[173] in!
2024-07-17 23:31:29.487377 INFO: HandleListenEvent 13
2024-07-17 23:31:29.487390 ERROR: Accept failure -1
2024-07-17 23:31:29.487696 INFO: eventNum: 1
2024-07-17 23:31:29.487710 INFO: fd: 13, events: 1

2024-07-17 23:31:29.487715 INFO: HandleListenEvent 13
2024-07-17 23:31:29.487727 INFO: HttpConn 174 init success
2024-07-17 23:31:29.487760 INFO: addTimer id:174 expireTime:1721230789
2024-07-17 23:31:29.487773 INFO: Client[174] in!
2024-07-17 23:31:29.487782 INFO: HandleListenEvent 13
2024-07-17 23:31:29.487798 ERROR: Accept failure -1
2024-07-17 23:31:29.487921 INFO: eventNum: 1
2024-07-17 23:31:29.487934 INFO: fd: 13, events: 1

2024-07-17 23:31:29.487940 INFO: HandleListenEvent 13
2024-07-17 23:31:29.487952 INFO: HttpConn 175 init success
2024-07-17 23:31:29.487959 INFO: addTimer id:175 expireTime:1721230789
2024-07-17 23:31:29.487972 INFO: Client[175] in!
2024-07-17 23:31:29.487979 INFO: HandleListenEvent 13
2024-07-17 23:31:29.487990 ERROR: Accept failure -1
2024-07-17 23:31:29.492810 INFO: eventNum: 1
2024-07-17 23:31:29.492839 INFO: fd: 172, events: 1

2024-07-17 23:31:29.492865 INFO: HttpConn 172 read success
2024-07-17 23:31:29.492897 INFO: GET / HTTP/1.1
2024-07-17 23:31:29.492906 INFO: Host: 39.98.202.182:9006
2024-07-17 23:31:29.492911 INFO: User-Agent: Go-http-client/1.1
2024-07-17 23:31:29.492916 INFO: oop!unknow header: User-Agent: Go-http-client/1.1
2024-07-17 23:31:29.492920 INFO: X-Vegeta-Seq: 560
2024-07-17 23:31:29.492924 INFO: oop!unknow header: X-Vegeta-Seq: 560
2024-07-17 23:31:29.492929 INFO: Accept-Encoding: gzip
2024-07-17 23:31:29.492933 INFO: oop!unknow header: Accept-Encoding: gzip
2024-07-17 23:31:29.492937 INFO: 
2024-07-17 23:31:29.492962 INFO: request:HTTP/1.1 200 OK

2024-07-17 23:31:29.492967 INFO: request:HTTP/1.1 200 OK
Content-Length:542

2024-07-17 23:31:29.492972 INFO: request:HTTP/1.1 200 OK
Content-Length:542
Connection:close

2024-07-17 23:31:29.492976 INFO: request:HTTP/1.1 200 OK
Content-Length:542
Connection:close


2024-07-17 23:31:29.492993 INFO: Thread 140246148044352 is running task

2024-07-17 23:31:29.493012 INFO: eventNum: 2
2024-07-17 23:31:29.493019 INFO: fd: 260, events: 8193

2024-07-17 23:31:29.493041 INFO: HttpConn 260 close success
2024-07-17 23:31:29.493049 INFO: Client[260] quit!
2024-07-17 23:31:29.493054 INFO: fd: 172, events: 4

2024-07-17 23:31:29.493096 INFO: Thread 140246131258944 is running task

2024-07-17 23:31:29.494094 INFO: eventNum: 1
2024-07-17 23:31:29.494223 INFO: fd: 173, events: 1

2024-07-17 23:31:29.494259 INFO: HttpConn 173 read success
2024-07-17 23:31:29.494275 INFO: GET / HTTP/1.1
2024-07-17 23:31:29.494281 INFO: Host: 39.98.202.182:9006
2024-07-17 23:31:29.494285 INFO: User-Agent: Go-http-client/1.1
2024-07-17 23:31:29.494290 INFO: oop!unknow header: User-Agent: Go-http-client/1.1
2024-07-17 23:31:29.494294 INFO: X-Vegeta-Seq: 558
2024-07-17 23:31:29.494299 INFO: oop!unknow header: X-Vegeta-Seq: 558
2024-07-17 23:31:29.494303 INFO: Accept-Encoding: gzip
2024-07-17 23:31:29.494307 INFO: oop!unknow header: Accept-Encoding: gzip
2024-07-17 23:31:29.494311 INFO: 
2024-07-17 23:31:29.494328 INFO: request:HTTP/1.1 200 OK

2024-07-17 23:31:29.494333 INFO: request:HTTP/1.1 200 OK
Content-Length:542

2024-07-17 23:31:29.494347 INFO: request:HTTP/1.1 200 OK
Content-Length:542
Connection:close

2024-07-17 23:31:29.494352 INFO: request:HTTP/1.1 200 OK
Content-Length:542
Connection:close


2024-07-17 23:31:29.494365 INFO: Thread 140246106080832 is running task

2024-07-17 23:31:29.494378 INFO: eventNum: 2
2024-07-17 23:31:29.494384 INFO: fd: 173, events: 4

2024-07-17 23:31:29.494422 INFO: Thread 140246122866240 is running task

2024-07-17 23:31:29.494472 INFO: fd: 262, events: 8193

2024-07-17 23:31:29.494493 INFO: HttpConn 262 close success
2024-07-17 23:31:29.494503 INFO: Client[262] quit!
2024-07-17 23:31:29.494509 INFO: eventNum: 1
2024-07-17 23:31:29.494513 INFO: fd: 261, events: 8193

2024-07-17 23:31:29.494527 INFO: HttpConn 261 close success
2024-07-17 23:31:29.494534 INFO: Client[261] quit!
2024-07-17 23:31:29.494792 INFO: eventNum: 1
2024-07-17 23:31:29.494807 INFO: fd: 171, events: 1

2024-07-17 23:31:29.494821 INFO: HttpConn 171 read success
2024-07-17 23:31:29.494831 INFO: GET / HTTP/1.1
2024-07-17 23:31:29.494837 INFO: Host: 39.98.202.182:9006
2024-07-17 23:31:29.494841 INFO: User-Agent: Go-http-client/1.1
2024-07-17 23:31:29.494846 INFO: oop!unknow header: User-Agent: Go-http-client/1.1
2024-07-17 23:31:29.494850 INFO: X-Vegeta-Seq: 559
2024-07-17 23:31:29.494855 INFO: oop!unknow header: X-Vegeta-Seq: 559
2024-07-17 23:31:29.494859 INFO: Accept-Encoding: gzip
2024-07-17 23:31:29.494863 INFO: oop!unknow header: Accept-Encoding: gzip
2024-07-17 23:31:29.494867 INFO: 
2024-07-17 23:31:29.494883 INFO: request:HTTP/1.1 200 OK

2024-07-17 23:31:29.494887 INFO: request:HTTP/1.1 200 OK
Content-Length:542

2024-07-17 23:31:29.494892 INFO: request:HTTP/1.1 200 OK
Content-Length:542
Connection:close

2024-07-17 23:31:29.494896 INFO: request:HTTP/1.1 200 OK
Content-Length:542
Connection:close


2024-07-17 23:31:29.494905 INFO: Thread 140246114473536 is running task

2024-07-17 23:31:29.494915 INFO: eventNum: 1
2024-07-17 23:31:29.494919 INFO: fd: 171, events: 4

2024-07-17 23:31:29.494947 INFO: Thread 140246097688128 is running task

2024-07-17 23:31:29.495046 INFO: eventNum: 1
2024-07-17 23:31:29.495060 INFO: fd: 175, events: 1

2024-07-17 23:31:29.495074 INFO: HttpConn 175 read success
2024-07-17 23:31:29.495083 INFO: GET / HTTP/1.1
2024-07-17 23:31:29.495088 INFO: Host: 39.98.202.182:9006
2024-07-17 23:31:29.495092 INFO: User-Agent: Go-http-client/1.1
2024-07-17 23:31:29.495097 INFO: oop!unknow header: User-Agent: Go-http-client/1.1
2024-07-17 23:31:29.495101 INFO: X-Vegeta-Seq: 561
2024-07-17 23:31:29.495105 INFO: oop!unknow header: X-Vegeta-Seq: 561
2024-07-17 23:31:29.495110 INFO: Accept-Encoding: gzip
2024-07-17 23:31:29.495114 INFO: oop!unknow header: Accept-Encoding: gzip
2024-07-17 23:31:29.495118 INFO: 
2024-07-17 23:31:29.495131 INFO: request:HTTP/1.1 200 OK

2024-07-17 23:31:29.495136 INFO: request:HTTP/1.1 200 OK
Content-Length:542

2024-07-17 23:31:29.495140 INFO: request:HTTP/1.1 200 OK
Content-Length:542
Connection:close

2024-07-17 23:31:29.495145 INFO: request:HTTP/1.1 200 OK
Content-Length:542
Connection:close


2024-07-17 23:31:29.495153 INFO: Thread 140246156437056 is running task

2024-07-17 23:31:29.495161 INFO: eventNum: 1
2024-07-17 23:31:29.495166 INFO: fd: 175, events: 4

2024-07-17 23:31:29.495190 INFO: Thread 140246139651648 is running task

2024-07-17 23:31:29.495564 INFO: eventNum: 2
2024-07-17 23:31:29.495577 INFO: fd: 165, events: 1

2024-07-17 23:31:29.495591 INFO: HttpConn 165 read success
2024-07-17 23:31:29.495600 INFO: GET / HTTP/1.1
2024-07-17 23:31:29.495606 INFO: Host: 39.98.202.182:9006
2024-07-17 23:31:29.495610 INFO: User-Agent: Go-http-client/1.1
2024-07-17 23:31:29.495614 INFO: oop!unknow header: User-Agent: Go-http-client/1.1
2024-07-17 23:31:29.495619 INFO: X-Vegeta-Seq: 551
2024-07-17 23:31:29.495623 INFO: oop!unknow header: X-Vegeta-Seq: 551
2024-07-17 23:31:29.495627 INFO: Accept-Encoding: gzip
2024-07-17 23:31:29.495631 INFO: oop!unknow header: Accept-Encoding: gzip
2024-07-17 23:31:29.495635 INFO: 
2024-07-17 23:31:29.495655 INFO: request:HTTP/1.1 200 OK

2024-07-17 23:31:29.495659 INFO: request:HTTP/1.1 200 OK
Content-Length:542

2024-07-17 23:31:29.495664 INFO: request:HTTP/1.1 200 OK
Content-Length:542
Connection:close

2024-07-17 23:31:29.495668 INFO: request:HTTP/1.1 200 OK
Content-Length:542
Connection:close


2024-07-17 23:31:29.495679 INFO: Thread 140246148044352 is running task

2024-07-17 23:31:29.495687 INFO: fd: 168, events: 1

2024-07-17 23:31:29.495700 INFO: HttpConn 168 read success
2024-07-17 23:31:29.495710 INFO: GET / HTTP/1.1
2024-07-17 23:31:29.495716 INFO: Host: 39.98.202.182:9006
2024-07-17 23:31:29.495720 INFO: User-Agent: Go-http-client/1.1
2024-07-17 23:31:29.495724 INFO: oop!unknow header: User-Agent: Go-http-client/1.1
2024-07-17 23:31:29.495728 INFO: X-Vegeta-Seq: 556
2024-07-17 23:31:29.495733 INFO: oop!unknow header: X-Vegeta-Seq: 556
2024-07-17 23:31:29.495739 INFO: Accept-Encoding: gzip
2024-07-17 23:31:29.495743 INFO: oop!unknow header: Accept-Encoding: gzip
2024-07-17 23:31:29.495747 INFO: 
2024-07-17 23:31:29.495760 INFO: request:HTTP/1.1 200 OK

2024-07-17 23:31:29.495765 INFO: request:HTTP/1.1 200 OK
Content-Length:542

2024-07-17 23:31:29.495769 INFO: request:HTTP/1.1 200 OK
Content-Length:542
Connection:close

2024-07-17 23:31:29.495773 INFO: request:HTTP/1.1 200 OK
Content-Length:542
Connection:close


2024-07-17 23:31:29.495780 INFO: Thread 140246131258944 is running task

2024-07-17 23:31:29.495789 INFO: eventNum: 3
2024-07-17 23:31:29.495796 INFO: fd: 167, events: 1

2024-07-17 23:31:29.495806 INFO: HttpConn 167 read success
2024-07-17 23:31:29.495816 INFO: GET / HTTP/1.1
2024-07-17 23:31:29.495821 INFO: Host: 39.98.202.182:9006
2024-07-17 23:31:29.495826 INFO: User-Agent: Go-http-client/1.1
2024-07-17 23:31:29.495830 INFO: oop!unknow header: User-Agent: Go-http-client/1.1
2024-07-17 23:31:29.495834 INFO: X-Vegeta-Seq: 553
2024-07-17 23:31:29.495838 INFO: oop!unknow header: X-Vegeta-Seq: 553
2024-07-17 23:31:29.495847 INFO: Accept-Encoding: gzip
2024-07-17 23:31:29.495851 INFO: oop!unknow header: Accept-Encoding: gzip
2024-07-17 23:31:29.495855 INFO: 
2024-07-17 23:31:29.495867 INFO: request:HTTP/1.1 200 OK

2024-07-17 23:31:29.495872 INFO: request:HTTP/1.1 200 OK
Content-Length:542

2024-07-17 23:31:29.495876 INFO: request:HTTP/1.1 200 OK
Content-Length:542
Connection:close

2024-07-17 23:31:29.495880 INFO: request:HTTP/1.1 200 OK
Content-Length:542
Connection:close


2024-07-17 23:31:29.495887 INFO: Thread 140246106080832 is running task

2024-07-17 23:31:29.495894 INFO: fd: 165, events: 4

2024-07-17 23:31:29.495919 INFO: Thread 140246122866240 is running task

2024-07-17 23:31:29.495930 INFO: fd: 168, events: 4

2024-07-17 23:31:29.495952 INFO: Thread 140246114473536 is running task

2024-07-17 23:31:29.495965 INFO: eventNum: 3
2024-07-17 23:31:29.495970 INFO: fd: 164, events: 1

2024-07-17 23:31:29.495981 INFO: HttpConn 164 read success
2024-07-17 23:31:29.495990 INFO: GET / HTTP/1.1
2024-07-17 23:31:29.495995 INFO: Host: 39.98.202.182:9006
2024-07-17 23:31:29.496000 INFO: User-Agent: Go-http-client/1.1
2024-07-17 23:31:29.496004 INFO: oop!unknow header: User-Agent: Go-http-client/1.1
2024-07-17 23:31:29.496008 INFO: X-Vegeta-Seq: 552
2024-07-17 23:31:29.496012 INFO: oop!unknow header: X-Vegeta-Seq: 552
2024-07-17 23:31:29.496019 INFO: Accept-Encoding: gzip
2024-07-17 23:31:29.496023 INFO: oop!unknow header: Accept-Encoding: gzip
2024-07-17 23:31:29.496027 INFO: 
2024-07-17 23:31:29.496039 INFO: request:HTTP/1.1 200 OK

2024-07-17 23:31:29.496043 INFO: request:HTTP/1.1 200 OK
Content-Length:542

2024-07-17 23:31:29.496048 INFO: request:HTTP/1.1 200 OK
Content-Length:542
Connection:close

2024-07-17 23:31:29.496052 INFO: request:HTTP/1.1 200 OK
Content-Length:542
Connection:close


2024-07-17 23:31:29.496059 INFO: Thread 140246097688128 is running task

2024-07-17 23:31:29.496065 INFO: fd: 29, events: 1

2024-07-17 23:31:29.496077 INFO: HttpConn 29 read success
2024-07-17 23:31:29.496084 INFO: GET / HTTP/1.1
2024-07-17 23:31:29.496089 INFO: Host: 39.98.202.182:9006
2024-07-17 23:31:29.496100 INFO: User-Agent: Go-http-client/1.1
2024-07-17 23:31:29.496104 INFO: oop!unknow header: User-Agent: Go-http-client/1.1
2024-07-17 23:31:29.496109 INFO: X-Vegeta-Seq: 549
2024-07-17 23:31:29.496113 INFO: oop!unknow header: X-Vegeta-Seq: 549
2024-07-17 23:31:29.496117 INFO: Accept-Encoding: gzip
2024-07-17 23:31:29.496122 INFO: oop!unknow header: Accept-Encoding: gzip
2024-07-17 23:31:29.496126 INFO: 
2024-07-17 23:31:29.496138 INFO: request:HTTP/1.1 200 OK

2024-07-17 23:31:29.496143 INFO: request:HTTP/1.1 200 OK
Content-Length:542

2024-07-17 23:31:29.496147 INFO: request:HTTP/1.1 200 OK
Content-Length:542
Connection:close

2024-07-17 23:31:29.496151 INFO: request:HTTP/1.1 200 OK
Content-Length:542
Connection:close


2024-07-17 23:31:29.496158 INFO: Thread 140246156437056 is running task

2024-07-17 23:31:29.496165 INFO: fd: 167, events: 4

2024-07-17 23:31:29.496191 INFO: Thread 140246139651648 is running task

2024-07-17 23:31:29.496204 INFO: eventNum: 3
2024-07-17 23:31:29.496209 INFO: fd: 164, events: 4

2024-07-17 23:31:29.496232 INFO: Thread 140246148044352 is running task

2024-07-17 23:31:29.496248 INFO: fd: 29, events: 4

2024-07-17 23:31:29.496267 INFO: Thread 140246131258944 is running task

2024-07-17 23:31:29.496281 INFO: fd: 170, events: 1

2024-07-17 23:31:29.496291 INFO: HttpConn 170 read success
2024-07-17 23:31:29.496298 INFO: GET / HTTP/1.1
2024-07-17 23:31:29.496303 INFO: Host: 39.98.202.182:9006
2024-07-17 23:31:29.496308 INFO: User-Agent: Go-http-client/1.1
2024-07-17 23:31:29.496312 INFO: oop!unknow header: User-Agent: Go-http-client/1.1
2024-07-17 23:31:29.496316 INFO: X-Vegeta-Seq: 554
2024-07-17 23:31:29.496320 INFO: oop!unknow header: X-Vegeta-Seq: 554
2024-07-17 23:31:29.496325 INFO: Accept-Encoding: gzip
2024-07-17 23:31:29.496329 INFO: oop!unknow header: Accept-Encoding: gzip
2024-07-17 23:31:29.496333 INFO: 
2024-07-17 23:31:29.496344 INFO: request:HTTP/1.1 200 OK

2024-07-17 23:31:29.496349 INFO: request:HTTP/1.1 200 OK
Content-Length:542

2024-07-17 23:31:29.496353 INFO: request:HTTP/1.1 200 OK
Content-Length:542
Connection:close

2024-07-17 23:31:29.496358 INFO: request:HTTP/1.1 200 OK
Content-Length:542
Connection:close


2024-07-17 23:31:29.496365 INFO: Thread 140246106080832 is running task

2024-07-17 23:31:29.496373 INFO: eventNum: 3
2024-07-17 23:31:29.496377 INFO: fd: 28, events: 1

2024-07-17 23:31:29.496387 INFO: HttpConn 28 read success
2024-07-17 23:31:29.496394 INFO: GET / HTTP/1.1
2024-07-17 23:31:29.496399 INFO: Host: 39.98.202.182:9006
2024-07-17 23:31:29.496404 INFO: User-Agent: Go-http-client/1.1
2024-07-17 23:31:29.496408 INFO: oop!unknow header: User-Agent: Go-http-client/1.1
2024-07-17 23:31:29.496412 INFO: X-Vegeta-Seq: 546
2024-07-17 23:31:29.496417 INFO: oop!unknow header: X-Vegeta-Seq: 546
2024-07-17 23:31:29.496421 INFO: Accept-Encoding: gzip
2024-07-17 23:31:29.496449 INFO: oop!unknow header: Accept-Encoding: gzip
2024-07-17 23:31:29.496453 INFO: 
2024-07-17 23:31:29.496465 INFO: request:HTTP/1.1 200 OK

2024-07-17 23:31:29.496473 INFO: request:HTTP/1.1 200 OK
Content-Length:542

2024-07-17 23:31:29.496479 INFO: request:HTTP/1.1 200 OK
Content-Length:542
Connection:close

2024-07-17 23:31:29.496483 INFO: request:HTTP/1.1 200 OK
Content-Length:542
Connection:close


2024-07-17 23:31:29.496490 INFO: Thread 140246122866240 is running task

2024-07-17 23:31:29.496498 INFO: fd: 30, events: 1

2024-07-17 23:31:29.496508 INFO: HttpConn 30 read success
2024-07-17 23:31:29.496515 INFO: GET / HTTP/1.1
2024-07-17 23:31:29.496520 INFO: Host: 39.98.202.182:9006
2024-07-17 23:31:29.496524 INFO: User-Agent: Go-http-client/1.1
2024-07-17 23:31:29.496529 INFO: oop!unknow header: User-Agent: Go-http-client/1.1
2024-07-17 23:31:29.496533 INFO: X-Vegeta-Seq: 548
2024-07-17 23:31:29.496537 INFO: oop!unknow header: X-Vegeta-Seq: 548
2024-07-17 23:31:29.496541 INFO: Accept-Encoding: gzip
2024-07-17 23:31:29.496548 INFO: oop!unknow header: Accept-Encoding: gzip
2024-07-17 23:31:29.496552 INFO: 
2024-07-17 23:31:29.496568 INFO: request:HTTP/1.1 200 OK

2024-07-17 23:31:29.496572 INFO: request:HTTP/1.1 200 OK
Content-Length:542

2024-07-17 23:31:29.496577 INFO: request:HTTP/1.1 200 OK
Content-Length:542
Connection:close

2024-07-17 23:31:29.496581 INFO: request:HTTP/1.1 200 OK
Content-Length:542
Connection:close


2024-07-17 23:31:29.496587 INFO: Thread 140246114473536 is running task

2024-07-17 23:31:29.496596 INFO: fd: 170, events: 4

2024-07-17 23:31:29.496618 INFO: Thread 140246097688128 is running task

2024-07-17 23:31:29.496638 INFO: eventNum: 4
2024-07-17 23:31:29.496643 INFO: fd: 163, events: 1

2024-07-17 23:31:29.496653 INFO: HttpConn 163 read success
2024-07-17 23:31:29.496660 INFO: GET / HTTP/1.1
2024-07-17 23:31:29.496670 INFO: Host: 39.98.202.182:9006
2024-07-17 23:31:29.496674 INFO: User-Agent: Go-http-client/1.1
2024-07-17 23:31:29.496683 INFO: oop!unknow header: User-Agent: Go-http-client/1.1
2024-07-17 23:31:29.496688 INFO: X-Vegeta-Seq: 550
2024-07-17 23:31:29.496692 INFO: oop!unknow header: X-Vegeta-Seq: 550
2024-07-17 23:31:29.496697 INFO: Accept-Encoding: gzip
2024-07-17 23:31:29.496701 INFO: oop!unknow header: Accept-Encoding: gzip
2024-07-17 23:31:29.496705 INFO: 
2024-07-17 23:31:29.496717 INFO: request:HTTP/1.1 200 OK

2024-07-17 23:31:29.496721 INFO: request:HTTP/1.1 200 OK
Content-Length:542

2024-07-17 23:31:29.496726 INFO: request:HTTP/1.1 200 OK
Content-Length:542
Connection:close

2024-07-17 23:31:29.496730 INFO: request:HTTP/1.1 200 OK
Content-Length:542
Connection:close


2024-07-17 23:31:29.496736 INFO: Thread 140246156437056 is running task

2024-07-17 23:31:29.496744 INFO: fd: 169, events: 1

2024-07-17 23:31:29.496753 INFO: HttpConn 169 read success
2024-07-17 23:31:29.496762 INFO: GET / HTTP/1.1
2024-07-17 23:31:29.496767 INFO: Host: 39.98.202.182:9006
2024-07-17 23:31:29.496771 INFO: User-Agent: Go-http-client/1.1
2024-07-17 23:31:29.496775 INFO: oop!unknow header: User-Agent: Go-http-client/1.1
2024-07-17 23:31:29.496779 INFO: X-Vegeta-Seq: 555
2024-07-17 23:31:29.496784 INFO: oop!unknow header: X-Vegeta-Seq: 555
2024-07-17 23:31:29.496788 INFO: Accept-Encoding: gzip
2024-07-17 23:31:29.496792 INFO: oop!unknow header: Accept-Encoding: gzip
2024-07-17 23:31:29.496796 INFO: 
2024-07-17 23:31:29.496808 INFO: request:HTTP/1.1 200 OK

2024-07-17 23:31:29.496813 INFO: request:HTTP/1.1 200 OK
Content-Length:542

2024-07-17 23:31:29.496817 INFO: request:HTTP/1.1 200 OK
Content-Length:542
Connection:close

2024-07-17 23:31:29.496822 INFO: request:HTTP/1.1 200 OK
Content-Length:542
Connection:close


2024-07-17 23:31:29.496829 INFO: Thread 140246139651648 is running task

2024-07-17 23:31:29.496836 INFO: fd: 28, events: 4

2024-07-17 23:31:29.496863 INFO: Thread 140246148044352 is running task

2024-07-17 23:31:29.496875 INFO: fd: 30, events: 4

2024-07-17 23:31:29.496904 INFO: Thread 140246131258944 is running task

2024-07-17 23:31:29.496922 INFO: eventNum: 4
2024-07-17 23:31:29.496927 INFO: fd: 13, events: 1

2024-07-17 23:31:29.496931 INFO: HandleListenEvent 13
2024-07-17 23:31:29.496946 INFO: HttpConn 176 init success
2024-07-17 23:31:29.496952 INFO: addTimer id:176 expireTime:1721230789
2024-07-17 23:31:29.496962 INFO: Client[176] in!
2024-07-17 23:31:29.496966 INFO: HandleListenEvent 13
2024-07-17 23:31:29.496974 ERROR: Accept failure -1
2024-07-17 23:31:29.496979 INFO: fd: 174, events: 1

2024-07-17 23:31:29.496989 INFO: HttpConn 174 read success
2024-07-17 23:31:29.496997 INFO: GET / HTTP/1.1
2024-07-17 23:31:29.497002 INFO: Host: 39.98.202.182:9006
2024-07-17 23:31:29.497006 INFO: User-Agent: Go-http-client/1.1
2024-07-17 23:31:29.497011 INFO: oop!unknow header: User-Agent: Go-http-client/1.1
2024-07-17 23:31:29.497015 INFO: X-Vegeta-Seq: 557
2024-07-17 23:31:29.497019 INFO: oop!unknow header: X-Vegeta-Seq: 557
2024-07-17 23:31:29.497023 INFO: Accept-Encoding: gzip
2024-07-17 23:31:29.497027 INFO: oop!unknow header: Accept-Encoding: gzip
2024-07-17 23:31:29.497031 INFO: 
2024-07-17 23:31:29.497043 INFO: request:HTTP/1.1 200 OK

2024-07-17 23:31:29.497051 INFO: request:HTTP/1.1 200 OK
Content-Length:542

2024-07-17 23:31:29.497056 INFO: request:HTTP/1.1 200 OK
Content-Length:542
Connection:close

2024-07-17 23:31:29.497061 INFO: request:HTTP/1.1 200 OK
Content-Length:542
Connection:close


2024-07-17 23:31:29.497069 INFO: Thread 140246106080832 is running task

2024-07-17 23:31:29.497076 INFO: fd: 163, events: 4

2024-07-17 23:31:29.497098 INFO: Thread 140246122866240 is running task

2024-07-17 23:31:29.497110 INFO: fd: 169, events: 4

2024-07-17 23:31:29.497129 INFO: Thread 140246114473536 is running task

2024-07-17 23:31:29.497142 INFO: eventNum: 1
2024-07-17 23:31:29.497147 INFO: fd: 174, events: 4

2024-07-17 23:31:29.497167 INFO: Thread 140246097688128 is running task

2024-07-17 23:31:29.497182 INFO: eventNum: 1
2024-07-17 23:31:29.497187 INFO: fd: 166, events: 1

2024-07-17 23:31:29.497196 INFO: HttpConn 166 read success
2024-07-17 23:31:29.497205 INFO: GET / HTTP/1.1
2024-07-17 23:31:29.497210 INFO: Host: 39.98.202.182:9006
2024-07-17 23:31:29.497214 INFO: User-Agent: Go-http-client/1.1
2024-07-17 23:31:29.497219 INFO: oop!unknow header: User-Agent: Go-http-client/1.1
2024-07-17 23:31:29.497224 INFO: X-Vegeta-Seq: 547
2024-07-17 23:31:29.497228 INFO: oop!unknow header: X-Vegeta-Seq: 547
2024-07-17 23:31:29.497232 INFO: Accept-Encoding: gzip
2024-07-17 23:31:29.497236 INFO: oop!unknow header: Accept-Encoding: gzip
2024-07-17 23:31:29.497240 INFO: 
2024-07-17 23:31:29.497252 INFO: request:HTTP/1.1 200 OK

2024-07-17 23:31:29.497256 INFO: request:HTTP/1.1 200 OK
Content-Length:542

2024-07-17 23:31:29.497261 INFO: request:HTTP/1.1 200 OK
Content-Length:542
Connection:close

2024-07-17 23:31:29.497265 INFO: request:HTTP/1.1 200 OK
Content-Length:542
Connection:close


2024-07-17 23:31:29.497272 INFO: Thread 140246156437056 is running task

2024-07-17 23:31:29.497280 INFO: eventNum: 1
2024-07-17 23:31:29.497285 INFO: fd: 166, events: 4

2024-07-17 23:31:29.497304 INFO: Thread 140246139651648 is running task

2024-07-17 23:31:29.497645 INFO: eventNum: 1
2024-07-17 23:31:29.497659 INFO: fd: 38, events: 8193

2024-07-17 23:31:29.497676 INFO: HttpConn 38 close success
2024-07-17 23:31:29.497684 INFO: Client[38] quit!
2024-07-17 23:31:29.498224 INFO: eventNum: 1
2024-07-17 23:31:29.498241 INFO: fd: 265, events: 8193

2024-07-17 23:31:29.498258 INFO: HttpConn 265 close success
2024-07-17 23:31:29.498266 INFO: Client[265] quit!
2024-07-17 23:31:29.498496 INFO: eventNum: 1
2024-07-17 23:31:29.498518 INFO: fd: 176, events: 1

2024-07-17 23:31:29.498536 INFO: HttpConn 176 read success
2024-07-17 23:31:29.498546 INFO: GET / HTTP/1.1
2024-07-17 23:31:29.498551 INFO: Host: 39.98.202.182:9006
2024-07-17 23:31:29.498556 INFO: User-Agent: Go-http-client/1.1
2024-07-17 23:31:29.498560 INFO: oop!unknow header: User-Agent: Go-http-client/1.1
2024-07-17 23:31:29.498564 INFO: X-Vegeta-Seq: 562
2024-07-17 23:31:29.498568 INFO: oop!unknow header: X-Vegeta-Seq: 562
2024-07-17 23:31:29.498573 INFO: Accept-Encoding: gzip
2024-07-17 23:31:29.498577 INFO: oop!unknow header: Accept-Encoding: gzip
2024-07-17 23:31:29.498581 INFO: 
2024-07-17 23:31:29.498597 INFO: request:HTTP/1.1 200 OK

2024-07-17 23:31:29.498602 INFO: request:HTTP/1.1 200 OK
Content-Length:542

2024-07-17 23:31:29.498606 INFO: request:HTTP/1.1 200 OK
Content-Length:542
Connection:close

2024-07-17 23:31:29.498610 INFO: request:HTTP/1.1 200 OK
Content-Length:542
Connection:close


2024-07-17 23:31:29.498620 INFO: Thread 140246148044352 is running task

2024-07-17 23:31:29.498629 INFO: eventNum: 2
2024-07-17 23:31:29.498634 INFO: fd: 13, events: 1

2024-07-17 23:31:29.498638 INFO: HandleListenEvent 13
2024-07-17 23:31:29.498654 INFO: HttpConn 38 init success
2024-07-17 23:31:29.498660 INFO: addTimer id:38 expireTime:1721230789
2024-07-17 23:31:29.498670 INFO: Client[38] in!
2024-07-17 23:31:29.498675 INFO: HandleListenEvent 13
2024-07-17 23:31:29.498683 ERROR: Accept failure -1
2024-07-17 23:31:29.498687 INFO: fd: 176, events: 4

2024-07-17 23:31:29.498717 INFO: Thread 140246131258944 is running task

2024-07-17 23:31:29.498733 INFO: eventNum: 1
2024-07-17 23:31:29.498738 INFO: fd: 37, events: 8193

2024-07-17 23:31:29.498751 INFO: HttpConn 37 close success
2024-07-17 23:31:29.498758 INFO: Client[37] quit!
2024-07-17 23:31:29.498989 INFO: eventNum: 1
2024-07-17 23:31:29.498999 INFO: fd: 13, events: 1

2024-07-17 23:31:29.499004 INFO: HandleListenEvent 13
2024-07-17 23:31:29.499016 INFO: HttpConn 37 init success
2024-07-17 23:31:29.499022 INFO: addTimer id:37 expireTime:1721230789
2024-07-17 23:31:29.499031 INFO: Client[37] in!
2024-07-17 23:31:29.499036 INFO: HandleListenEvent 13
2024-07-17 23:31:29.499043 ERROR: Accept failure -1
2024-07-17 23:31:29.499503 INFO: eventNum: 1
2024-07-17 23:31:29.499524 INFO: fd: 33, events: 8193

2024-07-17 23:31:29.499549 INFO: HttpConn 33 close success
2024-07-17 23:31:29.499562 INFO: Client[33] quit!
2024-07-17 23:31:29.499776 INFO: eventNum: 1
2024-07-17 23:31:29.499796 INFO: fd: 32, events: 8193

2024-07-17 23:31:29.499814 INFO: HttpConn 32 close success
2024-07-17 23:31:29.499822 INFO: Client[32] quit!
2024-07-17 23:31:29.501601 INFO: eventNum: 1
2024-07-17 23:31:29.501638 INFO: fd: 266, events: 8193

2024-07-17 23:31:29.501664 INFO: HttpConn 266 close success
2024-07-17 23:31:29.501672 INFO: Client[266] quit!
2024-07-17 23:31:29.501747 INFO: eventNum: 1
2024-07-17 23:31:29.501757 INFO: fd: 268, events: 8193

2024-07-17 23:31:29.501777 INFO: HttpConn 268 close success
2024-07-17 23:31:29.501784 INFO: Client[268] quit!
2024-07-17 23:31:29.501822 INFO: eventNum: 1
2024-07-17 23:31:29.501842 INFO: fd: 267, events: 8193

2024-07-17 23:31:29.501855 INFO: HttpConn 267 close success
2024-07-17 23:31:29.501863 INFO: Client[267] quit!
2024-07-17 23:31:29.502153 INFO: eventNum: 1
2024-07-17 23:31:29.502167 INFO: fd: 269, events: 8193

2024-07-17 23:31:29.502182 INFO: HttpConn 269 close success
2024-07-17 23:31:29.502190 INFO: Client[269] quit!
2024-07-17 23:31:29.502858 INFO: eventNum: 1
2024-07-17 23:31:29.502872 INFO: fd: 34, events: 8193

2024-07-17 23:31:29.502887 INFO: HttpConn 34 close success
2024-07-17 23:31:29.502894 INFO: Client[34] quit!
2024-07-17 23:31:29.503397 INFO: eventNum: 1
2024-07-17 23:31:29.503410 INFO: fd: 263, events: 8193

2024-07-17 23:31:29.503453 INFO: HttpConn 263 close success
2024-07-17 23:31:29.503459 INFO: Client[263] quit!
2024-07-17 23:31:29.503770 INFO: eventNum: 1
2024-07-17 23:31:29.503784 INFO: fd: 38, events: 1

2024-07-17 23:31:29.503800 INFO: HttpConn 38 read success
2024-07-17 23:31:29.503813 INFO: GET / HTTP/1.1
2024-07-17 23:31:29.503819 INFO: Host: 39.98.202.182:9006
2024-07-17 23:31:29.503824 INFO: User-Agent: Go-http-client/1.1
2024-07-17 23:31:29.503828 INFO: oop!unknow header: User-Agent: Go-http-client/1.1
2024-07-17 23:31:29.503833 INFO: X-Vegeta-Seq: 564
2024-07-17 23:31:29.503837 INFO: oop!unknow header: X-Vegeta-Seq: 564
2024-07-17 23:31:29.503842 INFO: Accept-Encoding: gzip
2024-07-17 23:31:29.503846 INFO: oop!unknow header: Accept-Encoding: gzip
2024-07-17 23:31:29.503850 INFO: 
2024-07-17 23:31:29.503872 INFO: request:HTTP/1.1 200 OK

