2024-07-17 23:30:22.863232 INFO: eventNum: 1
2024-07-17 23:30:22.863319 INFO: fd: 13, events: 1

2024-07-17 23:30:22.863326 INFO: HandleListenEvent 13
2024-07-17 23:30:22.863337 INFO: HttpConn 16 init success
2024-07-17 23:30:22.863343 INFO: addTimer id:16 expireTime:1721230722
2024-07-17 23:30:22.863354 INFO: Client[16] in!
2024-07-17 23:30:22.863359 INFO: HandleListenEvent 13
2024-07-17 23:30:22.863368 ERROR: Accept failure -1
2024-07-17 23:30:22.864213 INFO: eventNum: 1
2024-07-17 23:30:22.864232 INFO: fd: 30, events: 8193

2024-07-17 23:30:22.864255 INFO: HttpConn 30 close success
2024-07-17 23:30:22.864268 INFO: Client[30] quit!
2024-07-17 23:30:22.864675 INFO: eventNum: 1
2024-07-17 23:30:22.864687 INFO: fd: 13, events: 1

2024-07-17 23:30:22.864692 INFO: HandleListenEvent 13
2024-07-17 23:30:22.864706 INFO: HttpConn 26 init success
2024-07-17 23:30:22.864711 INFO: addTimer id:26 expireTime:1721230722
2024-07-17 23:30:22.864721 INFO: Client[26] in!
2024-07-17 23:30:22.864726 INFO: HandleListenEvent 13
2024-07-17 23:30:22.864733 ERROR: Accept failure -1
2024-07-17 23:30:22.865041 INFO: eventNum: 1
2024-07-17 23:30:22.865059 INFO: fd: 26, events: 1

2024-07-17 23:30:22.865081 INFO: HttpConn 26 read success
2024-07-17 23:30:22.865110 INFO: GET / HTTP/1.1
2024-07-17 23:30:22.865118 INFO: Host: 39.98.202.182:9006
2024-07-17 23:30:22.865123 INFO: User-Agent: Go-http-client/1.1
2024-07-17 23:30:22.865128 INFO: oop!unknow header: User-Agent: Go-http-client/1.1
2024-07-17 23:30:22.865132 INFO: X-Vegeta-Seq: 3068
2024-07-17 23:30:22.865136 INFO: oop!unknow header: X-Vegeta-Seq: 3068
2024-07-17 23:30:22.865141 INFO: Accept-Encoding: gzip
2024-07-17 23:30:22.865145 INFO: oop!unknow header: Accept-Encoding: gzip
2024-07-17 23:30:22.865149 INFO: 
2024-07-17 23:30:22.865170 INFO: request:HTTP/1.1 200 OK

2024-07-17 23:30:22.865175 INFO: request:HTTP/1.1 200 OK
Content-Length:542

2024-07-17 23:30:22.865180 INFO: request:HTTP/1.1 200 OK
Content-Length:542
Connection:close

2024-07-17 23:30:22.865185 INFO: request:HTTP/1.1 200 OK
Content-Length:542
Connection:close


2024-07-17 23:30:22.865202 INFO: eventNum: 1
2024-07-17 23:30:22.865204 INFO: Thread 140246106080832 is running task

2024-07-17 23:30:22.865215 INFO: fd: 26, events: 4

2024-07-17 23:30:22.865273 INFO: Thread 140246097688128 is running task

2024-07-17 23:30:22.865970 INFO: eventNum: 1
2024-07-17 23:30:22.865989 INFO: fd: 17, events: 8193

2024-07-17 23:30:22.866006 INFO: HttpConn 17 close success
2024-07-17 23:30:22.866014 INFO: Client[17] quit!
2024-07-17 23:30:22.866493 INFO: eventNum: 1
2024-07-17 23:30:22.866512 INFO: fd: 13, events: 1

2024-07-17 23:30:22.866517 INFO: HandleListenEvent 13
2024-07-17 23:30:22.866531 INFO: HttpConn 17 init success
2024-07-17 23:30:22.866537 INFO: addTimer id:17 expireTime:1721230722
2024-07-17 23:30:22.866546 INFO: Client[17] in!
2024-07-17 23:30:22.866551 INFO: HandleListenEvent 13
2024-07-17 23:30:22.866558 ERROR: Accept failure -1
2024-07-17 23:30:22.866858 INFO: eventNum: 1
2024-07-17 23:30:22.866872 INFO: fd: 29, events: 8193

2024-07-17 23:30:22.866886 INFO: HttpConn 29 close success
2024-07-17 23:30:22.866893 INFO: Client[29] quit!
2024-07-17 23:30:22.867002 INFO: eventNum: 1
2024-07-17 23:30:22.867017 INFO: fd: 16, events: 1

2024-07-17 23:30:22.867031 INFO: HttpConn 16 read success
2024-07-17 23:30:22.867042 INFO: GET / HTTP/1.1
2024-07-17 23:30:22.867048 INFO: Host: 39.98.202.182:9006
2024-07-17 23:30:22.867053 INFO: User-Agent: Go-http-client/1.1
2024-07-17 23:30:22.867057 INFO: oop!unknow header: User-Agent: Go-http-client/1.1
2024-07-17 23:30:22.867062 INFO: X-Vegeta-Seq: 3067
2024-07-17 23:30:22.867066 INFO: oop!unknow header: X-Vegeta-Seq: 3067
2024-07-17 23:30:22.867071 INFO: Accept-Encoding: gzip
2024-07-17 23:30:22.867075 INFO: oop!unknow header: Accept-Encoding: gzip
2024-07-17 23:30:22.867079 INFO: 
2024-07-17 23:30:22.867096 INFO: request:HTTP/1.1 200 OK

2024-07-17 23:30:22.867101 INFO: request:HTTP/1.1 200 OK
Content-Length:542

2024-07-17 23:30:22.867106 INFO: request:HTTP/1.1 200 OK
Content-Length:542
Connection:close

2024-07-17 23:30:22.867118 INFO: request:HTTP/1.1 200 OK
Content-Length:542
Connection:close


2024-07-17 23:30:22.867128 INFO: Thread 140246139651648 is running task

2024-07-17 23:30:22.867138 INFO: eventNum: 2
2024-07-17 23:30:22.867142 INFO: fd: 13, events: 1

2024-07-17 23:30:22.867147 INFO: HandleListenEvent 13
2024-07-17 23:30:22.867159 INFO: HttpConn 28 init success
2024-07-17 23:30:22.867164 INFO: addTimer id:28 expireTime:1721230722
2024-07-17 23:30:22.867173 INFO: Client[28] in!
2024-07-17 23:30:22.867178 INFO: HandleListenEvent 13
2024-07-17 23:30:22.867187 INFO: HttpConn 29 init success
2024-07-17 23:30:22.867192 INFO: addTimer id:29 expireTime:1721230722
2024-07-17 23:30:22.867200 INFO: Client[29] in!
2024-07-17 23:30:22.867204 INFO: HandleListenEvent 13
2024-07-17 23:30:22.867213 ERROR: Accept failure -1
2024-07-17 23:30:22.867217 INFO: fd: 16, events: 4

2024-07-17 23:30:22.867251 INFO: Thread 140246122866240 is running task

2024-07-17 23:30:22.867262 INFO: eventNum: 1
2024-07-17 23:30:22.867267 INFO: fd: 13, events: 1

2024-07-17 23:30:22.867271 INFO: HandleListenEvent 13
2024-07-17 23:30:22.867281 INFO: HttpConn 30 init success
2024-07-17 23:30:22.867287 INFO: addTimer id:30 expireTime:1721230722
2024-07-17 23:30:22.867295 INFO: Client[30] in!
2024-07-17 23:30:22.867299 INFO: HandleListenEvent 13
2024-07-17 23:30:22.867309 INFO: HttpConn 31 init success
2024-07-17 23:30:22.867314 INFO: addTimer id:31 expireTime:1721230722
2024-07-17 23:30:22.867322 INFO: Client[31] in!
2024-07-17 23:30:22.867326 INFO: HandleListenEvent 13
2024-07-17 23:30:22.867333 ERROR: Accept failure -1
2024-07-17 23:30:22.867806 INFO: eventNum: 2
2024-07-17 23:30:22.867824 INFO: fd: 28, events: 1

2024-07-17 23:30:22.867835 INFO: fd: 29, events: 1

2024-07-17 23:30:22.867851 INFO: HttpConn 28 read success
2024-07-17 23:30:22.867863 INFO: HttpConn 29 read success
2024-07-17 23:30:22.867895 INFO: GET / HTTP/1.1
2024-07-17 23:30:22.867902 INFO: Host: 39.98.202.182:9006
2024-07-17 23:30:22.867906 INFO: User-Agent: Go-http-client/1.1
2024-07-17 23:30:22.867912 INFO: oop!unknow header: User-Agent: Go-http-client/1.1
2024-07-17 23:30:22.867919 INFO: X-Vegeta-Seq: 3077
2024-07-17 23:30:22.867925 INFO: oop!unknow header: X-Vegeta-Seq: 3077
2024-07-17 23:30:22.867932 INFO: Accept-Encoding: gzip
2024-07-17 23:30:22.867938 INFO: oop!unknow header: Accept-Encoding: gzip
2024-07-17 23:30:22.867945 INFO: 
2024-07-17 23:30:22.867968 INFO: request:HTTP/1.1 200 OK

2024-07-17 23:30:22.867974 INFO: request:HTTP/1.1 200 OK
Content-Length:542

2024-07-17 23:30:22.867979 INFO: request:HTTP/1.1 200 OK
Content-Length:542
Connection:close

2024-07-17 23:30:22.867986 INFO: request:HTTP/1.1 200 OK
Content-Length:542
Connection:close


2024-07-17 23:30:22.867996 INFO: Thread 140246156437056 is running task

2024-07-17 23:30:22.867882 INFO: GET / HTTP/1.1
2024-07-17 23:30:22.868011 INFO: Host: 39.98.202.182:9006
2024-07-17 23:30:22.868016 INFO: User-Agent: Go-http-client/1.1
2024-07-17 23:30:22.868020 INFO: oop!unknow header: User-Agent: Go-http-client/1.1
2024-07-17 23:30:22.868024 INFO: X-Vegeta-Seq: 3075
2024-07-17 23:30:22.868029 INFO: oop!unknow header: X-Vegeta-Seq: 3075
2024-07-17 23:30:22.868033 INFO: Accept-Encoding: gzip
2024-07-17 23:30:22.868037 INFO: oop!unknow header: Accept-Encoding: gzip
2024-07-17 23:30:22.868042 INFO: 
2024-07-17 23:30:22.868054 INFO: request:HTTP/1.1 200 OK

2024-07-17 23:30:22.868059 INFO: request:HTTP/1.1 200 OK
Content-Length:542

2024-07-17 23:30:22.868064 INFO: request:HTTP/1.1 200 OK
Content-Length:542
Connection:close

2024-07-17 23:30:22.868069 INFO: request:HTTP/1.1 200 OK
Content-Length:542
Connection:close


2024-07-17 23:30:22.868075 INFO: Thread 140246114473536 is running task

2024-07-17 23:30:22.868084 INFO: eventNum: 5
2024-07-17 23:30:22.868089 INFO: fd: 17, events: 1

2024-07-17 23:30:22.868100 INFO: fd: 31, events: 1

2024-07-17 23:30:22.868105 INFO: HttpConn 17 read success
2024-07-17 23:30:22.868113 INFO: HttpConn 31 read success
2024-07-17 23:30:22.868119 INFO: GET / HTTP/1.1
2024-07-17 23:30:22.868142 INFO: Host: 39.98.202.182:9006
2024-07-17 23:30:22.868148 INFO: User-Agent: Go-http-client/1.1
2024-07-17 23:30:22.868159 INFO: oop!unknow header: User-Agent: Go-http-client/1.1
2024-07-17 23:30:22.868125 INFO: GET / HTTP/1.1
2024-07-17 23:30:22.868172 INFO: Host: 39.98.202.182:9006
2024-07-17 23:30:22.868178 INFO: User-Agent: Go-http-client/1.1
2024-07-17 23:30:22.868182 INFO: oop!unknow header: User-Agent: Go-http-client/1.1
2024-07-17 23:30:22.868187 INFO: X-Vegeta-Seq: 3072
2024-07-17 23:30:22.868191 INFO: oop!unknow header: X-Vegeta-Seq: 3072
2024-07-17 23:30:22.868195 INFO: Accept-Encoding: gzip
2024-07-17 23:30:22.868200 INFO: oop!unknow header: Accept-Encoding: gzip
2024-07-17 23:30:22.868204 INFO: 
2024-07-17 23:30:22.868217 INFO: request:HTTP/1.1 200 OK

2024-07-17 23:30:22.868221 INFO: request:HTTP/1.1 200 OK
Content-Length:542

2024-07-17 23:30:22.868225 INFO: request:HTTP/1.1 200 OK
Content-Length:542
Connection:close

2024-07-17 23:30:22.868230 INFO: request:HTTP/1.1 200 OK
Content-Length:542
Connection:close


2024-07-17 23:30:22.868240 INFO: Thread 140246131258944 is running task

2024-07-17 23:30:22.868129 INFO: fd: 30, events: 1

2024-07-17 23:30:22.868164 INFO: X-Vegeta-Seq: 3071
2024-07-17 23:30:22.868260 INFO: fd: 29, events: 4

2024-07-17 23:30:22.868276 INFO: HttpConn 30 read success
2024-07-17 23:30:22.868285 INFO: GET / HTTP/1.1
2024-07-17 23:30:22.868290 INFO: Host: 39.98.202.182:9006
2024-07-17 23:30:22.868294 INFO: User-Agent: Go-http-client/1.1
2024-07-17 23:30:22.868301 INFO: oop!unknow header: User-Agent: Go-http-client/1.1
2024-07-17 23:30:22.868267 INFO: oop!unknow header: X-Vegeta-Seq: 3071
2024-07-17 23:30:22.868305 INFO: X-Vegeta-Seq: 3073
2024-07-17 23:30:22.868304 INFO: Thread 140246097688128 is running task

2024-07-17 23:30:22.868314 INFO: Accept-Encoding: gzip
2024-07-17 23:30:22.868325 INFO: oop!unknow header: X-Vegeta-Seq: 3073
2024-07-17 23:30:22.868360 INFO: Accept-Encoding: gzip
2024-07-17 23:30:22.868365 INFO: oop!unknow header: Accept-Encoding: gzip
2024-07-17 23:30:22.868369 INFO: 
2024-07-17 23:30:22.868381 INFO: request:HTTP/1.1 200 OK

2024-07-17 23:30:22.868386 INFO: request:HTTP/1.1 200 OK
Content-Length:542

2024-07-17 23:30:22.868390 INFO: request:HTTP/1.1 200 OK
Content-Length:542
Connection:close

2024-07-17 23:30:22.868395 INFO: request:HTTP/1.1 200 OK
Content-Length:542
Connection:close


2024-07-17 23:30:22.868402 INFO: Thread 140246106080832 is running task

2024-07-17 23:30:22.868334 INFO: fd: 28, events: 4

2024-07-17 23:30:22.868351 INFO: oop!unknow header: Accept-Encoding: gzip
2024-07-17 23:30:22.868428 INFO: 
2024-07-17 23:30:22.868442 INFO: Thread 140246139651648 is running task

2024-07-17 23:30:22.868452 INFO: request:HTTP/1.1 200 OK

2024-07-17 23:30:22.868472 INFO: request:HTTP/1.1 200 OK
Content-Length:542

2024-07-17 23:30:22.868479 INFO: request:HTTP/1.1 200 OK
Content-Length:542
Connection:close

2024-07-17 23:30:22.868489 INFO: request:HTTP/1.1 200 OK
Content-Length:542
Connection:close


2024-07-17 23:30:22.868457 INFO: eventNum: 3
2024-07-17 23:30:22.868505 INFO: fd: 31, events: 4

2024-07-17 23:30:22.868523 INFO: Thread 140246148044352 is running task

2024-07-17 23:30:22.868533 INFO: Thread 140246122866240 is running task

2024-07-17 23:30:22.868546 INFO: fd: 13, events: 1

2024-07-17 23:30:22.868551 INFO: HandleListenEvent 13
2024-07-17 23:30:22.868564 INFO: HttpConn 32 init success
2024-07-17 23:30:22.868570 INFO: addTimer id:32 expireTime:1721230722
2024-07-17 23:30:22.868579 INFO: Client[32] in!
2024-07-17 23:30:22.868584 INFO: HandleListenEvent 13
2024-07-17 23:30:22.868591 ERROR: Accept failure -1
2024-07-17 23:30:22.868596 INFO: fd: 30, events: 4

2024-07-17 23:30:22.868617 INFO: Thread 140246156437056 is running task

2024-07-17 23:30:22.868630 INFO: eventNum: 1
2024-07-17 23:30:22.868635 INFO: fd: 17, events: 4

2024-07-17 23:30:22.868654 INFO: Thread 140246114473536 is running task

2024-07-17 23:30:22.868754 INFO: eventNum: 1
2024-07-17 23:30:22.868770 INFO: fd: 32, events: 1

2024-07-17 23:30:22.868786 INFO: HttpConn 32 read success
2024-07-17 23:30:22.868795 INFO: GET / HTTP/1.1
2024-07-17 23:30:22.868799 INFO: Host: 39.98.202.182:9006
2024-07-17 23:30:22.868804 INFO: User-Agent: Go-http-client/1.1
2024-07-17 23:30:22.868808 INFO: oop!unknow header: User-Agent: Go-http-client/1.1
2024-07-17 23:30:22.868813 INFO: X-Vegeta-Seq: 3076
2024-07-17 23:30:22.868817 INFO: oop!unknow header: X-Vegeta-Seq: 3076
2024-07-17 23:30:22.868822 INFO: Accept-Encoding: gzip
2024-07-17 23:30:22.868826 INFO: oop!unknow header: Accept-Encoding: gzip
2024-07-17 23:30:22.868830 INFO: 
2024-07-17 23:30:22.868843 INFO: request:HTTP/1.1 200 OK

2024-07-17 23:30:22.868848 INFO: request:HTTP/1.1 200 OK
Content-Length:542

2024-07-17 23:30:22.868853 INFO: request:HTTP/1.1 200 OK
Content-Length:542
Connection:close

2024-07-17 23:30:22.868857 INFO: request:HTTP/1.1 200 OK
Content-Length:542
Connection:close


2024-07-17 23:30:22.868865 INFO: Thread 140246131258944 is running task

2024-07-17 23:30:22.868873 INFO: eventNum: 1
2024-07-17 23:30:22.868878 INFO: fd: 32, events: 4

2024-07-17 23:30:22.868907 INFO: Thread 140246097688128 is running task

2024-07-17 23:30:22.895106 INFO: eventNum: 1
2024-07-17 23:30:22.895160 INFO: fd: 13, events: 1

2024-07-17 23:30:22.895166 INFO: HandleListenEvent 13
2024-07-17 23:30:22.895194 INFO: HttpConn 33 init success
2024-07-17 23:30:22.895201 INFO: addTimer id:33 expireTime:1721230722
2024-07-17 23:30:22.895215 INFO: Client[33] in!
2024-07-17 23:30:22.895220 INFO: HandleListenEvent 13
2024-07-17 23:30:22.895231 INFO: HttpConn 34 init success
2024-07-17 23:30:22.895236 INFO: addTimer id:34 expireTime:1721230722
2024-07-17 23:30:22.895245 INFO: Client[34] in!
2024-07-17 23:30:22.895249 INFO: HandleListenEvent 13
2024-07-17 23:30:22.895263 ERROR: Accept failure -1
2024-07-17 23:30:22.895992 INFO: eventNum: 1
2024-07-17 23:30:22.896012 INFO: fd: 13, events: 1

2024-07-17 23:30:22.896018 INFO: HandleListenEvent 13
2024-07-17 23:30:22.896033 INFO: HttpConn 35 init success
2024-07-17 23:30:22.896039 INFO: addTimer id:35 expireTime:1721230722
2024-07-17 23:30:22.896049 INFO: Client[35] in!
2024-07-17 23:30:22.896054 INFO: HandleListenEvent 13
2024-07-17 23:30:22.896063 ERROR: Accept failure -1
2024-07-17 23:30:22.896143 INFO: eventNum: 1
2024-07-17 23:30:22.896175 INFO: fd: 26, events: 8193

2024-07-17 23:30:22.896215 INFO: HttpConn 26 close success
2024-07-17 23:30:22.896221 INFO: Client[26] quit!
2024-07-17 23:30:22.896226 INFO: eventNum: 1
2024-07-17 23:30:22.896232 INFO: fd: 13, events: 1

2024-07-17 23:30:22.896239 INFO: HandleListenEvent 13
2024-07-17 23:30:22.896250 INFO: HttpConn 26 init success
2024-07-17 23:30:22.896257 INFO: addTimer id:26 expireTime:1721230722
2024-07-17 23:30:22.896270 INFO: Client[26] in!
2024-07-17 23:30:22.896276 INFO: HandleListenEvent 13
2024-07-17 23:30:22.896285 ERROR: Accept failure -1
2024-07-17 23:30:22.896372 INFO: eventNum: 1
2024-07-17 23:30:22.896399 INFO: fd: 13, events: 1

2024-07-17 23:30:22.896404 INFO: HandleListenEvent 13
2024-07-17 23:30:22.896417 INFO: HttpConn 36 init success
2024-07-17 23:30:22.896422 INFO: addTimer id:36 expireTime:1721230722
2024-07-17 23:30:22.896431 INFO: Client[36] in!
2024-07-17 23:30:22.896436 INFO: HandleListenEvent 13
2024-07-17 23:30:22.896446 INFO: HttpConn 37 init success
2024-07-17 23:30:22.896451 INFO: addTimer id:37 expireTime:1721230722
2024-07-17 23:30:22.896459 INFO: Client[37] in!
2024-07-17 23:30:22.896463 INFO: HandleListenEvent 13
2024-07-17 23:30:22.896470 ERROR: Accept failure -1
2024-07-17 23:30:22.897125 INFO: eventNum: 1
2024-07-17 23:30:22.897140 INFO: fd: 13, events: 1

2024-07-17 23:30:22.897144 INFO: HandleListenEvent 13
2024-07-17 23:30:22.897157 INFO: HttpConn 38 init success
2024-07-17 23:30:22.897162 INFO: addTimer id:38 expireTime:1721230722
2024-07-17 23:30:22.897170 INFO: Client[38] in!
2024-07-17 23:30:22.897175 INFO: HandleListenEvent 13
2024-07-17 23:30:22.897182 ERROR: Accept failure -1
2024-07-17 23:30:22.897417 INFO: eventNum: 1
2024-07-17 23:30:22.897433 INFO: fd: 28, events: 8193

2024-07-17 23:30:22.897463 INFO: HttpConn 28 close success
2024-07-17 23:30:22.897472 INFO: Client[28] quit!
2024-07-17 23:30:22.897713 INFO: eventNum: 1
2024-07-17 23:30:22.897733 INFO: fd: 16, events: 8193

2024-07-17 23:30:22.897747 INFO: HttpConn 16 close success
2024-07-17 23:30:22.897754 INFO: Client[16] quit!
2024-07-17 23:30:22.898317 INFO: eventNum: 1
2024-07-17 23:30:22.898331 INFO: fd: 31, events: 8193

2024-07-17 23:30:22.898347 INFO: HttpConn 31 close success
2024-07-17 23:30:22.898355 INFO: Client[31] quit!
2024-07-17 23:30:22.898360 INFO: eventNum: 1
2024-07-17 23:30:22.898365 INFO: fd: 30, events: 8193

2024-07-17 23:30:22.898376 INFO: HttpConn 30 close success
2024-07-17 23:30:22.898382 INFO: Client[30] quit!
2024-07-17 23:30:22.898555 INFO: eventNum: 1
2024-07-17 23:30:22.898566 INFO: fd: 29, events: 8193

2024-07-17 23:30:22.898578 INFO: HttpConn 29 close success
2024-07-17 23:30:22.898583 INFO: Client[29] quit!
2024-07-17 23:30:22.899196 INFO: eventNum: 2
2024-07-17 23:30:22.899212 INFO: fd: 17, events: 8193

2024-07-17 23:30:22.899229 INFO: HttpConn 17 close success
2024-07-17 23:30:22.899238 INFO: Client[17] quit!
2024-07-17 23:30:22.899242 INFO: fd: 32, events: 8193

2024-07-17 23:30:22.899253 INFO: HttpConn 32 close success
2024-07-17 23:30:22.899260 INFO: Client[32] quit!
2024-07-17 23:30:22.900884 INFO: eventNum: 1
2024-07-17 23:30:22.900906 INFO: fd: 35, events: 1

2024-07-17 23:30:22.900925 INFO: HttpConn 35 read success
2024-07-17 23:30:22.900938 INFO: GET / HTTP/1.1
2024-07-17 23:30:22.900944 INFO: Host: 39.98.202.182:9006
2024-07-17 23:30:22.900949 INFO: User-Agent: Go-http-client/1.1
2024-07-17 23:30:22.900954 INFO: oop!unknow header: User-Agent: Go-http-client/1.1
2024-07-17 23:30:22.900958 INFO: X-Vegeta-Seq: 3088
2024-07-17 23:30:22.900963 INFO: oop!unknow header: X-Vegeta-Seq: 3088
2024-07-17 23:30:22.900967 INFO: Accept-Encoding: gzip
2024-07-17 23:30:22.900972 INFO: oop!unknow header: Accept-Encoding: gzip
2024-07-17 23:30:22.900976 INFO: 
2024-07-17 23:30:22.901001 INFO: request:HTTP/1.1 200 OK

2024-07-17 23:30:22.901007 INFO: request:HTTP/1.1 200 OK
Content-Length:542

2024-07-17 23:30:22.901011 INFO: request:HTTP/1.1 200 OK
Content-Length:542
Connection:close

2024-07-17 23:30:22.901015 INFO: request:HTTP/1.1 200 OK
Content-Length:542
Connection:close


2024-07-17 23:30:22.901036 INFO: Thread 140246106080832 is running task

2024-07-17 23:30:22.901048 INFO: eventNum: 2
2024-07-17 23:30:22.901053 INFO: fd: 26, events: 1

2024-07-17 23:30:22.901066 INFO: HttpConn 26 read success
2024-07-17 23:30:22.901075 INFO: GET / HTTP/1.1
2024-07-17 23:30:22.901080 INFO: Host: 39.98.202.182:9006
2024-07-17 23:30:22.901085 INFO: User-Agent: Go-http-client/1.1
2024-07-17 23:30:22.901089 INFO: oop!unknow header: User-Agent: Go-http-client/1.1
2024-07-17 23:30:22.901094 INFO: X-Vegeta-Seq: 3091
2024-07-17 23:30:22.901098 INFO: oop!unknow header: X-Vegeta-Seq: 3091
2024-07-17 23:30:22.901102 INFO: Accept-Encoding: gzip
2024-07-17 23:30:22.901106 INFO: oop!unknow header: Accept-Encoding: gzip
2024-07-17 23:30:22.901111 INFO: 
2024-07-17 23:30:22.901128 INFO: request:HTTP/1.1 200 OK

2024-07-17 23:30:22.901135 INFO: request:HTTP/1.1 200 OK
Content-Length:542

2024-07-17 23:30:22.901141 INFO: request:HTTP/1.1 200 OK
Content-Length:542
Connection:close

2024-07-17 23:30:22.901148 INFO: request:HTTP/1.1 200 OK
Content-Length:542
Connection:close


2024-07-17 23:30:22.901159 INFO: Thread 140246139651648 is running task

2024-07-17 23:30:22.901169 INFO: fd: 35, events: 4

2024-07-17 23:30:22.901184 INFO: eventNum: 1
2024-07-17 23:30:22.901190 INFO: fd: 26, events: 4

2024-07-17 23:30:22.901238 INFO: Thread 140246122866240 is running task

2024-07-17 23:30:22.901258 INFO: eventNum: 2
2024-07-17 23:30:22.901263 INFO: fd: 34, events: 1

2024-07-17 23:30:22.901276 INFO: Thread 140246148044352 is running task

2024-07-17 23:30:22.901279 INFO: HttpConn 34 read success
2024-07-17 23:30:22.901334 INFO: GET / HTTP/1.1
2024-07-17 23:30:22.901340 INFO: Host: 39.98.202.182:9006
2024-07-17 23:30:22.901352 INFO: User-Agent: Go-http-client/1.1
2024-07-17 23:30:22.901357 INFO: oop!unknow header: User-Agent: Go-http-client/1.1
2024-07-17 23:30:22.901361 INFO: X-Vegeta-Seq: 3084
2024-07-17 23:30:22.901366 INFO: oop!unknow header: X-Vegeta-Seq: 3084
2024-07-17 23:30:22.901370 INFO: Accept-Encoding: gzip
2024-07-17 23:30:22.901374 INFO: oop!unknow header: Accept-Encoding: gzip
2024-07-17 23:30:22.901378 INFO: 
2024-07-17 23:30:22.901393 INFO: request:HTTP/1.1 200 OK

2024-07-17 23:30:22.901398 INFO: request:HTTP/1.1 200 OK
Content-Length:542

2024-07-17 23:30:22.901402 INFO: request:HTTP/1.1 200 OK
Content-Length:542
Connection:close

2024-07-17 23:30:22.901406 INFO: request:HTTP/1.1 200 OK
Content-Length:542
Connection:close


2024-07-17 23:30:22.901414 INFO: Thread 140246156437056 is running task

2024-07-17 23:30:22.901281 INFO: fd: 18, events: 8193

2024-07-17 23:30:22.901435 INFO: HttpConn 18 close success
2024-07-17 23:30:22.901443 INFO: Client[18] quit!
2024-07-17 23:30:22.901449 INFO: eventNum: 2
2024-07-17 23:30:22.901453 INFO: fd: 34, events: 4

2024-07-17 23:30:22.901482 INFO: Thread 140246114473536 is running task

2024-07-17 23:30:22.901494 INFO: fd: 33, events: 1

2024-07-17 23:30:22.901514 INFO: HttpConn 33 read success
2024-07-17 23:30:22.901523 INFO: GET / HTTP/1.1
2024-07-17 23:30:22.901529 INFO: Host: 39.98.202.182:9006
2024-07-17 23:30:22.901533 INFO: User-Agent: Go-http-client/1.1
2024-07-17 23:30:22.901538 INFO: oop!unknow header: User-Agent: Go-http-client/1.1
2024-07-17 23:30:22.901542 INFO: X-Vegeta-Seq: 3085
2024-07-17 23:30:22.901546 INFO: oop!unknow header: X-Vegeta-Seq: 3085
2024-07-17 23:30:22.901551 INFO: Accept-Encoding: gzip
2024-07-17 23:30:22.901555 INFO: oop!unknow header: Accept-Encoding: gzip
2024-07-17 23:30:22.901559 INFO: 
2024-07-17 23:30:22.901574 INFO: request:HTTP/1.1 200 OK

2024-07-17 23:30:22.901579 INFO: request:HTTP/1.1 200 OK
Content-Length:542

2024-07-17 23:30:22.901586 INFO: request:HTTP/1.1 200 OK
Content-Length:542
Connection:close

2024-07-17 23:30:22.901595 INFO: request:HTTP/1.1 200 OK
Content-Length:542
Connection:close


2024-07-17 23:30:22.901603 INFO: Thread 140246131258944 is running task

2024-07-17 23:30:22.901612 INFO: eventNum: 2
2024-07-17 23:30:22.901616 INFO: fd: 37, events: 1

2024-07-17 23:30:22.901629 INFO: HttpConn 37 read success
2024-07-17 23:30:22.901637 INFO: GET / HTTP/1.1
2024-07-17 23:30:22.901642 INFO: Host: 39.98.202.182:9006
2024-07-17 23:30:22.901648 INFO: User-Agent: Go-http-client/1.1
2024-07-17 23:30:22.901658 INFO: oop!unknow header: User-Agent: Go-http-client/1.1
2024-07-17 23:30:22.901664 INFO: X-Vegeta-Seq: 3092
2024-07-17 23:30:22.901671 INFO: oop!unknow header: X-Vegeta-Seq: 3092
2024-07-17 23:30:22.901678 INFO: Accept-Encoding: gzip
2024-07-17 23:30:22.901684 INFO: oop!unknow header: Accept-Encoding: gzip
2024-07-17 23:30:22.901689 INFO: 
2024-07-17 23:30:22.901701 INFO: request:HTTP/1.1 200 OK

2024-07-17 23:30:22.901706 INFO: request:HTTP/1.1 200 OK
Content-Length:542

2024-07-17 23:30:22.901711 INFO: request:HTTP/1.1 200 OK
Content-Length:542
Connection:close

2024-07-17 23:30:22.901715 INFO: request:HTTP/1.1 200 OK
Content-Length:542
Connection:close


2024-07-17 23:30:22.901723 INFO: Thread 140246097688128 is running task

2024-07-17 23:30:22.901731 INFO: fd: 33, events: 4

2024-07-17 23:30:22.901756 INFO: Thread 140246106080832 is running task

2024-07-17 23:30:22.901770 INFO: eventNum: 3
2024-07-17 23:30:22.901775 INFO: fd: 36, events: 1

2024-07-17 23:30:22.901785 INFO: HttpConn 36 read success
2024-07-17 23:30:22.901794 INFO: GET / HTTP/1.1
2024-07-17 23:30:22.901799 INFO: Host: 39.98.202.182:9006
2024-07-17 23:30:22.901803 INFO: User-Agent: Go-http-client/1.1
2024-07-17 23:30:22.901807 INFO: oop!unknow header: User-Agent: Go-http-client/1.1
2024-07-17 23:30:22.901812 INFO: X-Vegeta-Seq: 3090
2024-07-17 23:30:22.901816 INFO: oop!unknow header: X-Vegeta-Seq: 3090
2024-07-17 23:30:22.901820 INFO: Accept-Encoding: gzip
2024-07-17 23:30:22.901825 INFO: oop!unknow header: Accept-Encoding: gzip
2024-07-17 23:30:22.901834 INFO: 
2024-07-17 23:30:22.901846 INFO: request:HTTP/1.1 200 OK

2024-07-17 23:30:22.901851 INFO: request:HTTP/1.1 200 OK
Content-Length:542

2024-07-17 23:30:22.901855 INFO: request:HTTP/1.1 200 OK
Content-Length:542
Connection:close

2024-07-17 23:30:22.901859 INFO: request:HTTP/1.1 200 OK
Content-Length:542
Connection:close


2024-07-17 23:30:22.901866 INFO: Thread 140246139651648 is running task

2024-07-17 23:30:22.901874 INFO: fd: 13, events: 1

2024-07-17 23:30:22.901879 INFO: HandleListenEvent 13
2024-07-17 23:30:22.901894 INFO: HttpConn 16 init success
2024-07-17 23:30:22.901901 INFO: addTimer id:16 expireTime:1721230722
2024-07-17 23:30:22.901910 INFO: Client[16] in!
2024-07-17 23:30:22.901915 INFO: HandleListenEvent 13
2024-07-17 23:30:22.901923 ERROR: Accept failure -1
2024-07-17 23:30:22.901927 INFO: fd: 37, events: 4

2024-07-17 23:30:22.901951 INFO: Thread 140246122866240 is running task

2024-07-17 23:30:22.901963 INFO: eventNum: 1
2024-07-17 23:30:22.901968 INFO: fd: 36, events: 4

2024-07-17 23:30:22.901981 INFO: eventNum: 1
2024-07-17 23:30:22.901987 INFO: fd: 16, events: 1

2024-07-17 23:30:22.901996 INFO: HttpConn 16 read success
2024-07-17 23:30:22.902009 INFO: GET / HTTP/1.1
2024-07-17 23:30:22.902014 INFO: Host: 39.98.202.182:9006
2024-07-17 23:30:22.902018 INFO: Thread 140246148044352 is running task

2024-07-17 23:30:22.902019 INFO: User-Agent: Go-http-client/1.1
2024-07-17 23:30:22.902053 INFO: oop!unknow header: User-Agent: Go-http-client/1.1
2024-07-17 23:30:22.902058 INFO: X-Vegeta-Seq: 3093
2024-07-17 23:30:22.902062 INFO: oop!unknow header: X-Vegeta-Seq: 3093
2024-07-17 23:30:22.902066 INFO: Accept-Encoding: gzip
2024-07-17 23:30:22.902070 INFO: oop!unknow header: Accept-Encoding: gzip
2024-07-17 23:30:22.902074 INFO: 
2024-07-17 23:30:22.902087 INFO: request:HTTP/1.1 200 OK

2024-07-17 23:30:22.902094 INFO: request:HTTP/1.1 200 OK
Content-Length:542

2024-07-17 23:30:22.902101 INFO: request:HTTP/1.1 200 OK
Content-Length:542
Connection:close

2024-07-17 23:30:22.902107 INFO: request:HTTP/1.1 200 OK
Content-Length:542
Connection:close


2024-07-17 23:30:22.902138 INFO: Thread 140246156437056 is running task

2024-07-17 23:30:22.902151 INFO: eventNum: 1
2024-07-17 23:30:22.902158 INFO: fd: 16, events: 4

2024-07-17 23:30:22.902186 INFO: Thread 140246114473536 is running task

2024-07-17 23:30:22.902759 INFO: eventNum: 1
2024-07-17 23:30:22.902779 INFO: fd: 38, events: 1

2024-07-17 23:30:22.902793 INFO: HttpConn 38 read success
2024-07-17 23:30:22.902802 INFO: GET / HTTP/1.1
2024-07-17 23:30:22.902807 INFO: Host: 39.98.202.182:9006
2024-07-17 23:30:22.902812 INFO: User-Agent: Go-http-client/1.1
2024-07-17 23:30:22.902816 INFO: oop!unknow header: User-Agent: Go-http-client/1.1
2024-07-17 23:30:22.902820 INFO: X-Vegeta-Seq: 3089
2024-07-17 23:30:22.902825 INFO: oop!unknow header: X-Vegeta-Seq: 3089
2024-07-17 23:30:22.902829 INFO: Accept-Encoding: gzip
2024-07-17 23:30:22.902833 INFO: oop!unknow header: Accept-Encoding: gzip
2024-07-17 23:30:22.902838 INFO: 
2024-07-17 23:30:22.902853 INFO: request:HTTP/1.1 200 OK

2024-07-17 23:30:22.902858 INFO: request:HTTP/1.1 200 OK
Content-Length:542

2024-07-17 23:30:22.902862 INFO: request:HTTP/1.1 200 OK
Content-Length:542
Connection:close

2024-07-17 23:30:22.902866 INFO: request:HTTP/1.1 200 OK
Content-Length:542
Connection:close


2024-07-17 23:30:22.902874 INFO: Thread 140246131258944 is running task

2024-07-17 23:30:22.902883 INFO: eventNum: 1
2024-07-17 23:30:22.902887 INFO: fd: 38, events: 4

2024-07-17 23:30:22.902912 INFO: Thread 140246097688128 is running task

2024-07-17 23:30:22.924811 INFO: eventNum: 1
2024-07-17 23:30:22.924865 INFO: fd: 13, events: 1

2024-07-17 23:30:22.924871 INFO: HandleListenEvent 13
2024-07-17 23:30:22.924898 INFO: HttpConn 17 init success
2024-07-17 23:30:22.924905 INFO: addTimer id:17 expireTime:1721230722
2024-07-17 23:30:22.924919 INFO: Client[17] in!
2024-07-17 23:30:22.924923 INFO: HandleListenEvent 13
2024-07-17 23:30:22.924935 ERROR: Accept failure -1
2024-07-17 23:30:22.924950 INFO: eventNum: 1
2024-07-17 23:30:22.924955 INFO: fd: 35, events: 8193

2024-07-17 23:30:22.924979 INFO: HttpConn 35 close success
2024-07-17 23:30:22.924988 INFO: Client[35] quit!
2024-07-17 23:30:22.925053 INFO: eventNum: 1
2024-07-17 23:30:22.925059 INFO: fd: 33, events: 8193

2024-07-17 23:30:22.925072 INFO: HttpConn 33 close success
2024-07-17 23:30:22.925079 INFO: Client[33] quit!
2024-07-17 23:30:22.925282 INFO: eventNum: 1
2024-07-17 23:30:22.925296 INFO: fd: 13, events: 1

2024-07-17 23:30:22.925301 INFO: HandleListenEvent 13
2024-07-17 23:30:22.925315 INFO: HttpConn 18 init success
2024-07-17 23:30:22.925320 INFO: addTimer id:18 expireTime:1721230722
2024-07-17 23:30:22.925329 INFO: Client[18] in!
2024-07-17 23:30:22.925334 INFO: HandleListenEvent 13
2024-07-17 23:30:22.925341 ERROR: Accept failure -1
2024-07-17 23:30:22.925389 INFO: eventNum: 1
2024-07-17 23:30:22.925395 INFO: fd: 26, events: 8193

2024-07-17 23:30:22.925418 INFO: HttpConn 26 close success
2024-07-17 23:30:22.925426 INFO: Client[26] quit!
2024-07-17 23:30:22.925954 INFO: eventNum: 1
2024-07-17 23:30:22.925967 INFO: fd: 37, events: 8193

2024-07-17 23:30:22.925981 INFO: HttpConn 37 close success
2024-07-17 23:30:22.925988 INFO: Client[37] quit!
2024-07-17 23:30:22.925994 INFO: eventNum: 1
2024-07-17 23:30:22.925998 INFO: fd: 34, events: 8193

2024-07-17 23:30:22.926009 INFO: HttpConn 34 close success
2024-07-17 23:30:22.926016 INFO: Client[34] quit!
2024-07-17 23:30:22.926369 INFO: eventNum: 2
2024-07-17 23:30:22.926381 INFO: fd: 36, events: 8193

2024-07-17 23:30:22.926395 INFO: HttpConn 36 close success
2024-07-17 23:30:22.926402 INFO: Client[36] quit!
2024-07-17 23:30:22.926406 INFO: fd: 38, events: 8193

2024-07-17 23:30:22.926417 INFO: HttpConn 38 close success
2024-07-17 23:30:22.926424 INFO: Client[38] quit!
2024-07-17 23:30:22.927747 INFO: eventNum: 1
2024-07-17 23:30:22.927766 INFO: fd: 13, events: 1

2024-07-17 23:30:22.927771 INFO: HandleListenEvent 13
2024-07-17 23:30:22.927788 INFO: HttpConn 26 init success
2024-07-17 23:30:22.927794 INFO: addTimer id:26 expireTime:1721230722
2024-07-17 23:30:22.927808 INFO: Client[26] in!
2024-07-17 23:30:22.927812 INFO: HandleListenEvent 13
2024-07-17 23:30:22.927820 ERROR: Accept failure -1
2024-07-17 23:30:22.927826 INFO: eventNum: 2
2024-07-17 23:30:22.927830 INFO: fd: 17, events: 1

2024-07-17 23:30:22.927846 INFO: HttpConn 17 read success
2024-07-17 23:30:22.927859 INFO: GET / HTTP/1.1
2024-07-17 23:30:22.927866 INFO: Host: 39.98.202.182:9006
2024-07-17 23:30:22.927870 INFO: User-Agent: Go-http-client/1.1
2024-07-17 23:30:22.927875 INFO: oop!unknow header: User-Agent: Go-http-client/1.1
2024-07-17 23:30:22.927879 INFO: X-Vegeta-Seq: 3100
2024-07-17 23:30:22.927884 INFO: oop!unknow header: X-Vegeta-Seq: 3100
2024-07-17 23:30:22.927888 INFO: Accept-Encoding: gzip
2024-07-17 23:30:22.927895 INFO: oop!unknow header: Accept-Encoding: gzip
2024-07-17 23:30:22.927899 INFO: 
2024-07-17 23:30:22.927923 INFO: request:HTTP/1.1 200 OK

2024-07-17 23:30:22.927928 INFO: request:HTTP/1.1 200 OK
Content-Length:542

2024-07-17 23:30:22.927933 INFO: request:HTTP/1.1 200 OK
Content-Length:542
Connection:close

2024-07-17 23:30:22.927937 INFO: request:HTTP/1.1 200 OK
Content-Length:542
Connection:close


2024-07-17 23:30:22.927954 INFO: Thread 140246106080832 is running task

2024-07-17 23:30:22.927964 INFO: fd: 26, events: 1

2024-07-17 23:30:22.927977 INFO: HttpConn 26 read success
2024-07-17 23:30:22.927985 INFO: GET / HTTP/1.1
2024-07-17 23:30:22.927990 INFO: Host: 39.98.202.182:9006
2024-07-17 23:30:22.927994 INFO: User-Agent: Go-http-client/1.1
2024-07-17 23:30:22.927999 INFO: oop!unknow header: User-Agent: Go-http-client/1.1
2024-07-17 23:30:22.928003 INFO: X-Vegeta-Seq: 3108
2024-07-17 23:30:22.928007 INFO: oop!unknow header: X-Vegeta-Seq: 3108
2024-07-17 23:30:22.928012 INFO: Accept-Encoding: gzip
2024-07-17 23:30:22.928016 INFO: oop!unknow header: Accept-Encoding: gzip
2024-07-17 23:30:22.928020 INFO: 
2024-07-17 23:30:22.928032 INFO: request:HTTP/1.1 200 OK

2024-07-17 23:30:22.928044 INFO: request:HTTP/1.1 200 OK
Content-Length:542

2024-07-17 23:30:22.928049 INFO: request:HTTP/1.1 200 OK
Content-Length:542
Connection:close

2024-07-17 23:30:22.928053 INFO: request:HTTP/1.1 200 OK
Content-Length:542
Connection:close


2024-07-17 23:30:22.928060 INFO: Thread 140246139651648 is running task

2024-07-17 23:30:22.928069 INFO: eventNum: 4
2024-07-17 23:30:22.928074 INFO: fd: 16, events: 8193

2024-07-17 23:30:22.928088 INFO: HttpConn 16 close success
2024-07-17 23:30:22.928095 INFO: Client[16] quit!
2024-07-17 23:30:22.928099 INFO: fd: 18, events: 1

2024-07-17 23:30:22.928111 INFO: HttpConn 18 read success
2024-07-17 23:30:22.928120 INFO: GET / HTTP/1.1
2024-07-17 23:30:22.928125 INFO: Host: 39.98.202.182:9006
2024-07-17 23:30:22.928129 INFO: User-Agent: Go-http-client/1.1
2024-07-17 23:30:22.928133 INFO: oop!unknow header: User-Agent: Go-http-client/1.1
2024-07-17 23:30:22.928138 INFO: X-Vegeta-Seq: 3106
2024-07-17 23:30:22.928142 INFO: oop!unknow header: X-Vegeta-Seq: 3106
2024-07-17 23:30:22.928146 INFO: Accept-Encoding: gzip
2024-07-17 23:30:22.928150 INFO: oop!unknow header: Accept-Encoding: gzip
2024-07-17 23:30:22.928154 INFO: 
2024-07-17 23:30:22.928166 INFO: request:HTTP/1.1 200 OK

2024-07-17 23:30:22.928171 INFO: request:HTTP/1.1 200 OK
Content-Length:542

2024-07-17 23:30:22.928175 INFO: request:HTTP/1.1 200 OK
Content-Length:542
Connection:close

2024-07-17 23:30:22.928179 INFO: request:HTTP/1.1 200 OK
Content-Length:542
Connection:close


2024-07-17 23:30:22.928186 INFO: Thread 140246122866240 is running task

2024-07-17 23:30:22.928193 INFO: fd: 17, events: 4

2024-07-17 23:30:22.928205 INFO: fd: 26, events: 4

2024-07-17 23:30:22.928255 INFO: Thread 140246148044352 is running task

2024-07-17 23:30:22.928318 INFO: eventNum: 1
2024-07-17 23:30:22.928331 INFO: Thread 140246148044352 is running task

2024-07-17 23:30:22.928333 INFO: fd: 18, events: 4

2024-07-17 23:30:22.928419 INFO: Thread 140246114473536 is running task

2024-07-17 23:30:22.932732 INFO: eventNum: 1
2024-07-17 23:30:22.932774 INFO: fd: 13, events: 1

2024-07-17 23:30:22.932780 INFO: HandleListenEvent 13
2024-07-17 23:30:22.932815 INFO: HttpConn 16 init success
2024-07-17 23:30:22.932823 INFO: addTimer id:16 expireTime:1721230722
2024-07-17 23:30:22.932845 INFO: Client[16] in!
2024-07-17 23:30:22.932853 INFO: HandleListenEvent 13
2024-07-17 23:30:22.932868 INFO: HttpConn 28 init success
2024-07-17 23:30:22.932879 INFO: addTimer id:28 expireTime:1721230722
2024-07-17 23:30:22.932892 INFO: Client[28] in!
2024-07-17 23:30:22.932896 INFO: HandleListenEvent 13
2024-07-17 23:30:22.932907 ERROR: Accept failure -1
2024-07-17 23:30:22.933363 INFO: eventNum: 1
2024-07-17 23:30:22.933389 INFO: fd: 13, events: 1

2024-07-17 23:30:22.933394 INFO: HandleListenEvent 13
2024-07-17 23:30:22.933406 INFO: HttpConn 29 init success
2024-07-17 23:30:22.933412 INFO: addTimer id:29 expireTime:1721230722
2024-07-17 23:30:22.933422 INFO: Client[29] in!
2024-07-17 23:30:22.933427 INFO: HandleListenEvent 13
2024-07-17 23:30:22.933440 ERROR: Accept failure -1
2024-07-17 23:30:22.934829 INFO: eventNum: 1
2024-07-17 23:30:22.934855 INFO: fd: 29, events: 1

2024-07-17 23:30:22.934880 INFO: HttpConn 29 read success
2024-07-17 23:30:22.934906 INFO: GET / HTTP/1.1
2024-07-17 23:30:22.934914 INFO: Host: 39.98.202.182:9006
2024-07-17 23:30:22.934919 INFO: User-Agent: Go-http-client/1.1
2024-07-17 23:30:22.934923 INFO: oop!unknow header: User-Agent: Go-http-client/1.1
2024-07-17 23:30:22.934928 INFO: X-Vegeta-Seq: 3114
2024-07-17 23:30:22.934932 INFO: oop!unknow header: X-Vegeta-Seq: 3114
2024-07-17 23:30:22.934936 INFO: Accept-Encoding: gzip
2024-07-17 23:30:22.934940 INFO: oop!unknow header: Accept-Encoding: gzip
2024-07-17 23:30:22.934945 INFO: 
2024-07-17 23:30:22.934970 INFO: request:HTTP/1.1 200 OK

2024-07-17 23:30:22.934975 INFO: request:HTTP/1.1 200 OK
Content-Length:542

2024-07-17 23:30:22.934979 INFO: request:HTTP/1.1 200 OK
Content-Length:542
Connection:close

2024-07-17 23:30:22.934993 INFO: request:HTTP/1.1 200 OK
Content-Length:542
Connection:close


2024-07-17 23:30:22.935010 INFO: Thread 140246131258944 is running task

2024-07-17 23:30:22.935029 INFO: eventNum: 2
2024-07-17 23:30:22.935036 INFO: fd: 29, events: 4

2024-07-17 23:30:22.935078 INFO: Thread 140246097688128 is running task

2024-07-17 23:30:22.935089 INFO: fd: 28, events: 1

2024-07-17 23:30:22.935102 INFO: HttpConn 28 read success
2024-07-17 23:30:22.935111 INFO: GET / HTTP/1.1
2024-07-17 23:30:22.935117 INFO: Host: 39.98.202.182:9006
2024-07-17 23:30:22.935121 INFO: User-Agent: Go-http-client/1.1
2024-07-17 23:30:22.935126 INFO: oop!unknow header: User-Agent: Go-http-client/1.1
2024-07-17 23:30:22.935130 INFO: X-Vegeta-Seq: 3112
2024-07-17 23:30:22.935135 INFO: oop!unknow header: X-Vegeta-Seq: 3112
2024-07-17 23:30:22.935139 INFO: Accept-Encoding: gzip
2024-07-17 23:30:22.935143 INFO: oop!unknow header: Accept-Encoding: gzip
2024-07-17 23:30:22.935148 INFO: 
2024-07-17 23:30:22.935160 INFO: request:HTTP/1.1 200 OK

2024-07-17 23:30:22.935165 INFO: request:HTTP/1.1 200 OK
Content-Length:542

2024-07-17 23:30:22.935170 INFO: request:HTTP/1.1 200 OK
Content-Length:542
Connection:close

2024-07-17 23:30:22.935174 INFO: request:HTTP/1.1 200 OK
Content-Length:542
Connection:close


2024-07-17 23:30:22.935180 INFO: Thread 140246106080832 is running task

2024-07-17 23:30:22.935188 INFO: eventNum: 1
2024-07-17 23:30:22.935193 INFO: fd: 28, events: 4

2024-07-17 23:30:22.935216 INFO: Thread 140246139651648 is running task

2024-07-17 23:30:22.935700 INFO: eventNum: 1
2024-07-17 23:30:22.935723 INFO: fd: 16, events: 1

2024-07-17 23:30:22.935739 INFO: HttpConn 16 read success
2024-07-17 23:30:22.935749 INFO: GET / HTTP/1.1
2024-07-17 23:30:22.935755 INFO: Host: 39.98.202.182:9006
2024-07-17 23:30:22.935759 INFO: User-Agent: Go-http-client/1.1
2024-07-17 23:30:22.935763 INFO: oop!unknow header: User-Agent: Go-http-client/1.1
2024-07-17 23:30:22.935768 INFO: X-Vegeta-Seq: 3115
2024-07-17 23:30:22.935772 INFO: oop!unknow header: X-Vegeta-Seq: 3115
2024-07-17 23:30:22.935776 INFO: Accept-Encoding: gzip
2024-07-17 23:30:22.935781 INFO: oop!unknow header: Accept-Encoding: gzip
2024-07-17 23:30:22.935785 INFO: 
2024-07-17 23:30:22.935800 INFO: request:HTTP/1.1 200 OK

2024-07-17 23:30:22.935805 INFO: request:HTTP/1.1 200 OK
Content-Length:542

2024-07-17 23:30:22.935809 INFO: request:HTTP/1.1 200 OK
Content-Length:542
Connection:close

2024-07-17 23:30:22.935813 INFO: request:HTTP/1.1 200 OK
Content-Length:542
Connection:close


2024-07-17 23:30:22.935824 INFO: Thread 140246122866240 is running task

2024-07-17 23:30:22.935833 INFO: eventNum: 1
2024-07-17 23:30:22.935837 INFO: fd: 16, events: 4

2024-07-17 23:30:22.935867 INFO: Thread 140246156437056 is running task

2024-07-17 23:30:22.946823 INFO: eventNum: 1
2024-07-17 23:30:22.946875 INFO: fd: 26, events: 8193

2024-07-17 23:30:22.946905 INFO: HttpConn 26 close success
2024-07-17 23:30:22.946914 INFO: Client[26] quit!
2024-07-17 23:30:22.947164 INFO: eventNum: 1
