2024-07-17 23:26:27.414014 INFO: fd: 16, events: 4

2024-07-17 23:26:27.414188 INFO: Thread 140246106080832 is running task

2024-07-17 23:26:27.426035 INFO: eventNum: 1
2024-07-17 23:26:27.426105 INFO: fd: 16, events: 8193

2024-07-17 23:26:27.426164 INFO: HttpConn 16 close success
2024-07-17 23:26:27.426171 INFO: Client[16] quit!
2024-07-17 23:26:27.438296 INFO: eventNum: 1
2024-07-17 23:26:27.438360 INFO: fd: 13, events: 1

2024-07-17 23:26:27.438369 INFO: HandleListenEvent 13
2024-07-17 23:26:27.438407 INFO: HttpConn 16 init success
2024-07-17 23:26:27.438418 INFO: addTimer id:16 expireTime:1721230487
2024-07-17 23:26:27.438435 INFO: Client[16] in!
2024-07-17 23:26:27.438440 INFO: HandleListenEvent 13
2024-07-17 23:26:27.438453 ERROR: Accept failure -1
2024-07-17 23:26:27.440544 INFO: eventNum: 1
2024-07-17 23:26:27.440597 INFO: fd: 16, events: 1

2024-07-17 23:26:27.440633 INFO: HttpConn 16 read success
2024-07-17 23:26:27.440671 INFO: GET / HTTP/1.1
2024-07-17 23:26:27.440683 INFO: Host: 39.98.202.182:9006
2024-07-17 23:26:27.440690 INFO: User-Agent: Go-http-client/1.1
2024-07-17 23:26:27.440697 INFO: oop!unknow header: User-Agent: Go-http-client/1.1
2024-07-17 23:26:27.440704 INFO: X-Vegeta-Seq: 181
2024-07-17 23:26:27.440709 INFO: oop!unknow header: X-Vegeta-Seq: 181
2024-07-17 23:26:27.440715 INFO: Accept-Encoding: gzip
2024-07-17 23:26:27.440723 INFO: oop!unknow header: Accept-Encoding: gzip
2024-07-17 23:26:27.440729 INFO: 
2024-07-17 23:26:27.440758 INFO: request:HTTP/1.1 200 OK

2024-07-17 23:26:27.440763 INFO: request:HTTP/1.1 200 OK
Content-Length:542

2024-07-17 23:26:27.440768 INFO: request:HTTP/1.1 200 OK
Content-Length:542
Connection:close

2024-07-17 23:26:27.440773 INFO: request:HTTP/1.1 200 OK
Content-Length:542
Connection:close


2024-07-17 23:26:27.440791 INFO: eventNum: 1
2024-07-17 23:26:27.440821 INFO: fd: 16, events: 4

2024-07-17 23:26:27.440803 INFO: Thread 140246097688128 is running task

2024-07-17 23:26:27.440930 INFO: Thread 140246097688128 is running task

2024-07-17 23:26:27.453283 INFO: eventNum: 1
2024-07-17 23:26:27.453344 INFO: fd: 16, events: 8193

2024-07-17 23:26:27.453421 INFO: HttpConn 16 close success
2024-07-17 23:26:27.453430 INFO: Client[16] quit!
2024-07-17 23:26:27.454213 INFO: eventNum: 1
2024-07-17 23:26:27.454244 INFO: fd: 13, events: 1

2024-07-17 23:26:27.454249 INFO: HandleListenEvent 13
2024-07-17 23:26:27.454275 INFO: HttpConn 16 init success
2024-07-17 23:26:27.454286 INFO: addTimer id:16 expireTime:1721230487
2024-07-17 23:26:27.454304 INFO: Client[16] in!
2024-07-17 23:26:27.454312 INFO: HandleListenEvent 13
2024-07-17 23:26:27.454325 ERROR: Accept failure -1
2024-07-17 23:26:27.491784 INFO: eventNum: 1
2024-07-17 23:26:27.491859 INFO: fd: 13, events: 1

2024-07-17 23:26:27.491870 INFO: HandleListenEvent 13
2024-07-17 23:26:27.491905 INFO: HttpConn 17 init success
2024-07-17 23:26:27.491951 INFO: addTimer id:17 expireTime:1721230487
2024-07-17 23:26:27.491969 INFO: Client[17] in!
2024-07-17 23:26:27.491983 INFO: HandleListenEvent 13
2024-07-17 23:26:27.492001 ERROR: Accept failure -1
2024-07-17 23:26:27.495162 INFO: eventNum: 1
2024-07-17 23:26:27.495228 INFO: fd: 17, events: 1

2024-07-17 23:26:27.495264 INFO: HttpConn 17 read success
2024-07-17 23:26:27.495311 INFO: GET / HTTP/1.1
2024-07-17 23:26:27.495323 INFO: Host: 39.98.202.182:9006
2024-07-17 23:26:27.495331 INFO: User-Agent: Go-http-client/1.1
2024-07-17 23:26:27.495338 INFO: oop!unknow header: User-Agent: Go-http-client/1.1
2024-07-17 23:26:27.495343 INFO: X-Vegeta-Seq: 184
2024-07-17 23:26:27.495347 INFO: oop!unknow header: X-Vegeta-Seq: 184
2024-07-17 23:26:27.495352 INFO: Accept-Encoding: gzip
2024-07-17 23:26:27.495356 INFO: oop!unknow header: Accept-Encoding: gzip
2024-07-17 23:26:27.495360 INFO: 
2024-07-17 23:26:27.495387 INFO: request:HTTP/1.1 200 OK

2024-07-17 23:26:27.495393 INFO: request:HTTP/1.1 200 OK
Content-Length:542

2024-07-17 23:26:27.495400 INFO: request:HTTP/1.1 200 OK
Content-Length:542
Connection:close

2024-07-17 23:26:27.495405 INFO: request:HTTP/1.1 200 OK
Content-Length:542
Connection:close


2024-07-17 23:26:27.495442 INFO: Thread 140246139651648 is running task

2024-07-17 23:26:27.495455 INFO: eventNum: 1
2024-07-17 23:26:27.495476 INFO: fd: 17, events: 4

2024-07-17 23:26:27.495557 INFO: Thread 140246148044352 is running task

2024-07-17 23:26:27.507864 INFO: eventNum: 1
2024-07-17 23:26:27.508032 INFO: fd: 17, events: 8193

2024-07-17 23:26:27.508074 INFO: HttpConn 17 close success
2024-07-17 23:26:27.508081 INFO: Client[17] quit!
2024-07-17 23:26:27.509900 INFO: eventNum: 1
2024-07-17 23:26:27.509959 INFO: fd: 13, events: 1

2024-07-17 23:26:27.509964 INFO: HandleListenEvent 13
2024-07-17 23:26:27.509991 INFO: HttpConn 17 init success
2024-07-17 23:26:27.509998 INFO: addTimer id:17 expireTime:1721230487
2024-07-17 23:26:27.510013 INFO: Client[17] in!
2024-07-17 23:26:27.510018 INFO: HandleListenEvent 13
2024-07-17 23:26:27.510029 ERROR: Accept failure -1
2024-07-17 23:26:27.511385 INFO: eventNum: 1
2024-07-17 23:26:27.511410 INFO: fd: 17, events: 1

2024-07-17 23:26:27.511430 INFO: HttpConn 17 read success
2024-07-17 23:26:27.511444 INFO: GET / HTTP/1.1
2024-07-17 23:26:27.511451 INFO: Host: 39.98.202.182:9006
2024-07-17 23:26:27.511456 INFO: User-Agent: Go-http-client/1.1
2024-07-17 23:26:27.511460 INFO: oop!unknow header: User-Agent: Go-http-client/1.1
2024-07-17 23:26:27.511471 INFO: X-Vegeta-Seq: 185
2024-07-17 23:26:27.511511 INFO: oop!unknow header: X-Vegeta-Seq: 185
2024-07-17 23:26:27.511517 INFO: Accept-Encoding: gzip
2024-07-17 23:26:27.511522 INFO: oop!unknow header: Accept-Encoding: gzip
2024-07-17 23:26:27.511526 INFO: 
2024-07-17 23:26:27.511553 INFO: request:HTTP/1.1 200 OK

2024-07-17 23:26:27.511558 INFO: request:HTTP/1.1 200 OK
Content-Length:542

2024-07-17 23:26:27.511562 INFO: request:HTTP/1.1 200 OK
Content-Length:542
Connection:close

2024-07-17 23:26:27.511567 INFO: request:HTTP/1.1 200 OK
Content-Length:542
Connection:close


2024-07-17 23:26:27.511583 INFO: Thread 140246131258944 is running task

2024-07-17 23:26:27.511602 INFO: eventNum: 1
2024-07-17 23:26:27.511607 INFO: fd: 17, events: 4

2024-07-17 23:26:27.511652 INFO: Thread 140246122866240 is running task

2024-07-17 23:26:27.523002 INFO: eventNum: 1
2024-07-17 23:26:27.523062 INFO: fd: 17, events: 8193

2024-07-17 23:26:27.523100 INFO: HttpConn 17 close success
2024-07-17 23:26:27.523106 INFO: Client[17] quit!
2024-07-17 23:26:27.533100 INFO: eventNum: 1
2024-07-17 23:26:27.533158 INFO: fd: 13, events: 1

2024-07-17 23:26:27.533165 INFO: HandleListenEvent 13
2024-07-17 23:26:27.533189 INFO: HttpConn 17 init success
2024-07-17 23:26:27.533196 INFO: addTimer id:17 expireTime:1721230487
2024-07-17 23:26:27.533210 INFO: Client[17] in!
2024-07-17 23:26:27.533215 INFO: HandleListenEvent 13
2024-07-17 23:26:27.533226 ERROR: Accept failure -1
2024-07-17 23:26:27.533231 INFO: eventNum: 1
2024-07-17 23:26:27.533236 INFO: fd: 17, events: 1

2024-07-17 23:26:27.533251 INFO: HttpConn 17 read success
2024-07-17 23:26:27.533264 INFO: GET / HTTP/1.1
2024-07-17 23:26:27.533271 INFO: Host: 39.98.202.182:9006
2024-07-17 23:26:27.533275 INFO: User-Agent: Go-http-client/1.1
2024-07-17 23:26:27.533280 INFO: oop!unknow header: User-Agent: Go-http-client/1.1
2024-07-17 23:26:27.533284 INFO: X-Vegeta-Seq: 186
2024-07-17 23:26:27.533289 INFO: oop!unknow header: X-Vegeta-Seq: 186
2024-07-17 23:26:27.533293 INFO: Accept-Encoding: gzip
2024-07-17 23:26:27.533297 INFO: oop!unknow header: Accept-Encoding: gzip
2024-07-17 23:26:27.533301 INFO: 
2024-07-17 23:26:27.533330 INFO: request:HTTP/1.1 200 OK

2024-07-17 23:26:27.533335 INFO: request:HTTP/1.1 200 OK
Content-Length:542

2024-07-17 23:26:27.533340 INFO: request:HTTP/1.1 200 OK
Content-Length:542
Connection:close

2024-07-17 23:26:27.533347 INFO: request:HTTP/1.1 200 OK
Content-Length:542
Connection:close


2024-07-17 23:26:27.533365 INFO: Thread 140246114473536 is running task

2024-07-17 23:26:27.533393 INFO: eventNum: 1
2024-07-17 23:26:27.533401 INFO: fd: 17, events: 4

2024-07-17 23:26:27.534069 INFO: Thread 140246106080832 is running task

2024-07-17 23:26:27.550358 INFO: eventNum: 1
2024-07-17 23:26:27.550413 INFO: fd: 17, events: 8193

2024-07-17 23:26:27.550451 INFO: HttpConn 17 close success
2024-07-17 23:26:27.550459 INFO: Client[17] quit!
2024-07-17 23:26:27.550820 INFO: eventNum: 1
2024-07-17 23:26:27.550839 INFO: fd: 13, events: 1

2024-07-17 23:26:27.550844 INFO: HandleListenEvent 13
2024-07-17 23:26:27.550867 INFO: HttpConn 17 init success
2024-07-17 23:26:27.550874 INFO: addTimer id:17 expireTime:1721230487
2024-07-17 23:26:27.550887 INFO: Client[17] in!
2024-07-17 23:26:27.550892 INFO: HandleListenEvent 13
2024-07-17 23:26:27.550901 ERROR: Accept failure -1
2024-07-17 23:26:27.553383 INFO: eventNum: 1
2024-07-17 23:26:27.553420 INFO: fd: 17, events: 1

2024-07-17 23:26:27.553448 INFO: HttpConn 17 read success
2024-07-17 23:26:27.553488 INFO: GET / HTTP/1.1
2024-07-17 23:26:27.553496 INFO: Host: 39.98.202.182:9006
2024-07-17 23:26:27.553501 INFO: User-Agent: Go-http-client/1.1
2024-07-17 23:26:27.553506 INFO: oop!unknow header: User-Agent: Go-http-client/1.1
2024-07-17 23:26:27.553511 INFO: X-Vegeta-Seq: 187
2024-07-17 23:26:27.553516 INFO: oop!unknow header: X-Vegeta-Seq: 187
2024-07-17 23:26:27.553522 INFO: Accept-Encoding: gzip
2024-07-17 23:26:27.553529 INFO: oop!unknow header: Accept-Encoding: gzip
2024-07-17 23:26:27.553535 INFO: 
2024-07-17 23:26:27.553570 INFO: request:HTTP/1.1 200 OK

2024-07-17 23:26:27.553578 INFO: request:HTTP/1.1 200 OK
Content-Length:542

2024-07-17 23:26:27.553585 INFO: request:HTTP/1.1 200 OK
Content-Length:542
Connection:close

2024-07-17 23:26:27.553591 INFO: request:HTTP/1.1 200 OK
Content-Length:542
Connection:close


2024-07-17 23:26:27.553617 INFO: Thread 140246156437056 is running task

2024-07-17 23:26:27.553631 INFO: eventNum: 1
2024-07-17 23:26:27.553642 INFO: fd: 17, events: 4

2024-07-17 23:26:27.553702 INFO: Thread 140246097688128 is running task

2024-07-17 23:26:27.575218 INFO: eventNum: 1
2024-07-17 23:26:27.575277 INFO: fd: 17, events: 8193

2024-07-17 23:26:27.575318 INFO: HttpConn 17 close success
2024-07-17 23:26:27.575324 INFO: Client[17] quit!
2024-07-17 23:26:27.579139 INFO: eventNum: 1
2024-07-17 23:26:27.579194 INFO: fd: 13, events: 1

2024-07-17 23:26:27.579203 INFO: HandleListenEvent 13
2024-07-17 23:26:27.579236 INFO: HttpConn 17 init success
2024-07-17 23:26:27.579244 INFO: addTimer id:17 expireTime:1721230487
2024-07-17 23:26:27.579259 INFO: Client[17] in!
2024-07-17 23:26:27.579263 INFO: HandleListenEvent 13
2024-07-17 23:26:27.579275 ERROR: Accept failure -1
2024-07-17 23:26:27.579863 INFO: eventNum: 1
2024-07-17 23:26:27.579888 INFO: fd: 16, events: 1

2024-07-17 23:26:27.579915 INFO: HttpConn 16 read success
2024-07-17 23:26:27.579930 INFO: GET / HTTP/1.1
2024-07-17 23:26:27.579936 INFO: Host: 39.98.202.182:9006
2024-07-17 23:26:27.579941 INFO: User-Agent: Go-http-client/1.1
2024-07-17 23:26:27.579945 INFO: oop!unknow header: User-Agent: Go-http-client/1.1
2024-07-17 23:26:27.579950 INFO: X-Vegeta-Seq: 182
2024-07-17 23:26:27.579954 INFO: oop!unknow header: X-Vegeta-Seq: 182
2024-07-17 23:26:27.579959 INFO: Accept-Encoding: gzip
2024-07-17 23:26:27.579963 INFO: oop!unknow header: Accept-Encoding: gzip
2024-07-17 23:26:27.579968 INFO: 
2024-07-17 23:26:27.579995 INFO: request:HTTP/1.1 200 OK

2024-07-17 23:26:27.580000 INFO: request:HTTP/1.1 200 OK
Content-Length:542

2024-07-17 23:26:27.580004 INFO: request:HTTP/1.1 200 OK
Content-Length:542
Connection:close

2024-07-17 23:26:27.580010 INFO: request:HTTP/1.1 200 OK
Content-Length:542
Connection:close


2024-07-17 23:26:27.580027 INFO: Thread 140246139651648 is running task

2024-07-17 23:26:27.580038 INFO: eventNum: 1
2024-07-17 23:26:27.580043 INFO: fd: 16, events: 4

2024-07-17 23:26:27.580091 INFO: Thread 140246148044352 is running task

2024-07-17 23:26:27.580945 INFO: eventNum: 1
2024-07-17 23:26:27.580967 INFO: fd: 17, events: 1

2024-07-17 23:26:27.581024 INFO: HttpConn 17 read success
2024-07-17 23:26:27.581069 INFO: GET / HTTP/1.1
2024-07-17 23:26:27.581080 INFO: Host: 39.98.202.182:9006
2024-07-17 23:26:27.581088 INFO: User-Agent: Go-http-client/1.1
2024-07-17 23:26:27.581131 INFO: oop!unknow header: User-Agent: Go-http-client/1.1
2024-07-17 23:26:27.581140 INFO: X-Vegeta-Seq: 188
2024-07-17 23:26:27.581150 INFO: oop!unknow header: X-Vegeta-Seq: 188
2024-07-17 23:26:27.581157 INFO: Accept-Encoding: gzip
2024-07-17 23:26:27.581164 INFO: oop!unknow header: Accept-Encoding: gzip
2024-07-17 23:26:27.581173 INFO: 
2024-07-17 23:26:27.581201 INFO: request:HTTP/1.1 200 OK

2024-07-17 23:26:27.581208 INFO: request:HTTP/1.1 200 OK
Content-Length:542

2024-07-17 23:26:27.581216 INFO: request:HTTP/1.1 200 OK
Content-Length:542
Connection:close

2024-07-17 23:26:27.581223 INFO: request:HTTP/1.1 200 OK
Content-Length:542
Connection:close


2024-07-17 23:26:27.581244 INFO: Thread 140246131258944 is running task

2024-07-17 23:26:27.581268 INFO: eventNum: 1
2024-07-17 23:26:27.581278 INFO: fd: 17, events: 4

2024-07-17 23:26:27.581325 INFO: Thread 140246122866240 is running task

2024-07-17 23:26:27.593122 INFO: eventNum: 1
2024-07-17 23:26:27.593191 INFO: fd: 13, events: 1

2024-07-17 23:26:27.593200 INFO: HandleListenEvent 13
2024-07-17 23:26:27.593227 INFO: HttpConn 18 init success
2024-07-17 23:26:27.593235 INFO: addTimer id:18 expireTime:1721230487
2024-07-17 23:26:27.593250 INFO: Client[18] in!
2024-07-17 23:26:27.593257 INFO: HandleListenEvent 13
2024-07-17 23:26:27.593273 ERROR: Accept failure -1
2024-07-17 23:26:27.593280 INFO: eventNum: 1
2024-07-17 23:26:27.593284 INFO: fd: 18, events: 1

2024-07-17 23:26:27.593303 INFO: HttpConn 18 read success
2024-07-17 23:26:27.593317 INFO: GET / HTTP/1.1
2024-07-17 23:26:27.593323 INFO: Host: 39.98.202.182:9006
2024-07-17 23:26:27.593328 INFO: User-Agent: Go-http-client/1.1
2024-07-17 23:26:27.593332 INFO: oop!unknow header: User-Agent: Go-http-client/1.1
2024-07-17 23:26:27.593337 INFO: X-Vegeta-Seq: 189
2024-07-17 23:26:27.593342 INFO: oop!unknow header: X-Vegeta-Seq: 189
2024-07-17 23:26:27.593346 INFO: Accept-Encoding: gzip
2024-07-17 23:26:27.593350 INFO: oop!unknow header: Accept-Encoding: gzip
2024-07-17 23:26:27.593354 INFO: 
2024-07-17 23:26:27.593378 INFO: request:HTTP/1.1 200 OK

2024-07-17 23:26:27.593383 INFO: request:HTTP/1.1 200 OK
Content-Length:542

2024-07-17 23:26:27.593388 INFO: request:HTTP/1.1 200 OK
Content-Length:542
Connection:close

2024-07-17 23:26:27.593392 INFO: request:HTTP/1.1 200 OK
Content-Length:542
Connection:close


2024-07-17 23:26:27.593408 INFO: Thread 140246114473536 is running task

2024-07-17 23:26:27.593422 INFO: eventNum: 1
2024-07-17 23:26:27.593430 INFO: fd: 18, events: 4

2024-07-17 23:26:27.593482 INFO: Thread 140246106080832 is running task

2024-07-17 23:26:27.593681 INFO: eventNum: 1
2024-07-17 23:26:27.593716 INFO: fd: 17, events: 8193

2024-07-17 23:26:27.593744 INFO: HttpConn 17 close success
2024-07-17 23:26:27.593752 INFO: Client[17] quit!
2024-07-17 23:26:27.594447 INFO: eventNum: 1
2024-07-17 23:26:27.594473 INFO: fd: 16, events: 8193

2024-07-17 23:26:27.594496 INFO: HttpConn 16 close success
2024-07-17 23:26:27.594504 INFO: Client[16] quit!
2024-07-17 23:26:27.611841 INFO: eventNum: 1
2024-07-17 23:26:27.611918 INFO: fd: 18, events: 8193

2024-07-17 23:26:27.611954 INFO: HttpConn 18 close success
2024-07-17 23:26:27.611961 INFO: Client[18] quit!
2024-07-17 23:26:27.626443 INFO: eventNum: 1
2024-07-17 23:26:27.626511 INFO: fd: 13, events: 1

2024-07-17 23:26:27.626520 INFO: HandleListenEvent 13
2024-07-17 23:26:27.626542 INFO: HttpConn 16 init success
2024-07-17 23:26:27.626552 INFO: addTimer id:16 expireTime:1721230487
2024-07-17 23:26:27.626570 INFO: Client[16] in!
2024-07-17 23:26:27.626577 INFO: HandleListenEvent 13
2024-07-17 23:26:27.626592 ERROR: Accept failure -1
2024-07-17 23:26:27.626600 INFO: eventNum: 1
2024-07-17 23:26:27.626606 INFO: fd: 16, events: 1

2024-07-17 23:26:27.626628 INFO: HttpConn 16 read success
2024-07-17 23:26:27.626646 INFO: GET / HTTP/1.1
2024-07-17 23:26:27.626654 INFO: Host: 39.98.202.182:9006
2024-07-17 23:26:27.626662 INFO: User-Agent: Go-http-client/1.1
2024-07-17 23:26:27.626669 INFO: oop!unknow header: User-Agent: Go-http-client/1.1
2024-07-17 23:26:27.626690 INFO: X-Vegeta-Seq: 190
2024-07-17 23:26:27.626697 INFO: oop!unknow header: X-Vegeta-Seq: 190
2024-07-17 23:26:27.626704 INFO: Accept-Encoding: gzip
2024-07-17 23:26:27.626711 INFO: oop!unknow header: Accept-Encoding: gzip
2024-07-17 23:26:27.626718 INFO: 
2024-07-17 23:26:27.626753 INFO: request:HTTP/1.1 200 OK

2024-07-17 23:26:27.626767 INFO: request:HTTP/1.1 200 OK
Content-Length:542

2024-07-17 23:26:27.626774 INFO: request:HTTP/1.1 200 OK
Content-Length:542
Connection:close

2024-07-17 23:26:27.626781 INFO: request:HTTP/1.1 200 OK
Content-Length:542
Connection:close


2024-07-17 23:26:27.626805 INFO: Thread 140246156437056 is running task

2024-07-17 23:26:27.626827 INFO: eventNum: 1
2024-07-17 23:26:27.626835 INFO: fd: 16, events: 4

2024-07-17 23:26:27.626886 INFO: Thread 140246097688128 is running task

2024-07-17 23:26:27.631032 INFO: eventNum: 1
2024-07-17 23:26:27.631082 INFO: fd: 13, events: 1

2024-07-17 23:26:27.631090 INFO: HandleListenEvent 13
2024-07-17 23:26:27.631117 INFO: HttpConn 17 init success
2024-07-17 23:26:27.631126 INFO: addTimer id:17 expireTime:1721230487
2024-07-17 23:26:27.631142 INFO: Client[17] in!
2024-07-17 23:26:27.631149 INFO: HandleListenEvent 13
2024-07-17 23:26:27.631162 ERROR: Accept failure -1
2024-07-17 23:26:27.631371 INFO: eventNum: 1
2024-07-17 23:26:27.631383 INFO: fd: 17, events: 1

2024-07-17 23:26:27.631410 INFO: HttpConn 17 read success
2024-07-17 23:26:27.631447 INFO: GET / HTTP/1.1
2024-07-17 23:26:27.631455 INFO: Host: 39.98.202.182:9006
2024-07-17 23:26:27.631473 INFO: User-Agent: Go-http-client/1.1
2024-07-17 23:26:27.631483 INFO: oop!unknow header: User-Agent: Go-http-client/1.1
2024-07-17 23:26:27.631491 INFO: X-Vegeta-Seq: 191
2024-07-17 23:26:27.631498 INFO: oop!unknow header: X-Vegeta-Seq: 191
2024-07-17 23:26:27.631502 INFO: Accept-Encoding: gzip
2024-07-17 23:26:27.631507 INFO: oop!unknow header: Accept-Encoding: gzip
2024-07-17 23:26:27.631511 INFO: 
2024-07-17 23:26:27.631535 INFO: request:HTTP/1.1 200 OK

2024-07-17 23:26:27.631540 INFO: request:HTTP/1.1 200 OK
Content-Length:542

2024-07-17 23:26:27.631545 INFO: request:HTTP/1.1 200 OK
Content-Length:542
Connection:close

2024-07-17 23:26:27.631549 INFO: request:HTTP/1.1 200 OK
Content-Length:542
Connection:close


2024-07-17 23:26:27.631569 INFO: Thread 140246139651648 is running task

2024-07-17 23:26:27.631581 INFO: eventNum: 1
2024-07-17 23:26:27.631587 INFO: fd: 17, events: 4

2024-07-17 23:26:27.631645 INFO: Thread 140246148044352 is running task

2024-07-17 23:26:27.639949 INFO: eventNum: 1
2024-07-17 23:26:27.640020 INFO: fd: 16, events: 8193

2024-07-17 23:26:27.640076 INFO: HttpConn 16 close success
2024-07-17 23:26:27.640086 INFO: Client[16] quit!
2024-07-17 23:26:27.673776 INFO: eventNum: 1
2024-07-17 23:26:27.673836 INFO: fd: 17, events: 8193

2024-07-17 23:26:27.673922 INFO: HttpConn 17 close success
2024-07-17 23:26:27.673933 INFO: Client[17] quit!
2024-07-17 23:26:27.674162 INFO: eventNum: 1
2024-07-17 23:26:27.674186 INFO: fd: 13, events: 1

2024-07-17 23:26:27.674194 INFO: HandleListenEvent 13
2024-07-17 23:26:27.674222 INFO: HttpConn 16 init success
2024-07-17 23:26:27.674231 INFO: addTimer id:16 expireTime:1721230487
2024-07-17 23:26:27.674244 INFO: Client[16] in!
2024-07-17 23:26:27.674249 INFO: HandleListenEvent 13
2024-07-17 23:26:27.674263 ERROR: Accept failure -1
2024-07-17 23:26:27.674527 INFO: eventNum: 1
2024-07-17 23:26:27.674551 INFO: fd: 16, events: 1

2024-07-17 23:26:27.674727 INFO: HttpConn 16 read success
2024-07-17 23:26:27.674775 INFO: GET / HTTP/1.1
2024-07-17 23:26:27.674787 INFO: Host: 39.98.202.182:9006
2024-07-17 23:26:27.674799 INFO: User-Agent: Go-http-client/1.1
2024-07-17 23:26:27.674806 INFO: oop!unknow header: User-Agent: Go-http-client/1.1
2024-07-17 23:26:27.674813 INFO: X-Vegeta-Seq: 192
2024-07-17 23:26:27.674819 INFO: oop!unknow header: X-Vegeta-Seq: 192
2024-07-17 23:26:27.674825 INFO: Accept-Encoding: gzip
2024-07-17 23:26:27.674832 INFO: oop!unknow header: Accept-Encoding: gzip
2024-07-17 23:26:27.674850 INFO: 
2024-07-17 23:26:27.674882 INFO: request:HTTP/1.1 200 OK

2024-07-17 23:26:27.674890 INFO: request:HTTP/1.1 200 OK
Content-Length:542

2024-07-17 23:26:27.674895 INFO: request:HTTP/1.1 200 OK
Content-Length:542
Connection:close

2024-07-17 23:26:27.674899 INFO: request:HTTP/1.1 200 OK
Content-Length:542
Connection:close


2024-07-17 23:26:27.674940 INFO: Thread 140246131258944 is running task

2024-07-17 23:26:27.674940 INFO: eventNum: 1
2024-07-17 23:26:27.674976 INFO: fd: 16, events: 4

2024-07-17 23:26:27.676855 INFO: Thread 140246122866240 is running task

2024-07-17 23:26:27.689436 INFO: eventNum: 1
2024-07-17 23:26:27.689493 INFO: fd: 13, events: 1

2024-07-17 23:26:27.689503 INFO: HandleListenEvent 13
2024-07-17 23:26:27.689545 INFO: HttpConn 17 init success
2024-07-17 23:26:27.689556 INFO: addTimer id:17 expireTime:1721230487
2024-07-17 23:26:27.689573 INFO: Client[17] in!
2024-07-17 23:26:27.689579 INFO: HandleListenEvent 13
2024-07-17 23:26:27.689599 ERROR: Accept failure -1
2024-07-17 23:26:27.689608 INFO: eventNum: 1
2024-07-17 23:26:27.689615 INFO: fd: 17, events: 1

2024-07-17 23:26:27.689638 INFO: HttpConn 17 read success
2024-07-17 23:26:27.689654 INFO: GET / HTTP/1.1
2024-07-17 23:26:27.689660 INFO: Host: 39.98.202.182:9006
2024-07-17 23:26:27.689666 INFO: User-Agent: Go-http-client/1.1
2024-07-17 23:26:27.689671 INFO: oop!unknow header: User-Agent: Go-http-client/1.1
2024-07-17 23:26:27.689676 INFO: X-Vegeta-Seq: 193
2024-07-17 23:26:27.689680 INFO: oop!unknow header: X-Vegeta-Seq: 193
2024-07-17 23:26:27.689685 INFO: Accept-Encoding: gzip
2024-07-17 23:26:27.689689 INFO: oop!unknow header: Accept-Encoding: gzip
2024-07-17 23:26:27.689693 INFO: 
2024-07-17 23:26:27.689720 INFO: request:HTTP/1.1 200 OK

2024-07-17 23:26:27.689725 INFO: request:HTTP/1.1 200 OK
Content-Length:542

2024-07-17 23:26:27.689730 INFO: request:HTTP/1.1 200 OK
Content-Length:542
Connection:close

2024-07-17 23:26:27.689735 INFO: request:HTTP/1.1 200 OK
Content-Length:542
Connection:close


2024-07-17 23:26:27.689751 INFO: Thread 140246114473536 is running task

2024-07-17 23:26:27.689762 INFO: eventNum: 1
2024-07-17 23:26:27.689770 INFO: fd: 17, events: 4

2024-07-17 23:26:27.689841 INFO: Thread 140246106080832 is running task

2024-07-17 23:26:27.692501 INFO: eventNum: 1
2024-07-17 23:26:27.692556 INFO: fd: 16, events: 8193

2024-07-17 23:26:27.692588 INFO: HttpConn 16 close success
2024-07-17 23:26:27.692617 INFO: Client[16] quit!
2024-07-17 23:26:27.692626 INFO: eventNum: 1
2024-07-17 23:26:27.692632 INFO: fd: 13, events: 1

2024-07-17 23:26:27.692636 INFO: HandleListenEvent 13
2024-07-17 23:26:27.692655 INFO: HttpConn 16 init success
2024-07-17 23:26:27.692663 INFO: addTimer id:16 expireTime:1721230487
2024-07-17 23:26:27.692679 INFO: Client[16] in!
2024-07-17 23:26:27.692685 INFO: HandleListenEvent 13
2024-07-17 23:26:27.692695 ERROR: Accept failure -1
2024-07-17 23:26:27.692940 INFO: eventNum: 1
2024-07-17 23:26:27.692959 INFO: fd: 16, events: 1

2024-07-17 23:26:27.692976 INFO: HttpConn 16 read success
2024-07-17 23:26:27.692991 INFO: GET / HTTP/1.1
2024-07-17 23:26:27.692999 INFO: Host: 39.98.202.182:9006
2024-07-17 23:26:27.693006 INFO: User-Agent: Go-http-client/1.1
2024-07-17 23:26:27.693011 INFO: oop!unknow header: User-Agent: Go-http-client/1.1
2024-07-17 23:26:27.693018 INFO: X-Vegeta-Seq: 194
2024-07-17 23:26:27.693024 INFO: oop!unknow header: X-Vegeta-Seq: 194
2024-07-17 23:26:27.693030 INFO: Accept-Encoding: gzip
2024-07-17 23:26:27.693035 INFO: oop!unknow header: Accept-Encoding: gzip
2024-07-17 23:26:27.693039 INFO: 
2024-07-17 23:26:27.693060 INFO: request:HTTP/1.1 200 OK

2024-07-17 23:26:27.693065 INFO: request:HTTP/1.1 200 OK
Content-Length:542

2024-07-17 23:26:27.693070 INFO: request:HTTP/1.1 200 OK
Content-Length:542
Connection:close

2024-07-17 23:26:27.693074 INFO: request:HTTP/1.1 200 OK
Content-Length:542
Connection:close


2024-07-17 23:26:27.693087 INFO: Thread 140246156437056 is running task

2024-07-17 23:26:27.693106 INFO: eventNum: 1
2024-07-17 23:26:27.693114 INFO: fd: 16, events: 4

2024-07-17 23:26:27.693160 INFO: Thread 140246097688128 is running task

2024-07-17 23:26:27.706828 INFO: eventNum: 1
2024-07-17 23:26:27.706895 INFO: fd: 16, events: 8193

2024-07-17 23:26:27.706954 INFO: HttpConn 16 close success
2024-07-17 23:26:27.706963 INFO: Client[16] quit!
2024-07-17 23:26:27.707093 INFO: eventNum: 1
2024-07-17 23:26:27.707108 INFO: fd: 17, events: 8193

2024-07-17 23:26:27.707138 INFO: HttpConn 17 close success
2024-07-17 23:26:27.707146 INFO: Client[17] quit!
2024-07-17 23:26:27.713315 INFO: eventNum: 1
2024-07-17 23:26:27.713397 INFO: fd: 13, events: 1

2024-07-17 23:26:27.713408 INFO: HandleListenEvent 13
2024-07-17 23:26:27.713437 INFO: HttpConn 16 init success
2024-07-17 23:26:27.713448 INFO: addTimer id:16 expireTime:1721230487
2024-07-17 23:26:27.713473 INFO: Client[16] in!
2024-07-17 23:26:27.713482 INFO: HandleListenEvent 13
2024-07-17 23:26:27.713497 ERROR: Accept failure -1
2024-07-17 23:26:27.714045 INFO: eventNum: 1
2024-07-17 23:26:27.714077 INFO: fd: 16, events: 1

2024-07-17 23:26:27.714102 INFO: HttpConn 16 read success
2024-07-17 23:26:27.714133 INFO: GET / HTTP/1.1
2024-07-17 23:26:27.714143 INFO: Host: 39.98.202.182:9006
2024-07-17 23:26:27.714151 INFO: User-Agent: Go-http-client/1.1
2024-07-17 23:26:27.714158 INFO: oop!unknow header: User-Agent: Go-http-client/1.1
2024-07-17 23:26:27.714164 INFO: X-Vegeta-Seq: 195
2024-07-17 23:26:27.714171 INFO: oop!unknow header: X-Vegeta-Seq: 195
2024-07-17 23:26:27.714178 INFO: Accept-Encoding: gzip
2024-07-17 23:26:27.714184 INFO: oop!unknow header: Accept-Encoding: gzip
2024-07-17 23:26:27.714191 INFO: 
2024-07-17 23:26:27.714225 INFO: request:HTTP/1.1 200 OK

2024-07-17 23:26:27.714233 INFO: request:HTTP/1.1 200 OK
Content-Length:542

2024-07-17 23:26:27.714240 INFO: request:HTTP/1.1 200 OK
Content-Length:542
Connection:close

2024-07-17 23:26:27.714246 INFO: request:HTTP/1.1 200 OK
Content-Length:542
Connection:close


2024-07-17 23:26:27.714273 INFO: Thread 140246139651648 is running task

2024-07-17 23:26:27.714288 INFO: eventNum: 1
2024-07-17 23:26:27.714296 INFO: fd: 16, events: 4

2024-07-17 23:26:27.714356 INFO: Thread 140246148044352 is running task

2024-07-17 23:26:27.727917 INFO: eventNum: 1
2024-07-17 23:26:27.727967 INFO: fd: 16, events: 8193

2024-07-17 23:26:27.727999 INFO: HttpConn 16 close success
2024-07-17 23:26:27.728010 INFO: Client[16] quit!
2024-07-17 23:26:27.735814 INFO: eventNum: 1
2024-07-17 23:26:27.735888 INFO: fd: 13, events: 1

2024-07-17 23:26:27.735899 INFO: HandleListenEvent 13
2024-07-17 23:26:27.735934 INFO: HttpConn 16 init success
2024-07-17 23:26:27.735942 INFO: addTimer id:16 expireTime:1721230487
2024-07-17 23:26:27.735957 INFO: Client[16] in!
2024-07-17 23:26:27.735962 INFO: HandleListenEvent 13
2024-07-17 23:26:27.735973 ERROR: Accept failure -1
2024-07-17 23:26:27.739553 INFO: eventNum: 1
2024-07-17 23:26:27.739608 INFO: fd: 16, events: 1

2024-07-17 23:26:27.739631 INFO: HttpConn 16 read success
2024-07-17 23:26:27.739645 INFO: GET / HTTP/1.1
2024-07-17 23:26:27.739651 INFO: Host: 39.98.202.182:9006
2024-07-17 23:26:27.739656 INFO: User-Agent: Go-http-client/1.1
2024-07-17 23:26:27.739661 INFO: oop!unknow header: User-Agent: Go-http-client/1.1
2024-07-17 23:26:27.739665 INFO: X-Vegeta-Seq: 196
2024-07-17 23:26:27.739669 INFO: oop!unknow header: X-Vegeta-Seq: 196
2024-07-17 23:26:27.739679 INFO: Accept-Encoding: gzip
2024-07-17 23:26:27.739688 INFO: oop!unknow header: Accept-Encoding: gzip
2024-07-17 23:26:27.739695 INFO: 
2024-07-17 23:26:27.739731 INFO: request:HTTP/1.1 200 OK

2024-07-17 23:26:27.739743 INFO: request:HTTP/1.1 200 OK
Content-Length:542

2024-07-17 23:26:27.739752 INFO: request:HTTP/1.1 200 OK
Content-Length:542
Connection:close

2024-07-17 23:26:27.739759 INFO: request:HTTP/1.1 200 OK
Content-Length:542
Connection:close


2024-07-17 23:26:27.739781 INFO: Thread 140246131258944 is running task

2024-07-17 23:26:27.739798 INFO: eventNum: 1
2024-07-17 23:26:27.739804 INFO: fd: 16, events: 4

2024-07-17 23:26:27.739864 INFO: Thread 140246122866240 is running task

2024-07-17 23:26:27.758678 INFO: eventNum: 1
2024-07-17 23:26:27.758764 INFO: fd: 16, events: 8193

2024-07-17 23:26:27.758803 INFO: HttpConn 16 close success
2024-07-17 23:26:27.758811 INFO: Client[16] quit!
2024-07-17 23:26:27.758820 INFO: eventNum: 1
2024-07-17 23:26:27.758827 INFO: fd: 13, events: 1

2024-07-17 23:26:27.758834 INFO: HandleListenEvent 13
2024-07-17 23:26:27.758858 INFO: HttpConn 16 init success
2024-07-17 23:26:27.758868 INFO: addTimer id:16 expireTime:1721230487
2024-07-17 23:26:27.758885 INFO: Client[16] in!
2024-07-17 23:26:27.758892 INFO: HandleListenEvent 13
2024-07-17 23:26:27.758903 ERROR: Accept failure -1
2024-07-17 23:26:27.758918 INFO: eventNum: 1
2024-07-17 23:26:27.758925 INFO: fd: 16, events: 1

2024-07-17 23:26:27.758946 INFO: HttpConn 16 read success
2024-07-17 23:26:27.758961 INFO: GET / HTTP/1.1
2024-07-17 23:26:27.758970 INFO: Host: 39.98.202.182:9006
2024-07-17 23:26:27.758978 INFO: User-Agent: Go-http-client/1.1
2024-07-17 23:26:27.758985 INFO: oop!unknow header: User-Agent: Go-http-client/1.1
2024-07-17 23:26:27.758992 INFO: X-Vegeta-Seq: 197
2024-07-17 23:26:27.758999 INFO: oop!unknow header: X-Vegeta-Seq: 197
2024-07-17 23:26:27.759005 INFO: Accept-Encoding: gzip
2024-07-17 23:26:27.759012 INFO: oop!unknow header: Accept-Encoding: gzip
2024-07-17 23:26:27.759023 INFO: 
2024-07-17 23:26:27.759055 INFO: request:HTTP/1.1 200 OK

2024-07-17 23:26:27.759063 INFO: request:HTTP/1.1 200 OK
Content-Length:542

2024-07-17 23:26:27.759070 INFO: request:HTTP/1.1 200 OK
Content-Length:542
Connection:close

2024-07-17 23:26:27.759077 INFO: request:HTTP/1.1 200 OK
Content-Length:542
Connection:close


2024-07-17 23:26:27.759099 INFO: Thread 140246114473536 is running task

2024-07-17 23:26:27.759114 INFO: eventNum: 1
2024-07-17 23:26:27.759121 INFO: fd: 16, events: 4

2024-07-17 23:26:27.759169 INFO: Thread 140246106080832 is running task

2024-07-17 23:26:27.778948 INFO: eventNum: 1
2024-07-17 23:26:27.779015 INFO: fd: 16, events: 8193

2024-07-17 23:26:27.779070 INFO: HttpConn 16 close success
2024-07-17 23:26:27.779079 INFO: Client[16] quit!
2024-07-17 23:26:27.781573 INFO: eventNum: 1
2024-07-17 23:26:27.781620 INFO: fd: 13, events: 1

2024-07-17 23:26:27.781628 INFO: HandleListenEvent 13
2024-07-17 23:26:27.781659 INFO: HttpConn 16 init success
2024-07-17 23:26:27.781668 INFO: addTimer id:16 expireTime:1721230487
2024-07-17 23:26:27.781686 INFO: Client[16] in!
2024-07-17 23:26:27.781692 INFO: HandleListenEvent 13
2024-07-17 23:26:27.781729 ERROR: Accept failure -1
2024-07-17 23:26:27.786869 INFO: eventNum: 1
2024-07-17 23:26:27.786930 INFO: fd: 16, events: 1

2024-07-17 23:26:27.786975 INFO: HttpConn 16 read success
2024-07-17 23:26:27.787020 INFO: GET / HTTP/1.1
2024-07-17 23:26:27.787032 INFO: Host: 39.98.202.182:9006
2024-07-17 23:26:27.787039 INFO: User-Agent: Go-http-client/1.1
2024-07-17 23:26:27.787046 INFO: oop!unknow header: User-Agent: Go-http-client/1.1
2024-07-17 23:26:27.787051 INFO: X-Vegeta-Seq: 198
2024-07-17 23:26:27.787056 INFO: oop!unknow header: X-Vegeta-Seq: 198
2024-07-17 23:26:27.787060 INFO: Accept-Encoding: gzip
2024-07-17 23:26:27.787065 INFO: oop!unknow header: Accept-Encoding: gzip
2024-07-17 23:26:27.787069 INFO: 
2024-07-17 23:26:27.787104 INFO: request:HTTP/1.1 200 OK

2024-07-17 23:26:27.787112 INFO: request:HTTP/1.1 200 OK
Content-Length:542

2024-07-17 23:26:27.787118 INFO: request:HTTP/1.1 200 OK
Content-Length:542
Connection:close

2024-07-17 23:26:27.787123 INFO: request:HTTP/1.1 200 OK
Content-Length:542
Connection:close


2024-07-17 23:26:27.787148 INFO: Thread 140246156437056 is running task

2024-07-17 23:26:27.787160 INFO: eventNum: 1
2024-07-17 23:26:27.787186 INFO: fd: 16, events: 4

2024-07-17 23:26:27.787261 INFO: Thread 140246097688128 is running task

2024-07-17 23:26:27.794322 INFO: eventNum: 1
2024-07-17 23:26:27.794372 INFO: fd: 13, events: 1

2024-07-17 23:26:27.794379 INFO: HandleListenEvent 13
2024-07-17 23:26:27.794403 INFO: HttpConn 17 init success
2024-07-17 23:26:27.794418 INFO: addTimer id:17 expireTime:1721230487
2024-07-17 23:26:27.794434 INFO: Client[17] in!
2024-07-17 23:26:27.794438 INFO: HandleListenEvent 13
2024-07-17 23:26:27.794450 ERROR: Accept failure -1
2024-07-17 23:26:27.796143 INFO: eventNum: 1
2024-07-17 23:26:27.796177 INFO: fd: 17, events: 1

2024-07-17 23:26:27.796205 INFO: HttpConn 17 read success
2024-07-17 23:26:27.796220 INFO: GET / HTTP/1.1
2024-07-17 23:26:27.796226 INFO: Host: 39.98.202.182:9006
2024-07-17 23:26:27.796231 INFO: User-Agent: Go-http-client/1.1
2024-07-17 23:26:27.796236 INFO: oop!unknow header: User-Agent: Go-http-client/1.1
2024-07-17 23:26:27.796240 INFO: X-Vegeta-Seq: 199
2024-07-17 23:26:27.796245 INFO: oop!unknow header: X-Vegeta-Seq: 199
2024-07-17 23:26:27.796249 INFO: Accept-Encoding: gzip
2024-07-17 23:26:27.796254 INFO: oop!unknow header: Accept-Encoding: gzip
2024-07-17 23:26:27.796258 INFO: 
2024-07-17 23:26:27.796284 INFO: request:HTTP/1.1 200 OK

2024-07-17 23:26:27.796289 INFO: request:HTTP/1.1 200 OK
Content-Length:542

2024-07-17 23:26:27.796294 INFO: request:HTTP/1.1 200 OK
Content-Length:542
Connection:close

2024-07-17 23:26:27.796298 INFO: request:HTTP/1.1 200 OK
Content-Length:542
Connection:close


2024-07-17 23:26:27.796314 INFO: Thread 140246139651648 is running task

2024-07-17 23:26:27.796326 INFO: eventNum: 1
2024-07-17 23:26:27.796330 INFO: fd: 17, events: 4

2024-07-17 23:26:27.796379 INFO: Thread 140246148044352 is running task

2024-07-17 23:26:27.804445 INFO: eventNum: 1
2024-07-17 23:26:27.804506 INFO: fd: 16, events: 8193

2024-07-17 23:26:27.804552 INFO: HttpConn 16 close success
2024-07-17 23:26:27.804560 INFO: Client[16] quit!
2024-07-17 23:26:27.809642 INFO: eventNum: 1
2024-07-17 23:26:27.809698 INFO: fd: 17, events: 8193

2024-07-17 23:26:27.809749 INFO: HttpConn 17 close success
2024-07-17 23:26:27.809759 INFO: Client[17] quit!
2024-07-17 23:26:27.817849 INFO: eventNum: 1
2024-07-17 23:26:27.817903 INFO: fd: 13, events: 1

2024-07-17 23:26:27.817923 INFO: HandleListenEvent 13
2024-07-17 23:26:27.817954 INFO: HttpConn 16 init success
2024-07-17 23:26:27.817965 INFO: addTimer id:16 expireTime:1721230487
2024-07-17 23:26:27.817984 INFO: Client[16] in!
2024-07-17 23:26:27.817990 INFO: HandleListenEvent 13
2024-07-17 23:26:27.818002 ERROR: Accept failure -1
2024-07-17 23:26:27.818559 INFO: eventNum: 1
2024-07-17 23:26:27.818588 INFO: fd: 16, events: 1

2024-07-17 23:26:27.818620 INFO: HttpConn 16 read success
2024-07-17 23:26:27.818665 INFO: GET / HTTP/1.1
2024-07-17 23:26:27.818675 INFO: Host: 39.98.202.182:9006
2024-07-17 23:26:27.818681 INFO: User-Agent: Go-http-client/1.1
2024-07-17 23:26:27.818686 INFO: oop!unknow header: User-Agent: Go-http-client/1.1
2024-07-17 23:26:27.818691 INFO: X-Vegeta-Seq: 200
2024-07-17 23:26:27.818695 INFO: oop!unknow header: X-Vegeta-Seq: 200
2024-07-17 23:26:27.818699 INFO: Accept-Encoding: gzip
2024-07-17 23:26:27.818704 INFO: oop!unknow header: Accept-Encoding: gzip
2024-07-17 23:26:27.818708 INFO: 
2024-07-17 23:26:27.818736 INFO: request:HTTP/1.1 200 OK

2024-07-17 23:26:27.818741 INFO: request:HTTP/1.1 200 OK
Content-Length:542

2024-07-17 23:26:27.818745 INFO: request:HTTP/1.1 200 OK
Content-Length:542
Connection:close

2024-07-17 23:26:27.818750 INFO: request:HTTP/1.1 200 OK
Content-Length:542
Connection:close


2024-07-17 23:26:27.818772 INFO: Thread 140246131258944 is running task

2024-07-17 23:26:27.818794 INFO: eventNum: 1
2024-07-17 23:26:27.818804 INFO: fd: 16, events: 4

2024-07-17 23:26:27.818863 INFO: Thread 140246122866240 is running task

2024-07-17 23:26:27.833730 INFO: eventNum: 1
2024-07-17 23:26:27.833799 INFO: fd: 13, events: 1

2024-07-17 23:26:27.833809 INFO: HandleListenEvent 13
2024-07-17 23:26:27.833845 INFO: HttpConn 17 init success
2024-07-17 23:26:27.833856 INFO: addTimer id:17 expireTime:1721230487
2024-07-17 23:26:27.833877 INFO: Client[17] in!
2024-07-17 23:26:27.833884 INFO: HandleListenEvent 13
2024-07-17 23:26:27.833902 ERROR: Accept failure -1
2024-07-17 23:26:27.834891 INFO: eventNum: 1
2024-07-17 23:26:27.834946 INFO: fd: 17, events: 1

2024-07-17 23:26:27.834984 INFO: HttpConn 17 read success
2024-07-17 23:26:27.835023 INFO: GET / HTTP/1.1
2024-07-17 23:26:27.835031 INFO: Host: 39.98.202.182:9006
2024-07-17 23:26:27.835036 INFO: eventNum: 1
2024-07-17 23:26:27.835051 INFO: fd: 16, events: 8193

2024-07-17 23:26:27.835039 INFO: User-Agent: Go-http-client/1.1
2024-07-17 23:26:27.835068 INFO: oop!unknow header: User-Agent: Go-http-client/1.1
2024-07-17 23:26:27.835074 INFO: X-Vegeta-Seq: 201
2024-07-17 23:26:27.835077 INFO: HttpConn 16 close success
2024-07-17 23:26:27.835079 INFO: oop!unknow header: X-Vegeta-Seq: 201
2024-07-17 23:26:27.835093 INFO: Accept-Encoding: gzip
2024-07-17 23:26:27.835098 INFO: oop!unknow header: Accept-Encoding: gzip
2024-07-17 23:26:27.835102 INFO: 
2024-07-17 23:26:27.835130 INFO: request:HTTP/1.1 200 OK

2024-07-17 23:26:27.835136 INFO: request:HTTP/1.1 200 OK
Content-Length:542

2024-07-17 23:26:27.835140 INFO: request:HTTP/1.1 200 OK
Content-Length:542
Connection:close

2024-07-17 23:26:27.835145 INFO: request:HTTP/1.1 200 OK
Content-Length:542
Connection:close


2024-07-17 23:26:27.835163 INFO: Thread 140246114473536 is running task

2024-07-17 23:26:27.835083 INFO: Client[16] quit!
2024-07-17 23:26:27.835191 INFO: eventNum: 1
2024-07-17 23:26:27.835196 INFO: fd: 17, events: 4

2024-07-17 23:26:27.835254 INFO: Thread 140246106080832 is running task

2024-07-17 23:26:27.847602 INFO: eventNum: 1
2024-07-17 23:26:27.847656 INFO: fd: 17, events: 8193

2024-07-17 23:26:27.847691 INFO: HttpConn 17 close success
2024-07-17 23:26:27.847697 INFO: Client[17] quit!
2024-07-17 23:26:27.853998 INFO: eventNum: 1
2024-07-17 23:26:27.854061 INFO: fd: 13, events: 1

2024-07-17 23:26:27.854067 INFO: HandleListenEvent 13
2024-07-17 23:26:27.854086 INFO: HttpConn 16 init success
2024-07-17 23:26:27.854093 INFO: addTimer id:16 expireTime:1721230487
2024-07-17 23:26:27.854108 INFO: Client[16] in!
2024-07-17 23:26:27.854128 INFO: HandleListenEvent 13
2024-07-17 23:26:27.854140 ERROR: Accept failure -1
2024-07-17 23:26:27.854146 INFO: eventNum: 1
2024-07-17 23:26:27.854150 INFO: fd: 16, events: 1

2024-07-17 23:26:27.854168 INFO: HttpConn 16 read success
2024-07-17 23:26:27.854181 INFO: GET / HTTP/1.1
2024-07-17 23:26:27.854187 INFO: Host: 39.98.202.182:9006
2024-07-17 23:26:27.854192 INFO: User-Agent: Go-http-client/1.1
2024-07-17 23:26:27.854197 INFO: oop!unknow header: User-Agent: Go-http-client/1.1
2024-07-17 23:26:27.854202 INFO: X-Vegeta-Seq: 202
2024-07-17 23:26:27.854206 INFO: oop!unknow header: X-Vegeta-Seq: 202
2024-07-17 23:26:27.854210 INFO: Accept-Encoding: gzip
2024-07-17 23:26:27.854215 INFO: oop!unknow header: Accept-Encoding: gzip
2024-07-17 23:26:27.854219 INFO: 
2024-07-17 23:26:27.854243 INFO: request:HTTP/1.1 200 OK

2024-07-17 23:26:27.854248 INFO: request:HTTP/1.1 200 OK
Content-Length:542

2024-07-17 23:26:27.854253 INFO: request:HTTP/1.1 200 OK
Content-Length:542
Connection:close

2024-07-17 23:26:27.854257 INFO: request:HTTP/1.1 200 OK
Content-Length:542
