2024-07-17 23:30:22.411632 INFO: oop!unknow header: User-Agent: Go-http-client/1.1
2024-07-17 23:30:22.411688 INFO: X-Vegeta-Seq: 2850
2024-07-17 23:30:22.411693 INFO: oop!unknow header: X-Vegeta-Seq: 2850
2024-07-17 23:30:22.411698 INFO: Accept-Encoding: gzip
2024-07-17 23:30:22.411702 INFO: oop!unknow header: Accept-Encoding: gzip
2024-07-17 23:30:22.411706 INFO: 
2024-07-17 23:30:22.411724 INFO: request:HTTP/1.1 200 OK

2024-07-17 23:30:22.411729 INFO: request:HTTP/1.1 200 OK
Content-Length:542

2024-07-17 23:30:22.411734 INFO: request:HTTP/1.1 200 OK
Content-Length:542
Connection:close

2024-07-17 23:30:22.411738 INFO: request:HTTP/1.1 200 OK
Content-Length:542
Connection:close


2024-07-17 23:30:22.411753 INFO: Thread 140246106080832 is running task

2024-07-17 23:30:22.411769 INFO: eventNum: 1
2024-07-17 23:30:22.411775 INFO: fd: 18, events: 4

2024-07-17 23:30:22.411815 INFO: Thread 140246139651648 is running task

2024-07-17 23:30:22.412758 INFO: eventNum: 1
2024-07-17 23:30:22.412786 INFO: fd: 16, events: 1

2024-07-17 23:30:22.412808 INFO: HttpConn 16 read success
2024-07-17 23:30:22.412826 INFO: GET / HTTP/1.1
2024-07-17 23:30:22.412833 INFO: Host: 39.98.202.182:9006
2024-07-17 23:30:22.412841 INFO: User-Agent: Go-http-client/1.1
2024-07-17 23:30:22.412847 INFO: oop!unknow header: User-Agent: Go-http-client/1.1
2024-07-17 23:30:22.412854 INFO: X-Vegeta-Seq: 2851
2024-07-17 23:30:22.412859 INFO: oop!unknow header: X-Vegeta-Seq: 2851
2024-07-17 23:30:22.412865 INFO: Accept-Encoding: gzip
2024-07-17 23:30:22.412871 INFO: oop!unknow header: Accept-Encoding: gzip
2024-07-17 23:30:22.412877 INFO: 
2024-07-17 23:30:22.412896 INFO: request:HTTP/1.1 200 OK

2024-07-17 23:30:22.412902 INFO: request:HTTP/1.1 200 OK
Content-Length:542

2024-07-17 23:30:22.412906 INFO: request:HTTP/1.1 200 OK
Content-Length:542
Connection:close

2024-07-17 23:30:22.412911 INFO: request:HTTP/1.1 200 OK
Content-Length:542
Connection:close


2024-07-17 23:30:22.412925 INFO: Thread 140246097688128 is running task

2024-07-17 23:30:22.412970 INFO: eventNum: 1
2024-07-17 23:30:22.412984 INFO: fd: 16, events: 4

2024-07-17 23:30:22.413027 INFO: Thread 140246122866240 is running task

2024-07-17 23:30:22.413951 INFO: eventNum: 1
2024-07-17 23:30:22.413981 INFO: fd: 13, events: 1

2024-07-17 23:30:22.413986 INFO: HandleListenEvent 13
2024-07-17 23:30:22.414011 INFO: HttpConn 26 init success
2024-07-17 23:30:22.414018 INFO: addTimer id:26 expireTime:1721230722
2024-07-17 23:30:22.414031 INFO: Client[26] in!
2024-07-17 23:30:22.414036 INFO: HandleListenEvent 13
2024-07-17 23:30:22.414048 ERROR: Accept failure -1
2024-07-17 23:30:22.414318 INFO: eventNum: 1
2024-07-17 23:30:22.414332 INFO: fd: 26, events: 1

2024-07-17 23:30:22.414347 INFO: HttpConn 26 read success
2024-07-17 23:30:22.414357 INFO: GET / HTTP/1.1
2024-07-17 23:30:22.414363 INFO: Host: 39.98.202.182:9006
2024-07-17 23:30:22.414368 INFO: User-Agent: Go-http-client/1.1
2024-07-17 23:30:22.414372 INFO: oop!unknow header: User-Agent: Go-http-client/1.1
2024-07-17 23:30:22.414377 INFO: X-Vegeta-Seq: 2855
2024-07-17 23:30:22.414381 INFO: oop!unknow header: X-Vegeta-Seq: 2855
2024-07-17 23:30:22.414385 INFO: Accept-Encoding: gzip
2024-07-17 23:30:22.414390 INFO: oop!unknow header: Accept-Encoding: gzip
2024-07-17 23:30:22.414394 INFO: 
2024-07-17 23:30:22.414423 INFO: request:HTTP/1.1 200 OK

2024-07-17 23:30:22.414429 INFO: request:HTTP/1.1 200 OK
Content-Length:542

2024-07-17 23:30:22.414433 INFO: request:HTTP/1.1 200 OK
Content-Length:542
Connection:close

2024-07-17 23:30:22.414437 INFO: request:HTTP/1.1 200 OK
Content-Length:542
Connection:close


2024-07-17 23:30:22.414449 INFO: Thread 140246148044352 is running task

2024-07-17 23:30:22.414459 INFO: eventNum: 1
2024-07-17 23:30:22.414464 INFO: fd: 26, events: 4

2024-07-17 23:30:22.414532 INFO: Thread 140246156437056 is running task

2024-07-17 23:30:22.417313 INFO: eventNum: 1
2024-07-17 23:30:22.417336 INFO: fd: 17, events: 8193

2024-07-17 23:30:22.417357 INFO: HttpConn 17 close success
2024-07-17 23:30:22.417363 INFO: Client[17] quit!
2024-07-17 23:30:22.418987 INFO: eventNum: 1
2024-07-17 23:30:22.419004 INFO: fd: 13, events: 1

2024-07-17 23:30:22.419009 INFO: HandleListenEvent 13
2024-07-17 23:30:22.419028 INFO: HttpConn 17 init success
2024-07-17 23:30:22.419034 INFO: addTimer id:17 expireTime:1721230722
2024-07-17 23:30:22.419044 INFO: Client[17] in!
2024-07-17 23:30:22.419049 INFO: HandleListenEvent 13
2024-07-17 23:30:22.419059 ERROR: Accept failure -1
2024-07-17 23:30:22.422358 INFO: eventNum: 1
2024-07-17 23:30:22.422384 INFO: fd: 17, events: 1

2024-07-17 23:30:22.422403 INFO: HttpConn 17 read success
2024-07-17 23:30:22.422435 INFO: GET / HTTP/1.1
2024-07-17 23:30:22.422444 INFO: Host: 39.98.202.182:9006
2024-07-17 23:30:22.422449 INFO: User-Agent: Go-http-client/1.1
2024-07-17 23:30:22.422453 INFO: oop!unknow header: User-Agent: Go-http-client/1.1
2024-07-17 23:30:22.422458 INFO: X-Vegeta-Seq: 2858
2024-07-17 23:30:22.422462 INFO: oop!unknow header: X-Vegeta-Seq: 2858
2024-07-17 23:30:22.422467 INFO: Accept-Encoding: gzip
2024-07-17 23:30:22.422471 INFO: oop!unknow header: Accept-Encoding: gzip
2024-07-17 23:30:22.422475 INFO: 
2024-07-17 23:30:22.422534 INFO: request:HTTP/1.1 200 OK

2024-07-17 23:30:22.422540 INFO: request:HTTP/1.1 200 OK
Content-Length:542

2024-07-17 23:30:22.422548 INFO: request:HTTP/1.1 200 OK
Content-Length:542
Connection:close

2024-07-17 23:30:22.422553 INFO: request:HTTP/1.1 200 OK
Content-Length:542
Connection:close


2024-07-17 23:30:22.422570 INFO: Thread 140246114473536 is running task

2024-07-17 23:30:22.422586 INFO: eventNum: 1
2024-07-17 23:30:22.422591 INFO: fd: 17, events: 4

2024-07-17 23:30:22.422648 INFO: Thread 140246131258944 is running task

2024-07-17 23:30:22.428593 INFO: eventNum: 1
2024-07-17 23:30:22.428627 INFO: fd: 13, events: 1

2024-07-17 23:30:22.428633 INFO: HandleListenEvent 13
2024-07-17 23:30:22.428654 INFO: HttpConn 28 init success
2024-07-17 23:30:22.428660 INFO: addTimer id:28 expireTime:1721230722
2024-07-17 23:30:22.428672 INFO: Client[28] in!
2024-07-17 23:30:22.428676 INFO: HandleListenEvent 13
2024-07-17 23:30:22.428686 ERROR: Accept failure -1
2024-07-17 23:30:22.429014 INFO: eventNum: 1
2024-07-17 23:30:22.429030 INFO: fd: 13, events: 1

2024-07-17 23:30:22.429035 INFO: HandleListenEvent 13
2024-07-17 23:30:22.429048 INFO: HttpConn 29 init success
2024-07-17 23:30:22.429054 INFO: addTimer id:29 expireTime:1721230722
2024-07-17 23:30:22.429064 INFO: Client[29] in!
2024-07-17 23:30:22.429069 INFO: HandleListenEvent 13
2024-07-17 23:30:22.429077 ERROR: Accept failure -1
2024-07-17 23:30:22.429387 INFO: eventNum: 1
2024-07-17 23:30:22.429398 INFO: fd: 29, events: 1

2024-07-17 23:30:22.429420 INFO: HttpConn 29 read success
2024-07-17 23:30:22.429449 INFO: GET / HTTP/1.1
2024-07-17 23:30:22.429460 INFO: Host: 39.98.202.182:9006
2024-07-17 23:30:22.429465 INFO: User-Agent: Go-http-client/1.1
2024-07-17 23:30:22.429470 INFO: oop!unknow header: User-Agent: Go-http-client/1.1
2024-07-17 23:30:22.429474 INFO: X-Vegeta-Seq: 2860
2024-07-17 23:30:22.429479 INFO: oop!unknow header: X-Vegeta-Seq: 2860
2024-07-17 23:30:22.429483 INFO: Accept-Encoding: gzip
2024-07-17 23:30:22.429487 INFO: oop!unknow header: Accept-Encoding: gzip
2024-07-17 23:30:22.429492 INFO: 
2024-07-17 23:30:22.429530 INFO: request:HTTP/1.1 200 OK

2024-07-17 23:30:22.429535 INFO: request:HTTP/1.1 200 OK
Content-Length:542

2024-07-17 23:30:22.429540 INFO: request:HTTP/1.1 200 OK
Content-Length:542
Connection:close

2024-07-17 23:30:22.429544 INFO: request:HTTP/1.1 200 OK
Content-Length:542
Connection:close


2024-07-17 23:30:22.429558 INFO: Thread 140246106080832 is running task

2024-07-17 23:30:22.429559 INFO: eventNum: 2
2024-07-17 23:30:22.429574 INFO: fd: 18, events: 8193

2024-07-17 23:30:22.429593 INFO: HttpConn 18 close success
2024-07-17 23:30:22.429599 INFO: Client[18] quit!
2024-07-17 23:30:22.429603 INFO: fd: 29, events: 4

2024-07-17 23:30:22.429646 INFO: Thread 140246139651648 is running task

2024-07-17 23:30:22.429728 INFO: eventNum: 1
2024-07-17 23:30:22.429741 INFO: fd: 28, events: 1

2024-07-17 23:30:22.429766 INFO: HttpConn 28 read success
2024-07-17 23:30:22.429780 INFO: GET / HTTP/1.1
2024-07-17 23:30:22.429786 INFO: Host: 39.98.202.182:9006
2024-07-17 23:30:22.429791 INFO: User-Agent: Go-http-client/1.1
2024-07-17 23:30:22.429795 INFO: oop!unknow header: User-Agent: Go-http-client/1.1
2024-07-17 23:30:22.429799 INFO: X-Vegeta-Seq: 2856
2024-07-17 23:30:22.429803 INFO: oop!unknow header: X-Vegeta-Seq: 2856
2024-07-17 23:30:22.429808 INFO: Accept-Encoding: gzip
2024-07-17 23:30:22.429812 INFO: oop!unknow header: Accept-Encoding: gzip
2024-07-17 23:30:22.429817 INFO: 
2024-07-17 23:30:22.429831 INFO: request:HTTP/1.1 200 OK

2024-07-17 23:30:22.429836 INFO: request:HTTP/1.1 200 OK
Content-Length:542

2024-07-17 23:30:22.429840 INFO: request:HTTP/1.1 200 OK
Content-Length:542
Connection:close

2024-07-17 23:30:22.429845 INFO: request:HTTP/1.1 200 OK
Content-Length:542
Connection:close


2024-07-17 23:30:22.429856 INFO: Thread 140246097688128 is running task

2024-07-17 23:30:22.429871 INFO: eventNum: 1
2024-07-17 23:30:22.429880 INFO: fd: 28, events: 4

2024-07-17 23:30:22.429963 INFO: Thread 140246122866240 is running task

2024-07-17 23:30:22.430329 INFO: eventNum: 1
2024-07-17 23:30:22.430345 INFO: fd: 16, events: 8193

2024-07-17 23:30:22.430362 INFO: HttpConn 16 close success
2024-07-17 23:30:22.430367 INFO: Client[16] quit!
2024-07-17 23:30:22.431570 INFO: eventNum: 1
2024-07-17 23:30:22.431595 INFO: fd: 26, events: 8193

2024-07-17 23:30:22.431614 INFO: HttpConn 26 close success
2024-07-17 23:30:22.431619 INFO: Client[26] quit!
2024-07-17 23:30:22.434523 INFO: eventNum: 1
2024-07-17 23:30:22.434550 INFO: fd: 13, events: 1

2024-07-17 23:30:22.434555 INFO: HandleListenEvent 13
2024-07-17 23:30:22.434569 INFO: HttpConn 16 init success
2024-07-17 23:30:22.434575 INFO: addTimer id:16 expireTime:1721230722
2024-07-17 23:30:22.434586 INFO: Client[16] in!
2024-07-17 23:30:22.434591 INFO: HandleListenEvent 13
2024-07-17 23:30:22.434601 ERROR: Accept failure -1
2024-07-17 23:30:22.435169 INFO: eventNum: 1
2024-07-17 23:30:22.435184 INFO: fd: 13, events: 1

2024-07-17 23:30:22.435189 INFO: HandleListenEvent 13
2024-07-17 23:30:22.435205 INFO: HttpConn 18 init success
2024-07-17 23:30:22.435214 INFO: addTimer id:18 expireTime:1721230722
2024-07-17 23:30:22.435240 INFO: Client[18] in!
2024-07-17 23:30:22.435248 INFO: HandleListenEvent 13
2024-07-17 23:30:22.435260 ERROR: Accept failure -1
2024-07-17 23:30:22.435265 INFO: eventNum: 1
2024-07-17 23:30:22.435270 INFO: fd: 16, events: 1

2024-07-17 23:30:22.435284 INFO: HttpConn 16 read success
2024-07-17 23:30:22.435295 INFO: GET / HTTP/1.1
2024-07-17 23:30:22.435302 INFO: Host: 39.98.202.182:9006
2024-07-17 23:30:22.435307 INFO: User-Agent: Go-http-client/1.1
2024-07-17 23:30:22.435311 INFO: oop!unknow header: User-Agent: Go-http-client/1.1
2024-07-17 23:30:22.435316 INFO: X-Vegeta-Seq: 2865
2024-07-17 23:30:22.435320 INFO: oop!unknow header: X-Vegeta-Seq: 2865
2024-07-17 23:30:22.435324 INFO: Accept-Encoding: gzip
2024-07-17 23:30:22.435329 INFO: oop!unknow header: Accept-Encoding: gzip
2024-07-17 23:30:22.435333 INFO: 
2024-07-17 23:30:22.435354 INFO: request:HTTP/1.1 200 OK

2024-07-17 23:30:22.435359 INFO: request:HTTP/1.1 200 OK
Content-Length:542

2024-07-17 23:30:22.435364 INFO: request:HTTP/1.1 200 OK
Content-Length:542
Connection:close

2024-07-17 23:30:22.435368 INFO: request:HTTP/1.1 200 OK
Content-Length:542
Connection:close


2024-07-17 23:30:22.435380 INFO: Thread 140246148044352 is running task

2024-07-17 23:30:22.435390 INFO: eventNum: 1
2024-07-17 23:30:22.435395 INFO: fd: 16, events: 4

2024-07-17 23:30:22.435450 INFO: Thread 140246156437056 is running task

2024-07-17 23:30:22.435899 INFO: eventNum: 1
2024-07-17 23:30:22.435919 INFO: fd: 17, events: 8193

2024-07-17 23:30:22.435944 INFO: HttpConn 17 close success
2024-07-17 23:30:22.435950 INFO: Client[17] quit!
2024-07-17 23:30:22.435955 INFO: eventNum: 1
2024-07-17 23:30:22.435960 INFO: fd: 18, events: 1

2024-07-17 23:30:22.435975 INFO: HttpConn 18 read success
2024-07-17 23:30:22.435994 INFO: GET / HTTP/1.1
2024-07-17 23:30:22.436000 INFO: Host: 39.98.202.182:9006
2024-07-17 23:30:22.436005 INFO: User-Agent: Go-http-client/1.1
2024-07-17 23:30:22.436009 INFO: oop!unknow header: User-Agent: Go-http-client/1.1
2024-07-17 23:30:22.436013 INFO: X-Vegeta-Seq: 2866
2024-07-17 23:30:22.436018 INFO: oop!unknow header: X-Vegeta-Seq: 2866
2024-07-17 23:30:22.436022 INFO: Accept-Encoding: gzip
2024-07-17 23:30:22.436026 INFO: oop!unknow header: Accept-Encoding: gzip
2024-07-17 23:30:22.436030 INFO: 
2024-07-17 23:30:22.436046 INFO: request:HTTP/1.1 200 OK

2024-07-17 23:30:22.436051 INFO: request:HTTP/1.1 200 OK
Content-Length:542

2024-07-17 23:30:22.436055 INFO: request:HTTP/1.1 200 OK
Content-Length:542
Connection:close

2024-07-17 23:30:22.436060 INFO: request:HTTP/1.1 200 OK
Content-Length:542
Connection:close


2024-07-17 23:30:22.436069 INFO: Thread 140246114473536 is running task

2024-07-17 23:30:22.436079 INFO: eventNum: 1
2024-07-17 23:30:22.436083 INFO: fd: 18, events: 4

2024-07-17 23:30:22.436123 INFO: Thread 140246131258944 is running task

2024-07-17 23:30:22.436364 INFO: eventNum: 1
2024-07-17 23:30:22.436384 INFO: fd: 13, events: 1

2024-07-17 23:30:22.436389 INFO: HandleListenEvent 13
2024-07-17 23:30:22.436406 INFO: HttpConn 17 init success
2024-07-17 23:30:22.436412 INFO: addTimer id:17 expireTime:1721230722
2024-07-17 23:30:22.436422 INFO: Client[17] in!
2024-07-17 23:30:22.436426 INFO: HandleListenEvent 13
2024-07-17 23:30:22.436435 ERROR: Accept failure -1
2024-07-17 23:30:22.436440 INFO: eventNum: 1
2024-07-17 23:30:22.436445 INFO: fd: 17, events: 1

2024-07-17 23:30:22.436462 INFO: HttpConn 17 read success
2024-07-17 23:30:22.436477 INFO: GET / HTTP/1.1
2024-07-17 23:30:22.436483 INFO: Host: 39.98.202.182:9006
2024-07-17 23:30:22.436488 INFO: User-Agent: Go-http-client/1.1
2024-07-17 23:30:22.436492 INFO: oop!unknow header: User-Agent: Go-http-client/1.1
2024-07-17 23:30:22.436522 INFO: X-Vegeta-Seq: 2864
2024-07-17 23:30:22.436527 INFO: oop!unknow header: X-Vegeta-Seq: 2864
2024-07-17 23:30:22.436535 INFO: Accept-Encoding: gzip
2024-07-17 23:30:22.436539 INFO: oop!unknow header: Accept-Encoding: gzip
2024-07-17 23:30:22.436543 INFO: 
2024-07-17 23:30:22.436559 INFO: request:HTTP/1.1 200 OK

2024-07-17 23:30:22.436564 INFO: request:HTTP/1.1 200 OK
Content-Length:542

2024-07-17 23:30:22.436569 INFO: request:HTTP/1.1 200 OK
Content-Length:542
Connection:close

2024-07-17 23:30:22.436573 INFO: request:HTTP/1.1 200 OK
Content-Length:542
Connection:close


2024-07-17 23:30:22.436588 INFO: Thread 140246106080832 is running task

2024-07-17 23:30:22.436592 INFO: eventNum: 1
2024-07-17 23:30:22.436612 INFO: fd: 17, events: 4

2024-07-17 23:30:22.436649 INFO: Thread 140246139651648 is running task

2024-07-17 23:30:22.439296 INFO: eventNum: 1
2024-07-17 23:30:22.439323 INFO: fd: 13, events: 1

2024-07-17 23:30:22.439328 INFO: HandleListenEvent 13
2024-07-17 23:30:22.439351 INFO: HttpConn 26 init success
2024-07-17 23:30:22.439357 INFO: addTimer id:26 expireTime:1721230722
2024-07-17 23:30:22.439367 INFO: Client[26] in!
2024-07-17 23:30:22.439372 INFO: HandleListenEvent 13
2024-07-17 23:30:22.439381 ERROR: Accept failure -1
2024-07-17 23:30:22.440289 INFO: eventNum: 1
2024-07-17 23:30:22.440305 INFO: fd: 29, events: 8193

2024-07-17 23:30:22.440324 INFO: HttpConn 29 close success
2024-07-17 23:30:22.440330 INFO: Client[29] quit!
2024-07-17 23:30:22.440404 INFO: eventNum: 1
2024-07-17 23:30:22.440415 INFO: fd: 26, events: 1

2024-07-17 23:30:22.440435 INFO: HttpConn 26 read success
2024-07-17 23:30:22.440459 INFO: GET / HTTP/1.1
2024-07-17 23:30:22.440465 INFO: Host: 39.98.202.182:9006
2024-07-17 23:30:22.440470 INFO: User-Agent: Go-http-client/1.1
2024-07-17 23:30:22.440478 INFO: oop!unknow header: User-Agent: Go-http-client/1.1
2024-07-17 23:30:22.440482 INFO: X-Vegeta-Seq: 2863
2024-07-17 23:30:22.440487 INFO: oop!unknow header: X-Vegeta-Seq: 2863
2024-07-17 23:30:22.440491 INFO: Accept-Encoding: gzip
2024-07-17 23:30:22.440495 INFO: oop!unknow header: Accept-Encoding: gzip
2024-07-17 23:30:22.440544 INFO: 
2024-07-17 23:30:22.440562 INFO: request:HTTP/1.1 200 OK

2024-07-17 23:30:22.440567 INFO: request:HTTP/1.1 200 OK
Content-Length:542

2024-07-17 23:30:22.440571 INFO: request:HTTP/1.1 200 OK
Content-Length:542
Connection:close

2024-07-17 23:30:22.440576 INFO: request:HTTP/1.1 200 OK
Content-Length:542
Connection:close


2024-07-17 23:30:22.440592 INFO: Thread 140246097688128 is running task

2024-07-17 23:30:22.440594 INFO: eventNum: 1
2024-07-17 23:30:22.440610 INFO: fd: 26, events: 4

2024-07-17 23:30:22.440652 INFO: Thread 140246122866240 is running task

2024-07-17 23:30:22.444654 INFO: eventNum: 1
2024-07-17 23:30:22.444683 INFO: fd: 28, events: 8193

2024-07-17 23:30:22.444708 INFO: HttpConn 28 close success
2024-07-17 23:30:22.444713 INFO: Client[28] quit!
2024-07-17 23:30:22.445311 INFO: eventNum: 1
2024-07-17 23:30:22.445337 INFO: fd: 16, events: 8193

2024-07-17 23:30:22.445355 INFO: HttpConn 16 close success
2024-07-17 23:30:22.445360 INFO: Client[16] quit!
2024-07-17 23:30:22.446569 INFO: eventNum: 1
2024-07-17 23:30:22.446600 INFO: fd: 13, events: 1

2024-07-17 23:30:22.446608 INFO: HandleListenEvent 13
2024-07-17 23:30:22.446631 INFO: HttpConn 16 init success
2024-07-17 23:30:22.446638 INFO: addTimer id:16 expireTime:1721230722
2024-07-17 23:30:22.446649 INFO: Client[16] in!
2024-07-17 23:30:22.446654 INFO: HandleListenEvent 13
2024-07-17 23:30:22.446662 ERROR: Accept failure -1
2024-07-17 23:30:22.447314 INFO: eventNum: 1
2024-07-17 23:30:22.447332 INFO: fd: 16, events: 1

2024-07-17 23:30:22.447350 INFO: HttpConn 16 read success
2024-07-17 23:30:22.447362 INFO: GET / HTTP/1.1
2024-07-17 23:30:22.447369 INFO: Host: 39.98.202.182:9006
2024-07-17 23:30:22.447374 INFO: User-Agent: Go-http-client/1.1
2024-07-17 23:30:22.447379 INFO: oop!unknow header: User-Agent: Go-http-client/1.1
2024-07-17 23:30:22.447383 INFO: X-Vegeta-Seq: 2872
2024-07-17 23:30:22.447388 INFO: oop!unknow header: X-Vegeta-Seq: 2872
2024-07-17 23:30:22.447393 INFO: Accept-Encoding: gzip
2024-07-17 23:30:22.447397 INFO: oop!unknow header: Accept-Encoding: gzip
2024-07-17 23:30:22.447401 INFO: 
2024-07-17 23:30:22.447422 INFO: request:HTTP/1.1 200 OK

2024-07-17 23:30:22.447427 INFO: request:HTTP/1.1 200 OK
Content-Length:542

2024-07-17 23:30:22.447432 INFO: request:HTTP/1.1 200 OK
Content-Length:542
Connection:close

2024-07-17 23:30:22.447437 INFO: request:HTTP/1.1 200 OK
Content-Length:542
Connection:close


2024-07-17 23:30:22.447450 INFO: Thread 140246148044352 is running task

2024-07-17 23:30:22.447470 INFO: eventNum: 1
2024-07-17 23:30:22.447477 INFO: fd: 16, events: 4

2024-07-17 23:30:22.447540 INFO: Thread 140246156437056 is running task

2024-07-17 23:30:22.447705 INFO: eventNum: 1
2024-07-17 23:30:22.447724 INFO: fd: 13, events: 1

2024-07-17 23:30:22.447730 INFO: HandleListenEvent 13
2024-07-17 23:30:22.447745 INFO: HttpConn 28 init success
2024-07-17 23:30:22.447751 INFO: addTimer id:28 expireTime:1721230722
2024-07-17 23:30:22.447761 INFO: Client[28] in!
2024-07-17 23:30:22.447766 INFO: HandleListenEvent 13
2024-07-17 23:30:22.447774 ERROR: Accept failure -1
2024-07-17 23:30:22.448049 INFO: eventNum: 1
2024-07-17 23:30:22.448062 INFO: fd: 28, events: 1

2024-07-17 23:30:22.448079 INFO: HttpConn 28 read success
2024-07-17 23:30:22.448089 INFO: GET / HTTP/1.1
2024-07-17 23:30:22.448095 INFO: Host: 39.98.202.182:9006
2024-07-17 23:30:22.448100 INFO: User-Agent: Go-http-client/1.1
2024-07-17 23:30:22.448104 INFO: oop!unknow header: User-Agent: Go-http-client/1.1
2024-07-17 23:30:22.448109 INFO: X-Vegeta-Seq: 2869
2024-07-17 23:30:22.448114 INFO: oop!unknow header: X-Vegeta-Seq: 2869
2024-07-17 23:30:22.448118 INFO: Accept-Encoding: gzip
2024-07-17 23:30:22.448122 INFO: oop!unknow header: Accept-Encoding: gzip
2024-07-17 23:30:22.448127 INFO: 
2024-07-17 23:30:22.448143 INFO: request:HTTP/1.1 200 OK

2024-07-17 23:30:22.448149 INFO: request:HTTP/1.1 200 OK
Content-Length:542

2024-07-17 23:30:22.448153 INFO: request:HTTP/1.1 200 OK
Content-Length:542
Connection:close

2024-07-17 23:30:22.448168 INFO: request:HTTP/1.1 200 OK
Content-Length:542
Connection:close


2024-07-17 23:30:22.448178 INFO: Thread 140246114473536 is running task

2024-07-17 23:30:22.448187 INFO: eventNum: 1
2024-07-17 23:30:22.448192 INFO: fd: 28, events: 4

2024-07-17 23:30:22.448235 INFO: Thread 140246131258944 is running task

2024-07-17 23:30:22.449317 INFO: eventNum: 1
2024-07-17 23:30:22.449348 INFO: fd: 13, events: 1

2024-07-17 23:30:22.449354 INFO: HandleListenEvent 13
2024-07-17 23:30:22.449369 INFO: HttpConn 29 init success
2024-07-17 23:30:22.449375 INFO: addTimer id:29 expireTime:1721230722
2024-07-17 23:30:22.449384 INFO: Client[29] in!
2024-07-17 23:30:22.449389 INFO: HandleListenEvent 13
2024-07-17 23:30:22.449397 ERROR: Accept failure -1
2024-07-17 23:30:22.449604 INFO: eventNum: 1
2024-07-17 23:30:22.449614 INFO: fd: 13, events: 1

2024-07-17 23:30:22.449619 INFO: HandleListenEvent 13
2024-07-17 23:30:22.449631 INFO: HttpConn 30 init success
2024-07-17 23:30:22.449636 INFO: addTimer id:30 expireTime:1721230722
2024-07-17 23:30:22.449645 INFO: Client[30] in!
2024-07-17 23:30:22.449650 INFO: HandleListenEvent 13
2024-07-17 23:30:22.449658 ERROR: Accept failure -1
2024-07-17 23:30:22.449663 INFO: eventNum: 1
2024-07-17 23:30:22.449668 INFO: fd: 30, events: 1

2024-07-17 23:30:22.449685 INFO: HttpConn 30 read success
2024-07-17 23:30:22.449686 INFO: eventNum: 1
2024-07-17 23:30:22.449710 INFO: GET / HTTP/1.1
2024-07-17 23:30:22.449724 INFO: Host: 39.98.202.182:9006
2024-07-17 23:30:22.449730 INFO: User-Agent: Go-http-client/1.1
2024-07-17 23:30:22.449735 INFO: oop!unknow header: User-Agent: Go-http-client/1.1
2024-07-17 23:30:22.449742 INFO: X-Vegeta-Seq: 2870
2024-07-17 23:30:22.449712 INFO: fd: 29, events: 1

2024-07-17 23:30:22.449747 INFO: oop!unknow header: X-Vegeta-Seq: 2870
2024-07-17 23:30:22.449767 INFO: Accept-Encoding: gzip
2024-07-17 23:30:22.449773 INFO: oop!unknow header: Accept-Encoding: gzip
2024-07-17 23:30:22.449793 INFO: 
2024-07-17 23:30:22.449777 INFO: eventNum: 1
2024-07-17 23:30:22.449809 INFO: fd: 18, events: 8193

2024-07-17 23:30:22.449818 INFO: request:HTTP/1.1 200 OK

2024-07-17 23:30:22.449824 INFO: HttpConn 18 close success
2024-07-17 23:30:22.449831 INFO: request:HTTP/1.1 200 OK
Content-Length:542

2024-07-17 23:30:22.449846 INFO: request:HTTP/1.1 200 OK
Content-Length:542
Connection:close

2024-07-17 23:30:22.449859 INFO: request:HTTP/1.1 200 OK
Content-Length:542
Connection:close


2024-07-17 23:30:22.449831 INFO: Client[18] quit!
2024-07-17 23:30:22.449880 INFO: Thread 140246106080832 is running task

2024-07-17 23:30:22.449889 INFO: eventNum: 1
2024-07-17 23:30:22.449890 INFO: HttpConn 29 read success
2024-07-17 23:30:22.449917 INFO: fd: 30, events: 4

2024-07-17 23:30:22.449931 INFO: GET / HTTP/1.1
2024-07-17 23:30:22.449951 INFO: Host: 39.98.202.182:9006
2024-07-17 23:30:22.449958 INFO: User-Agent: Go-http-client/1.1
2024-07-17 23:30:22.449976 INFO: oop!unknow header: User-Agent: Go-http-client/1.1
2024-07-17 23:30:22.449983 INFO: X-Vegeta-Seq: 2871
2024-07-17 23:30:22.449988 INFO: oop!unknow header: X-Vegeta-Seq: 2871
2024-07-17 23:30:22.449992 INFO: Accept-Encoding: gzip
2024-07-17 23:30:22.449996 INFO: oop!unknow header: Accept-Encoding: gzip
2024-07-17 23:30:22.450000 INFO: 
2024-07-17 23:30:22.450008 INFO: eventNum: 1
2024-07-17 23:30:22.450021 INFO: fd: 13, events: 1

2024-07-17 23:30:22.450026 INFO: HandleListenEvent 13
2024-07-17 23:30:22.450038 INFO: HttpConn 18 init success
2024-07-17 23:30:22.450047 INFO: addTimer id:18 expireTime:1721230722
2024-07-17 23:30:22.450051 INFO: Thread 140246097688128 is running task

2024-07-17 23:30:22.450059 INFO: Client[18] in!
2024-07-17 23:30:22.450074 INFO: HandleListenEvent 13
2024-07-17 23:30:22.450015 INFO: request:HTTP/1.1 200 OK

2024-07-17 23:30:22.450086 ERROR: Accept failure -1
2024-07-17 23:30:22.450089 INFO: request:HTTP/1.1 200 OK
Content-Length:542

2024-07-17 23:30:22.450101 INFO: request:HTTP/1.1 200 OK
Content-Length:542
Connection:close

2024-07-17 23:30:22.450131 INFO: request:HTTP/1.1 200 OK
Content-Length:542
Connection:close


2024-07-17 23:30:22.450150 INFO: Thread 140246139651648 is running task

2024-07-17 23:30:22.450211 INFO: eventNum: 2
2024-07-17 23:30:22.450222 INFO: fd: 29, events: 4

2024-07-17 23:30:22.450233 INFO: fd: 17, events: 8193

2024-07-17 23:30:22.450248 INFO: HttpConn 17 close success
2024-07-17 23:30:22.450255 INFO: Client[17] quit!
2024-07-17 23:30:22.450263 INFO: Thread 140246122866240 is running task

2024-07-17 23:30:22.450345 INFO: eventNum: 1
2024-07-17 23:30:22.450357 INFO: fd: 18, events: 1

2024-07-17 23:30:22.450370 INFO: HttpConn 18 read success
2024-07-17 23:30:22.450390 INFO: GET / HTTP/1.1
2024-07-17 23:30:22.450396 INFO: Host: 39.98.202.182:9006
2024-07-17 23:30:22.450401 INFO: User-Agent: Go-http-client/1.1
2024-07-17 23:30:22.450405 INFO: oop!unknow header: User-Agent: Go-http-client/1.1
2024-07-17 23:30:22.450410 INFO: X-Vegeta-Seq: 2868
2024-07-17 23:30:22.450414 INFO: oop!unknow header: X-Vegeta-Seq: 2868
2024-07-17 23:30:22.450419 INFO: Accept-Encoding: gzip
2024-07-17 23:30:22.450425 INFO: oop!unknow header: Accept-Encoding: gzip
2024-07-17 23:30:22.450432 INFO: 
2024-07-17 23:30:22.450452 INFO: request:HTTP/1.1 200 OK

2024-07-17 23:30:22.450461 INFO: request:HTTP/1.1 200 OK
Content-Length:542

2024-07-17 23:30:22.450467 INFO: request:HTTP/1.1 200 OK
Content-Length:542
Connection:close

2024-07-17 23:30:22.450471 INFO: request:HTTP/1.1 200 OK
Content-Length:542
Connection:close


2024-07-17 23:30:22.450481 INFO: Thread 140246148044352 is running task

2024-07-17 23:30:22.450491 INFO: eventNum: 1
2024-07-17 23:30:22.450496 INFO: fd: 18, events: 4

2024-07-17 23:30:22.450555 INFO: Thread 140246156437056 is running task

2024-07-17 23:30:22.454327 INFO: eventNum: 1
2024-07-17 23:30:22.454361 INFO: fd: 13, events: 1

2024-07-17 23:30:22.454367 INFO: HandleListenEvent 13
2024-07-17 23:30:22.454381 INFO: HttpConn 17 init success
2024-07-17 23:30:22.454387 INFO: addTimer id:17 expireTime:1721230722
2024-07-17 23:30:22.454398 INFO: Client[17] in!
2024-07-17 23:30:22.454402 INFO: HandleListenEvent 13
2024-07-17 23:30:22.454412 ERROR: Accept failure -1
2024-07-17 23:30:22.458372 INFO: eventNum: 1
2024-07-17 23:30:22.458405 INFO: fd: 26, events: 8193

2024-07-17 23:30:22.458433 INFO: HttpConn 26 close success
2024-07-17 23:30:22.458439 INFO: Client[26] quit!
2024-07-17 23:30:22.458445 INFO: eventNum: 1
2024-07-17 23:30:22.458449 INFO: fd: 17, events: 1

2024-07-17 23:30:22.458467 INFO: HttpConn 17 read success
2024-07-17 23:30:22.458479 INFO: GET / HTTP/1.1
2024-07-17 23:30:22.458486 INFO: Host: 39.98.202.182:9006
2024-07-17 23:30:22.458491 INFO: User-Agent: Go-http-client/1.1
2024-07-17 23:30:22.458495 INFO: oop!unknow header: User-Agent: Go-http-client/1.1
2024-07-17 23:30:22.458527 INFO: X-Vegeta-Seq: 2874
2024-07-17 23:30:22.458532 INFO: oop!unknow header: X-Vegeta-Seq: 2874
2024-07-17 23:30:22.458536 INFO: Accept-Encoding: gzip
2024-07-17 23:30:22.458546 INFO: oop!unknow header: Accept-Encoding: gzip
2024-07-17 23:30:22.458551 INFO: 
2024-07-17 23:30:22.458573 INFO: request:HTTP/1.1 200 OK

2024-07-17 23:30:22.458578 INFO: request:HTTP/1.1 200 OK
Content-Length:542

2024-07-17 23:30:22.458583 INFO: request:HTTP/1.1 200 OK
Content-Length:542
Connection:close

2024-07-17 23:30:22.458587 INFO: request:HTTP/1.1 200 OK
Content-Length:542
Connection:close


2024-07-17 23:30:22.458601 INFO: Thread 140246114473536 is running task

2024-07-17 23:30:22.458616 INFO: eventNum: 2
2024-07-17 23:30:22.458621 INFO: fd: 16, events: 8193

2024-07-17 23:30:22.458636 INFO: HttpConn 16 close success
2024-07-17 23:30:22.458644 INFO: Client[16] quit!
2024-07-17 23:30:22.458649 INFO: fd: 17, events: 4

2024-07-17 23:30:22.458715 INFO: Thread 140246131258944 is running task

2024-07-17 23:30:22.460439 INFO: eventNum: 1
2024-07-17 23:30:22.460463 INFO: fd: 28, events: 8193

2024-07-17 23:30:22.460482 INFO: HttpConn 28 close success
2024-07-17 23:30:22.460487 INFO: Client[28] quit!
2024-07-17 23:30:22.460707 INFO: eventNum: 1
2024-07-17 23:30:22.460734 INFO: fd: 13, events: 1

2024-07-17 23:30:22.460739 INFO: HandleListenEvent 13
2024-07-17 23:30:22.460758 INFO: HttpConn 16 init success
2024-07-17 23:30:22.460767 INFO: addTimer id:16 expireTime:1721230722
2024-07-17 23:30:22.460781 INFO: Client[16] in!
2024-07-17 23:30:22.460787 INFO: HandleListenEvent 13
2024-07-17 23:30:22.460798 ERROR: Accept failure -1
2024-07-17 23:30:22.461447 INFO: eventNum: 1
2024-07-17 23:30:22.461462 INFO: fd: 16, events: 1

2024-07-17 23:30:22.461482 INFO: HttpConn 16 read success
2024-07-17 23:30:22.461511 INFO: GET / HTTP/1.1
2024-07-17 23:30:22.461518 INFO: Host: 39.98.202.182:9006
2024-07-17 23:30:22.461523 INFO: User-Agent: Go-http-client/1.1
2024-07-17 23:30:22.461527 INFO: oop!unknow header: User-Agent: Go-http-client/1.1
2024-07-17 23:30:22.461532 INFO: X-Vegeta-Seq: 2877
2024-07-17 23:30:22.461537 INFO: oop!unknow header: X-Vegeta-Seq: 2877
2024-07-17 23:30:22.461541 INFO: Accept-Encoding: gzip
2024-07-17 23:30:22.461545 INFO: oop!unknow header: Accept-Encoding: gzip
2024-07-17 23:30:22.461549 INFO: 
2024-07-17 23:30:22.461569 INFO: request:HTTP/1.1 200 OK

2024-07-17 23:30:22.461574 INFO: request:HTTP/1.1 200 OK
Content-Length:542

2024-07-17 23:30:22.461579 INFO: request:HTTP/1.1 200 OK
Content-Length:542
Connection:close

2024-07-17 23:30:22.461584 INFO: request:HTTP/1.1 200 OK
Content-Length:542
Connection:close


2024-07-17 23:30:22.461599 INFO: Thread 140246106080832 is running task

2024-07-17 23:30:22.461616 INFO: eventNum: 1
2024-07-17 23:30:22.461623 INFO: fd: 16, events: 4

2024-07-17 23:30:22.461661 INFO: Thread 140246097688128 is running task

2024-07-17 23:30:22.461727 INFO: eventNum: 1
2024-07-17 23:30:22.461736 INFO: fd: 13, events: 1

2024-07-17 23:30:22.461740 INFO: HandleListenEvent 13
2024-07-17 23:30:22.461759 INFO: HttpConn 26 init success
2024-07-17 23:30:22.461765 INFO: addTimer id:26 expireTime:1721230722
2024-07-17 23:30:22.461779 INFO: Client[26] in!
2024-07-17 23:30:22.461784 INFO: HandleListenEvent 13
2024-07-17 23:30:22.461795 ERROR: Accept failure -1
2024-07-17 23:30:22.462453 INFO: eventNum: 1
2024-07-17 23:30:22.462475 INFO: fd: 26, events: 1

2024-07-17 23:30:22.462491 INFO: HttpConn 26 read success
2024-07-17 23:30:22.462505 INFO: GET / HTTP/1.1
2024-07-17 23:30:22.462511 INFO: Host: 39.98.202.182:9006
2024-07-17 23:30:22.462516 INFO: User-Agent: Go-http-client/1.1
2024-07-17 23:30:22.462520 INFO: oop!unknow header: User-Agent: Go-http-client/1.1
2024-07-17 23:30:22.462525 INFO: X-Vegeta-Seq: 2876
2024-07-17 23:30:22.462529 INFO: oop!unknow header: X-Vegeta-Seq: 2876
2024-07-17 23:30:22.462533 INFO: Accept-Encoding: gzip
2024-07-17 23:30:22.462538 INFO: oop!unknow header: Accept-Encoding: gzip
2024-07-17 23:30:22.462542 INFO: 
2024-07-17 23:30:22.462558 INFO: request:HTTP/1.1 200 OK

2024-07-17 23:30:22.462563 INFO: request:HTTP/1.1 200 OK
Content-Length:542

2024-07-17 23:30:22.462568 INFO: request:HTTP/1.1 200 OK
Content-Length:542
Connection:close

2024-07-17 23:30:22.462572 INFO: request:HTTP/1.1 200 OK
Content-Length:542
Connection:close


2024-07-17 23:30:22.462581 INFO: Thread 140246139651648 is running task

2024-07-17 23:30:22.462591 INFO: eventNum: 1
2024-07-17 23:30:22.462596 INFO: fd: 26, events: 4

2024-07-17 23:30:22.462630 INFO: Thread 140246122866240 is running task

2024-07-17 23:30:22.476806 INFO: eventNum: 1
2024-07-17 23:30:22.476858 INFO: fd: 13, events: 1

2024-07-17 23:30:22.476865 INFO: HandleListenEvent 13
2024-07-17 23:30:22.476892 INFO: HttpConn 28 init success
2024-07-17 23:30:22.476899 INFO: addTimer id:28 expireTime:1721230722
2024-07-17 23:30:22.476913 INFO: Client[28] in!
2024-07-17 23:30:22.476917 INFO: HandleListenEvent 13
2024-07-17 23:30:22.476928 ERROR: Accept failure -1
2024-07-17 23:30:22.478586 INFO: eventNum: 1
2024-07-17 23:30:22.478615 INFO: fd: 29, events: 8193

2024-07-17 23:30:22.478643 INFO: HttpConn 29 close success
2024-07-17 23:30:22.478654 INFO: Client[29] quit!
2024-07-17 23:30:22.478829 INFO: eventNum: 1
2024-07-17 23:30:22.478841 INFO: fd: 30, events: 8193

2024-07-17 23:30:22.478863 INFO: HttpConn 30 close success
2024-07-17 23:30:22.478871 INFO: Client[30] quit!
2024-07-17 23:30:22.479220 INFO: eventNum: 1
2024-07-17 23:30:22.479237 INFO: fd: 18, events: 8193

2024-07-17 23:30:22.479257 INFO: HttpConn 18 close success
2024-07-17 23:30:22.479268 INFO: Client[18] quit!
2024-07-17 23:30:22.479362 INFO: eventNum: 1
2024-07-17 23:30:22.479377 INFO: fd: 28, events: 1

2024-07-17 23:30:22.479413 INFO: HttpConn 28 read success
2024-07-17 23:30:22.479447 INFO: GET / HTTP/1.1
2024-07-17 23:30:22.479455 INFO: Host: 39.98.202.182:9006
2024-07-17 23:30:22.479460 INFO: User-Agent: Go-http-client/1.1
2024-07-17 23:30:22.479464 INFO: oop!unknow header: User-Agent: Go-http-client/1.1
2024-07-17 23:30:22.479470 INFO: X-Vegeta-Seq: 2878
2024-07-17 23:30:22.479474 INFO: oop!unknow header: X-Vegeta-Seq: 2878
2024-07-17 23:30:22.479478 INFO: Accept-Encoding: gzip
2024-07-17 23:30:22.479483 INFO: oop!unknow header: Accept-Encoding: gzip
2024-07-17 23:30:22.479487 INFO: 
2024-07-17 23:30:22.479538 INFO: request:HTTP/1.1 200 OK

2024-07-17 23:30:22.479544 INFO: request:HTTP/1.1 200 OK
Content-Length:542

2024-07-17 23:30:22.479549 INFO: request:HTTP/1.1 200 OK
Content-Length:542
Connection:close

2024-07-17 23:30:22.479554 INFO: request:HTTP/1.1 200 OK
Content-Length:542
Connection:close


2024-07-17 23:30:22.479574 INFO: eventNum: 1
2024-07-17 23:30:22.479577 INFO: Thread 140246148044352 is running task

2024-07-17 23:30:22.479589 INFO: fd: 28, events: 4

2024-07-17 23:30:22.479654 INFO: Thread 140246156437056 is running task

2024-07-17 23:30:22.485015 INFO: eventNum: 1
2024-07-17 23:30:22.485076 INFO: fd: 13, events: 1

2024-07-17 23:30:22.485083 INFO: HandleListenEvent 13
2024-07-17 23:30:22.485107 INFO: HttpConn 18 init success
2024-07-17 23:30:22.485114 INFO: addTimer id:18 expireTime:1721230722
2024-07-17 23:30:22.485126 INFO: Client[18] in!
2024-07-17 23:30:22.485131 INFO: HandleListenEvent 13
2024-07-17 23:30:22.485141 ERROR: Accept failure -1
2024-07-17 23:30:22.486485 INFO: eventNum: 1
2024-07-17 23:30:22.486529 INFO: fd: 18, events: 1

2024-07-17 23:30:22.486546 INFO: HttpConn 18 read success
2024-07-17 23:30:22.486569 INFO: GET / HTTP/1.1
2024-07-17 23:30:22.486578 INFO: Host: 39.98.202.182:9006
2024-07-17 23:30:22.486585 INFO: User-Agent: Go-http-client/1.1
2024-07-17 23:30:22.486592 INFO: oop!unknow header: User-Agent: Go-http-client/1.1
2024-07-17 23:30:22.486598 INFO: X-Vegeta-Seq: 2881
2024-07-17 23:30:22.486605 INFO: oop!unknow header: X-Vegeta-Seq: 2881
2024-07-17 23:30:22.486611 INFO: Accept-Encoding: gzip
2024-07-17 23:30:22.486618 INFO: oop!unknow header: Accept-Encoding: gzip
2024-07-17 23:30:22.486624 INFO: 
2024-07-17 23:30:22.486654 INFO: request:HTTP/1.1 200 OK

2024-07-17 23:30:22.486662 INFO: request:HTTP/1.1 200 OK
Content-Length:542

2024-07-17 23:30:22.486666 INFO: request:HTTP/1.1 200 OK
Content-Length:542
Connection:close

2024-07-17 23:30:22.486671 INFO: request:HTTP/1.1 200 OK
Content-Length:542
Connection:close


2024-07-17 23:30:22.486688 INFO: Thread 140246114473536 is running task

2024-07-17 23:30:22.486707 INFO: eventNum: 2
2024-07-17 23:30:22.486713 INFO: fd: 16, events: 8193

2024-07-17 23:30:22.486732 INFO: HttpConn 16 close success
2024-07-17 23:30:22.486737 INFO: Client[16] quit!
2024-07-17 23:30:22.486741 INFO: fd: 18, events: 4

2024-07-17 23:30:22.486800 INFO: Thread 140246131258944 is running task

2024-07-17 23:30:22.486928 INFO: eventNum: 1
2024-07-17 23:30:22.486946 INFO: fd: 17, events: 8193

2024-07-17 23:30:22.486964 INFO: HttpConn 17 close success
2024-07-17 23:30:22.486969 INFO: Client[17] quit!
2024-07-17 23:30:22.487588 INFO: eventNum: 1
2024-07-17 23:30:22.487604 INFO: fd: 26, events: 8193

2024-07-17 23:30:22.487619 INFO: HttpConn 26 close success
2024-07-17 23:30:22.487624 INFO: Client[26] quit!
2024-07-17 23:30:22.487734 INFO: eventNum: 1
2024-07-17 23:30:22.487747 INFO: fd: 13, events: 1

2024-07-17 23:30:22.487752 INFO: HandleListenEvent 13
2024-07-17 23:30:22.487769 INFO: HttpConn 16 init success
2024-07-17 23:30:22.487783 INFO: addTimer id:16 expireTime:1721230722
2024-07-17 23:30:22.487793 INFO: Client[16] in!
2024-07-17 23:30:22.487798 INFO: HandleListenEvent 13
2024-07-17 23:30:22.487807 ERROR: Accept failure -1
2024-07-17 23:30:22.488137 INFO: eventNum: 1
2024-07-17 23:30:22.488151 INFO: fd: 16, events: 1

2024-07-17 23:30:22.488170 INFO: HttpConn 16 read success
2024-07-17 23:30:22.488190 INFO: GET / HTTP/1.1
2024-07-17 23:30:22.488196 INFO: Host: 39.98.202.182:9006
2024-07-17 23:30:22.488201 INFO: User-Agent: Go-http-client/1.1
2024-07-17 23:30:22.488205 INFO: oop!unknow header: User-Agent: Go-http-client/1.1
2024-07-17 23:30:22.488210 INFO: X-Vegeta-Seq: 2885
2024-07-17 23:30:22.488214 INFO: oop!unknow header: X-Vegeta-Seq: 2885
2024-07-17 23:30:22.488219 INFO: Accept-Encoding: gzip
2024-07-17 23:30:22.488223 INFO: oop!unknow header: Accept-Encoding: gzip
2024-07-17 23:30:22.488227 INFO: 
2024-07-17 23:30:22.488246 INFO: request:HTTP/1.1 200 OK

2024-07-17 23:30:22.488251 INFO: request:HTTP/1.1 200 OK
Content-Length:542

2024-07-17 23:30:22.488256 INFO: request:HTTP/1.1 200 OK
Content-Length:542
Connection:close

2024-07-17 23:30:22.488261 INFO: request:HTTP/1.1 200 OK
Content-Length:542
Connection:close


2024-07-17 23:30:22.488276 INFO: Thread 140246106080832 is running task

2024-07-17 23:30:22.488278 INFO: eventNum: 1
2024-07-17 23:30:22.488287 INFO: fd: 16, events: 4

2024-07-17 23:30:22.488326 INFO: Thread 140246097688128 is running task

2024-07-17 23:30:22.496586 INFO: eventNum: 1
2024-07-17 23:30:22.496631 INFO: fd: 28, events: 8193

2024-07-17 23:30:22.496662 INFO: HttpConn 28 close success
2024-07-17 23:30:22.496670 INFO: Client[28] quit!
2024-07-17 23:30:22.497605 INFO: eventNum: 1
2024-07-17 23:30:22.497643 INFO: fd: 13, events: 1

2024-07-17 23:30:22.497651 INFO: HandleListenEvent 13
2024-07-17 23:30:22.497678 INFO: HttpConn 17 init success
2024-07-17 23:30:22.497688 INFO: addTimer id:17 expireTime:1721230722
2024-07-17 23:30:22.497703 INFO: Client[17] in!
2024-07-17 23:30:22.497708 INFO: HandleListenEvent 13
2024-07-17 23:30:22.497718 ERROR: Accept failure -1
2024-07-17 23:30:22.498189 INFO: eventNum: 1
2024-07-17 23:30:22.498208 INFO: fd: 13, events: 1

2024-07-17 23:30:22.498213 INFO: HandleListenEvent 13
2024-07-17 23:30:22.498228 INFO: HttpConn 26 init success
2024-07-17 23:30:22.498234 INFO: addTimer id:26 expireTime:1721230722
2024-07-17 23:30:22.498243 INFO: Client[26] in!
2024-07-17 23:30:22.498248 INFO: HandleListenEvent 13
2024-07-17 23:30:22.498256 ERROR: Accept failure -1
2024-07-17 23:30:22.498707 INFO: eventNum: 1
2024-07-17 23:30:22.498720 INFO: fd: 17, events: 1

2024-07-17 23:30:22.498743 INFO: HttpConn 17 read success
2024-07-17 23:30:22.498781 INFO: GET / HTTP/1.1
2024-07-17 23:30:22.498792 INFO: Host: 39.98.202.182:9006
2024-07-17 23:30:22.498799 INFO: User-Agent: Go-http-client/1.1
2024-07-17 23:30:22.498805 INFO: oop!unknow header: User-Agent: Go-http-client/1.1
2024-07-17 23:30:22.498811 INFO: X-Vegeta-Seq: 2896
2024-07-17 23:30:22.498818 INFO: oop!unknow header: X-Vegeta-Seq: 2896
