2024-07-17 23:34:19.182071 INFO: oop!unknow header: Accept-Encoding: gzip
2024-07-17 23:34:19.182166 INFO: 
2024-07-17 23:34:19.182183 INFO: request:HTTP/1.1 200 OK

2024-07-17 23:34:19.182188 INFO: request:HTTP/1.1 200 OK
Content-Length:542

2024-07-17 23:34:19.182192 INFO: request:HTTP/1.1 200 OK
Content-Length:542
Connection:close

2024-07-17 23:34:19.182196 INFO: request:HTTP/1.1 200 OK
Content-Length:542
Connection:close


2024-07-17 23:34:19.182206 INFO: Thread 140246148044352 is running task

2024-07-17 23:34:19.182216 INFO: eventNum: 1
2024-07-17 23:34:19.182221 INFO: fd: 30, events: 4

2024-07-17 23:34:19.182258 INFO: Thread 140246097688128 is running task

2024-07-17 23:34:19.182541 INFO: eventNum: 1
2024-07-17 23:34:19.182558 INFO: fd: 31, events: 1

2024-07-17 23:34:19.182582 INFO: HttpConn 31 read success
2024-07-17 23:34:19.182629 INFO: GET / HTTP/1.1
2024-07-17 23:34:19.182639 INFO: Host: 39.98.202.182:9006
2024-07-17 23:34:19.182647 INFO: User-Agent: Go-http-client/1.1
2024-07-17 23:34:19.182654 INFO: oop!unknow header: User-Agent: Go-http-client/1.1
2024-07-17 23:34:19.182661 INFO: X-Vegeta-Seq: 2242
2024-07-17 23:34:19.182667 INFO: oop!unknow header: X-Vegeta-Seq: 2242
2024-07-17 23:34:19.182674 INFO: Accept-Encoding: gzip
2024-07-17 23:34:19.182681 INFO: oop!unknow header: Accept-Encoding: gzip
2024-07-17 23:34:19.182687 INFO: 
2024-07-17 23:34:19.182725 INFO: request:HTTP/1.1 200 OK

2024-07-17 23:34:19.182733 INFO: request:HTTP/1.1 200 OK
Content-Length:542

2024-07-17 23:34:19.182743 INFO: request:HTTP/1.1 200 OK
Content-Length:542
Connection:close

2024-07-17 23:34:19.182750 INFO: request:HTTP/1.1 200 OK
Content-Length:542
Connection:close


2024-07-17 23:34:19.182802 INFO: Thread 140246139651648 is running task

2024-07-17 23:34:19.182826 INFO: eventNum: 2
2024-07-17 23:34:19.182835 INFO: fd: 31, events: 4

2024-07-17 23:34:19.182878 INFO: Thread 140246122866240 is running task

2024-07-17 23:34:19.182891 INFO: fd: 13, events: 1

2024-07-17 23:34:19.182899 INFO: HandleListenEvent 13
2024-07-17 23:34:19.182917 INFO: HttpConn 32 init success
2024-07-17 23:34:19.182926 INFO: addTimer id:32 expireTime:1721230959
2024-07-17 23:34:19.182940 INFO: Client[32] in!
2024-07-17 23:34:19.182947 INFO: HandleListenEvent 13
2024-07-17 23:34:19.182958 ERROR: Accept failure -1
2024-07-17 23:34:19.182967 INFO: eventNum: 1
2024-07-17 23:34:19.182985 INFO: fd: 32, events: 1

2024-07-17 23:34:19.183008 INFO: HttpConn 32 read success
2024-07-17 23:34:19.183026 INFO: GET / HTTP/1.1
2024-07-17 23:34:19.183032 INFO: Host: 39.98.202.182:9006
2024-07-17 23:34:19.183038 INFO: User-Agent: Go-http-client/1.1
2024-07-17 23:34:19.183042 INFO: oop!unknow header: User-Agent: Go-http-client/1.1
2024-07-17 23:34:19.183046 INFO: X-Vegeta-Seq: 2239
2024-07-17 23:34:19.183051 INFO: oop!unknow header: X-Vegeta-Seq: 2239
2024-07-17 23:34:19.183058 INFO: Accept-Encoding: gzip
2024-07-17 23:34:19.183062 INFO: oop!unknow header: Accept-Encoding: gzip
2024-07-17 23:34:19.183066 INFO: 
2024-07-17 23:34:19.183082 INFO: request:HTTP/1.1 200 OK

2024-07-17 23:34:19.183087 INFO: request:HTTP/1.1 200 OK
Content-Length:542

2024-07-17 23:34:19.183091 INFO: request:HTTP/1.1 200 OK
Content-Length:542
Connection:close

2024-07-17 23:34:19.183096 INFO: request:HTTP/1.1 200 OK
Content-Length:542
Connection:close


2024-07-17 23:34:19.183108 INFO: Thread 140246131258944 is running task

2024-07-17 23:34:19.183125 INFO: eventNum: 1
2024-07-17 23:34:19.183132 INFO: fd: 32, events: 4

2024-07-17 23:34:19.183165 INFO: Thread 140246106080832 is running task

2024-07-17 23:34:19.183430 INFO: eventNum: 1
2024-07-17 23:34:19.183464 INFO: fd: 71, events: 1

2024-07-17 23:34:19.183487 INFO: HttpConn 71 read success
2024-07-17 23:34:19.183501 INFO: GET / HTTP/1.1
2024-07-17 23:34:19.183509 INFO: Host: 39.98.202.182:9006
2024-07-17 23:34:19.183515 INFO: User-Agent: Go-http-client/1.1
2024-07-17 23:34:19.183522 INFO: oop!unknow header: User-Agent: Go-http-client/1.1
2024-07-17 23:34:19.183529 INFO: X-Vegeta-Seq: 1461
2024-07-17 23:34:19.183534 INFO: oop!unknow header: X-Vegeta-Seq: 1461
2024-07-17 23:34:19.183546 INFO: Accept-Encoding: gzip
2024-07-17 23:34:19.183558 INFO: oop!unknow header: Accept-Encoding: gzip
2024-07-17 23:34:19.183565 INFO: 
2024-07-17 23:34:19.183587 INFO: request:HTTP/1.1 200 OK

2024-07-17 23:34:19.183595 INFO: request:HTTP/1.1 200 OK
Content-Length:542

2024-07-17 23:34:19.183602 INFO: request:HTTP/1.1 200 OK
Content-Length:542
Connection:close

2024-07-17 23:34:19.183607 INFO: request:HTTP/1.1 200 OK
Content-Length:542
Connection:close


2024-07-17 23:34:19.183618 INFO: Thread 140246156437056 is running task

2024-07-17 23:34:19.183629 INFO: eventNum: 1
2024-07-17 23:34:19.183636 INFO: fd: 71, events: 4

2024-07-17 23:34:19.183689 INFO: Thread 140246114473536 is running task

2024-07-17 23:34:19.185631 INFO: eventNum: 1
2024-07-17 23:34:19.185663 INFO: fd: 17, events: 8193

2024-07-17 23:34:19.185689 INFO: HttpConn 17 close success
2024-07-17 23:34:19.185700 INFO: Client[17] quit!
2024-07-17 23:34:19.186910 INFO: eventNum: 1
2024-07-17 23:34:19.186927 INFO: fd: 13, events: 1

2024-07-17 23:34:19.186934 INFO: HandleListenEvent 13
2024-07-17 23:34:19.186955 INFO: HttpConn 17 init success
2024-07-17 23:34:19.186965 INFO: addTimer id:17 expireTime:1721230959
2024-07-17 23:34:19.186979 INFO: Client[17] in!
2024-07-17 23:34:19.186986 INFO: HandleListenEvent 13
2024-07-17 23:34:19.186998 ERROR: Accept failure -1
2024-07-17 23:34:19.187662 INFO: eventNum: 1
2024-07-17 23:34:19.187680 INFO: fd: 17, events: 1

2024-07-17 23:34:19.187698 INFO: HttpConn 17 read success
2024-07-17 23:34:19.187713 INFO: GET / HTTP/1.1
2024-07-17 23:34:19.187721 INFO: Host: 39.98.202.182:9006
2024-07-17 23:34:19.187729 INFO: User-Agent: Go-http-client/1.1
2024-07-17 23:34:19.187736 INFO: oop!unknow header: User-Agent: Go-http-client/1.1
2024-07-17 23:34:19.187743 INFO: X-Vegeta-Seq: 2267
2024-07-17 23:34:19.187750 INFO: oop!unknow header: X-Vegeta-Seq: 2267
2024-07-17 23:34:19.187757 INFO: Accept-Encoding: gzip
2024-07-17 23:34:19.187763 INFO: oop!unknow header: Accept-Encoding: gzip
2024-07-17 23:34:19.187769 INFO: 
2024-07-17 23:34:19.187793 INFO: request:HTTP/1.1 200 OK

2024-07-17 23:34:19.187800 INFO: request:HTTP/1.1 200 OK
Content-Length:542

2024-07-17 23:34:19.187807 INFO: request:HTTP/1.1 200 OK
Content-Length:542
Connection:close

2024-07-17 23:34:19.187814 INFO: request:HTTP/1.1 200 OK
Content-Length:542
Connection:close


2024-07-17 23:34:19.187828 INFO: Thread 140246148044352 is running task

2024-07-17 23:34:19.187841 INFO: eventNum: 1
2024-07-17 23:34:19.187848 INFO: fd: 17, events: 4

2024-07-17 23:34:19.187890 INFO: Thread 140246097688128 is running task

2024-07-17 23:34:19.187935 INFO: eventNum: 1
2024-07-17 23:34:19.187943 INFO: fd: 13, events: 1

2024-07-17 23:34:19.187949 INFO: HandleListenEvent 13
2024-07-17 23:34:19.187965 INFO: HttpConn 33 init success
2024-07-17 23:34:19.187973 INFO: addTimer id:33 expireTime:1721230959
2024-07-17 23:34:19.187985 INFO: Client[33] in!
2024-07-17 23:34:19.187992 INFO: HandleListenEvent 13
2024-07-17 23:34:19.188003 ERROR: Accept failure -1
2024-07-17 23:34:19.188218 INFO: eventNum: 1
2024-07-17 23:34:19.188234 INFO: fd: 18, events: 8193

2024-07-17 23:34:19.188254 INFO: HttpConn 18 close success
2024-07-17 23:34:19.188264 INFO: Client[18] quit!
2024-07-17 23:34:19.188328 INFO: eventNum: 1
2024-07-17 23:34:19.188339 INFO: fd: 33, events: 1

2024-07-17 23:34:19.188400 INFO: HttpConn 33 read success
2024-07-17 23:34:19.188400 INFO: eventNum: 1
2024-07-17 23:34:19.188438 INFO: GET / HTTP/1.1
2024-07-17 23:34:19.188469 INFO: Host: 39.98.202.182:9006
2024-07-17 23:34:19.188485 INFO: User-Agent: Go-http-client/1.1
2024-07-17 23:34:19.188495 INFO: oop!unknow header: User-Agent: Go-http-client/1.1
2024-07-17 23:34:19.188507 INFO: X-Vegeta-Seq: 2266
2024-07-17 23:34:19.188518 INFO: oop!unknow header: X-Vegeta-Seq: 2266
2024-07-17 23:34:19.188530 INFO: Accept-Encoding: gzip
2024-07-17 23:34:19.188451 INFO: fd: 26, events: 8193

2024-07-17 23:34:19.188536 INFO: oop!unknow header: Accept-Encoding: gzip
2024-07-17 23:34:19.188557 INFO: HttpConn 26 close success
2024-07-17 23:34:19.188565 INFO: 
2024-07-17 23:34:19.188576 INFO: Client[26] quit!
2024-07-17 23:34:19.188619 INFO: request:HTTP/1.1 200 OK

2024-07-17 23:34:19.188628 INFO: request:HTTP/1.1 200 OK
Content-Length:542

2024-07-17 23:34:19.188641 INFO: request:HTTP/1.1 200 OK
Content-Length:542
Connection:close

2024-07-17 23:34:19.188648 INFO: request:HTTP/1.1 200 OK
Content-Length:542
Connection:close


2024-07-17 23:34:19.188669 INFO: Thread 140246139651648 is running task

2024-07-17 23:34:19.188670 INFO: eventNum: 1
2024-07-17 23:34:19.188703 INFO: fd: 33, events: 4

2024-07-17 23:34:19.188758 INFO: Thread 140246122866240 is running task

2024-07-17 23:34:19.200784 INFO: eventNum: 1
2024-07-17 23:34:19.200841 INFO: fd: 13, events: 1

2024-07-17 23:34:19.200848 INFO: HandleListenEvent 13
2024-07-17 23:34:19.200875 INFO: HttpConn 18 init success
2024-07-17 23:34:19.200882 INFO: addTimer id:18 expireTime:1721230959
2024-07-17 23:34:19.200896 INFO: Client[18] in!
2024-07-17 23:34:19.200901 INFO: HandleListenEvent 13
2024-07-17 23:34:19.200912 ERROR: Accept failure -1
2024-07-17 23:34:19.201490 INFO: eventNum: 1
2024-07-17 23:34:19.201529 INFO: fd: 28, events: 8193

2024-07-17 23:34:19.201572 INFO: HttpConn 28 close success
2024-07-17 23:34:19.201580 INFO: Client[28] quit!
2024-07-17 23:34:19.201729 INFO: eventNum: 1
2024-07-17 23:34:19.201762 INFO: fd: 13, events: 1

2024-07-17 23:34:19.201769 INFO: HandleListenEvent 13
2024-07-17 23:34:19.201788 INFO: HttpConn 26 init success
2024-07-17 23:34:19.201794 INFO: addTimer id:26 expireTime:1721230959
2024-07-17 23:34:19.201805 INFO: Client[26] in!
2024-07-17 23:34:19.201810 INFO: HandleListenEvent 13
2024-07-17 23:34:19.201819 ERROR: Accept failure -1
2024-07-17 23:34:19.201907 INFO: eventNum: 1
2024-07-17 23:34:19.201917 INFO: fd: 13, events: 1

2024-07-17 23:34:19.201922 INFO: HandleListenEvent 13
2024-07-17 23:34:19.201933 INFO: HttpConn 28 init success
2024-07-17 23:34:19.201939 INFO: addTimer id:28 expireTime:1721230959
2024-07-17 23:34:19.201952 INFO: Client[28] in!
2024-07-17 23:34:19.201961 INFO: HandleListenEvent 13
2024-07-17 23:34:19.201972 ERROR: Accept failure -1
2024-07-17 23:34:19.202593 INFO: eventNum: 1
2024-07-17 23:34:19.202614 INFO: fd: 18, events: 1

2024-07-17 23:34:19.202634 INFO: HttpConn 18 read success
2024-07-17 23:34:19.202648 INFO: GET / HTTP/1.1
2024-07-17 23:34:19.202655 INFO: Host: 39.98.202.182:9006
2024-07-17 23:34:19.202660 INFO: User-Agent: Go-http-client/1.1
2024-07-17 23:34:19.202664 INFO: oop!unknow header: User-Agent: Go-http-client/1.1
2024-07-17 23:34:19.202669 INFO: X-Vegeta-Seq: 2289
2024-07-17 23:34:19.202673 INFO: oop!unknow header: X-Vegeta-Seq: 2289
2024-07-17 23:34:19.202678 INFO: Accept-Encoding: gzip
2024-07-17 23:34:19.202682 INFO: oop!unknow header: Accept-Encoding: gzip
2024-07-17 23:34:19.202686 INFO: 
2024-07-17 23:34:19.202711 INFO: request:HTTP/1.1 200 OK

2024-07-17 23:34:19.202716 INFO: request:HTTP/1.1 200 OK
Content-Length:542

2024-07-17 23:34:19.202720 INFO: request:HTTP/1.1 200 OK
Content-Length:542
Connection:close

2024-07-17 23:34:19.202725 INFO: request:HTTP/1.1 200 OK
Content-Length:542
Connection:close


2024-07-17 23:34:19.202746 INFO: Thread 140246131258944 is running task

2024-07-17 23:34:19.202762 INFO: eventNum: 1
2024-07-17 23:34:19.202769 INFO: fd: 18, events: 4

2024-07-17 23:34:19.202818 INFO: Thread 140246106080832 is running task

2024-07-17 23:34:19.203317 INFO: eventNum: 1
2024-07-17 23:34:19.203342 INFO: fd: 26, events: 1

2024-07-17 23:34:19.203382 INFO: HttpConn 26 read success
2024-07-17 23:34:19.203393 INFO: GET / HTTP/1.1
2024-07-17 23:34:19.203399 INFO: Host: 39.98.202.182:9006
2024-07-17 23:34:19.203404 INFO: User-Agent: Go-http-client/1.1
2024-07-17 23:34:19.203408 INFO: oop!unknow header: User-Agent: Go-http-client/1.1
2024-07-17 23:34:19.203413 INFO: X-Vegeta-Seq: 2294
2024-07-17 23:34:19.203421 INFO: oop!unknow header: X-Vegeta-Seq: 2294
2024-07-17 23:34:19.203426 INFO: Accept-Encoding: gzip
2024-07-17 23:34:19.203430 INFO: oop!unknow header: Accept-Encoding: gzip
2024-07-17 23:34:19.203443 INFO: 
2024-07-17 23:34:19.203463 INFO: request:HTTP/1.1 200 OK

2024-07-17 23:34:19.203469 INFO: request:HTTP/1.1 200 OK
Content-Length:542

2024-07-17 23:34:19.203476 INFO: request:HTTP/1.1 200 OK
Content-Length:542
Connection:close

2024-07-17 23:34:19.203484 INFO: request:HTTP/1.1 200 OK
Content-Length:542
Connection:close


2024-07-17 23:34:19.203500 INFO: Thread 140246156437056 is running task

2024-07-17 23:34:19.203514 INFO: eventNum: 2
2024-07-17 23:34:19.203520 INFO: fd: 28, events: 1

2024-07-17 23:34:19.203534 INFO: HttpConn 28 read success
2024-07-17 23:34:19.203544 INFO: GET / HTTP/1.1
2024-07-17 23:34:19.203549 INFO: Host: 39.98.202.182:9006
2024-07-17 23:34:19.203553 INFO: User-Agent: Go-http-client/1.1
2024-07-17 23:34:19.203557 INFO: oop!unknow header: User-Agent: Go-http-client/1.1
2024-07-17 23:34:19.203562 INFO: X-Vegeta-Seq: 2287
2024-07-17 23:34:19.203567 INFO: oop!unknow header: X-Vegeta-Seq: 2287
2024-07-17 23:34:19.203571 INFO: Accept-Encoding: gzip
2024-07-17 23:34:19.203578 INFO: oop!unknow header: Accept-Encoding: gzip
2024-07-17 23:34:19.203582 INFO: 
2024-07-17 23:34:19.203600 INFO: request:HTTP/1.1 200 OK

2024-07-17 23:34:19.203604 INFO: request:HTTP/1.1 200 OK
Content-Length:542

2024-07-17 23:34:19.203609 INFO: request:HTTP/1.1 200 OK
Content-Length:542
Connection:close

2024-07-17 23:34:19.203613 INFO: request:HTTP/1.1 200 OK
Content-Length:542
Connection:close


2024-07-17 23:34:19.203620 INFO: Thread 140246114473536 is running task

2024-07-17 23:34:19.203628 INFO: fd: 26, events: 4

2024-07-17 23:34:19.203665 INFO: Thread 140246148044352 is running task

2024-07-17 23:34:19.203677 INFO: eventNum: 1
2024-07-17 23:34:19.203681 INFO: fd: 28, events: 4

2024-07-17 23:34:19.203714 INFO: Thread 140246097688128 is running task

2024-07-17 23:34:19.203739 INFO: eventNum: 1
2024-07-17 23:34:19.203747 INFO: fd: 13, events: 1

2024-07-17 23:34:19.203757 INFO: HandleListenEvent 13
2024-07-17 23:34:19.203778 INFO: HttpConn 34 init success
2024-07-17 23:34:19.203785 INFO: addTimer id:34 expireTime:1721230959
2024-07-17 23:34:19.203796 INFO: Client[34] in!
2024-07-17 23:34:19.203801 INFO: HandleListenEvent 13
2024-07-17 23:34:19.203810 ERROR: Accept failure -1
2024-07-17 23:34:19.203815 INFO: eventNum: 1
2024-07-17 23:34:19.203820 INFO: fd: 34, events: 1

2024-07-17 23:34:19.203862 INFO: HttpConn 34 read success
2024-07-17 23:34:19.203893 INFO: GET / HTTP/1.1
2024-07-17 23:34:19.203904 INFO: Host: 39.98.202.182:9006
2024-07-17 23:34:19.203912 INFO: User-Agent: Go-http-client/1.1
2024-07-17 23:34:19.203919 INFO: oop!unknow header: User-Agent: Go-http-client/1.1
2024-07-17 23:34:19.203926 INFO: X-Vegeta-Seq: 1414
2024-07-17 23:34:19.203933 INFO: oop!unknow header: X-Vegeta-Seq: 1414
2024-07-17 23:34:19.203951 INFO: Accept-Encoding: gzip
2024-07-17 23:34:19.203958 INFO: oop!unknow header: Accept-Encoding: gzip
2024-07-17 23:34:19.203965 INFO: 
2024-07-17 23:34:19.203990 INFO: request:HTTP/1.1 200 OK

2024-07-17 23:34:19.203998 INFO: request:HTTP/1.1 200 OK
Content-Length:542

2024-07-17 23:34:19.204004 INFO: request:HTTP/1.1 200 OK
Content-Length:542
Connection:close

2024-07-17 23:34:19.204011 INFO: request:HTTP/1.1 200 OK
Content-Length:542
Connection:close


2024-07-17 23:34:19.204046 INFO: Thread 140246139651648 is running task

2024-07-17 23:34:19.204056 INFO: eventNum: 1
2024-07-17 23:34:19.204070 INFO: fd: 34, events: 4

2024-07-17 23:34:19.204122 INFO: Thread 140246122866240 is running task

2024-07-17 23:34:19.204416 INFO: eventNum: 1
2024-07-17 23:34:19.204431 INFO: fd: 30, events: 8193

2024-07-17 23:34:19.204451 INFO: HttpConn 30 close success
2024-07-17 23:34:19.204460 INFO: Client[30] quit!
2024-07-17 23:34:19.205188 INFO: eventNum: 1
2024-07-17 23:34:19.205212 INFO: fd: 13, events: 1

2024-07-17 23:34:19.205217 INFO: HandleListenEvent 13
2024-07-17 23:34:19.205236 INFO: HttpConn 30 init success
2024-07-17 23:34:19.205242 INFO: addTimer id:30 expireTime:1721230959
2024-07-17 23:34:19.205259 INFO: Client[30] in!
2024-07-17 23:34:19.205263 INFO: HandleListenEvent 13
2024-07-17 23:34:19.205272 ERROR: Accept failure -1
2024-07-17 23:34:19.205562 INFO: eventNum: 1
2024-07-17 23:34:19.205581 INFO: fd: 71, events: 8193

2024-07-17 23:34:19.205605 INFO: HttpConn 71 close success
2024-07-17 23:34:19.205615 INFO: Client[71] quit!
2024-07-17 23:34:19.207043 INFO: eventNum: 1
2024-07-17 23:34:19.207067 INFO: fd: 30, events: 1

2024-07-17 23:34:19.207088 INFO: HttpConn 30 read success
2024-07-17 23:34:19.207103 INFO: GET / HTTP/1.1
2024-07-17 23:34:19.207112 INFO: Host: 39.98.202.182:9006
2024-07-17 23:34:19.207126 INFO: User-Agent: Go-http-client/1.1
2024-07-17 23:34:19.207133 INFO: oop!unknow header: User-Agent: Go-http-client/1.1
2024-07-17 23:34:19.207140 INFO: X-Vegeta-Seq: 2292
2024-07-17 23:34:19.207146 INFO: oop!unknow header: X-Vegeta-Seq: 2292
2024-07-17 23:34:19.207152 INFO: Accept-Encoding: gzip
2024-07-17 23:34:19.207158 INFO: oop!unknow header: Accept-Encoding: gzip
2024-07-17 23:34:19.207162 INFO: 
2024-07-17 23:34:19.207186 INFO: request:HTTP/1.1 200 OK

2024-07-17 23:34:19.207193 INFO: request:HTTP/1.1 200 OK
Content-Length:542

2024-07-17 23:34:19.207201 INFO: request:HTTP/1.1 200 OK
Content-Length:542
Connection:close

2024-07-17 23:34:19.207207 INFO: request:HTTP/1.1 200 OK
Content-Length:542
Connection:close


2024-07-17 23:34:19.207223 INFO: Thread 140246131258944 is running task

2024-07-17 23:34:19.207237 INFO: eventNum: 1
2024-07-17 23:34:19.207243 INFO: fd: 30, events: 4

2024-07-17 23:34:19.207293 INFO: Thread 140246106080832 is running task

2024-07-17 23:34:19.207333 INFO: eventNum: 1
2024-07-17 23:34:19.207371 INFO: fd: 31, events: 8193

2024-07-17 23:34:19.207408 INFO: HttpConn 31 close success
2024-07-17 23:34:19.207416 INFO: Client[31] quit!
2024-07-17 23:34:19.207905 INFO: eventNum: 1
2024-07-17 23:34:19.207928 INFO: fd: 13, events: 1

2024-07-17 23:34:19.207936 INFO: HandleListenEvent 13
2024-07-17 23:34:19.207957 INFO: HttpConn 31 init success
2024-07-17 23:34:19.207966 INFO: addTimer id:31 expireTime:1721230959
2024-07-17 23:34:19.207976 INFO: Client[31] in!
2024-07-17 23:34:19.207981 INFO: HandleListenEvent 13
2024-07-17 23:34:19.207989 INFO: HttpConn 35 init success
2024-07-17 23:34:19.207994 INFO: addTimer id:35 expireTime:1721230959
2024-07-17 23:34:19.208002 INFO: Client[35] in!
2024-07-17 23:34:19.208006 INFO: HandleListenEvent 13
2024-07-17 23:34:19.208015 ERROR: Accept failure -1
2024-07-17 23:34:19.208021 INFO: eventNum: 1
2024-07-17 23:34:19.208026 INFO: fd: 32, events: 8193

2024-07-17 23:34:19.208042 INFO: HttpConn 32 close success
2024-07-17 23:34:19.208051 INFO: Client[32] quit!
2024-07-17 23:34:19.208280 INFO: eventNum: 1
2024-07-17 23:34:19.208301 INFO: fd: 35, events: 1

2024-07-17 23:34:19.208327 INFO: HttpConn 35 read success
2024-07-17 23:34:19.208343 INFO: GET / HTTP/1.1
2024-07-17 23:34:19.208375 INFO: Host: 39.98.202.182:9006
2024-07-17 23:34:19.208382 INFO: User-Agent: Go-http-client/1.1
2024-07-17 23:34:19.208388 INFO: oop!unknow header: User-Agent: Go-http-client/1.1
2024-07-17 23:34:19.208398 INFO: X-Vegeta-Seq: 2293
2024-07-17 23:34:19.208405 INFO: oop!unknow header: X-Vegeta-Seq: 2293
2024-07-17 23:34:19.208415 INFO: Accept-Encoding: gzip
2024-07-17 23:34:19.208422 INFO: oop!unknow header: Accept-Encoding: gzip
2024-07-17 23:34:19.208427 INFO: 
2024-07-17 23:34:19.208444 INFO: request:HTTP/1.1 200 OK

2024-07-17 23:34:19.208449 INFO: request:HTTP/1.1 200 OK
Content-Length:542

2024-07-17 23:34:19.208454 INFO: request:HTTP/1.1 200 OK
Content-Length:542
Connection:close

2024-07-17 23:34:19.208458 INFO: request:HTTP/1.1 200 OK
Content-Length:542
Connection:close


2024-07-17 23:34:19.208469 INFO: Thread 140246156437056 is running task

2024-07-17 23:34:19.208480 INFO: eventNum: 1
2024-07-17 23:34:19.208486 INFO: fd: 35, events: 4

2024-07-17 23:34:19.208538 INFO: Thread 140246114473536 is running task

2024-07-17 23:34:19.208640 INFO: eventNum: 1
2024-07-17 23:34:19.208666 INFO: fd: 31, events: 1

2024-07-17 23:34:19.208695 INFO: HttpConn 31 read success
2024-07-17 23:34:19.208719 INFO: GET / HTTP/1.1
2024-07-17 23:34:19.208725 INFO: Host: 39.98.202.182:9006
2024-07-17 23:34:19.208730 INFO: User-Agent: Go-http-client/1.1
2024-07-17 23:34:19.208734 INFO: oop!unknow header: User-Agent: Go-http-client/1.1
2024-07-17 23:34:19.208738 INFO: X-Vegeta-Seq: 2295
2024-07-17 23:34:19.208742 INFO: oop!unknow header: X-Vegeta-Seq: 2295
2024-07-17 23:34:19.208746 INFO: Accept-Encoding: gzip
2024-07-17 23:34:19.208751 INFO: oop!unknow header: Accept-Encoding: gzip
2024-07-17 23:34:19.208755 INFO: 
2024-07-17 23:34:19.208776 INFO: request:HTTP/1.1 200 OK

2024-07-17 23:34:19.208783 INFO: request:HTTP/1.1 200 OK
Content-Length:542

2024-07-17 23:34:19.208790 INFO: request:HTTP/1.1 200 OK
Content-Length:542
Connection:close

2024-07-17 23:34:19.208797 INFO: request:HTTP/1.1 200 OK
Content-Length:542
Connection:close


2024-07-17 23:34:19.208810 INFO: Thread 140246148044352 is running task

2024-07-17 23:34:19.208870 INFO: eventNum: 1
2024-07-17 23:34:19.208888 INFO: fd: 31, events: 4

2024-07-17 23:34:19.208951 INFO: Thread 140246097688128 is running task

2024-07-17 23:34:19.209045 INFO: eventNum: 1
2024-07-17 23:34:19.209063 INFO: fd: 13, events: 1

2024-07-17 23:34:19.209071 INFO: HandleListenEvent 13
2024-07-17 23:34:19.209092 INFO: HttpConn 32 init success
2024-07-17 23:34:19.209101 INFO: addTimer id:32 expireTime:1721230959
2024-07-17 23:34:19.209116 INFO: Client[32] in!
2024-07-17 23:34:19.209123 INFO: HandleListenEvent 13
2024-07-17 23:34:19.209136 ERROR: Accept failure -1
2024-07-17 23:34:19.209262 INFO: eventNum: 1
2024-07-17 23:34:19.209274 INFO: fd: 13, events: 1

2024-07-17 23:34:19.209282 INFO: HandleListenEvent 13
2024-07-17 23:34:19.209299 INFO: HttpConn 36 init success
2024-07-17 23:34:19.209307 INFO: addTimer id:36 expireTime:1721230959
2024-07-17 23:34:19.209321 INFO: Client[36] in!
2024-07-17 23:34:19.209328 INFO: HandleListenEvent 13
2024-07-17 23:34:19.209339 ERROR: Accept failure -1
2024-07-17 23:34:19.209389 INFO: eventNum: 1
2024-07-17 23:34:19.209398 INFO: fd: 32, events: 1

2024-07-17 23:34:19.209417 INFO: HttpConn 32 read success
2024-07-17 23:34:19.209430 INFO: GET / HTTP/1.1
2024-07-17 23:34:19.209442 INFO: Host: 39.98.202.182:9006
2024-07-17 23:34:19.209449 INFO: User-Agent: Go-http-client/1.1
2024-07-17 23:34:19.209458 INFO: oop!unknow header: User-Agent: Go-http-client/1.1
2024-07-17 23:34:19.209465 INFO: X-Vegeta-Seq: 2286
2024-07-17 23:34:19.209472 INFO: oop!unknow header: X-Vegeta-Seq: 2286
2024-07-17 23:34:19.209479 INFO: Accept-Encoding: gzip
2024-07-17 23:34:19.209486 INFO: oop!unknow header: Accept-Encoding: gzip
2024-07-17 23:34:19.209492 INFO: 
2024-07-17 23:34:19.209514 INFO: request:HTTP/1.1 200 OK

2024-07-17 23:34:19.209522 INFO: request:HTTP/1.1 200 OK
Content-Length:542

2024-07-17 23:34:19.209529 INFO: request:HTTP/1.1 200 OK
Content-Length:542
Connection:close

2024-07-17 23:34:19.209536 INFO: request:HTTP/1.1 200 OK
Content-Length:542
Connection:close


2024-07-17 23:34:19.209550 INFO: Thread 140246139651648 is running task

2024-07-17 23:34:19.209564 INFO: eventNum: 1
2024-07-17 23:34:19.209571 INFO: fd: 32, events: 4

2024-07-17 23:34:19.209638 INFO: Thread 140246122866240 is running task

2024-07-17 23:34:19.209668 INFO: eventNum: 1
2024-07-17 23:34:19.209677 INFO: fd: 36, events: 1

2024-07-17 23:34:19.209698 INFO: HttpConn 36 read success
2024-07-17 23:34:19.209714 INFO: GET / HTTP/1.1
2024-07-17 23:34:19.209720 INFO: Host: 39.98.202.182:9006
2024-07-17 23:34:19.209725 INFO: User-Agent: Go-http-client/1.1
2024-07-17 23:34:19.209729 INFO: oop!unknow header: User-Agent: Go-http-client/1.1
2024-07-17 23:34:19.209736 INFO: X-Vegeta-Seq: 2290
2024-07-17 23:34:19.209742 INFO: oop!unknow header: X-Vegeta-Seq: 2290
2024-07-17 23:34:19.209750 INFO: Accept-Encoding: gzip
2024-07-17 23:34:19.209758 INFO: oop!unknow header: Accept-Encoding: gzip
2024-07-17 23:34:19.209766 INFO: 
2024-07-17 23:34:19.209783 INFO: eventNum: 1
2024-07-17 23:34:19.209794 INFO: fd: 17, events: 8193

2024-07-17 23:34:19.209795 INFO: request:HTTP/1.1 200 OK

2024-07-17 23:34:19.209826 INFO: request:HTTP/1.1 200 OK
Content-Length:542

2024-07-17 23:34:19.209833 INFO: request:HTTP/1.1 200 OK
Content-Length:542
Connection:close

2024-07-17 23:34:19.209850 INFO: request:HTTP/1.1 200 OK
Content-Length:542
Connection:close


2024-07-17 23:34:19.209833 INFO: HttpConn 17 close success
2024-07-17 23:34:19.209863 INFO: Client[17] quit!
2024-07-17 23:34:19.209864 INFO: Thread 140246131258944 is running task

2024-07-17 23:34:19.209877 INFO: eventNum: 1
2024-07-17 23:34:19.209891 INFO: fd: 36, events: 4

2024-07-17 23:34:19.209933 INFO: Thread 140246106080832 is running task

2024-07-17 23:34:19.210414 INFO: eventNum: 1
2024-07-17 23:34:19.210446 INFO: fd: 33, events: 8193

2024-07-17 23:34:19.210473 INFO: HttpConn 33 close success
2024-07-17 23:34:19.210481 INFO: Client[33] quit!
2024-07-17 23:34:19.240773 INFO: eventNum: 1
2024-07-17 23:34:19.240840 INFO: fd: 172, events: 1

2024-07-17 23:34:19.240881 INFO: HttpConn 172 read success
2024-07-17 23:34:19.240931 INFO: GET / HTTP/1.1
2024-07-17 23:34:19.240940 INFO: Host: 39.98.202.182:9006
2024-07-17 23:34:19.240945 INFO: User-Agent: Go-http-client/1.1
2024-07-17 23:34:19.240949 INFO: oop!unknow header: User-Agent: Go-http-client/1.1
2024-07-17 23:34:19.240954 INFO: X-Vegeta-Seq: 1511
2024-07-17 23:34:19.240958 INFO: oop!unknow header: X-Vegeta-Seq: 1511
2024-07-17 23:34:19.240963 INFO: Accept-Encoding: gzip
2024-07-17 23:34:19.240967 INFO: oop!unknow header: Accept-Encoding: gzip
2024-07-17 23:34:19.240971 INFO: 
2024-07-17 23:34:19.241006 INFO: request:HTTP/1.1 200 OK

2024-07-17 23:34:19.241015 INFO: request:HTTP/1.1 200 OK
Content-Length:542

2024-07-17 23:34:19.241021 INFO: request:HTTP/1.1 200 OK
Content-Length:542
Connection:close

2024-07-17 23:34:19.241027 INFO: request:HTTP/1.1 200 OK
Content-Length:542
Connection:close


2024-07-17 23:34:19.241062 INFO: Thread 140246156437056 is running task

2024-07-17 23:34:19.241069 INFO: eventNum: 1
2024-07-17 23:34:19.241086 INFO: fd: 172, events: 4

2024-07-17 23:34:19.241159 INFO: Thread 140246114473536 is running task

2024-07-17 23:34:19.246312 INFO: eventNum: 1
2024-07-17 23:34:19.246386 INFO: fd: 13, events: 1

2024-07-17 23:34:19.246393 INFO: HandleListenEvent 13
2024-07-17 23:34:19.246421 INFO: HttpConn 17 init success
2024-07-17 23:34:19.246431 INFO: addTimer id:17 expireTime:1721230959
2024-07-17 23:34:19.246450 INFO: Client[17] in!
2024-07-17 23:34:19.246457 INFO: HandleListenEvent 13
2024-07-17 23:34:19.246471 ERROR: Accept failure -1
2024-07-17 23:34:19.246642 INFO: eventNum: 1
2024-07-17 23:34:19.246656 INFO: fd: 17, events: 1

2024-07-17 23:34:19.246740 INFO: HttpConn 17 read success
2024-07-17 23:34:19.246776 INFO: GET / HTTP/1.1
2024-07-17 23:34:19.246784 INFO: Host: 39.98.202.182:9006
2024-07-17 23:34:19.246789 INFO: User-Agent: Go-http-client/1.1
2024-07-17 23:34:19.246793 INFO: oop!unknow header: User-Agent: Go-http-client/1.1
2024-07-17 23:34:19.246798 INFO: X-Vegeta-Seq: 2324
2024-07-17 23:34:19.246802 INFO: oop!unknow header: X-Vegeta-Seq: 2324
2024-07-17 23:34:19.246806 INFO: Accept-Encoding: gzip
2024-07-17 23:34:19.246811 INFO: oop!unknow header: Accept-Encoding: gzip
2024-07-17 23:34:19.246815 INFO: 
2024-07-17 23:34:19.246841 INFO: request:HTTP/1.1 200 OK

2024-07-17 23:34:19.246846 INFO: request:HTTP/1.1 200 OK
Content-Length:542

2024-07-17 23:34:19.246850 INFO: request:HTTP/1.1 200 OK
Content-Length:542
Connection:close

2024-07-17 23:34:19.246855 INFO: request:HTTP/1.1 200 OK
Content-Length:542
Connection:close


2024-07-17 23:34:19.246875 INFO: eventNum: 1
2024-07-17 23:34:19.246880 INFO: Thread 140246148044352 is running task

2024-07-17 23:34:19.246886 INFO: fd: 17, events: 4

2024-07-17 23:34:19.247016 INFO: Thread 140246097688128 is running task

2024-07-17 23:34:19.247119 INFO: eventNum: 1
2024-07-17 23:34:19.247138 INFO: fd: 13, events: 1

2024-07-17 23:34:19.247144 INFO: HandleListenEvent 13
2024-07-17 23:34:19.247161 INFO: HttpConn 33 init success
2024-07-17 23:34:19.247168 INFO: addTimer id:33 expireTime:1721230959
2024-07-17 23:34:19.247192 INFO: Client[33] in!
2024-07-17 23:34:19.247200 INFO: HandleListenEvent 13
2024-07-17 23:34:19.247212 ERROR: Accept failure -1
2024-07-17 23:34:19.247881 INFO: eventNum: 1
2024-07-17 23:34:19.247907 INFO: fd: 33, events: 1

2024-07-17 23:34:19.247927 INFO: HttpConn 33 read success
2024-07-17 23:34:19.247943 INFO: GET / HTTP/1.1
2024-07-17 23:34:19.247951 INFO: Host: 39.98.202.182:9006
2024-07-17 23:34:19.247958 INFO: User-Agent: Go-http-client/1.1
2024-07-17 23:34:19.247963 INFO: oop!unknow header: User-Agent: Go-http-client/1.1
2024-07-17 23:34:19.247969 INFO: X-Vegeta-Seq: 1323
2024-07-17 23:34:19.247975 INFO: oop!unknow header: X-Vegeta-Seq: 1323
2024-07-17 23:34:19.247980 INFO: Accept-Encoding: gzip
2024-07-17 23:34:19.247986 INFO: oop!unknow header: Accept-Encoding: gzip
2024-07-17 23:34:19.247992 INFO: 
2024-07-17 23:34:19.248016 INFO: request:HTTP/1.1 200 OK

2024-07-17 23:34:19.248023 INFO: request:HTTP/1.1 200 OK
Content-Length:542

2024-07-17 23:34:19.248029 INFO: request:HTTP/1.1 200 OK
Content-Length:542
Connection:close

2024-07-17 23:34:19.248065 INFO: request:HTTP/1.1 200 OK
Content-Length:542
Connection:close


2024-07-17 23:34:19.248081 INFO: Thread 140246139651648 is running task

2024-07-17 23:34:19.248094 INFO: eventNum: 1
2024-07-17 23:34:19.248100 INFO: fd: 33, events: 4

2024-07-17 23:34:19.248148 INFO: Thread 140246122866240 is running task

2024-07-17 23:34:19.248807 INFO: eventNum: 1
2024-07-17 23:34:19.248831 INFO: fd: 13, events: 1

2024-07-17 23:34:19.248839 INFO: HandleListenEvent 13
2024-07-17 23:34:19.248861 INFO: HttpConn 37 init success
2024-07-17 23:34:19.248876 INFO: addTimer id:37 expireTime:1721230959
2024-07-17 23:34:19.248893 INFO: Client[37] in!
2024-07-17 23:34:19.248900 INFO: HandleListenEvent 13
2024-07-17 23:34:19.248914 ERROR: Accept failure -1
2024-07-17 23:34:19.249490 INFO: eventNum: 1
2024-07-17 23:34:19.249516 INFO: fd: 13, events: 1

2024-07-17 23:34:19.249524 INFO: HandleListenEvent 13
2024-07-17 23:34:19.249566 INFO: HttpConn 38 init success
2024-07-17 23:34:19.249574 INFO: addTimer id:38 expireTime:1721230959
2024-07-17 23:34:19.249585 INFO: Client[38] in!
2024-07-17 23:34:19.249593 INFO: HandleListenEvent 13
2024-07-17 23:34:19.249606 ERROR: Accept failure -1
2024-07-17 23:34:19.249614 INFO: eventNum: 2
2024-07-17 23:34:19.249621 INFO: fd: 37, events: 1

2024-07-17 23:34:19.249644 INFO: HttpConn 37 read success
2024-07-17 23:34:19.249662 INFO: GET / HTTP/1.1
2024-07-17 23:34:19.249671 INFO: Host: 39.98.202.182:9006
2024-07-17 23:34:19.249679 INFO: User-Agent: Go-http-client/1.1
2024-07-17 23:34:19.249686 INFO: oop!unknow header: User-Agent: Go-http-client/1.1
2024-07-17 23:34:19.249695 INFO: X-Vegeta-Seq: 2323
2024-07-17 23:34:19.249702 INFO: oop!unknow header: X-Vegeta-Seq: 2323
2024-07-17 23:34:19.249709 INFO: Accept-Encoding: gzip
2024-07-17 23:34:19.249717 INFO: oop!unknow header: Accept-Encoding: gzip
2024-07-17 23:34:19.249724 INFO: 
2024-07-17 23:34:19.249750 INFO: request:HTTP/1.1 200 OK

2024-07-17 23:34:19.249758 INFO: request:HTTP/1.1 200 OK
Content-Length:542

2024-07-17 23:34:19.249765 INFO: request:HTTP/1.1 200 OK
Content-Length:542
Connection:close

2024-07-17 23:34:19.249770 INFO: request:HTTP/1.1 200 OK
Content-Length:542
Connection:close


2024-07-17 23:34:19.249782 INFO: Thread 140246131258944 is running task

2024-07-17 23:34:19.249792 INFO: fd: 38, events: 1

2024-07-17 23:34:19.249806 INFO: HttpConn 38 read success
2024-07-17 23:34:19.249816 INFO: GET / HTTP/1.1
2024-07-17 23:34:19.249822 INFO: Host: 39.98.202.182:9006
2024-07-17 23:34:19.249826 INFO: User-Agent: Go-http-client/1.1
2024-07-17 23:34:19.249830 INFO: oop!unknow header: User-Agent: Go-http-client/1.1
2024-07-17 23:34:19.249835 INFO: X-Vegeta-Seq: 2329
2024-07-17 23:34:19.249839 INFO: oop!unknow header: X-Vegeta-Seq: 2329
2024-07-17 23:34:19.249843 INFO: Accept-Encoding: gzip
2024-07-17 23:34:19.249847 INFO: oop!unknow header: Accept-Encoding: gzip
2024-07-17 23:34:19.249851 INFO: 
2024-07-17 23:34:19.249873 INFO: request:HTTP/1.1 200 OK

2024-07-17 23:34:19.249878 INFO: request:HTTP/1.1 200 OK
Content-Length:542

2024-07-17 23:34:19.249882 INFO: request:HTTP/1.1 200 OK
Content-Length:542
Connection:close

2024-07-17 23:34:19.249887 INFO: request:HTTP/1.1 200 OK
Content-Length:542
Connection:close


2024-07-17 23:34:19.249894 INFO: Thread 140246106080832 is running task

2024-07-17 23:34:19.249903 INFO: eventNum: 2
2024-07-17 23:34:19.249908 INFO: fd: 37, events: 4

2024-07-17 23:34:19.249945 INFO: Thread 140246156437056 is running task

2024-07-17 23:34:19.249955 INFO: fd: 38, events: 4

2024-07-17 23:34:19.249979 INFO: Thread 140246114473536 is running task

2024-07-17 23:34:19.250195 INFO: eventNum: 2
2024-07-17 23:34:19.250226 INFO: fd: 13, events: 1

2024-07-17 23:34:19.250232 INFO: HandleListenEvent 13
2024-07-17 23:34:19.250256 INFO: HttpConn 39 init success
2024-07-17 23:34:19.250262 INFO: addTimer id:39 expireTime:1721230959
2024-07-17 23:34:19.250273 INFO: Client[39] in!
2024-07-17 23:34:19.250277 INFO: HandleListenEvent 13
2024-07-17 23:34:19.250322 ERROR: Accept failure -1
2024-07-17 23:34:19.250333 INFO: fd: 18, events: 8193

2024-07-17 23:34:19.250387 INFO: HttpConn 18 close success
2024-07-17 23:34:19.250406 INFO: Client[18] quit!
2024-07-17 23:34:19.250421 INFO: eventNum: 1
2024-07-17 23:34:19.250431 INFO: fd: 39, events: 1

2024-07-17 23:34:19.250450 INFO: HttpConn 39 read success
2024-07-17 23:34:19.250461 INFO: GET / HTTP/1.1
2024-07-17 23:34:19.250468 INFO: Host: 39.98.202.182:9006
2024-07-17 23:34:19.250474 INFO: User-Agent: Go-http-client/1.1
2024-07-17 23:34:19.250484 INFO: oop!unknow header: User-Agent: Go-http-client/1.1
2024-07-17 23:34:19.250491 INFO: X-Vegeta-Seq: 2328
2024-07-17 23:34:19.250500 INFO: oop!unknow header: X-Vegeta-Seq: 2328
2024-07-17 23:34:19.250506 INFO: Accept-Encoding: gzip
2024-07-17 23:34:19.250512 INFO: oop!unknow header: Accept-Encoding: gzip
2024-07-17 23:34:19.250519 INFO: 
2024-07-17 23:34:19.250536 INFO: request:HTTP/1.1 200 OK

2024-07-17 23:34:19.250545 INFO: request:HTTP/1.1 200 OK
Content-Length:542

2024-07-17 23:34:19.250554 INFO: request:HTTP/1.1 200 OK
Content-Length:542
Connection:close

2024-07-17 23:34:19.250561 INFO: request:HTTP/1.1 200 OK
Content-Length:542
Connection:close


2024-07-17 23:34:19.250575 INFO: Thread 140246148044352 is running task

2024-07-17 23:34:19.250588 INFO: eventNum: 3
2024-07-17 23:34:19.250595 INFO: fd: 26, events: 8193

2024-07-17 23:34:19.250615 INFO: HttpConn 26 close success
2024-07-17 23:34:19.250625 INFO: Client[26] quit!
2024-07-17 23:34:19.250634 INFO: fd: 13, events: 1

2024-07-17 23:34:19.250643 INFO: HandleListenEvent 13
2024-07-17 23:34:19.250661 INFO: HttpConn 18 init success
2024-07-17 23:34:19.250670 INFO: addTimer id:18 expireTime:1721230959
2024-07-17 23:34:19.250693 INFO: Client[18] in!
2024-07-17 23:34:19.250700 INFO: HandleListenEvent 13
2024-07-17 23:34:19.250716 INFO: HttpConn 26 init success
2024-07-17 23:34:19.250723 INFO: addTimer id:26 expireTime:1721230959
2024-07-17 23:34:19.250736 INFO: Client[26] in!
2024-07-17 23:34:19.250742 INFO: HandleListenEvent 13
2024-07-17 23:34:19.250754 ERROR: Accept failure -1
2024-07-17 23:34:19.250761 INFO: fd: 39, events: 4

2024-07-17 23:34:19.250813 INFO: Thread 140246097688128 is running task

2024-07-17 23:34:19.250839 INFO: eventNum: 2
2024-07-17 23:34:19.250844 INFO: fd: 18, events: 1

2024-07-17 23:34:19.250855 INFO: fd: 26, events: 1

2024-07-17 23:34:19.250875 INFO: HttpConn 18 read success
2024-07-17 23:34:19.250908 INFO: GET / HTTP/1.1
2024-07-17 23:34:19.250921 INFO: Host: 39.98.202.182:9006
2024-07-17 23:34:19.250928 INFO: User-Agent: Go-http-client/1.1
2024-07-17 23:34:19.250938 INFO: oop!unknow header: User-Agent: Go-http-client/1.1
2024-07-17 23:34:19.250945 INFO: X-Vegeta-Seq: 2331
2024-07-17 23:34:19.250954 INFO: oop!unknow header: X-Vegeta-Seq: 2331
2024-07-17 23:34:19.250958 INFO: Accept-Encoding: gzip
2024-07-17 23:34:19.250963 INFO: oop!unknow header: Accept-Encoding: gzip
2024-07-17 23:34:19.250967 INFO: 
2024-07-17 23:34:19.251009 INFO: request:HTTP/1.1 200 OK

2024-07-17 23:34:19.251020 INFO: request:HTTP/1.1 200 OK
Content-Length:542

2024-07-17 23:34:19.251027 INFO: request:HTTP/1.1 200 OK
Content-Length:542
Connection:close

2024-07-17 23:34:19.251033 INFO: request:HTTP/1.1 200 OK
Content-Length:542
Connection:close


2024-07-17 23:34:19.251052 INFO: Thread 140246139651648 is running task

2024-07-17 23:34:19.251056 INFO: eventNum: 1
2024-07-17 23:34:19.251075 INFO: fd: 18, events: 4

2024-07-17 23:34:19.251062 INFO: HttpConn 26 read success
2024-07-17 23:34:19.251099 INFO: GET / HTTP/1.1
2024-07-17 23:34:19.251107 INFO: Host: 39.98.202.182:9006
2024-07-17 23:34:19.251114 INFO: User-Agent: Go-http-client/1.1
2024-07-17 23:34:19.251122 INFO: oop!unknow header: User-Agent: Go-http-client/1.1
2024-07-17 23:34:19.251129 INFO: X-Vegeta-Seq: 2330
2024-07-17 23:34:19.251151 INFO: oop!unknow header: X-Vegeta-Seq: 2330
2024-07-17 23:34:19.251129 INFO: Thread 140246131258944 is running task

2024-07-17 23:34:19.251157 INFO: Accept-Encoding: gzip
2024-07-17 23:34:19.251185 INFO: oop!unknow header: Accept-Encoding: gzip
2024-07-17 23:34:19.251190 INFO: 
2024-07-17 23:34:19.251227 INFO: request:HTTP/1.1 200 OK

2024-07-17 23:34:19.251234 INFO: request:HTTP/1.1 200 OK
Content-Length:542

2024-07-17 23:34:19.251239 INFO: request:HTTP/1.1 200 OK
Content-Length:542
Connection:close

2024-07-17 23:34:19.251245 INFO: request:HTTP/1.1 200 OK
Content-Length:542
Connection:close


2024-07-17 23:34:19.251264 INFO: Thread 140246139651648 is running task

2024-07-17 23:34:19.251270 INFO: eventNum: 1
2024-07-17 23:34:19.251282 INFO: fd: 26, events: 4

2024-07-17 23:34:19.251327 INFO: Thread 140246106080832 is running task

2024-07-17 23:34:19.251381 INFO: eventNum: 1
2024-07-17 23:34:19.251389 INFO: fd: 28, events: 8193

2024-07-17 23:34:19.251407 INFO: HttpConn 28 close success
2024-07-17 23:34:19.251418 INFO: Client[28] quit!
2024-07-17 23:34:19.251590 INFO: eventNum: 1
2024-07-17 23:34:19.251605 INFO: fd: 34, events: 8193

2024-07-17 23:34:19.251621 INFO: HttpConn 34 close success
2024-07-17 23:34:19.251629 INFO: Client[34] quit!
2024-07-17 23:34:19.252766 INFO: eventNum: 1
2024-07-17 23:34:19.252788 INFO: fd: 30, events: 8193

2024-07-17 23:34:19.252808 INFO: HttpConn 30 close success
2024-07-17 23:34:19.252817 INFO: Client[30] quit!
2024-07-17 23:34:19.254031 INFO: eventNum: 1
2024-07-17 23:34:19.254055 INFO: fd: 35, events: 8193

2024-07-17 23:34:19.254078 INFO: HttpConn 35 close success
2024-07-17 23:34:19.254090 INFO: Client[35] quit!
2024-07-17 23:34:19.254762 INFO: eventNum: 1
2024-07-17 23:34:19.254786 INFO: fd: 31, events: 8193

2024-07-17 23:34:19.254806 INFO: HttpConn 31 close success
2024-07-17 23:34:19.254816 INFO: Client[31] quit!
2024-07-17 23:34:19.255378 INFO: eventNum: 1
2024-07-17 23:34:19.255405 INFO: fd: 13, events: 1

2024-07-17 23:34:19.255413 INFO: HandleListenEvent 13
2024-07-17 23:34:19.255431 INFO: HttpConn 28 init success
2024-07-17 23:34:19.255440 INFO: addTimer id:28 expireTime:1721230959
2024-07-17 23:34:19.255455 INFO: Client[28] in!
