2024-07-17 23:31:28.997382 INFO: request:HTTP/1.1 200 OK
Content-Length:542
Connection:close

2024-07-17 23:31:28.997460 INFO: request:HTTP/1.1 200 OK
Content-Length:542
Connection:close


2024-07-17 23:31:28.997476 INFO: Thread 140246148044352 is running task

2024-07-17 23:31:28.997479 INFO: eventNum: 1
2024-07-17 23:31:28.997489 INFO: fd: 240, events: 4

2024-07-17 23:31:28.997519 INFO: Thread 140246139651648 is running task

2024-07-17 23:31:28.997721 INFO: eventNum: 1
2024-07-17 23:31:28.997733 INFO: fd: 13, events: 1

2024-07-17 23:31:28.997737 INFO: HandleListenEvent 13
2024-07-17 23:31:28.997747 INFO: HttpConn 241 init success
2024-07-17 23:31:28.997753 INFO: addTimer id:241 expireTime:1721230788
2024-07-17 23:31:28.997767 INFO: Client[241] in!
2024-07-17 23:31:28.997772 INFO: HandleListenEvent 13
2024-07-17 23:31:28.997780 ERROR: Accept failure -1
2024-07-17 23:31:28.997785 INFO: eventNum: 1
2024-07-17 23:31:28.997790 INFO: fd: 13, events: 1

2024-07-17 23:31:28.997797 INFO: HandleListenEvent 13
2024-07-17 23:31:28.997808 INFO: HttpConn 242 init success
2024-07-17 23:31:28.997813 INFO: addTimer id:242 expireTime:1721230788
2024-07-17 23:31:28.997821 INFO: Client[242] in!
2024-07-17 23:31:28.997826 INFO: HandleListenEvent 13
2024-07-17 23:31:28.997833 ERROR: Accept failure -1
2024-07-17 23:31:28.997839 INFO: eventNum: 1
2024-07-17 23:31:28.997843 INFO: fd: 242, events: 1

2024-07-17 23:31:28.997854 INFO: HttpConn 242 read success
2024-07-17 23:31:28.997864 INFO: GET / HTTP/1.1
2024-07-17 23:31:28.997889 INFO: Host: 39.98.202.182:9006
2024-07-17 23:31:28.997895 INFO: User-Agent: Go-http-client/1.1
2024-07-17 23:31:28.997899 INFO: oop!unknow header: User-Agent: Go-http-client/1.1
2024-07-17 23:31:28.997904 INFO: X-Vegeta-Seq: 285
2024-07-17 23:31:28.997909 INFO: oop!unknow header: X-Vegeta-Seq: 285
2024-07-17 23:31:28.997913 INFO: Accept-Encoding: gzip
2024-07-17 23:31:28.997917 INFO: oop!unknow header: Accept-Encoding: gzip
2024-07-17 23:31:28.997921 INFO: 
2024-07-17 23:31:28.997950 INFO: request:HTTP/1.1 200 OK

2024-07-17 23:31:28.997956 INFO: request:HTTP/1.1 200 OK
Content-Length:542

2024-07-17 23:31:28.997961 INFO: request:HTTP/1.1 200 OK
Content-Length:542
Connection:close

2024-07-17 23:31:28.997965 INFO: request:HTTP/1.1 200 OK
Content-Length:542
Connection:close


2024-07-17 23:31:28.997974 INFO: Thread 140246097688128 is running task

2024-07-17 23:31:28.997982 INFO: eventNum: 2
2024-07-17 23:31:28.997987 INFO: fd: 13, events: 1

2024-07-17 23:31:28.998010 INFO: HandleListenEvent 13
2024-07-17 23:31:28.998024 INFO: HttpConn 243 init success
2024-07-17 23:31:28.998029 INFO: addTimer id:243 expireTime:1721230788
2024-07-17 23:31:28.998041 INFO: Client[243] in!
2024-07-17 23:31:28.998045 INFO: HandleListenEvent 13
2024-07-17 23:31:28.998053 ERROR: Accept failure -1
2024-07-17 23:31:28.998057 INFO: fd: 242, events: 4

2024-07-17 23:31:28.998105 INFO: eventNum: 2
2024-07-17 23:31:28.998135 INFO: fd: 243, events: 1

2024-07-17 23:31:28.998147 INFO: Thread 140246122866240 is running task

2024-07-17 23:31:28.998152 INFO: HttpConn 243 read success
2024-07-17 23:31:28.998196 INFO: GET / HTTP/1.1
2024-07-17 23:31:28.998203 INFO: Host: 39.98.202.182:9006
2024-07-17 23:31:28.998208 INFO: User-Agent: Go-http-client/1.1
2024-07-17 23:31:28.998212 INFO: oop!unknow header: User-Agent: Go-http-client/1.1
2024-07-17 23:31:28.998216 INFO: X-Vegeta-Seq: 281
2024-07-17 23:31:28.998221 INFO: oop!unknow header: X-Vegeta-Seq: 281
2024-07-17 23:31:28.998225 INFO: Accept-Encoding: gzip
2024-07-17 23:31:28.998229 INFO: oop!unknow header: Accept-Encoding: gzip
2024-07-17 23:31:28.998233 INFO: 
2024-07-17 23:31:28.998250 INFO: request:HTTP/1.1 200 OK

2024-07-17 23:31:28.998258 INFO: request:HTTP/1.1 200 OK
Content-Length:542

2024-07-17 23:31:28.998262 INFO: request:HTTP/1.1 200 OK
Content-Length:542
Connection:close

2024-07-17 23:31:28.998267 INFO: request:HTTP/1.1 200 OK
Content-Length:542
Connection:close


2024-07-17 23:31:28.998275 INFO: Thread 140246131258944 is running task

2024-07-17 23:31:28.998154 INFO: fd: 241, events: 1

2024-07-17 23:31:28.998306 INFO: eventNum: 2
2024-07-17 23:31:28.998312 INFO: HttpConn 241 read success
2024-07-17 23:31:28.998314 INFO: fd: 13, events: 1

2024-07-17 23:31:28.998347 INFO: HandleListenEvent 13
2024-07-17 23:31:28.998338 INFO: GET / HTTP/1.1
2024-07-17 23:31:28.998362 INFO: Host: 39.98.202.182:9006
2024-07-17 23:31:28.998375 INFO: User-Agent: Go-http-client/1.1
2024-07-17 23:31:28.998363 INFO: HttpConn 244 init success
2024-07-17 23:31:28.998380 INFO: oop!unknow header: User-Agent: Go-http-client/1.1
2024-07-17 23:31:28.998405 INFO: X-Vegeta-Seq: 275
2024-07-17 23:31:28.998395 INFO: addTimer id:244 expireTime:1721230788
2024-07-17 23:31:28.998412 INFO: oop!unknow header: X-Vegeta-Seq: 275
2024-07-17 23:31:28.998449 INFO: Accept-Encoding: gzip
2024-07-17 23:31:28.998454 INFO: oop!unknow header: Accept-Encoding: gzip
2024-07-17 23:31:28.998454 INFO: Client[244] in!
2024-07-17 23:31:28.998461 INFO: 
2024-07-17 23:31:28.998471 INFO: HandleListenEvent 13
2024-07-17 23:31:28.998500 INFO: HttpConn 245 init success
2024-07-17 23:31:28.998506 INFO: addTimer id:245 expireTime:1721230788
2024-07-17 23:31:28.998511 INFO: request:HTTP/1.1 200 OK

2024-07-17 23:31:28.998518 INFO: request:HTTP/1.1 200 OK
Content-Length:542

2024-07-17 23:31:28.998536 INFO: request:HTTP/1.1 200 OK
Content-Length:542
Connection:close

2024-07-17 23:31:28.998519 INFO: Client[245] in!
2024-07-17 23:31:28.998550 INFO: HandleListenEvent 13
2024-07-17 23:31:28.998562 INFO: HttpConn 246 init success
2024-07-17 23:31:28.998568 INFO: addTimer id:246 expireTime:1721230788
2024-07-17 23:31:28.998576 INFO: Client[246] in!
2024-07-17 23:31:28.998580 INFO: HandleListenEvent 13
2024-07-17 23:31:28.998587 INFO: HttpConn 247 init success
2024-07-17 23:31:28.998592 INFO: addTimer id:247 expireTime:1721230788
2024-07-17 23:31:28.998603 INFO: Client[247] in!
2024-07-17 23:31:28.998607 INFO: HandleListenEvent 13
2024-07-17 23:31:28.998617 INFO: HttpConn 248 init success
2024-07-17 23:31:28.998541 INFO: request:HTTP/1.1 200 OK
Content-Length:542
Connection:close


2024-07-17 23:31:28.998627 INFO: addTimer id:248 expireTime:1721230788
2024-07-17 23:31:28.998647 INFO: Thread 140246106080832 is running task

2024-07-17 23:31:28.998656 INFO: Client[248] in!
2024-07-17 23:31:28.998663 INFO: HandleListenEvent 13
2024-07-17 23:31:28.998671 ERROR: Accept failure -1
2024-07-17 23:31:28.998675 INFO: fd: 243, events: 4

2024-07-17 23:31:28.998715 INFO: Thread 140246156437056 is running task

2024-07-17 23:31:28.998727 INFO: eventNum: 5
2024-07-17 23:31:28.998732 INFO: fd: 244, events: 1

2024-07-17 23:31:28.998743 INFO: HttpConn 244 read success
2024-07-17 23:31:28.998752 INFO: GET / HTTP/1.1
2024-07-17 23:31:28.998757 INFO: Host: 39.98.202.182:9006
2024-07-17 23:31:28.998762 INFO: User-Agent: Go-http-client/1.1
2024-07-17 23:31:28.998766 INFO: oop!unknow header: User-Agent: Go-http-client/1.1
2024-07-17 23:31:28.998770 INFO: X-Vegeta-Seq: 279
2024-07-17 23:31:28.998775 INFO: oop!unknow header: X-Vegeta-Seq: 279
2024-07-17 23:31:28.998779 INFO: Accept-Encoding: gzip
2024-07-17 23:31:28.998783 INFO: oop!unknow header: Accept-Encoding: gzip
2024-07-17 23:31:28.998787 INFO: 
2024-07-17 23:31:28.998801 INFO: request:HTTP/1.1 200 OK

2024-07-17 23:31:28.998806 INFO: request:HTTP/1.1 200 OK
Content-Length:542

2024-07-17 23:31:28.998838 INFO: request:HTTP/1.1 200 OK
Content-Length:542
Connection:close

2024-07-17 23:31:28.998843 INFO: request:HTTP/1.1 200 OK
Content-Length:542
Connection:close


2024-07-17 23:31:28.998853 INFO: Thread 140246114473536 is running task

2024-07-17 23:31:28.998871 INFO: fd: 245, events: 1

2024-07-17 23:31:28.998886 INFO: fd: 241, events: 4

2024-07-17 23:31:28.998893 INFO: HttpConn 245 read success
2024-07-17 23:31:28.998924 INFO: GET / HTTP/1.1
2024-07-17 23:31:28.998933 INFO: Host: 39.98.202.182:9006
2024-07-17 23:31:28.998935 INFO: Thread 140246139651648 is running task

2024-07-17 23:31:28.998938 INFO: User-Agent: Go-http-client/1.1
2024-07-17 23:31:28.998955 INFO: fd: 246, events: 1

2024-07-17 23:31:28.998993 INFO: oop!unknow header: User-Agent: Go-http-client/1.1
2024-07-17 23:31:28.999014 INFO: fd: 247, events: 1

2024-07-17 23:31:28.999009 INFO: HttpConn 246 read success
2024-07-17 23:31:28.999038 INFO: GET / HTTP/1.1
2024-07-17 23:31:28.999044 INFO: Host: 39.98.202.182:9006
2024-07-17 23:31:28.999048 INFO: User-Agent: Go-http-client/1.1
2024-07-17 23:31:28.999053 INFO: oop!unknow header: User-Agent: Go-http-client/1.1
2024-07-17 23:31:28.999057 INFO: X-Vegeta-Seq: 282
2024-07-17 23:31:28.999061 INFO: oop!unknow header: X-Vegeta-Seq: 282
2024-07-17 23:31:28.999020 INFO: X-Vegeta-Seq: 286
2024-07-17 23:31:28.999084 INFO: oop!unknow header: X-Vegeta-Seq: 286
2024-07-17 23:31:28.999090 INFO: Accept-Encoding: gzip
2024-07-17 23:31:28.999094 INFO: Accept-Encoding: gzip
2024-07-17 23:31:28.999094 INFO: oop!unknow header: Accept-Encoding: gzip
2024-07-17 23:31:28.999110 INFO: oop!unknow header: Accept-Encoding: gzip
2024-07-17 23:31:28.999120 INFO: 
2024-07-17 23:31:28.999129 INFO: HttpConn 247 read success
2024-07-17 23:31:28.999149 INFO: GET / HTTP/1.1
2024-07-17 23:31:28.999150 INFO: request:HTTP/1.1 200 OK

2024-07-17 23:31:28.999160 INFO: Host: 39.98.202.182:9006
2024-07-17 23:31:28.999169 INFO: request:HTTP/1.1 200 OK
Content-Length:542

2024-07-17 23:31:28.999129 INFO: 
2024-07-17 23:31:28.999177 INFO: eventNum: 3
2024-07-17 23:31:28.999179 INFO: User-Agent: Go-http-client/1.1
2024-07-17 23:31:28.999207 INFO: request:HTTP/1.1 200 OK

2024-07-17 23:31:28.999241 INFO: request:HTTP/1.1 200 OK
Content-Length:542

2024-07-17 23:31:28.999248 INFO: request:HTTP/1.1 200 OK
Content-Length:542
Connection:close

2024-07-17 23:31:28.999255 INFO: request:HTTP/1.1 200 OK
Content-Length:542
Connection:close


2024-07-17 23:31:28.999266 INFO: Thread 140246097688128 is running task

2024-07-17 23:31:28.999190 INFO: request:HTTP/1.1 200 OK
Content-Length:542
Connection:close

2024-07-17 23:31:28.999228 INFO: oop!unknow header: User-Agent: Go-http-client/1.1
2024-07-17 23:31:28.999308 INFO: X-Vegeta-Seq: 283
2024-07-17 23:31:28.999319 INFO: oop!unknow header: X-Vegeta-Seq: 283
2024-07-17 23:31:28.999326 INFO: Accept-Encoding: gzip
2024-07-17 23:31:28.999341 INFO: oop!unknow header: Accept-Encoding: gzip
2024-07-17 23:31:28.999346 INFO: 
2024-07-17 23:31:28.999220 INFO: fd: 244, events: 4

2024-07-17 23:31:28.999298 INFO: request:HTTP/1.1 200 OK
Content-Length:542
Connection:close


2024-07-17 23:31:28.999366 INFO: request:HTTP/1.1 200 OK

2024-07-17 23:31:28.999371 INFO: Thread 140246148044352 is running task

2024-07-17 23:31:28.999372 INFO: request:HTTP/1.1 200 OK
Content-Length:542

2024-07-17 23:31:28.999387 INFO: request:HTTP/1.1 200 OK
Content-Length:542
Connection:close

2024-07-17 23:31:28.999391 INFO: request:HTTP/1.1 200 OK
Content-Length:542
Connection:close


2024-07-17 23:31:28.999401 INFO: Thread 140246122866240 is running task

2024-07-17 23:31:28.999416 INFO: Thread 140246131258944 is running task

2024-07-17 23:31:28.999448 INFO: fd: 248, events: 1

2024-07-17 23:31:28.999460 INFO: fd: 13, events: 1

2024-07-17 23:31:28.999464 INFO: HttpConn 248 read success
2024-07-17 23:31:28.999465 INFO: HandleListenEvent 13
2024-07-17 23:31:28.999477 INFO: GET / HTTP/1.1
2024-07-17 23:31:28.999489 INFO: HttpConn 249 init success
2024-07-17 23:31:28.999512 INFO: Host: 39.98.202.182:9006
2024-07-17 23:31:28.999537 INFO: User-Agent: Go-http-client/1.1
2024-07-17 23:31:28.999525 INFO: addTimer id:249 expireTime:1721230788
2024-07-17 23:31:28.999542 INFO: oop!unknow header: User-Agent: Go-http-client/1.1
2024-07-17 23:31:28.999558 INFO: X-Vegeta-Seq: 280
2024-07-17 23:31:28.999561 INFO: Client[249] in!
2024-07-17 23:31:28.999563 INFO: oop!unknow header: X-Vegeta-Seq: 280
2024-07-17 23:31:28.999585 INFO: Accept-Encoding: gzip
2024-07-17 23:31:28.999598 INFO: oop!unknow header: Accept-Encoding: gzip
2024-07-17 23:31:28.999572 INFO: HandleListenEvent 13
2024-07-17 23:31:28.999618 INFO: 
2024-07-17 23:31:28.999631 INFO: HttpConn 250 init success
2024-07-17 23:31:28.999638 INFO: addTimer id:250 expireTime:1721230788
2024-07-17 23:31:28.999640 INFO: request:HTTP/1.1 200 OK

2024-07-17 23:31:28.999660 INFO: Client[250] in!
2024-07-17 23:31:28.999661 INFO: request:HTTP/1.1 200 OK
Content-Length:542

2024-07-17 23:31:28.999671 INFO: HandleListenEvent 13
2024-07-17 23:31:28.999682 INFO: request:HTTP/1.1 200 OK
Content-Length:542
Connection:close

2024-07-17 23:31:28.999697 ERROR: Accept failure -1
2024-07-17 23:31:28.999699 INFO: request:HTTP/1.1 200 OK
Content-Length:542
Connection:close


2024-07-17 23:31:28.999710 INFO: eventNum: 5
2024-07-17 23:31:28.999728 INFO: Thread 140246106080832 is running task

2024-07-17 23:31:28.999737 INFO: fd: 246, events: 4

2024-07-17 23:31:28.999788 INFO: Thread 140246156437056 is running task

2024-07-17 23:31:28.999806 INFO: fd: 245, events: 4

2024-07-17 23:31:28.999831 INFO: Thread 140246114473536 is running task

2024-07-17 23:31:28.999843 INFO: fd: 247, events: 4

2024-07-17 23:31:28.999864 INFO: Thread 140246139651648 is running task

2024-07-17 23:31:28.999876 INFO: fd: 249, events: 1

2024-07-17 23:31:28.999886 INFO: HttpConn 249 read success
2024-07-17 23:31:28.999895 INFO: GET / HTTP/1.1
2024-07-17 23:31:28.999900 INFO: Host: 39.98.202.182:9006
2024-07-17 23:31:28.999905 INFO: User-Agent: Go-http-client/1.1
2024-07-17 23:31:28.999909 INFO: oop!unknow header: User-Agent: Go-http-client/1.1
2024-07-17 23:31:28.999914 INFO: X-Vegeta-Seq: 287
2024-07-17 23:31:28.999919 INFO: oop!unknow header: X-Vegeta-Seq: 287
2024-07-17 23:31:28.999923 INFO: Accept-Encoding: gzip
2024-07-17 23:31:28.999927 INFO: oop!unknow header: Accept-Encoding: gzip
2024-07-17 23:31:28.999931 INFO: 
2024-07-17 23:31:28.999945 INFO: request:HTTP/1.1 200 OK

2024-07-17 23:31:28.999951 INFO: request:HTTP/1.1 200 OK
Content-Length:542

2024-07-17 23:31:28.999955 INFO: request:HTTP/1.1 200 OK
Content-Length:542
Connection:close

2024-07-17 23:31:28.999959 INFO: request:HTTP/1.1 200 OK
Content-Length:542
Connection:close


2024-07-17 23:31:28.999966 INFO: Thread 140246097688128 is running task

2024-07-17 23:31:28.999974 INFO: fd: 250, events: 1

2024-07-17 23:31:28.999983 INFO: HttpConn 250 read success
2024-07-17 23:31:28.999990 INFO: GET / HTTP/1.1
2024-07-17 23:31:28.999995 INFO: Host: 39.98.202.182:9006
2024-07-17 23:31:29.000000 INFO: User-Agent: Go-http-client/1.1
2024-07-17 23:31:29.000005 INFO: oop!unknow header: User-Agent: Go-http-client/1.1
2024-07-17 23:31:29.000009 INFO: X-Vegeta-Seq: 295
2024-07-17 23:31:29.000013 INFO: oop!unknow header: X-Vegeta-Seq: 295
2024-07-17 23:31:29.000018 INFO: Accept-Encoding: gzip
2024-07-17 23:31:29.000022 INFO: oop!unknow header: Accept-Encoding: gzip
2024-07-17 23:31:29.000026 INFO: 
2024-07-17 23:31:29.000041 INFO: request:HTTP/1.1 200 OK

2024-07-17 23:31:29.000046 INFO: request:HTTP/1.1 200 OK
Content-Length:542

2024-07-17 23:31:29.000050 INFO: request:HTTP/1.1 200 OK
Content-Length:542
Connection:close

2024-07-17 23:31:29.000055 INFO: request:HTTP/1.1 200 OK
Content-Length:542
Connection:close


2024-07-17 23:31:29.000061 INFO: Thread 140246148044352 is running task

2024-07-17 23:31:29.000070 INFO: eventNum: 4
2024-07-17 23:31:29.000075 INFO: fd: 248, events: 4

2024-07-17 23:31:29.000085 INFO: fd: 249, events: 4

2024-07-17 23:31:29.000115 INFO: Thread 140246122866240 is running task

2024-07-17 23:31:29.000119 INFO: Thread 140246131258944 is running task

2024-07-17 23:31:29.000121 INFO: fd: 13, events: 1

2024-07-17 23:31:29.000143 INFO: HandleListenEvent 13
2024-07-17 23:31:29.000156 INFO: HttpConn 251 init success
2024-07-17 23:31:29.000164 INFO: addTimer id:251 expireTime:1721230788
2024-07-17 23:31:29.000182 INFO: Client[251] in!
2024-07-17 23:31:29.000189 INFO: HandleListenEvent 13
2024-07-17 23:31:29.000204 INFO: HttpConn 252 init success
2024-07-17 23:31:29.000212 INFO: addTimer id:252 expireTime:1721230788
2024-07-17 23:31:29.000229 INFO: Client[252] in!
2024-07-17 23:31:29.000236 INFO: HandleListenEvent 13
2024-07-17 23:31:29.000247 ERROR: Accept failure -1
2024-07-17 23:31:29.000254 INFO: fd: 250, events: 4

2024-07-17 23:31:29.000270 INFO: eventNum: 1
2024-07-17 23:31:29.000285 INFO: fd: 251, events: 1

2024-07-17 23:31:29.000289 INFO: Thread 140246106080832 is running task

2024-07-17 23:31:29.000309 INFO: HttpConn 251 read success
2024-07-17 23:31:29.000324 INFO: GET / HTTP/1.1
2024-07-17 23:31:29.000331 INFO: Host: 39.98.202.182:9006
2024-07-17 23:31:29.000335 INFO: User-Agent: Go-http-client/1.1
2024-07-17 23:31:29.000340 INFO: oop!unknow header: User-Agent: Go-http-client/1.1
2024-07-17 23:31:29.000344 INFO: X-Vegeta-Seq: 284
2024-07-17 23:31:29.000348 INFO: oop!unknow header: X-Vegeta-Seq: 284
2024-07-17 23:31:29.000353 INFO: Accept-Encoding: gzip
2024-07-17 23:31:29.000357 INFO: oop!unknow header: Accept-Encoding: gzip
2024-07-17 23:31:29.000361 INFO: 
2024-07-17 23:31:29.000384 INFO: request:HTTP/1.1 200 OK

2024-07-17 23:31:29.000391 INFO: request:HTTP/1.1 200 OK
Content-Length:542

2024-07-17 23:31:29.000396 INFO: request:HTTP/1.1 200 OK
Content-Length:542
Connection:close

2024-07-17 23:31:29.000401 INFO: request:HTTP/1.1 200 OK
Content-Length:542
Connection:close


2024-07-17 23:31:29.000409 INFO: Thread 140246156437056 is running task

2024-07-17 23:31:29.000419 INFO: eventNum: 2
2024-07-17 23:31:29.000445 INFO: fd: 13, events: 1

2024-07-17 23:31:29.000451 INFO: HandleListenEvent 13
2024-07-17 23:31:29.000463 INFO: HttpConn 253 init success
2024-07-17 23:31:29.000468 INFO: addTimer id:253 expireTime:1721230788
2024-07-17 23:31:29.000479 INFO: Client[253] in!
2024-07-17 23:31:29.000484 INFO: HandleListenEvent 13
2024-07-17 23:31:29.000493 INFO: HttpConn 254 init success
2024-07-17 23:31:29.000499 INFO: addTimer id:254 expireTime:1721230788
2024-07-17 23:31:29.000510 INFO: Client[254] in!
2024-07-17 23:31:29.000514 INFO: HandleListenEvent 13
2024-07-17 23:31:29.000524 ERROR: Accept failure -1
2024-07-17 23:31:29.000529 INFO: fd: 251, events: 4

2024-07-17 23:31:29.000561 INFO: Thread 140246114473536 is running task

2024-07-17 23:31:29.000579 INFO: eventNum: 2
2024-07-17 23:31:29.000585 INFO: fd: 253, events: 1

2024-07-17 23:31:29.000595 INFO: HttpConn 253 read success
2024-07-17 23:31:29.000604 INFO: GET / HTTP/1.1
2024-07-17 23:31:29.000611 INFO: Host: 39.98.202.182:9006
2024-07-17 23:31:29.000618 INFO: User-Agent: Go-http-client/1.1
2024-07-17 23:31:29.000628 INFO: oop!unknow header: User-Agent: Go-http-client/1.1
2024-07-17 23:31:29.000635 INFO: X-Vegeta-Seq: 288
2024-07-17 23:31:29.000640 INFO: oop!unknow header: X-Vegeta-Seq: 288
2024-07-17 23:31:29.000647 INFO: Accept-Encoding: gzip
2024-07-17 23:31:29.000654 INFO: oop!unknow header: Accept-Encoding: gzip
2024-07-17 23:31:29.000660 INFO: 
2024-07-17 23:31:29.000678 INFO: request:HTTP/1.1 200 OK

2024-07-17 23:31:29.000686 INFO: request:HTTP/1.1 200 OK
Content-Length:542

2024-07-17 23:31:29.000690 INFO: request:HTTP/1.1 200 OK
Content-Length:542
Connection:close

2024-07-17 23:31:29.000695 INFO: request:HTTP/1.1 200 OK
Content-Length:542
Connection:close


2024-07-17 23:31:29.000703 INFO: Thread 140246139651648 is running task

2024-07-17 23:31:29.000711 INFO: fd: 254, events: 1

2024-07-17 23:31:29.000724 INFO: HttpConn 254 read success
2024-07-17 23:31:29.000734 INFO: GET / HTTP/1.1
2024-07-17 23:31:29.000739 INFO: Host: 39.98.202.182:9006
2024-07-17 23:31:29.000743 INFO: User-Agent: Go-http-client/1.1
2024-07-17 23:31:29.000748 INFO: oop!unknow header: User-Agent: Go-http-client/1.1
2024-07-17 23:31:29.000752 INFO: X-Vegeta-Seq: 294
2024-07-17 23:31:29.000756 INFO: oop!unknow header: X-Vegeta-Seq: 294
2024-07-17 23:31:29.000761 INFO: Accept-Encoding: gzip
2024-07-17 23:31:29.000765 INFO: oop!unknow header: Accept-Encoding: gzip
2024-07-17 23:31:29.000770 INFO: 
2024-07-17 23:31:29.000782 INFO: request:HTTP/1.1 200 OK

2024-07-17 23:31:29.000787 INFO: request:HTTP/1.1 200 OK
Content-Length:542

2024-07-17 23:31:29.000791 INFO: request:HTTP/1.1 200 OK
Content-Length:542
Connection:close

2024-07-17 23:31:29.000795 INFO: request:HTTP/1.1 200 OK
Content-Length:542
Connection:close


2024-07-17 23:31:29.000802 INFO: Thread 140246097688128 is running task

2024-07-17 23:31:29.000816 INFO: eventNum: 4
2024-07-17 23:31:29.000821 INFO: fd: 252, events: 1

2024-07-17 23:31:29.000831 INFO: HttpConn 252 read success
2024-07-17 23:31:29.000839 INFO: GET / HTTP/1.1
2024-07-17 23:31:29.000844 INFO: Host: 39.98.202.182:9006
2024-07-17 23:31:29.000848 INFO: User-Agent: Go-http-client/1.1
2024-07-17 23:31:29.000852 INFO: oop!unknow header: User-Agent: Go-http-client/1.1
2024-07-17 23:31:29.000857 INFO: X-Vegeta-Seq: 290
2024-07-17 23:31:29.000861 INFO: oop!unknow header: X-Vegeta-Seq: 290
2024-07-17 23:31:29.000865 INFO: Accept-Encoding: gzip
2024-07-17 23:31:29.000870 INFO: oop!unknow header: Accept-Encoding: gzip
2024-07-17 23:31:29.000874 INFO: 
2024-07-17 23:31:29.000886 INFO: request:HTTP/1.1 200 OK

2024-07-17 23:31:29.000890 INFO: request:HTTP/1.1 200 OK
Content-Length:542

2024-07-17 23:31:29.000895 INFO: request:HTTP/1.1 200 OK
Content-Length:542
Connection:close

2024-07-17 23:31:29.000899 INFO: request:HTTP/1.1 200 OK
Content-Length:542
Connection:close


2024-07-17 23:31:29.000906 INFO: Thread 140246148044352 is running task

2024-07-17 23:31:29.000917 INFO: fd: 13, events: 1

2024-07-17 23:31:29.000924 INFO: HandleListenEvent 13
2024-07-17 23:31:29.000938 INFO: HttpConn 255 init success
2024-07-17 23:31:29.000946 INFO: addTimer id:255 expireTime:1721230788
2024-07-17 23:31:29.000961 INFO: Client[255] in!
2024-07-17 23:31:29.000968 INFO: HandleListenEvent 13
2024-07-17 23:31:29.000977 ERROR: Accept failure -1
2024-07-17 23:31:29.000982 INFO: fd: 253, events: 4

2024-07-17 23:31:29.000994 INFO: fd: 254, events: 4

2024-07-17 23:31:29.001023 INFO: Thread 140246122866240 is running task

2024-07-17 23:31:29.001033 INFO: Thread 140246131258944 is running task

2024-07-17 23:31:29.001040 INFO: eventNum: 1
2024-07-17 23:31:29.001084 INFO: fd: 252, events: 4

2024-07-17 23:31:29.001096 INFO: eventNum: 1
2024-07-17 23:31:29.001101 INFO: fd: 255, events: 1

2024-07-17 23:31:29.001111 INFO: HttpConn 255 read success
2024-07-17 23:31:29.001121 INFO: Thread 140246106080832 is running task

2024-07-17 23:31:29.001124 INFO: GET / HTTP/1.1
2024-07-17 23:31:29.001159 INFO: Host: 39.98.202.182:9006
2024-07-17 23:31:29.001165 INFO: User-Agent: Go-http-client/1.1
2024-07-17 23:31:29.001169 INFO: oop!unknow header: User-Agent: Go-http-client/1.1
2024-07-17 23:31:29.001173 INFO: X-Vegeta-Seq: 292
2024-07-17 23:31:29.001178 INFO: oop!unknow header: X-Vegeta-Seq: 292
2024-07-17 23:31:29.001183 INFO: Accept-Encoding: gzip
2024-07-17 23:31:29.001187 INFO: oop!unknow header: Accept-Encoding: gzip
2024-07-17 23:31:29.001191 INFO: 
2024-07-17 23:31:29.001205 INFO: request:HTTP/1.1 200 OK

2024-07-17 23:31:29.001209 INFO: request:HTTP/1.1 200 OK
Content-Length:542

2024-07-17 23:31:29.001214 INFO: request:HTTP/1.1 200 OK
Content-Length:542
Connection:close

2024-07-17 23:31:29.001218 INFO: request:HTTP/1.1 200 OK
Content-Length:542
Connection:close


2024-07-17 23:31:29.001227 INFO: Thread 140246156437056 is running task

2024-07-17 23:31:29.001235 INFO: eventNum: 2
2024-07-17 23:31:29.001240 INFO: fd: 255, events: 4

2024-07-17 23:31:29.001263 INFO: Thread 140246114473536 is running task

2024-07-17 23:31:29.001275 INFO: fd: 13, events: 1

2024-07-17 23:31:29.001280 INFO: HandleListenEvent 13
2024-07-17 23:31:29.001292 INFO: HttpConn 256 init success
2024-07-17 23:31:29.001298 INFO: addTimer id:256 expireTime:1721230788
2024-07-17 23:31:29.001308 INFO: Client[256] in!
2024-07-17 23:31:29.001313 INFO: HandleListenEvent 13
2024-07-17 23:31:29.001321 INFO: HttpConn 257 init success
2024-07-17 23:31:29.001326 INFO: addTimer id:257 expireTime:1721230788
2024-07-17 23:31:29.001339 INFO: Client[257] in!
2024-07-17 23:31:29.001343 INFO: HandleListenEvent 13
2024-07-17 23:31:29.001352 ERROR: Accept failure -1
2024-07-17 23:31:29.001406 INFO: eventNum: 1
2024-07-17 23:31:29.001422 INFO: fd: 13, events: 1

2024-07-17 23:31:29.001433 INFO: HandleListenEvent 13
2024-07-17 23:31:29.001448 INFO: HttpConn 258 init success
2024-07-17 23:31:29.001455 INFO: addTimer id:258 expireTime:1721230788
2024-07-17 23:31:29.001472 INFO: Client[258] in!
2024-07-17 23:31:29.001478 INFO: HandleListenEvent 13
2024-07-17 23:31:29.001487 ERROR: Accept failure -1
2024-07-17 23:31:29.001550 INFO: eventNum: 1
2024-07-17 23:31:29.001564 INFO: fd: 13, events: 1

2024-07-17 23:31:29.001569 INFO: HandleListenEvent 13
2024-07-17 23:31:29.001582 INFO: HttpConn 259 init success
2024-07-17 23:31:29.001591 INFO: addTimer id:259 expireTime:1721230788
2024-07-17 23:31:29.001601 INFO: Client[259] in!
2024-07-17 23:31:29.001606 INFO: HandleListenEvent 13
2024-07-17 23:31:29.001614 ERROR: Accept failure -1
2024-07-17 23:31:29.001620 INFO: eventNum: 1
2024-07-17 23:31:29.001624 INFO: fd: 256, events: 1

2024-07-17 23:31:29.001636 INFO: HttpConn 256 read success
2024-07-17 23:31:29.001644 INFO: GET / HTTP/1.1
2024-07-17 23:31:29.001649 INFO: Host: 39.98.202.182:9006
2024-07-17 23:31:29.001654 INFO: User-Agent: Go-http-client/1.1
2024-07-17 23:31:29.001661 INFO: oop!unknow header: User-Agent: Go-http-client/1.1
2024-07-17 23:31:29.001666 INFO: X-Vegeta-Seq: 291
2024-07-17 23:31:29.001670 INFO: oop!unknow header: X-Vegeta-Seq: 291
2024-07-17 23:31:29.001674 INFO: Accept-Encoding: gzip
2024-07-17 23:31:29.001678 INFO: oop!unknow header: Accept-Encoding: gzip
2024-07-17 23:31:29.001683 INFO: 
2024-07-17 23:31:29.001697 INFO: request:HTTP/1.1 200 OK

2024-07-17 23:31:29.001702 INFO: request:HTTP/1.1 200 OK
Content-Length:542

2024-07-17 23:31:29.001707 INFO: request:HTTP/1.1 200 OK
Content-Length:542
Connection:close

2024-07-17 23:31:29.001711 INFO: request:HTTP/1.1 200 OK
Content-Length:542
Connection:close


2024-07-17 23:31:29.001720 INFO: Thread 140246139651648 is running task

2024-07-17 23:31:29.001729 INFO: eventNum: 2
2024-07-17 23:31:29.001734 INFO: fd: 257, events: 1

2024-07-17 23:31:29.001745 INFO: HttpConn 257 read success
2024-07-17 23:31:29.001755 INFO: GET / HTTP/1.1
2024-07-17 23:31:29.001761 INFO: Host: 39.98.202.182:9006
2024-07-17 23:31:29.001766 INFO: User-Agent: Go-http-client/1.1
2024-07-17 23:31:29.001770 INFO: oop!unknow header: User-Agent: Go-http-client/1.1
2024-07-17 23:31:29.001775 INFO: X-Vegeta-Seq: 297
2024-07-17 23:31:29.001779 INFO: oop!unknow header: X-Vegeta-Seq: 297
2024-07-17 23:31:29.001783 INFO: Accept-Encoding: gzip
2024-07-17 23:31:29.001788 INFO: oop!unknow header: Accept-Encoding: gzip
2024-07-17 23:31:29.001792 INFO: 
2024-07-17 23:31:29.001803 INFO: request:HTTP/1.1 200 OK

2024-07-17 23:31:29.001808 INFO: request:HTTP/1.1 200 OK
Content-Length:542

2024-07-17 23:31:29.001812 INFO: request:HTTP/1.1 200 OK
Content-Length:542
Connection:close

2024-07-17 23:31:29.001817 INFO: request:HTTP/1.1 200 OK
Content-Length:542
Connection:close


2024-07-17 23:31:29.001824 INFO: Thread 140246097688128 is running task

2024-07-17 23:31:29.001831 INFO: fd: 256, events: 4

2024-07-17 23:31:29.001861 INFO: Thread 140246148044352 is running task

2024-07-17 23:31:29.001874 INFO: eventNum: 2
2024-07-17 23:31:29.001879 INFO: fd: 258, events: 1

2024-07-17 23:31:29.001889 INFO: fd: 257, events: 4

2024-07-17 23:31:29.001896 INFO: HttpConn 258 read success
2024-07-17 23:31:29.001914 INFO: GET / HTTP/1.1
2024-07-17 23:31:29.001919 INFO: Thread 140246131258944 is running task

2024-07-17 23:31:29.001920 INFO: Host: 39.98.202.182:9006
2024-07-17 23:31:29.001941 INFO: User-Agent: Go-http-client/1.1
2024-07-17 23:31:29.001946 INFO: oop!unknow header: User-Agent: Go-http-client/1.1
2024-07-17 23:31:29.001950 INFO: X-Vegeta-Seq: 296
2024-07-17 23:31:29.001954 INFO: oop!unknow header: X-Vegeta-Seq: 296
2024-07-17 23:31:29.001959 INFO: Accept-Encoding: gzip
2024-07-17 23:31:29.001963 INFO: oop!unknow header: Accept-Encoding: gzip
2024-07-17 23:31:29.001967 INFO: 
2024-07-17 23:31:29.001979 INFO: request:HTTP/1.1 200 OK

2024-07-17 23:31:29.001983 INFO: request:HTTP/1.1 200 OK
Content-Length:542

2024-07-17 23:31:29.001989 INFO: request:HTTP/1.1 200 OK
Content-Length:542
Connection:close

2024-07-17 23:31:29.001993 INFO: request:HTTP/1.1 200 OK
Content-Length:542
Connection:close


2024-07-17 23:31:29.002000 INFO: Thread 140246122866240 is running task

2024-07-17 23:31:29.002013 INFO: eventNum: 1
2024-07-17 23:31:29.002018 INFO: fd: 258, events: 4

2024-07-17 23:31:29.002035 INFO: eventNum: 1
2024-07-17 23:31:29.002040 INFO: fd: 13, events: 1

2024-07-17 23:31:29.002045 INFO: HandleListenEvent 13
2024-07-17 23:31:29.002061 INFO: Thread 140246106080832 is running task

2024-07-17 23:31:29.002065 INFO: HttpConn 260 init success
2024-07-17 23:31:29.002094 INFO: addTimer id:260 expireTime:1721230788
2024-07-17 23:31:29.002109 INFO: Client[260] in!
2024-07-17 23:31:29.002135 INFO: HandleListenEvent 13
2024-07-17 23:31:29.002148 INFO: HttpConn 261 init success
2024-07-17 23:31:29.002153 INFO: addTimer id:261 expireTime:1721230788
2024-07-17 23:31:29.002162 INFO: Client[261] in!
2024-07-17 23:31:29.002167 INFO: HandleListenEvent 13
2024-07-17 23:31:29.002176 ERROR: Accept failure -1
2024-07-17 23:31:29.002251 INFO: eventNum: 1
2024-07-17 23:31:29.002268 INFO: fd: 259, events: 1

2024-07-17 23:31:29.002286 INFO: HttpConn 259 read success
2024-07-17 23:31:29.002298 INFO: GET / HTTP/1.1
2024-07-17 23:31:29.002304 INFO: Host: 39.98.202.182:9006
2024-07-17 23:31:29.002308 INFO: User-Agent: Go-http-client/1.1
2024-07-17 23:31:29.002313 INFO: oop!unknow header: User-Agent: Go-http-client/1.1
2024-07-17 23:31:29.002317 INFO: X-Vegeta-Seq: 293
2024-07-17 23:31:29.002321 INFO: oop!unknow header: X-Vegeta-Seq: 293
2024-07-17 23:31:29.002326 INFO: Accept-Encoding: gzip
2024-07-17 23:31:29.002330 INFO: oop!unknow header: Accept-Encoding: gzip
2024-07-17 23:31:29.002334 INFO: 
2024-07-17 23:31:29.002348 INFO: request:HTTP/1.1 200 OK

2024-07-17 23:31:29.002352 INFO: request:HTTP/1.1 200 OK
Content-Length:542

2024-07-17 23:31:29.002356 INFO: request:HTTP/1.1 200 OK
Content-Length:542
Connection:close

2024-07-17 23:31:29.002361 INFO: request:HTTP/1.1 200 OK
Content-Length:542
Connection:close


2024-07-17 23:31:29.002375 INFO: Thread 140246156437056 is running task

2024-07-17 23:31:29.002381 INFO: eventNum: 1
2024-07-17 23:31:29.002390 INFO: fd: 259, events: 4

2024-07-17 23:31:29.002446 INFO: Thread 140246114473536 is running task

2024-07-17 23:31:29.002484 INFO: eventNum: 2
2024-07-17 23:31:29.002496 INFO: fd: 13, events: 1

2024-07-17 23:31:29.002500 INFO: HandleListenEvent 13
2024-07-17 23:31:29.002515 INFO: HttpConn 262 init success
2024-07-17 23:31:29.002521 INFO: addTimer id:262 expireTime:1721230788
2024-07-17 23:31:29.002537 INFO: Client[262] in!
2024-07-17 23:31:29.002543 INFO: HandleListenEvent 13
2024-07-17 23:31:29.002551 ERROR: Accept failure -1
2024-07-17 23:31:29.002556 INFO: fd: 260, events: 1

2024-07-17 23:31:29.002570 INFO: HttpConn 260 read success
2024-07-17 23:31:29.002580 INFO: GET / HTTP/1.1
2024-07-17 23:31:29.002585 INFO: Host: 39.98.202.182:9006
2024-07-17 23:31:29.002589 INFO: User-Agent: Go-http-client/1.1
2024-07-17 23:31:29.002594 INFO: oop!unknow header: User-Agent: Go-http-client/1.1
2024-07-17 23:31:29.002598 INFO: X-Vegeta-Seq: 298
2024-07-17 23:31:29.002602 INFO: oop!unknow header: X-Vegeta-Seq: 298
2024-07-17 23:31:29.002607 INFO: Accept-Encoding: gzip
2024-07-17 23:31:29.002611 INFO: oop!unknow header: Accept-Encoding: gzip
2024-07-17 23:31:29.002615 INFO: 
2024-07-17 23:31:29.002627 INFO: request:HTTP/1.1 200 OK

2024-07-17 23:31:29.002632 INFO: request:HTTP/1.1 200 OK
Content-Length:542

2024-07-17 23:31:29.002636 INFO: request:HTTP/1.1 200 OK
Content-Length:542
Connection:close

2024-07-17 23:31:29.002640 INFO: request:HTTP/1.1 200 OK
Content-Length:542
Connection:close


2024-07-17 23:31:29.002652 INFO: Thread 140246139651648 is running task

2024-07-17 23:31:29.002658 INFO: eventNum: 1
2024-07-17 23:31:29.002666 INFO: fd: 260, events: 4

2024-07-17 23:31:29.002695 INFO: Thread 140246097688128 is running task

2024-07-17 23:31:29.002800 INFO: eventNum: 1
2024-07-17 23:31:29.002812 INFO: fd: 262, events: 1

2024-07-17 23:31:29.002827 INFO: HttpConn 262 read success
2024-07-17 23:31:29.002840 INFO: GET / HTTP/1.1
2024-07-17 23:31:29.002845 INFO: Host: 39.98.202.182:9006
2024-07-17 23:31:29.002855 INFO: User-Agent: Go-http-client/1.1
2024-07-17 23:31:29.002860 INFO: oop!unknow header: User-Agent: Go-http-client/1.1
2024-07-17 23:31:29.002864 INFO: X-Vegeta-Seq: 299
2024-07-17 23:31:29.002868 INFO: oop!unknow header: X-Vegeta-Seq: 299
2024-07-17 23:31:29.002872 INFO: Accept-Encoding: gzip
2024-07-17 23:31:29.002876 INFO: oop!unknow header: Accept-Encoding: gzip
2024-07-17 23:31:29.002881 INFO: 
2024-07-17 23:31:29.002894 INFO: request:HTTP/1.1 200 OK

2024-07-17 23:31:29.002898 INFO: request:HTTP/1.1 200 OK
Content-Length:542

2024-07-17 23:31:29.002903 INFO: request:HTTP/1.1 200 OK
Content-Length:542
Connection:close

2024-07-17 23:31:29.002907 INFO: request:HTTP/1.1 200 OK
Content-Length:542
Connection:close


2024-07-17 23:31:29.002919 INFO: Thread 140246148044352 is running task

2024-07-17 23:31:29.002924 INFO: eventNum: 1
2024-07-17 23:31:29.002932 INFO: fd: 262, events: 4

2024-07-17 23:31:29.002963 INFO: Thread 140246131258944 is running task

2024-07-17 23:31:29.003229 INFO: eventNum: 1
2024-07-17 23:31:29.003245 INFO: fd: 261, events: 1

2024-07-17 23:31:29.003261 INFO: HttpConn 261 read success
2024-07-17 23:31:29.003275 INFO: GET / HTTP/1.1
2024-07-17 23:31:29.003280 INFO: Host: 39.98.202.182:9006
2024-07-17 23:31:29.003284 INFO: User-Agent: Go-http-client/1.1
2024-07-17 23:31:29.003289 INFO: oop!unknow header: User-Agent: Go-http-client/1.1
2024-07-17 23:31:29.003293 INFO: X-Vegeta-Seq: 289
2024-07-17 23:31:29.003297 INFO: oop!unknow header: X-Vegeta-Seq: 289
2024-07-17 23:31:29.003301 INFO: Accept-Encoding: gzip
2024-07-17 23:31:29.003306 INFO: oop!unknow header: Accept-Encoding: gzip
2024-07-17 23:31:29.003310 INFO: 
2024-07-17 23:31:29.003322 INFO: request:HTTP/1.1 200 OK

2024-07-17 23:31:29.003327 INFO: request:HTTP/1.1 200 OK
Content-Length:542

2024-07-17 23:31:29.003331 INFO: request:HTTP/1.1 200 OK
Content-Length:542
Connection:close

2024-07-17 23:31:29.003336 INFO: request:HTTP/1.1 200 OK
Content-Length:542
Connection:close


2024-07-17 23:31:29.003348 INFO: Thread 140246122866240 is running task

2024-07-17 23:31:29.003353 INFO: eventNum: 1
2024-07-17 23:31:29.003361 INFO: fd: 261, events: 4

2024-07-17 23:31:29.003392 INFO: Thread 140246106080832 is running task

2024-07-17 23:31:29.015161 INFO: eventNum: 1
2024-07-17 23:31:29.015219 INFO: fd: 32, events: 8193

2024-07-17 23:31:29.015249 INFO: HttpConn 32 close success
2024-07-17 23:31:29.015269 INFO: Client[32] quit!
2024-07-17 23:31:29.015275 INFO: eventNum: 1
2024-07-17 23:31:29.015279 INFO: fd: 13, events: 1

2024-07-17 23:31:29.015283 INFO: HandleListenEvent 13
2024-07-17 23:31:29.015304 INFO: HttpConn 32 init success
2024-07-17 23:31:29.015311 INFO: addTimer id:32 expireTime:1721230789
2024-07-17 23:31:29.015357 INFO: Client[32] in!
2024-07-17 23:31:29.015397 INFO: HandleListenEvent 13
2024-07-17 23:31:29.015429 ERROR: Accept failure -1
2024-07-17 23:31:29.015591 INFO: eventNum: 1
2024-07-17 23:31:29.015602 INFO: fd: 38, events: 8193

2024-07-17 23:31:29.015624 INFO: HttpConn 38 close success
2024-07-17 23:31:29.015633 INFO: Client[38] quit!
2024-07-17 23:31:29.015781 INFO: eventNum: 1
2024-07-17 23:31:29.015795 INFO: fd: 13, events: 1

2024-07-17 23:31:29.015800 INFO: HandleListenEvent 13
2024-07-17 23:31:29.015817 INFO: HttpConn 38 init success
2024-07-17 23:31:29.015823 INFO: addTimer id:38 expireTime:1721230789
2024-07-17 23:31:29.015837 INFO: Client[38] in!
2024-07-17 23:31:29.015841 INFO: HandleListenEvent 13
2024-07-17 23:31:29.015849 ERROR: Accept failure -1
2024-07-17 23:31:29.016149 INFO: eventNum: 1
2024-07-17 23:31:29.016163 INFO: fd: 38, events: 1

2024-07-17 23:31:29.016177 INFO: HttpConn 38 read success
2024-07-17 23:31:29.016189 INFO: GET / HTTP/1.1
2024-07-17 23:31:29.016194 INFO: Host: 39.98.202.182:9006
2024-07-17 23:31:29.016199 INFO: User-Agent: Go-http-client/1.1
2024-07-17 23:31:29.016204 INFO: oop!unknow header: User-Agent: Go-http-client/1.1
2024-07-17 23:31:29.016208 INFO: X-Vegeta-Seq: 300
2024-07-17 23:31:29.016213 INFO: oop!unknow header: X-Vegeta-Seq: 300
2024-07-17 23:31:29.016225 INFO: Accept-Encoding: gzip
2024-07-17 23:31:29.016229 INFO: oop!unknow header: Accept-Encoding: gzip
2024-07-17 23:31:29.016234 INFO: 
2024-07-17 23:31:29.016256 INFO: request:HTTP/1.1 200 OK

2024-07-17 23:31:29.016261 INFO: request:HTTP/1.1 200 OK
Content-Length:542

2024-07-17 23:31:29.016266 INFO: request:HTTP/1.1 200 OK
Content-Length:542
Connection:close

2024-07-17 23:31:29.016270 INFO: request:HTTP/1.1 200 OK
Content-Length:542
Connection:close


2024-07-17 23:31:29.016285 INFO: Thread 140246156437056 is running task

2024-07-17 23:31:29.016295 INFO: eventNum: 1
2024-07-17 23:31:29.016300 INFO: fd: 38, events: 4

2024-07-17 23:31:29.016333 INFO: Thread 140246114473536 is running task

2024-07-17 23:31:29.016389 INFO: eventNum: 1
2024-07-17 23:31:29.016413 INFO: fd: 32, events: 1

2024-07-17 23:31:29.016447 INFO: HttpConn 32 read success
2024-07-17 23:31:29.016461 INFO: GET / HTTP/1.1
2024-07-17 23:31:29.016467 INFO: Host: 39.98.202.182:9006
2024-07-17 23:31:29.016472 INFO: User-Agent: Go-http-client/1.1
2024-07-17 23:31:29.016476 INFO: oop!unknow header: User-Agent: Go-http-client/1.1
2024-07-17 23:31:29.016480 INFO: X-Vegeta-Seq: 302
2024-07-17 23:31:29.016485 INFO: oop!unknow header: X-Vegeta-Seq: 302
2024-07-17 23:31:29.016489 INFO: Accept-Encoding: gzip
2024-07-17 23:31:29.016493 INFO: oop!unknow header: Accept-Encoding: gzip
2024-07-17 23:31:29.016497 INFO: 
2024-07-17 23:31:29.016512 INFO: request:HTTP/1.1 200 OK

2024-07-17 23:31:29.016517 INFO: request:HTTP/1.1 200 OK
Content-Length:542

2024-07-17 23:31:29.016521 INFO: request:HTTP/1.1 200 OK
Content-Length:542
Connection:close

2024-07-17 23:31:29.016525 INFO: request:HTTP/1.1 200 OK
Content-Length:542
Connection:close


2024-07-17 23:31:29.016535 INFO: Thread 140246139651648 is running task

2024-07-17 23:31:29.016586 INFO: eventNum: 2
2024-07-17 23:31:29.016599 INFO: fd: 33, events: 8193

2024-07-17 23:31:29.016616 INFO: HttpConn 33 close success
2024-07-17 23:31:29.016622 INFO: Client[33] quit!
2024-07-17 23:31:29.016626 INFO: fd: 32, events: 4

2024-07-17 23:31:29.016662 INFO: Thread 140246097688128 is running task

2024-07-17 23:31:29.017230 INFO: eventNum: 1
2024-07-17 23:31:29.017245 INFO: fd: 13, events: 1

2024-07-17 23:31:29.017250 INFO: HandleListenEvent 13
2024-07-17 23:31:29.017264 INFO: HttpConn 33 init success
2024-07-17 23:31:29.017270 INFO: addTimer id:33 expireTime:1721230789
2024-07-17 23:31:29.017280 INFO: Client[33] in!
2024-07-17 23:31:29.017285 INFO: HandleListenEvent 13
2024-07-17 23:31:29.017293 ERROR: Accept failure -1
2024-07-17 23:31:29.017300 INFO: eventNum: 1
2024-07-17 23:31:29.017304 INFO: fd: 37, events: 8193

2024-07-17 23:31:29.017320 INFO: HttpConn 37 close success
2024-07-17 23:31:29.017328 INFO: Client[37] quit!
2024-07-17 23:31:29.017579 INFO: eventNum: 1
2024-07-17 23:31:29.017594 INFO: fd: 33, events: 1

2024-07-17 23:31:29.017608 INFO: HttpConn 33 read success
2024-07-17 23:31:29.017617 INFO: GET / HTTP/1.1
2024-07-17 23:31:29.017622 INFO: Host: 39.98.202.182:9006
