2024-07-17 23:34:17.666645 ERROR: Accept failure -1
2024-07-17 23:34:17.666702 INFO: fd: 53, events: 4

2024-07-17 23:34:17.666740 INFO: Thread 140246114473536 is running task

2024-07-17 23:34:17.666946 INFO: eventNum: 1
2024-07-17 23:34:17.666969 INFO: fd: 55, events: 1

2024-07-17 23:34:17.666992 INFO: HttpConn 55 read success
2024-07-17 23:34:17.667021 INFO: GET / HTTP/1.1
2024-07-17 23:34:17.667031 INFO: Host: 39.98.202.182:9006
2024-07-17 23:34:17.667038 INFO: User-Agent: Go-http-client/1.1
2024-07-17 23:34:17.667045 INFO: oop!unknow header: User-Agent: Go-http-client/1.1
2024-07-17 23:34:17.667051 INFO: X-Vegeta-Seq: 1761
2024-07-17 23:34:17.667058 INFO: oop!unknow header: X-Vegeta-Seq: 1761
2024-07-17 23:34:17.667065 INFO: Accept-Encoding: gzip
2024-07-17 23:34:17.667070 INFO: oop!unknow header: Accept-Encoding: gzip
2024-07-17 23:34:17.667074 INFO: 
2024-07-17 23:34:17.667092 INFO: request:HTTP/1.1 200 OK

2024-07-17 23:34:17.667097 INFO: request:HTTP/1.1 200 OK
Content-Length:542

2024-07-17 23:34:17.667101 INFO: request:HTTP/1.1 200 OK
Content-Length:542
Connection:close

2024-07-17 23:34:17.667105 INFO: request:HTTP/1.1 200 OK
Content-Length:542
Connection:close


2024-07-17 23:34:17.667122 INFO: Thread 140246148044352 is running task

2024-07-17 23:34:17.667123 INFO: eventNum: 1
2024-07-17 23:34:17.667145 INFO: fd: 55, events: 4

2024-07-17 23:34:17.667194 INFO: Thread 140246097688128 is running task

2024-07-17 23:34:17.667736 INFO: eventNum: 1
2024-07-17 23:34:17.667765 INFO: fd: 57, events: 1

2024-07-17 23:34:17.667790 INFO: HttpConn 57 read success
2024-07-17 23:34:17.667811 INFO: GET / HTTP/1.1
2024-07-17 23:34:17.667817 INFO: Host: 39.98.202.182:9006
2024-07-17 23:34:17.667822 INFO: User-Agent: Go-http-client/1.1
2024-07-17 23:34:17.667826 INFO: oop!unknow header: User-Agent: Go-http-client/1.1
2024-07-17 23:34:17.667831 INFO: X-Vegeta-Seq: 2760
2024-07-17 23:34:17.667835 INFO: oop!unknow header: X-Vegeta-Seq: 2760
2024-07-17 23:34:17.667839 INFO: Accept-Encoding: gzip
2024-07-17 23:34:17.667844 INFO: oop!unknow header: Accept-Encoding: gzip
2024-07-17 23:34:17.667848 INFO: 
2024-07-17 23:34:17.667864 INFO: request:HTTP/1.1 200 OK

2024-07-17 23:34:17.667868 INFO: request:HTTP/1.1 200 OK
Content-Length:542

2024-07-17 23:34:17.667873 INFO: request:HTTP/1.1 200 OK
Content-Length:542
Connection:close

2024-07-17 23:34:17.667877 INFO: request:HTTP/1.1 200 OK
Content-Length:542
Connection:close


2024-07-17 23:34:17.667893 INFO: Thread 140246139651648 is running task

2024-07-17 23:34:17.667900 INFO: eventNum: 1
2024-07-17 23:34:17.667912 INFO: fd: 57, events: 4

2024-07-17 23:34:17.667959 INFO: Thread 140246122866240 is running task

2024-07-17 23:34:17.678227 INFO: eventNum: 1
2024-07-17 23:34:17.678283 INFO: fd: 13, events: 1

2024-07-17 23:34:17.678290 INFO: HandleListenEvent 13
2024-07-17 23:34:17.678316 INFO: HttpConn 58 init success
2024-07-17 23:34:17.678324 INFO: addTimer id:58 expireTime:1721230957
2024-07-17 23:34:17.678339 INFO: Client[58] in!
2024-07-17 23:34:17.678352 INFO: HandleListenEvent 13
2024-07-17 23:34:17.678364 ERROR: Accept failure -1
2024-07-17 23:34:17.678370 INFO: eventNum: 1
2024-07-17 23:34:17.678374 INFO: fd: 58, events: 1

2024-07-17 23:34:17.678402 INFO: HttpConn 58 read success
2024-07-17 23:34:17.678446 INFO: GET / HTTP/1.1
2024-07-17 23:34:17.678457 INFO: Host: 39.98.202.182:9006
2024-07-17 23:34:17.678465 INFO: User-Agent: Go-http-client/1.1
2024-07-17 23:34:17.678472 INFO: oop!unknow header: User-Agent: Go-http-client/1.1
2024-07-17 23:34:17.678483 INFO: X-Vegeta-Seq: 1105
2024-07-17 23:34:17.678489 INFO: oop!unknow header: X-Vegeta-Seq: 1105
2024-07-17 23:34:17.678500 INFO: Accept-Encoding: gzip
2024-07-17 23:34:17.678505 INFO: oop!unknow header: Accept-Encoding: gzip
2024-07-17 23:34:17.678510 INFO: 
2024-07-17 23:34:17.678542 INFO: request:HTTP/1.1 200 OK

2024-07-17 23:34:17.678551 INFO: request:HTTP/1.1 200 OK
Content-Length:542

2024-07-17 23:34:17.678559 INFO: request:HTTP/1.1 200 OK
Content-Length:542
Connection:close

2024-07-17 23:34:17.678566 INFO: request:HTTP/1.1 200 OK
Content-Length:542
Connection:close


2024-07-17 23:34:17.678618 INFO: Thread 140246131258944 is running task

2024-07-17 23:34:17.678646 INFO: eventNum: 1
2024-07-17 23:34:17.678672 INFO: fd: 58, events: 4

2024-07-17 23:34:17.678747 INFO: Thread 140246106080832 is running task

2024-07-17 23:34:17.700091 INFO: eventNum: 1
2024-07-17 23:34:17.700153 INFO: fd: 13, events: 1

2024-07-17 23:34:17.700160 INFO: HandleListenEvent 13
2024-07-17 23:34:17.700187 INFO: HttpConn 61 init success
2024-07-17 23:34:17.700195 INFO: addTimer id:61 expireTime:1721230957
2024-07-17 23:34:17.700209 INFO: Client[61] in!
2024-07-17 23:34:17.700214 INFO: HandleListenEvent 13
2024-07-17 23:34:17.700226 ERROR: Accept failure -1
2024-07-17 23:34:17.700232 INFO: eventNum: 1
2024-07-17 23:34:17.700237 INFO: fd: 61, events: 1

2024-07-17 23:34:17.700263 INFO: HttpConn 61 read success
2024-07-17 23:34:17.700299 INFO: GET / HTTP/1.1
2024-07-17 23:34:17.700308 INFO: Host: 39.98.202.182:9006
2024-07-17 23:34:17.700314 INFO: User-Agent: Go-http-client/1.1
2024-07-17 23:34:17.700318 INFO: oop!unknow header: User-Agent: Go-http-client/1.1
2024-07-17 23:34:17.700323 INFO: X-Vegeta-Seq: 2103
2024-07-17 23:34:17.700328 INFO: oop!unknow header: X-Vegeta-Seq: 2103
2024-07-17 23:34:17.700332 INFO: Accept-Encoding: gzip
2024-07-17 23:34:17.700336 INFO: oop!unknow header: Accept-Encoding: gzip
2024-07-17 23:34:17.700341 INFO: 
2024-07-17 23:34:17.700399 INFO: request:HTTP/1.1 200 OK

2024-07-17 23:34:17.700405 INFO: request:HTTP/1.1 200 OK
Content-Length:542

2024-07-17 23:34:17.700410 INFO: request:HTTP/1.1 200 OK
Content-Length:542
Connection:close

2024-07-17 23:34:17.700414 INFO: request:HTTP/1.1 200 OK
Content-Length:542
Connection:close


2024-07-17 23:34:17.700437 INFO: Thread 140246156437056 is running task

2024-07-17 23:34:17.700464 INFO: eventNum: 1
2024-07-17 23:34:17.700487 INFO: fd: 61, events: 4

2024-07-17 23:34:17.700541 INFO: Thread 140246114473536 is running task

2024-07-17 23:34:17.701529 INFO: eventNum: 1
2024-07-17 23:34:17.701574 INFO: fd: 30, events: 1

2024-07-17 23:34:17.701602 INFO: HttpConn 30 read success
2024-07-17 23:34:17.701620 INFO: GET / HTTP/1.1
2024-07-17 23:34:17.701629 INFO: Host: 39.98.202.182:9006
2024-07-17 23:34:17.701638 INFO: User-Agent: Go-http-client/1.1
2024-07-17 23:34:17.701645 INFO: oop!unknow header: User-Agent: Go-http-client/1.1
2024-07-17 23:34:17.701653 INFO: X-Vegeta-Seq: 1489
2024-07-17 23:34:17.701661 INFO: oop!unknow header: X-Vegeta-Seq: 1489
2024-07-17 23:34:17.701668 INFO: Accept-Encoding: gzip
2024-07-17 23:34:17.701675 INFO: oop!unknow header: Accept-Encoding: gzip
2024-07-17 23:34:17.701682 INFO: 
2024-07-17 23:34:17.701710 INFO: request:HTTP/1.1 200 OK

2024-07-17 23:34:17.701717 INFO: request:HTTP/1.1 200 OK
Content-Length:542

2024-07-17 23:34:17.701724 INFO: request:HTTP/1.1 200 OK
Content-Length:542
Connection:close

2024-07-17 23:34:17.701731 INFO: request:HTTP/1.1 200 OK
Content-Length:542
Connection:close


2024-07-17 23:34:17.701748 INFO: Thread 140246148044352 is running task

2024-07-17 23:34:17.701764 INFO: eventNum: 1
2024-07-17 23:34:17.701772 INFO: fd: 30, events: 4

2024-07-17 23:34:17.701842 INFO: Thread 140246097688128 is running task

2024-07-17 23:34:17.703277 INFO: eventNum: 1
2024-07-17 23:34:17.703310 INFO: fd: 13, events: 1

2024-07-17 23:34:17.703319 INFO: HandleListenEvent 13
2024-07-17 23:34:17.703387 INFO: HttpConn 62 init success
2024-07-17 23:34:17.703398 INFO: addTimer id:62 expireTime:1721230957
2024-07-17 23:34:17.703414 INFO: Client[62] in!
2024-07-17 23:34:17.703422 INFO: HandleListenEvent 13
2024-07-17 23:34:17.703437 ERROR: Accept failure -1
2024-07-17 23:34:17.703617 INFO: eventNum: 1
2024-07-17 23:34:17.703648 INFO: fd: 62, events: 1

2024-07-17 23:34:17.703672 INFO: HttpConn 62 read success
2024-07-17 23:34:17.703695 INFO: GET / HTTP/1.1
2024-07-17 23:34:17.703705 INFO: Host: 39.98.202.182:9006
2024-07-17 23:34:17.703711 INFO: User-Agent: Go-http-client/1.1
2024-07-17 23:34:17.703715 INFO: oop!unknow header: User-Agent: Go-http-client/1.1
2024-07-17 23:34:17.703729 INFO: X-Vegeta-Seq: 1759
2024-07-17 23:34:17.703733 INFO: oop!unknow header: X-Vegeta-Seq: 1759
2024-07-17 23:34:17.703738 INFO: Accept-Encoding: gzip
2024-07-17 23:34:17.703742 INFO: oop!unknow header: Accept-Encoding: gzip
2024-07-17 23:34:17.703746 INFO: 
2024-07-17 23:34:17.703770 INFO: request:HTTP/1.1 200 OK

2024-07-17 23:34:17.703775 INFO: request:HTTP/1.1 200 OK
Content-Length:542

2024-07-17 23:34:17.703782 INFO: request:HTTP/1.1 200 OK
Content-Length:542
Connection:close

2024-07-17 23:34:17.703787 INFO: request:HTTP/1.1 200 OK
Content-Length:542
Connection:close


2024-07-17 23:34:17.703802 INFO: Thread 140246139651648 is running task

2024-07-17 23:34:17.703820 INFO: eventNum: 1
2024-07-17 23:34:17.703826 INFO: fd: 62, events: 4

2024-07-17 23:34:17.703880 INFO: Thread 140246122866240 is running task

2024-07-17 23:34:17.704233 INFO: eventNum: 1
2024-07-17 23:34:17.704254 INFO: fd: 13, events: 1

2024-07-17 23:34:17.704259 INFO: HandleListenEvent 13
2024-07-17 23:34:17.704282 INFO: HttpConn 66 init success
2024-07-17 23:34:17.704291 INFO: addTimer id:66 expireTime:1721230957
2024-07-17 23:34:17.704311 INFO: Client[66] in!
2024-07-17 23:34:17.704321 INFO: HandleListenEvent 13
2024-07-17 23:34:17.704333 ERROR: Accept failure -1
2024-07-17 23:34:17.704340 INFO: eventNum: 1
2024-07-17 23:34:17.704372 INFO: fd: 66, events: 1

2024-07-17 23:34:17.704393 INFO: HttpConn 66 read success
2024-07-17 23:34:17.704414 INFO: GET / HTTP/1.1
2024-07-17 23:34:17.704421 INFO: Host: 39.98.202.182:9006
2024-07-17 23:34:17.704426 INFO: User-Agent: Go-http-client/1.1
2024-07-17 23:34:17.704430 INFO: oop!unknow header: User-Agent: Go-http-client/1.1
2024-07-17 23:34:17.704435 INFO: X-Vegeta-Seq: 2819
2024-07-17 23:34:17.704439 INFO: oop!unknow header: X-Vegeta-Seq: 2819
2024-07-17 23:34:17.704443 INFO: Accept-Encoding: gzip
2024-07-17 23:34:17.704448 INFO: oop!unknow header: Accept-Encoding: gzip
2024-07-17 23:34:17.704452 INFO: 
2024-07-17 23:34:17.704470 INFO: request:HTTP/1.1 200 OK

2024-07-17 23:34:17.704475 INFO: request:HTTP/1.1 200 OK
Content-Length:542

2024-07-17 23:34:17.704479 INFO: request:HTTP/1.1 200 OK
Content-Length:542
Connection:close

2024-07-17 23:34:17.704484 INFO: request:HTTP/1.1 200 OK
Content-Length:542
Connection:close


2024-07-17 23:34:17.704498 INFO: Thread 140246131258944 is running task

2024-07-17 23:34:17.704514 INFO: eventNum: 1
2024-07-17 23:34:17.704520 INFO: fd: 66, events: 4

2024-07-17 23:34:17.704560 INFO: Thread 140246106080832 is running task

2024-07-17 23:34:17.704853 INFO: eventNum: 1
2024-07-17 23:34:17.704885 INFO: fd: 13, events: 1

2024-07-17 23:34:17.704894 INFO: HandleListenEvent 13
2024-07-17 23:34:17.704954 INFO: HttpConn 67 init success
2024-07-17 23:34:17.704965 INFO: addTimer id:67 expireTime:1721230957
2024-07-17 23:34:17.704981 INFO: Client[67] in!
2024-07-17 23:34:17.704988 INFO: HandleListenEvent 13
2024-07-17 23:34:17.705009 ERROR: Accept failure -1
2024-07-17 23:34:17.705020 INFO: eventNum: 2
2024-07-17 23:34:17.705027 INFO: fd: 67, events: 1

2024-07-17 23:34:17.705045 INFO: HttpConn 67 read success
2024-07-17 23:34:17.705059 INFO: GET / HTTP/1.1
2024-07-17 23:34:17.705067 INFO: Host: 39.98.202.182:9006
2024-07-17 23:34:17.705074 INFO: User-Agent: Go-http-client/1.1
2024-07-17 23:34:17.705080 INFO: oop!unknow header: User-Agent: Go-http-client/1.1
2024-07-17 23:34:17.705086 INFO: X-Vegeta-Seq: 1487
2024-07-17 23:34:17.705095 INFO: oop!unknow header: X-Vegeta-Seq: 1487
2024-07-17 23:34:17.705101 INFO: Accept-Encoding: gzip
2024-07-17 23:34:17.705107 INFO: oop!unknow header: Accept-Encoding: gzip
2024-07-17 23:34:17.705113 INFO: 
2024-07-17 23:34:17.705133 INFO: request:HTTP/1.1 200 OK

2024-07-17 23:34:17.705141 INFO: request:HTTP/1.1 200 OK
Content-Length:542

2024-07-17 23:34:17.705147 INFO: request:HTTP/1.1 200 OK
Content-Length:542
Connection:close

2024-07-17 23:34:17.705154 INFO: request:HTTP/1.1 200 OK
Content-Length:542
Connection:close


2024-07-17 23:34:17.705167 INFO: Thread 140246156437056 is running task

2024-07-17 23:34:17.705188 INFO: fd: 13, events: 1

2024-07-17 23:34:17.705195 INFO: HandleListenEvent 13
2024-07-17 23:34:17.705211 INFO: HttpConn 68 init success
2024-07-17 23:34:17.705219 INFO: addTimer id:68 expireTime:1721230957
2024-07-17 23:34:17.705233 INFO: Client[68] in!
2024-07-17 23:34:17.705238 INFO: HandleListenEvent 13
2024-07-17 23:34:17.705247 ERROR: Accept failure -1
2024-07-17 23:34:17.705253 INFO: eventNum: 1
2024-07-17 23:34:17.705257 INFO: fd: 67, events: 4

2024-07-17 23:34:17.705303 INFO: Thread 140246114473536 is running task

2024-07-17 23:34:17.705322 INFO: eventNum: 1
2024-07-17 23:34:17.705332 INFO: fd: 13, events: 1

2024-07-17 23:34:17.705338 INFO: HandleListenEvent 13
2024-07-17 23:34:17.705382 INFO: HttpConn 69 init success
2024-07-17 23:34:17.705390 INFO: addTimer id:69 expireTime:1721230957
2024-07-17 23:34:17.705400 INFO: Client[69] in!
2024-07-17 23:34:17.705405 INFO: HandleListenEvent 13
2024-07-17 23:34:17.705414 ERROR: Accept failure -1
2024-07-17 23:34:17.705420 INFO: eventNum: 2
2024-07-17 23:34:17.705424 INFO: fd: 32, events: 8193

2024-07-17 23:34:17.705441 INFO: HttpConn 32 close success
2024-07-17 23:34:17.705449 INFO: Client[32] quit!
2024-07-17 23:34:17.705454 INFO: fd: 69, events: 1

2024-07-17 23:34:17.705473 INFO: HttpConn 69 read success
2024-07-17 23:34:17.705498 INFO: GET / HTTP/1.1
2024-07-17 23:34:17.705508 INFO: Host: 39.98.202.182:9006
2024-07-17 23:34:17.705514 INFO: User-Agent: Go-http-client/1.1
2024-07-17 23:34:17.705520 INFO: oop!unknow header: User-Agent: Go-http-client/1.1
2024-07-17 23:34:17.705527 INFO: X-Vegeta-Seq: 1488
2024-07-17 23:34:17.705533 INFO: oop!unknow header: X-Vegeta-Seq: 1488
2024-07-17 23:34:17.705552 INFO: Accept-Encoding: gzip
2024-07-17 23:34:17.705573 INFO: oop!unknow header: Accept-Encoding: gzip
2024-07-17 23:34:17.705579 INFO: 
2024-07-17 23:34:17.705556 INFO: eventNum: 1
2024-07-17 23:34:17.705602 INFO: request:HTTP/1.1 200 OK

2024-07-17 23:34:17.705611 INFO: request:HTTP/1.1 200 OK
Content-Length:542

2024-07-17 23:34:17.705618 INFO: request:HTTP/1.1 200 OK
Content-Length:542
Connection:close

2024-07-17 23:34:17.705629 INFO: request:HTTP/1.1 200 OK
Content-Length:542
Connection:close


2024-07-17 23:34:17.705604 INFO: fd: 33, events: 8193

2024-07-17 23:34:17.705655 INFO: HttpConn 33 close success
2024-07-17 23:34:17.705667 INFO: Client[33] quit!
2024-07-17 23:34:17.705670 INFO: Thread 140246148044352 is running task

2024-07-17 23:34:17.705682 INFO: eventNum: 2
2024-07-17 23:34:17.705734 INFO: fd: 69, events: 4

2024-07-17 23:34:17.705752 INFO: fd: 13, events: 1

2024-07-17 23:34:17.705758 INFO: HandleListenEvent 13
2024-07-17 23:34:17.705777 INFO: HttpConn 32 init success
2024-07-17 23:34:17.705789 INFO: Thread 140246097688128 is running task

2024-07-17 23:34:17.705789 INFO: addTimer id:32 expireTime:1721230957
2024-07-17 23:34:17.705836 INFO: Client[32] in!
2024-07-17 23:34:17.705841 INFO: HandleListenEvent 13
2024-07-17 23:34:17.705850 ERROR: Accept failure -1
2024-07-17 23:34:17.705855 INFO: eventNum: 1
2024-07-17 23:34:17.705864 INFO: fd: 68, events: 1

2024-07-17 23:34:17.705881 INFO: eventNum: 1
2024-07-17 23:34:17.705886 INFO: HttpConn 68 read success
2024-07-17 23:34:17.705888 INFO: fd: 28, events: 8193

2024-07-17 23:34:17.705908 INFO: GET / HTTP/1.1
2024-07-17 23:34:17.705925 INFO: Host: 39.98.202.182:9006
2024-07-17 23:34:17.705930 INFO: User-Agent: Go-http-client/1.1
2024-07-17 23:34:17.705934 INFO: oop!unknow header: User-Agent: Go-http-client/1.1
2024-07-17 23:34:17.705938 INFO: HttpConn 28 close success
2024-07-17 23:34:17.705939 INFO: X-Vegeta-Seq: 1788
2024-07-17 23:34:17.705970 INFO: oop!unknow header: X-Vegeta-Seq: 1788
2024-07-17 23:34:17.705984 INFO: Accept-Encoding: gzip
2024-07-17 23:34:17.705962 INFO: Client[28] quit!
2024-07-17 23:34:17.705991 INFO: oop!unknow header: Accept-Encoding: gzip
2024-07-17 23:34:17.706011 INFO: 
2024-07-17 23:34:17.706030 INFO: request:HTTP/1.1 200 OK

2024-07-17 23:34:17.706036 INFO: request:HTTP/1.1 200 OK
Content-Length:542

2024-07-17 23:34:17.706046 INFO: request:HTTP/1.1 200 OK
Content-Length:542
Connection:close

2024-07-17 23:34:17.706051 INFO: request:HTTP/1.1 200 OK
Content-Length:542
Connection:close


2024-07-17 23:34:17.706064 INFO: Thread 140246139651648 is running task

2024-07-17 23:34:17.706068 INFO: eventNum: 1
2024-07-17 23:34:17.706077 INFO: fd: 68, events: 4

2024-07-17 23:34:17.706149 INFO: Thread 140246122866240 is running task

2024-07-17 23:34:17.706389 INFO: eventNum: 1
2024-07-17 23:34:17.706412 INFO: fd: 32, events: 1

2024-07-17 23:34:17.706438 INFO: HttpConn 32 read success
2024-07-17 23:34:17.706456 INFO: GET / HTTP/1.1
2024-07-17 23:34:17.706462 INFO: Host: 39.98.202.182:9006
2024-07-17 23:34:17.706466 INFO: User-Agent: Go-http-client/1.1
2024-07-17 23:34:17.706471 INFO: oop!unknow header: User-Agent: Go-http-client/1.1
2024-07-17 23:34:17.706476 INFO: X-Vegeta-Seq: 1787
2024-07-17 23:34:17.706480 INFO: oop!unknow header: X-Vegeta-Seq: 1787
2024-07-17 23:34:17.706484 INFO: Accept-Encoding: gzip
2024-07-17 23:34:17.706488 INFO: oop!unknow header: Accept-Encoding: gzip
2024-07-17 23:34:17.706492 INFO: 
2024-07-17 23:34:17.706509 INFO: request:HTTP/1.1 200 OK

2024-07-17 23:34:17.706514 INFO: request:HTTP/1.1 200 OK
Content-Length:542

2024-07-17 23:34:17.706518 INFO: request:HTTP/1.1 200 OK
Content-Length:542
Connection:close

2024-07-17 23:34:17.706522 INFO: request:HTTP/1.1 200 OK
Content-Length:542
Connection:close


2024-07-17 23:34:17.706535 INFO: Thread 140246131258944 is running task

2024-07-17 23:34:17.706583 INFO: eventNum: 1
2024-07-17 23:34:17.706596 INFO: fd: 32, events: 4

2024-07-17 23:34:17.706638 INFO: Thread 140246106080832 is running task

2024-07-17 23:34:17.735856 INFO: eventNum: 1
2024-07-17 23:34:17.735936 INFO: fd: 39, events: 8193

2024-07-17 23:34:17.735985 INFO: HttpConn 39 close success
2024-07-17 23:34:17.735994 INFO: Client[39] quit!
2024-07-17 23:34:17.736021 INFO: eventNum: 1
2024-07-17 23:34:17.736036 INFO: fd: 42, events: 8193

2024-07-17 23:34:17.736057 INFO: HttpConn 42 close success
2024-07-17 23:34:17.736064 INFO: Client[42] quit!
2024-07-17 23:34:17.739780 INFO: eventNum: 1
2024-07-17 23:34:17.739836 INFO: fd: 38, events: 8193

2024-07-17 23:34:17.739869 INFO: HttpConn 38 close success
2024-07-17 23:34:17.739882 INFO: Client[38] quit!
2024-07-17 23:34:17.740495 INFO: eventNum: 1
2024-07-17 23:34:17.740530 INFO: fd: 37, events: 8193

2024-07-17 23:34:17.740558 INFO: HttpConn 37 close success
2024-07-17 23:34:17.740565 INFO: Client[37] quit!
2024-07-17 23:34:17.740756 INFO: eventNum: 1
2024-07-17 23:34:17.740792 INFO: fd: 36, events: 8193

2024-07-17 23:34:17.740824 INFO: HttpConn 36 close success
2024-07-17 23:34:17.740836 INFO: Client[36] quit!
2024-07-17 23:34:17.740844 INFO: eventNum: 1
2024-07-17 23:34:17.740851 INFO: fd: 44, events: 8193

2024-07-17 23:34:17.740868 INFO: HttpConn 44 close success
2024-07-17 23:34:17.740878 INFO: Client[44] quit!
2024-07-17 23:34:17.741266 INFO: eventNum: 1
2024-07-17 23:34:17.741288 INFO: fd: 46, events: 8193

2024-07-17 23:34:17.741310 INFO: HttpConn 46 close success
2024-07-17 23:34:17.741329 INFO: Client[46] quit!
2024-07-17 23:34:17.742393 INFO: eventNum: 1
2024-07-17 23:34:17.742435 INFO: fd: 47, events: 8193

2024-07-17 23:34:17.742465 INFO: HttpConn 47 close success
2024-07-17 23:34:17.742477 INFO: Client[47] quit!
2024-07-17 23:34:17.742485 INFO: eventNum: 1
2024-07-17 23:34:17.742490 INFO: fd: 40, events: 8193

2024-07-17 23:34:17.742506 INFO: HttpConn 40 close success
2024-07-17 23:34:17.742515 INFO: Client[40] quit!
2024-07-17 23:34:17.742678 INFO: eventNum: 1
2024-07-17 23:34:17.742716 INFO: fd: 43, events: 8193

2024-07-17 23:34:17.742749 INFO: HttpConn 43 close success
2024-07-17 23:34:17.742763 INFO: Client[43] quit!
2024-07-17 23:34:17.743130 INFO: eventNum: 1
2024-07-17 23:34:17.743159 INFO: fd: 51, events: 8193

2024-07-17 23:34:17.743183 INFO: HttpConn 51 close success
2024-07-17 23:34:17.743193 INFO: Client[51] quit!
2024-07-17 23:34:17.743512 INFO: eventNum: 1
2024-07-17 23:34:17.743540 INFO: fd: 41, events: 8193

2024-07-17 23:34:17.743578 INFO: HttpConn 41 close success
2024-07-17 23:34:17.743590 INFO: Client[41] quit!
2024-07-17 23:34:17.744416 INFO: eventNum: 1
2024-07-17 23:34:17.744443 INFO: fd: 52, events: 8193

2024-07-17 23:34:17.744469 INFO: HttpConn 52 close success
2024-07-17 23:34:17.744475 INFO: Client[52] quit!
2024-07-17 23:34:17.744578 INFO: eventNum: 1
2024-07-17 23:34:17.744597 INFO: fd: 48, events: 8193

2024-07-17 23:34:17.744618 INFO: HttpConn 48 close success
2024-07-17 23:34:17.744627 INFO: Client[48] quit!
2024-07-17 23:34:17.745671 INFO: eventNum: 1
2024-07-17 23:34:17.745695 INFO: fd: 13, events: 1

2024-07-17 23:34:17.745704 INFO: HandleListenEvent 13
2024-07-17 23:34:17.745734 INFO: HttpConn 28 init success
2024-07-17 23:34:17.745744 INFO: addTimer id:28 expireTime:1721230957
2024-07-17 23:34:17.745762 INFO: Client[28] in!
2024-07-17 23:34:17.745769 INFO: HandleListenEvent 13
2024-07-17 23:34:17.745782 ERROR: Accept failure -1
2024-07-17 23:34:17.746704 INFO: eventNum: 1
2024-07-17 23:34:17.746736 INFO: fd: 13, events: 1

2024-07-17 23:34:17.746744 INFO: HandleListenEvent 13
2024-07-17 23:34:17.746770 INFO: HttpConn 33 init success
2024-07-17 23:34:17.746785 INFO: addTimer id:33 expireTime:1721230957
2024-07-17 23:34:17.746811 INFO: Client[33] in!
2024-07-17 23:34:17.746818 INFO: HandleListenEvent 13
2024-07-17 23:34:17.746830 ERROR: Accept failure -1
2024-07-17 23:34:17.746838 INFO: eventNum: 1
2024-07-17 23:34:17.746850 INFO: fd: 33, events: 1

2024-07-17 23:34:17.746871 INFO: HttpConn 33 read success
2024-07-17 23:34:17.746888 INFO: GET / HTTP/1.1
2024-07-17 23:34:17.746897 INFO: Host: 39.98.202.182:9006
2024-07-17 23:34:17.746904 INFO: User-Agent: Go-http-client/1.1
2024-07-17 23:34:17.746911 INFO: oop!unknow header: User-Agent: Go-http-client/1.1
2024-07-17 23:34:17.746918 INFO: X-Vegeta-Seq: 481
2024-07-17 23:34:17.746927 INFO: oop!unknow header: X-Vegeta-Seq: 481
2024-07-17 23:34:17.746934 INFO: Accept-Encoding: gzip
2024-07-17 23:34:17.746941 INFO: oop!unknow header: Accept-Encoding: gzip
2024-07-17 23:34:17.746947 INFO: 
2024-07-17 23:34:17.746979 INFO: request:HTTP/1.1 200 OK

2024-07-17 23:34:17.746986 INFO: request:HTTP/1.1 200 OK
Content-Length:542

2024-07-17 23:34:17.746992 INFO: request:HTTP/1.1 200 OK
Content-Length:542
Connection:close

2024-07-17 23:34:17.746999 INFO: request:HTTP/1.1 200 OK
Content-Length:542
Connection:close


2024-07-17 23:34:17.747019 INFO: Thread 140246156437056 is running task

2024-07-17 23:34:17.747033 INFO: eventNum: 2
2024-07-17 23:34:17.747040 INFO: fd: 13, events: 1

2024-07-17 23:34:17.747047 INFO: HandleListenEvent 13
2024-07-17 23:34:17.747061 INFO: HttpConn 36 init success
2024-07-17 23:34:17.747068 INFO: addTimer id:36 expireTime:1721230957
2024-07-17 23:34:17.747080 INFO: Client[36] in!
2024-07-17 23:34:17.747087 INFO: HandleListenEvent 13
2024-07-17 23:34:17.747098 ERROR: Accept failure -1
2024-07-17 23:34:17.747105 INFO: fd: 33, events: 4

2024-07-17 23:34:17.747157 INFO: Thread 140246114473536 is running task

2024-07-17 23:34:17.747185 INFO: eventNum: 3
2024-07-17 23:34:17.747192 INFO: fd: 36, events: 1

2024-07-17 23:34:17.747205 INFO: fd: 13, events: 1

2024-07-17 23:34:17.747212 INFO: HandleListenEvent 13
2024-07-17 23:34:17.747216 INFO: HttpConn 36 read success
2024-07-17 23:34:17.747233 INFO: HttpConn 37 init success
2024-07-17 23:34:17.747242 INFO: GET / HTTP/1.1
2024-07-17 23:34:17.747244 INFO: addTimer id:37 expireTime:1721230957
2024-07-17 23:34:17.747258 INFO: Host: 39.98.202.182:9006
2024-07-17 23:34:17.747305 INFO: User-Agent: Go-http-client/1.1
2024-07-17 23:34:17.747312 INFO: oop!unknow header: User-Agent: Go-http-client/1.1
2024-07-17 23:34:17.747323 INFO: X-Vegeta-Seq: 484
2024-07-17 23:34:17.747328 INFO: oop!unknow header: X-Vegeta-Seq: 484
2024-07-17 23:34:17.747334 INFO: Accept-Encoding: gzip
2024-07-17 23:34:17.747341 INFO: oop!unknow header: Accept-Encoding: gzip
2024-07-17 23:34:17.747382 INFO: 
2024-07-17 23:34:17.747282 INFO: Client[37] in!
2024-07-17 23:34:17.747397 INFO: HandleListenEvent 13
2024-07-17 23:34:17.747404 INFO: request:HTTP/1.1 200 OK

2024-07-17 23:34:17.747423 INFO: HttpConn 38 init success
2024-07-17 23:34:17.747425 INFO: request:HTTP/1.1 200 OK
Content-Length:542

2024-07-17 23:34:17.747456 INFO: request:HTTP/1.1 200 OK
Content-Length:542
Connection:close

2024-07-17 23:34:17.747461 INFO: request:HTTP/1.1 200 OK
Content-Length:542
Connection:close


2024-07-17 23:34:17.747442 INFO: addTimer id:38 expireTime:1721230957
2024-07-17 23:34:17.747481 INFO: Thread 140246148044352 is running task

2024-07-17 23:34:17.747501 INFO: Client[38] in!
2024-07-17 23:34:17.747511 INFO: HandleListenEvent 13
2024-07-17 23:34:17.747524 ERROR: Accept failure -1
2024-07-17 23:34:17.747531 INFO: fd: 28, events: 1

2024-07-17 23:34:17.747549 INFO: eventNum: 4
2024-07-17 23:34:17.747555 INFO: HttpConn 28 read success
2024-07-17 23:34:17.747557 INFO: fd: 37, events: 1

2024-07-17 23:34:17.747581 INFO: GET / HTTP/1.1
2024-07-17 23:34:17.747604 INFO: fd: 50, events: 8193

2024-07-17 23:34:17.747617 INFO: HttpConn 37 read success
2024-07-17 23:34:17.747629 INFO: GET / HTTP/1.1
2024-07-17 23:34:17.747640 INFO: Host: 39.98.202.182:9006
2024-07-17 23:34:17.747608 INFO: Host: 39.98.202.182:9006
2024-07-17 23:34:17.747667 INFO: User-Agent: Go-http-client/1.1
2024-07-17 23:34:17.747631 INFO: HttpConn 50 close success
2024-07-17 23:34:17.747650 INFO: User-Agent: Go-http-client/1.1
2024-07-17 23:34:17.747684 INFO: Client[50] quit!
2024-07-17 23:34:17.747705 INFO: fd: 36, events: 4

2024-07-17 23:34:17.747692 INFO: oop!unknow header: User-Agent: Go-http-client/1.1
2024-07-17 23:34:17.747725 INFO: X-Vegeta-Seq: 483
2024-07-17 23:34:17.747730 INFO: oop!unknow header: X-Vegeta-Seq: 483
2024-07-17 23:34:17.747735 INFO: Accept-Encoding: gzip
2024-07-17 23:34:17.747739 INFO: oop!unknow header: Accept-Encoding: gzip
2024-07-17 23:34:17.747743 INFO: 
2024-07-17 23:34:17.747760 INFO: Thread 140246122866240 is running task

2024-07-17 23:34:17.747674 INFO: oop!unknow header: User-Agent: Go-http-client/1.1
2024-07-17 23:34:17.747777 INFO: X-Vegeta-Seq: 1793
2024-07-17 23:34:17.747793 INFO: oop!unknow header: X-Vegeta-Seq: 1793
2024-07-17 23:34:17.747799 INFO: Accept-Encoding: gzip
2024-07-17 23:34:17.747808 INFO: oop!unknow header: Accept-Encoding: gzip
2024-07-17 23:34:17.747821 INFO: 
2024-07-17 23:34:17.747777 INFO: fd: 38, events: 1

2024-07-17 23:34:17.747834 INFO: request:HTTP/1.1 200 OK

2024-07-17 23:34:17.747840 INFO: request:HTTP/1.1 200 OK
Content-Length:542

2024-07-17 23:34:17.747764 INFO: request:HTTP/1.1 200 OK

2024-07-17 23:34:17.747843 INFO: HttpConn 38 read success
2024-07-17 23:34:17.747844 INFO: request:HTTP/1.1 200 OK
Content-Length:542
Connection:close

2024-07-17 23:34:17.747861 INFO: request:HTTP/1.1 200 OK
Content-Length:542
Connection:close


2024-07-17 23:34:17.747864 INFO: GET / HTTP/1.1
2024-07-17 23:34:17.747872 INFO: Thread 140246097688128 is running task

2024-07-17 23:34:17.747851 INFO: request:HTTP/1.1 200 OK
Content-Length:542

2024-07-17 23:34:17.747874 INFO: Host: 39.98.202.182:9006
2024-07-17 23:34:17.747892 INFO: request:HTTP/1.1 200 OK
Content-Length:542
Connection:close

2024-07-17 23:34:17.747910 INFO: request:HTTP/1.1 200 OK
Content-Length:542
Connection:close


2024-07-17 23:34:17.747879 INFO: eventNum: 1
2024-07-17 23:34:17.747903 INFO: User-Agent: Go-http-client/1.1
2024-07-17 23:34:17.747925 INFO: Thread 140246139651648 is running task

2024-07-17 23:34:17.747944 INFO: fd: 28, events: 4

2024-07-17 23:34:17.747939 INFO: oop!unknow header: User-Agent: Go-http-client/1.1
2024-07-17 23:34:17.747966 INFO: X-Vegeta-Seq: 482
2024-07-17 23:34:17.747972 INFO: oop!unknow header: X-Vegeta-Seq: 482
2024-07-17 23:34:17.747978 INFO: Accept-Encoding: gzip
2024-07-17 23:34:17.747985 INFO: oop!unknow header: Accept-Encoding: gzip
2024-07-17 23:34:17.747991 INFO: 
2024-07-17 23:34:17.748013 INFO: request:HTTP/1.1 200 OK

2024-07-17 23:34:17.748020 INFO: request:HTTP/1.1 200 OK
Content-Length:542

2024-07-17 23:34:17.748027 INFO: request:HTTP/1.1 200 OK
Content-Length:542
Connection:close

2024-07-17 23:34:17.748039 INFO: request:HTTP/1.1 200 OK
Content-Length:542
Connection:close


2024-07-17 23:34:17.748051 INFO: Thread 140246131258944 is running task

2024-07-17 23:34:17.748092 INFO: Thread 140246106080832 is running task

2024-07-17 23:34:17.748110 INFO: eventNum: 2
2024-07-17 23:34:17.748120 INFO: fd: 37, events: 4

2024-07-17 23:34:17.748149 INFO: Thread 140246156437056 is running task

2024-07-17 23:34:17.748163 INFO: fd: 38, events: 4

2024-07-17 23:34:17.748188 INFO: Thread 140246114473536 is running task

2024-07-17 23:34:17.750167 INFO: eventNum: 1
2024-07-17 23:34:17.750208 INFO: fd: 63, events: 8193

2024-07-17 23:34:17.750236 INFO: HttpConn 63 close success
2024-07-17 23:34:17.750247 INFO: Client[63] quit!
2024-07-17 23:34:17.750812 INFO: eventNum: 1
2024-07-17 23:34:17.750828 INFO: fd: 13, events: 1

2024-07-17 23:34:17.750835 INFO: HandleListenEvent 13
2024-07-17 23:34:17.750852 INFO: HttpConn 39 init success
2024-07-17 23:34:17.750861 INFO: addTimer id:39 expireTime:1721230957
2024-07-17 23:34:17.750876 INFO: Client[39] in!
2024-07-17 23:34:17.750883 INFO: HandleListenEvent 13
2024-07-17 23:34:17.750894 ERROR: Accept failure -1
2024-07-17 23:34:17.750902 INFO: eventNum: 1
2024-07-17 23:34:17.750908 INFO: fd: 39, events: 1

2024-07-17 23:34:17.750932 INFO: HttpConn 39 read success
2024-07-17 23:34:17.750958 INFO: GET / HTTP/1.1
2024-07-17 23:34:17.750965 INFO: Host: 39.98.202.182:9006
2024-07-17 23:34:17.750970 INFO: User-Agent: Go-http-client/1.1
2024-07-17 23:34:17.750974 INFO: oop!unknow header: User-Agent: Go-http-client/1.1
2024-07-17 23:34:17.750979 INFO: X-Vegeta-Seq: 479
2024-07-17 23:34:17.750983 INFO: oop!unknow header: X-Vegeta-Seq: 479
2024-07-17 23:34:17.750987 INFO: Accept-Encoding: gzip
2024-07-17 23:34:17.750991 INFO: oop!unknow header: Accept-Encoding: gzip
2024-07-17 23:34:17.750996 INFO: 
2024-07-17 23:34:17.751016 INFO: request:HTTP/1.1 200 OK

2024-07-17 23:34:17.751021 INFO: request:HTTP/1.1 200 OK
Content-Length:542

2024-07-17 23:34:17.751026 INFO: request:HTTP/1.1 200 OK
Content-Length:542
Connection:close

2024-07-17 23:34:17.751030 INFO: request:HTTP/1.1 200 OK
Content-Length:542
Connection:close


2024-07-17 23:34:17.751047 INFO: Thread 140246148044352 is running task

2024-07-17 23:34:17.751049 INFO: eventNum: 1
2024-07-17 23:34:17.751059 INFO: fd: 39, events: 4

2024-07-17 23:34:17.751104 INFO: Thread 140246122866240 is running task

2024-07-17 23:34:17.751483 INFO: eventNum: 1
2024-07-17 23:34:17.751500 INFO: fd: 13, events: 1

2024-07-17 23:34:17.751507 INFO: HandleListenEvent 13
2024-07-17 23:34:17.751526 INFO: HttpConn 40 init success
2024-07-17 23:34:17.751535 INFO: addTimer id:40 expireTime:1721230957
2024-07-17 23:34:17.751547 INFO: Client[40] in!
2024-07-17 23:34:17.751554 INFO: HandleListenEvent 13
2024-07-17 23:34:17.751565 ERROR: Accept failure -1
2024-07-17 23:34:17.751573 INFO: eventNum: 1
2024-07-17 23:34:17.751579 INFO: fd: 40, events: 1

2024-07-17 23:34:17.751601 INFO: HttpConn 40 read success
2024-07-17 23:34:17.751624 INFO: GET / HTTP/1.1
2024-07-17 23:34:17.751631 INFO: Host: 39.98.202.182:9006
2024-07-17 23:34:17.751635 INFO: User-Agent: Go-http-client/1.1
2024-07-17 23:34:17.751640 INFO: oop!unknow header: User-Agent: Go-http-client/1.1
2024-07-17 23:34:17.751645 INFO: X-Vegeta-Seq: 480
2024-07-17 23:34:17.751649 INFO: oop!unknow header: X-Vegeta-Seq: 480
2024-07-17 23:34:17.751653 INFO: Accept-Encoding: gzip
2024-07-17 23:34:17.751658 INFO: oop!unknow header: Accept-Encoding: gzip
2024-07-17 23:34:17.751662 INFO: 
2024-07-17 23:34:17.751678 INFO: request:HTTP/1.1 200 OK

2024-07-17 23:34:17.751682 INFO: request:HTTP/1.1 200 OK
Content-Length:542

2024-07-17 23:34:17.751687 INFO: request:HTTP/1.1 200 OK
Content-Length:542
Connection:close

2024-07-17 23:34:17.751691 INFO: request:HTTP/1.1 200 OK
Content-Length:542
Connection:close


2024-07-17 23:34:17.751707 INFO: Thread 140246097688128 is running task

2024-07-17 23:34:17.751710 INFO: eventNum: 1
2024-07-17 23:34:17.751720 INFO: fd: 40, events: 4

2024-07-17 23:34:17.751771 INFO: Thread 140246139651648 is running task

2024-07-17 23:34:17.757478 INFO: eventNum: 1
2024-07-17 23:34:17.757530 INFO: fd: 26, events: 8193

2024-07-17 23:34:17.757564 INFO: HttpConn 26 close success
2024-07-17 23:34:17.757575 INFO: Client[26] quit!
2024-07-17 23:34:17.764282 INFO: eventNum: 1
2024-07-17 23:34:17.764376 INFO: fd: 53, events: 8193

2024-07-17 23:34:17.764433 INFO: HttpConn 53 close success
2024-07-17 23:34:17.764445 INFO: Client[53] quit!
2024-07-17 23:34:17.764810 INFO: eventNum: 1
2024-07-17 23:34:17.764849 INFO: fd: 55, events: 8193

2024-07-17 23:34:17.764883 INFO: HttpConn 55 close success
2024-07-17 23:34:17.764895 INFO: Client[55] quit!
2024-07-17 23:34:17.765429 INFO: eventNum: 1
2024-07-17 23:34:17.765453 INFO: fd: 13, events: 1

2024-07-17 23:34:17.765458 INFO: HandleListenEvent 13
2024-07-17 23:34:17.765483 INFO: HttpConn 26 init success
2024-07-17 23:34:17.765490 INFO: addTimer id:26 expireTime:1721230957
2024-07-17 23:34:17.765504 INFO: Client[26] in!
2024-07-17 23:34:17.765509 INFO: HandleListenEvent 13
2024-07-17 23:34:17.765518 ERROR: Accept failure -1
2024-07-17 23:34:17.765543 INFO: eventNum: 1
2024-07-17 23:34:17.765549 INFO: fd: 57, events: 8193

2024-07-17 23:34:17.765567 INFO: HttpConn 57 close success
2024-07-17 23:34:17.765576 INFO: Client[57] quit!
2024-07-17 23:34:17.766557 INFO: eventNum: 1
2024-07-17 23:34:17.766591 INFO: fd: 26, events: 1

2024-07-17 23:34:17.766614 INFO: HttpConn 26 read success
2024-07-17 23:34:17.766632 INFO: GET / HTTP/1.1
2024-07-17 23:34:17.766640 INFO: Host: 39.98.202.182:9006
2024-07-17 23:34:17.766647 INFO: User-Agent: Go-http-client/1.1
2024-07-17 23:34:17.766653 INFO: oop!unknow header: User-Agent: Go-http-client/1.1
2024-07-17 23:34:17.766659 INFO: X-Vegeta-Seq: 808
2024-07-17 23:34:17.766665 INFO: oop!unknow header: X-Vegeta-Seq: 808
2024-07-17 23:34:17.766671 INFO: Accept-Encoding: gzip
2024-07-17 23:34:17.766676 INFO: oop!unknow header: Accept-Encoding: gzip
2024-07-17 23:34:17.766681 INFO: 
2024-07-17 23:34:17.766712 INFO: request:HTTP/1.1 200 OK

2024-07-17 23:34:17.766719 INFO: request:HTTP/1.1 200 OK
Content-Length:542

2024-07-17 23:34:17.766725 INFO: request:HTTP/1.1 200 OK
Content-Length:542
Connection:close

2024-07-17 23:34:17.766731 INFO: request:HTTP/1.1 200 OK
Content-Length:542
Connection:close


2024-07-17 23:34:17.766751 INFO: Thread 140246131258944 is running task

2024-07-17 23:34:17.766764 INFO: eventNum: 1
2024-07-17 23:34:17.766770 INFO: fd: 26, events: 4

2024-07-17 23:34:17.766822 INFO: Thread 140246106080832 is running task

2024-07-17 23:34:17.766994 INFO: eventNum: 1
2024-07-17 23:34:17.767022 INFO: fd: 13, events: 1

2024-07-17 23:34:17.767040 INFO: HandleListenEvent 13
2024-07-17 23:34:17.767061 INFO: HttpConn 41 init success
2024-07-17 23:34:17.767070 INFO: addTimer id:41 expireTime:1721230957
2024-07-17 23:34:17.767087 INFO: Client[41] in!
2024-07-17 23:34:17.767094 INFO: HandleListenEvent 13
2024-07-17 23:34:17.767107 ERROR: Accept failure -1
2024-07-17 23:34:17.767115 INFO: eventNum: 1
2024-07-17 23:34:17.767122 INFO: fd: 58, events: 8193

2024-07-17 23:34:17.767143 INFO: HttpConn 58 close success
2024-07-17 23:34:17.767150 INFO: Client[58] quit!
2024-07-17 23:34:17.767376 INFO: eventNum: 2
2024-07-17 23:34:17.767390 INFO: fd: 13, events: 1

2024-07-17 23:34:17.767395 INFO: HandleListenEvent 13
2024-07-17 23:34:17.767413 INFO: HttpConn 42 init success
2024-07-17 23:34:17.767418 INFO: addTimer id:42 expireTime:1721230957
2024-07-17 23:34:17.767429 INFO: Client[42] in!
2024-07-17 23:34:17.767433 INFO: HandleListenEvent 13
2024-07-17 23:34:17.767441 ERROR: Accept failure -1
2024-07-17 23:34:17.767446 INFO: fd: 41, events: 1

2024-07-17 23:34:17.767466 INFO: HttpConn 41 read success
2024-07-17 23:34:17.767483 INFO: GET / HTTP/1.1
2024-07-17 23:34:17.767490 INFO: Host: 39.98.202.182:9006
2024-07-17 23:34:17.767496 INFO: User-Agent: Go-http-client/1.1
2024-07-17 23:34:17.767502 INFO: oop!unknow header: User-Agent: Go-http-client/1.1
2024-07-17 23:34:17.767507 INFO: X-Vegeta-Seq: 812
2024-07-17 23:34:17.767523 INFO: oop!unknow header: X-Vegeta-Seq: 812
2024-07-17 23:34:17.767529 INFO: Accept-Encoding: gzip
2024-07-17 23:34:17.767535 INFO: oop!unknow header: Accept-Encoding: gzip
2024-07-17 23:34:17.767540 INFO: 
2024-07-17 23:34:17.767559 INFO: request:HTTP/1.1 200 OK

2024-07-17 23:34:17.767565 INFO: request:HTTP/1.1 200 OK
Content-Length:542

2024-07-17 23:34:17.767571 INFO: request:HTTP/1.1 200 OK
Content-Length:542
Connection:close

2024-07-17 23:34:17.767576 INFO: request:HTTP/1.1 200 OK
Content-Length:542
Connection:close


2024-07-17 23:34:17.767596 INFO: Thread 140246156437056 is running task

2024-07-17 23:34:17.767600 INFO: eventNum: 1
2024-07-17 23:34:17.767630 INFO: fd: 41, events: 4

2024-07-17 23:34:17.767641 INFO: eventNum: 1
2024-07-17 23:34:17.767649 INFO: fd: 13, events: 1

2024-07-17 23:34:17.767654 INFO: HandleListenEvent 13
2024-07-17 23:34:17.767665 INFO: HttpConn 43 init success
2024-07-17 23:34:17.767671 INFO: addTimer id:43 expireTime:1721230957
2024-07-17 23:34:17.767682 INFO: Client[43] in!
2024-07-17 23:34:17.767685 INFO: Thread 140246114473536 is running task

2024-07-17 23:34:17.767687 INFO: HandleListenEvent 13
2024-07-17 23:34:17.767706 ERROR: Accept failure -1
2024-07-17 23:34:17.768110 INFO: eventNum: 1
2024-07-17 23:34:17.768122 INFO: fd: 42, events: 1

2024-07-17 23:34:17.768138 INFO: HttpConn 42 read success
2024-07-17 23:34:17.768150 INFO: GET / HTTP/1.1
2024-07-17 23:34:17.768156 INFO: Host: 39.98.202.182:9006
2024-07-17 23:34:17.768160 INFO: User-Agent: Go-http-client/1.1
2024-07-17 23:34:17.768165 INFO: oop!unknow header: User-Agent: Go-http-client/1.1
2024-07-17 23:34:17.768170 INFO: X-Vegeta-Seq: 811
2024-07-17 23:34:17.768174 INFO: oop!unknow header: X-Vegeta-Seq: 811
2024-07-17 23:34:17.768178 INFO: Accept-Encoding: gzip
2024-07-17 23:34:17.768182 INFO: oop!unknow header: Accept-Encoding: gzip
2024-07-17 23:34:17.768187 INFO: 
2024-07-17 23:34:17.768207 INFO: request:HTTP/1.1 200 OK

2024-07-17 23:34:17.768212 INFO: request:HTTP/1.1 200 OK
Content-Length:542

2024-07-17 23:34:17.768217 INFO: request:HTTP/1.1 200 OK
Content-Length:542
Connection:close

2024-07-17 23:34:17.768221 INFO: request:HTTP/1.1 200 OK
Content-Length:542
Connection:close


2024-07-17 23:34:17.768234 INFO: Thread 140246148044352 is running task

2024-07-17 23:34:17.768244 INFO: eventNum: 1
2024-07-17 23:34:17.768249 INFO: fd: 42, events: 4

2024-07-17 23:34:17.768288 INFO: Thread 140246122866240 is running task

2024-07-17 23:34:17.768616 INFO: eventNum: 1
2024-07-17 23:34:17.768635 INFO: fd: 13, events: 1

2024-07-17 23:34:17.768641 INFO: HandleListenEvent 13
2024-07-17 23:34:17.768660 INFO: HttpConn 44 init success
2024-07-17 23:34:17.768672 INFO: addTimer id:44 expireTime:1721230957
2024-07-17 23:34:17.768689 INFO: Client[44] in!
2024-07-17 23:34:17.768696 INFO: HandleListenEvent 13
2024-07-17 23:34:17.768707 ERROR: Accept failure -1
2024-07-17 23:34:17.769008 INFO: eventNum: 1
2024-07-17 23:34:17.769036 INFO: fd: 44, events: 1

2024-07-17 23:34:17.769064 INFO: HttpConn 44 read success
