2024-07-17 23:30:20.995323 INFO: User-Agent: Go-http-client/1.1
2024-07-17 23:30:20.995385 INFO: oop!unknow header: User-Agent: Go-http-client/1.1
2024-07-17 23:30:20.995394 INFO: X-Vegeta-Seq: 2133
2024-07-17 23:30:20.995399 INFO: oop!unknow header: X-Vegeta-Seq: 2133
2024-07-17 23:30:20.995404 INFO: Accept-Encoding: gzip
2024-07-17 23:30:20.995411 INFO: oop!unknow header: Accept-Encoding: gzip
2024-07-17 23:30:20.995416 INFO: 
2024-07-17 23:30:20.995439 INFO: request:HTTP/1.1 200 OK

2024-07-17 23:30:20.995463 INFO: eventNum: 1
2024-07-17 23:30:20.995483 INFO: fd: 29, events: 8193

2024-07-17 23:30:20.995469 INFO: request:HTTP/1.1 200 OK
Content-Length:542

2024-07-17 23:30:20.995527 INFO: HttpConn 29 close success
2024-07-17 23:30:20.995531 INFO: request:HTTP/1.1 200 OK
Content-Length:542
Connection:close

2024-07-17 23:30:20.995560 INFO: request:HTTP/1.1 200 OK
Content-Length:542
Connection:close


2024-07-17 23:30:20.995542 INFO: Client[29] quit!
2024-07-17 23:30:20.995586 INFO: eventNum: 1
2024-07-17 23:30:20.995590 INFO: Thread 140246139651648 is running task

2024-07-17 23:30:20.995592 INFO: fd: 38, events: 4

2024-07-17 23:30:20.995648 INFO: Thread 140246148044352 is running task

2024-07-17 23:30:20.995703 INFO: eventNum: 1
2024-07-17 23:30:20.995715 INFO: fd: 39, events: 1

2024-07-17 23:30:20.995728 INFO: HttpConn 39 read success
2024-07-17 23:30:20.995739 INFO: GET / HTTP/1.1
2024-07-17 23:30:20.995745 INFO: Host: 39.98.202.182:9006
2024-07-17 23:30:20.995752 INFO: User-Agent: Go-http-client/1.1
2024-07-17 23:30:20.995759 INFO: oop!unknow header: User-Agent: Go-http-client/1.1
2024-07-17 23:30:20.995767 INFO: X-Vegeta-Seq: 2132
2024-07-17 23:30:20.995773 INFO: oop!unknow header: X-Vegeta-Seq: 2132
2024-07-17 23:30:20.995780 INFO: Accept-Encoding: gzip
2024-07-17 23:30:20.995787 INFO: oop!unknow header: Accept-Encoding: gzip
2024-07-17 23:30:20.995793 INFO: 
2024-07-17 23:30:20.995813 INFO: request:HTTP/1.1 200 OK

2024-07-17 23:30:20.995821 INFO: request:HTTP/1.1 200 OK
Content-Length:542

2024-07-17 23:30:20.995829 INFO: request:HTTP/1.1 200 OK
Content-Length:542
Connection:close

2024-07-17 23:30:20.995836 INFO: request:HTTP/1.1 200 OK
Content-Length:542
Connection:close


2024-07-17 23:30:20.995848 INFO: Thread 140246114473536 is running task

2024-07-17 23:30:20.995862 INFO: eventNum: 1
2024-07-17 23:30:20.995871 INFO: fd: 39, events: 4

2024-07-17 23:30:20.995908 INFO: Thread 140246156437056 is running task

2024-07-17 23:30:20.995920 INFO: eventNum: 1
2024-07-17 23:30:20.995926 INFO: fd: 26, events: 1

2024-07-17 23:30:20.995939 INFO: HttpConn 26 read success
2024-07-17 23:30:20.995950 INFO: GET / HTTP/1.1
2024-07-17 23:30:20.995956 INFO: Host: 39.98.202.182:9006
2024-07-17 23:30:20.995961 INFO: User-Agent: Go-http-client/1.1
2024-07-17 23:30:20.995965 INFO: oop!unknow header: User-Agent: Go-http-client/1.1
2024-07-17 23:30:20.995970 INFO: X-Vegeta-Seq: 2127
2024-07-17 23:30:20.995975 INFO: oop!unknow header: X-Vegeta-Seq: 2127
2024-07-17 23:30:20.995980 INFO: Accept-Encoding: gzip
2024-07-17 23:30:20.995985 INFO: oop!unknow header: Accept-Encoding: gzip
2024-07-17 23:30:20.995989 INFO: 
2024-07-17 23:30:20.996004 INFO: request:HTTP/1.1 200 OK

2024-07-17 23:30:20.996010 INFO: request:HTTP/1.1 200 OK
Content-Length:542

2024-07-17 23:30:20.996014 INFO: request:HTTP/1.1 200 OK
Content-Length:542
Connection:close

2024-07-17 23:30:20.996019 INFO: request:HTTP/1.1 200 OK
Content-Length:542
Connection:close


2024-07-17 23:30:20.996027 INFO: Thread 140246131258944 is running task

2024-07-17 23:30:20.996061 INFO: eventNum: 1
2024-07-17 23:30:20.996087 INFO: fd: 26, events: 4

2024-07-17 23:30:20.996119 INFO: Thread 140246106080832 is running task

2024-07-17 23:30:20.996318 INFO: eventNum: 1
2024-07-17 23:30:20.996339 INFO: fd: 36, events: 1

2024-07-17 23:30:20.996353 INFO: HttpConn 36 read success
2024-07-17 23:30:20.996390 INFO: GET / HTTP/1.1
2024-07-17 23:30:20.996401 INFO: Host: 39.98.202.182:9006
2024-07-17 23:30:20.996406 INFO: User-Agent: Go-http-client/1.1
2024-07-17 23:30:20.996410 INFO: oop!unknow header: User-Agent: Go-http-client/1.1
2024-07-17 23:30:20.996425 INFO: X-Vegeta-Seq: 2131
2024-07-17 23:30:20.996431 INFO: oop!unknow header: X-Vegeta-Seq: 2131
2024-07-17 23:30:20.996435 INFO: Accept-Encoding: gzip
2024-07-17 23:30:20.996440 INFO: oop!unknow header: Accept-Encoding: gzip
2024-07-17 23:30:20.996444 INFO: 
2024-07-17 23:30:20.996462 INFO: request:HTTP/1.1 200 OK

2024-07-17 23:30:20.996467 INFO: request:HTTP/1.1 200 OK
Content-Length:542

2024-07-17 23:30:20.996472 INFO: request:HTTP/1.1 200 OK
Content-Length:542
Connection:close

2024-07-17 23:30:20.996477 INFO: request:HTTP/1.1 200 OK
Content-Length:542
Connection:close


2024-07-17 23:30:20.996486 INFO: Thread 140246097688128 is running task

2024-07-17 23:30:20.996548 INFO: eventNum: 5
2024-07-17 23:30:20.996563 INFO: fd: 28, events: 8193

2024-07-17 23:30:20.996590 INFO: HttpConn 28 close success
2024-07-17 23:30:20.996600 INFO: Client[28] quit!
2024-07-17 23:30:20.996607 INFO: fd: 37, events: 1

2024-07-17 23:30:20.996625 INFO: HttpConn 37 read success
2024-07-17 23:30:20.996640 INFO: GET / HTTP/1.1
2024-07-17 23:30:20.996647 INFO: Host: 39.98.202.182:9006
2024-07-17 23:30:20.996652 INFO: User-Agent: Go-http-client/1.1
2024-07-17 23:30:20.996657 INFO: oop!unknow header: User-Agent: Go-http-client/1.1
2024-07-17 23:30:20.996662 INFO: X-Vegeta-Seq: 2129
2024-07-17 23:30:20.996666 INFO: oop!unknow header: X-Vegeta-Seq: 2129
2024-07-17 23:30:20.996671 INFO: Accept-Encoding: gzip
2024-07-17 23:30:20.996676 INFO: oop!unknow header: Accept-Encoding: gzip
2024-07-17 23:30:20.996680 INFO: 
2024-07-17 23:30:20.996697 INFO: request:HTTP/1.1 200 OK

2024-07-17 23:30:20.996703 INFO: request:HTTP/1.1 200 OK
Content-Length:542

2024-07-17 23:30:20.996707 INFO: request:HTTP/1.1 200 OK
Content-Length:542
Connection:close

2024-07-17 23:30:20.996713 INFO: request:HTTP/1.1 200 OK
Content-Length:542
Connection:close


2024-07-17 23:30:20.996723 INFO: Thread 140246122866240 is running task

2024-07-17 23:30:20.996732 INFO: fd: 16, events: 1

2024-07-17 23:30:20.996745 INFO: fd: 36, events: 4

2024-07-17 23:30:20.996768 INFO: HttpConn 16 read success
2024-07-17 23:30:20.996801 INFO: GET / HTTP/1.1
2024-07-17 23:30:20.996807 INFO: Thread 140246148044352 is running task

2024-07-17 23:30:20.996827 INFO: fd: 34, events: 1

2024-07-17 23:30:20.996840 INFO: HttpConn 34 read success
2024-07-17 23:30:20.996812 INFO: Host: 39.98.202.182:9006
2024-07-17 23:30:20.996856 INFO: eventNum: 3
2024-07-17 23:30:20.996849 INFO: GET / HTTP/1.1
2024-07-17 23:30:20.996865 INFO: User-Agent: Go-http-client/1.1
2024-07-17 23:30:20.996894 INFO: oop!unknow header: User-Agent: Go-http-client/1.1
2024-07-17 23:30:20.996874 INFO: Host: 39.98.202.182:9006
2024-07-17 23:30:20.996902 INFO: X-Vegeta-Seq: 2136
2024-07-17 23:30:20.996912 INFO: User-Agent: Go-http-client/1.1
2024-07-17 23:30:20.996922 INFO: oop!unknow header: X-Vegeta-Seq: 2136
2024-07-17 23:30:20.996876 INFO: fd: 35, events: 1

2024-07-17 23:30:20.996964 INFO: Accept-Encoding: gzip
2024-07-17 23:30:20.996977 INFO: oop!unknow header: Accept-Encoding: gzip
2024-07-17 23:30:20.996986 INFO: HttpConn 35 read success
2024-07-17 23:30:20.996950 INFO: oop!unknow header: User-Agent: Go-http-client/1.1
2024-07-17 23:30:20.996999 INFO: GET / HTTP/1.1
2024-07-17 23:30:20.997001 INFO: X-Vegeta-Seq: 2128
2024-07-17 23:30:20.997025 INFO: oop!unknow header: X-Vegeta-Seq: 2128
2024-07-17 23:30:20.996988 INFO: 
2024-07-17 23:30:20.997007 INFO: Host: 39.98.202.182:9006
2024-07-17 23:30:20.997048 INFO: User-Agent: Go-http-client/1.1
2024-07-17 23:30:20.997053 INFO: oop!unknow header: User-Agent: Go-http-client/1.1
2024-07-17 23:30:20.997058 INFO: X-Vegeta-Seq: 2126
2024-07-17 23:30:20.997062 INFO: oop!unknow header: X-Vegeta-Seq: 2126
2024-07-17 23:30:20.997010 INFO: fd: 37, events: 4

2024-07-17 23:30:20.997030 INFO: Accept-Encoding: gzip
2024-07-17 23:30:20.997102 INFO: oop!unknow header: Accept-Encoding: gzip
2024-07-17 23:30:20.997109 INFO: 
2024-07-17 23:30:20.997113 INFO: Thread 140246131258944 is running task

2024-07-17 23:30:20.997066 INFO: request:HTTP/1.1 200 OK

2024-07-17 23:30:20.997133 INFO: fd: 13, events: 1

2024-07-17 23:30:20.997067 INFO: Accept-Encoding: gzip
2024-07-17 23:30:20.997157 INFO: oop!unknow header: Accept-Encoding: gzip
2024-07-17 23:30:20.997162 INFO: 
2024-07-17 23:30:20.997139 INFO: request:HTTP/1.1 200 OK
Content-Length:542

2024-07-17 23:30:20.997180 INFO: request:HTTP/1.1 200 OK
Content-Length:542
Connection:close

2024-07-17 23:30:20.997188 INFO: HandleListenEvent 13
2024-07-17 23:30:20.997183 INFO: request:HTTP/1.1 200 OK

2024-07-17 23:30:20.997205 INFO: request:HTTP/1.1 200 OK
Content-Length:542

2024-07-17 23:30:20.997210 INFO: request:HTTP/1.1 200 OK
Content-Length:542
Connection:close

2024-07-17 23:30:20.997214 INFO: request:HTTP/1.1 200 OK
Content-Length:542
Connection:close


2024-07-17 23:30:20.997123 INFO: request:HTTP/1.1 200 OK

2024-07-17 23:30:20.997222 INFO: Thread 140246156437056 is running task

2024-07-17 23:30:20.997236 INFO: request:HTTP/1.1 200 OK
Content-Length:542
Connection:close


2024-07-17 23:30:20.997246 INFO: HttpConn 28 init success
2024-07-17 23:30:20.997251 INFO: Thread 140246139651648 is running task

2024-07-17 23:30:20.997254 INFO: addTimer id:28 expireTime:1721230720
2024-07-17 23:30:20.997231 INFO: request:HTTP/1.1 200 OK
Content-Length:542

2024-07-17 23:30:20.997278 INFO: Client[28] in!
2024-07-17 23:30:20.997280 INFO: request:HTTP/1.1 200 OK
Content-Length:542
Connection:close

2024-07-17 23:30:20.997302 INFO: request:HTTP/1.1 200 OK
Content-Length:542
Connection:close


2024-07-17 23:30:20.997289 INFO: HandleListenEvent 13
2024-07-17 23:30:20.997322 INFO: Thread 140246114473536 is running task

2024-07-17 23:30:20.997341 INFO: HttpConn 29 init success
2024-07-17 23:30:20.997349 INFO: addTimer id:29 expireTime:1721230720
2024-07-17 23:30:20.997358 INFO: Client[29] in!
2024-07-17 23:30:20.997364 INFO: HandleListenEvent 13
2024-07-17 23:30:20.997373 ERROR: Accept failure -1
2024-07-17 23:30:20.997380 INFO: eventNum: 3
2024-07-17 23:30:20.997384 INFO: fd: 35, events: 4

2024-07-17 23:30:20.997417 INFO: Thread 140246106080832 is running task

2024-07-17 23:30:20.997428 INFO: fd: 16, events: 4

2024-07-17 23:30:20.997459 INFO: Thread 140246097688128 is running task

2024-07-17 23:30:20.997471 INFO: fd: 34, events: 4

2024-07-17 23:30:20.997493 INFO: Thread 140246122866240 is running task

2024-07-17 23:30:20.997602 INFO: eventNum: 1
2024-07-17 23:30:20.997621 INFO: fd: 13, events: 1

2024-07-17 23:30:20.997627 INFO: HandleListenEvent 13
2024-07-17 23:30:20.997640 INFO: HttpConn 41 init success
2024-07-17 23:30:20.997646 INFO: addTimer id:41 expireTime:1721230720
2024-07-17 23:30:20.997655 INFO: Client[41] in!
2024-07-17 23:30:20.997660 INFO: HandleListenEvent 13
2024-07-17 23:30:20.997669 ERROR: Accept failure -1
2024-07-17 23:30:20.997863 INFO: eventNum: 1
2024-07-17 23:30:20.997879 INFO: fd: 13, events: 1

2024-07-17 23:30:20.997885 INFO: HandleListenEvent 13
2024-07-17 23:30:20.997893 INFO: HttpConn 42 init success
2024-07-17 23:30:20.997899 INFO: addTimer id:42 expireTime:1721230720
2024-07-17 23:30:20.997908 INFO: Client[42] in!
2024-07-17 23:30:20.997913 INFO: HandleListenEvent 13
2024-07-17 23:30:20.997921 ERROR: Accept failure -1
2024-07-17 23:30:20.998004 INFO: eventNum: 1
2024-07-17 23:30:20.998016 INFO: fd: 13, events: 1

2024-07-17 23:30:20.998021 INFO: HandleListenEvent 13
2024-07-17 23:30:20.998033 INFO: HttpConn 43 init success
2024-07-17 23:30:20.998039 INFO: addTimer id:43 expireTime:1721230720
2024-07-17 23:30:20.998048 INFO: Client[43] in!
2024-07-17 23:30:20.998053 INFO: HandleListenEvent 13
2024-07-17 23:30:20.998060 ERROR: Accept failure -1
2024-07-17 23:30:20.998289 INFO: eventNum: 1
2024-07-17 23:30:20.998305 INFO: fd: 13, events: 1

2024-07-17 23:30:20.998310 INFO: HandleListenEvent 13
2024-07-17 23:30:20.998322 INFO: HttpConn 44 init success
2024-07-17 23:30:20.998328 INFO: addTimer id:44 expireTime:1721230720
2024-07-17 23:30:20.998338 INFO: Client[44] in!
2024-07-17 23:30:20.998343 INFO: HandleListenEvent 13
2024-07-17 23:30:20.998358 INFO: HttpConn 45 init success
2024-07-17 23:30:20.998364 INFO: addTimer id:45 expireTime:1721230720
2024-07-17 23:30:20.998373 INFO: Client[45] in!
2024-07-17 23:30:20.998378 INFO: HandleListenEvent 13
2024-07-17 23:30:20.998386 ERROR: Accept failure -1
2024-07-17 23:30:20.998526 INFO: eventNum: 1
2024-07-17 23:30:20.998539 INFO: fd: 13, events: 1

2024-07-17 23:30:20.998545 INFO: HandleListenEvent 13
2024-07-17 23:30:20.998556 INFO: HttpConn 46 init success
2024-07-17 23:30:20.998562 INFO: addTimer id:46 expireTime:1721230720
2024-07-17 23:30:20.998571 INFO: Client[46] in!
2024-07-17 23:30:20.998576 INFO: HandleListenEvent 13
2024-07-17 23:30:20.998584 ERROR: Accept failure -1
2024-07-17 23:30:20.998987 INFO: eventNum: 1
2024-07-17 23:30:20.999006 INFO: fd: 42, events: 1

2024-07-17 23:30:20.999020 INFO: HttpConn 42 read success
2024-07-17 23:30:20.999031 INFO: GET / HTTP/1.1
2024-07-17 23:30:20.999037 INFO: Host: 39.98.202.182:9006
2024-07-17 23:30:20.999042 INFO: User-Agent: Go-http-client/1.1
2024-07-17 23:30:20.999047 INFO: oop!unknow header: User-Agent: Go-http-client/1.1
2024-07-17 23:30:20.999052 INFO: X-Vegeta-Seq: 2143
2024-07-17 23:30:20.999056 INFO: oop!unknow header: X-Vegeta-Seq: 2143
2024-07-17 23:30:20.999061 INFO: Accept-Encoding: gzip
2024-07-17 23:30:20.999066 INFO: oop!unknow header: Accept-Encoding: gzip
2024-07-17 23:30:20.999070 INFO: 
2024-07-17 23:30:20.999088 INFO: request:HTTP/1.1 200 OK

2024-07-17 23:30:20.999093 INFO: request:HTTP/1.1 200 OK
Content-Length:542

2024-07-17 23:30:20.999098 INFO: request:HTTP/1.1 200 OK
Content-Length:542
Connection:close

2024-07-17 23:30:20.999103 INFO: request:HTTP/1.1 200 OK
Content-Length:542
Connection:close


2024-07-17 23:30:20.999113 INFO: Thread 140246148044352 is running task

2024-07-17 23:30:20.999122 INFO: eventNum: 1
2024-07-17 23:30:20.999128 INFO: fd: 42, events: 4

2024-07-17 23:30:20.999166 INFO: Thread 140246131258944 is running task

2024-07-17 23:30:20.999694 INFO: eventNum: 1
2024-07-17 23:30:20.999714 INFO: fd: 29, events: 1

2024-07-17 23:30:20.999728 INFO: HttpConn 29 read success
2024-07-17 23:30:20.999738 INFO: GET / HTTP/1.1
2024-07-17 23:30:20.999744 INFO: Host: 39.98.202.182:9006
2024-07-17 23:30:20.999749 INFO: User-Agent: Go-http-client/1.1
2024-07-17 23:30:20.999753 INFO: oop!unknow header: User-Agent: Go-http-client/1.1
2024-07-17 23:30:20.999758 INFO: X-Vegeta-Seq: 2139
2024-07-17 23:30:20.999763 INFO: oop!unknow header: X-Vegeta-Seq: 2139
2024-07-17 23:30:20.999767 INFO: Accept-Encoding: gzip
2024-07-17 23:30:20.999772 INFO: oop!unknow header: Accept-Encoding: gzip
2024-07-17 23:30:20.999776 INFO: 
2024-07-17 23:30:20.999790 INFO: request:HTTP/1.1 200 OK

2024-07-17 23:30:20.999795 INFO: request:HTTP/1.1 200 OK
Content-Length:542

2024-07-17 23:30:20.999800 INFO: request:HTTP/1.1 200 OK
Content-Length:542
Connection:close

2024-07-17 23:30:20.999804 INFO: request:HTTP/1.1 200 OK
Content-Length:542
Connection:close


2024-07-17 23:30:20.999812 INFO: Thread 140246156437056 is running task

2024-07-17 23:30:20.999822 INFO: eventNum: 2
2024-07-17 23:30:20.999827 INFO: fd: 29, events: 4

2024-07-17 23:30:20.999839 INFO: fd: 28, events: 1

2024-07-17 23:30:20.999872 INFO: eventNum: 1
2024-07-17 23:30:20.999879 INFO: fd: 41, events: 1

2024-07-17 23:30:20.999891 INFO: HttpConn 28 read success
2024-07-17 23:30:20.999902 INFO: GET / HTTP/1.1
2024-07-17 23:30:20.999905 INFO: Thread 140246139651648 is running task

2024-07-17 23:30:20.999907 INFO: Host: 39.98.202.182:9006
2024-07-17 23:30:20.999960 INFO: User-Agent: Go-http-client/1.1
2024-07-17 23:30:20.999948 INFO: HttpConn 41 read success
2024-07-17 23:30:20.999969 INFO: oop!unknow header: User-Agent: Go-http-client/1.1
2024-07-17 23:30:20.999998 INFO: X-Vegeta-Seq: 2141
2024-07-17 23:30:21.000004 INFO: oop!unknow header: X-Vegeta-Seq: 2141
2024-07-17 23:30:21.000009 INFO: Accept-Encoding: gzip
2024-07-17 23:30:21.000014 INFO: oop!unknow header: Accept-Encoding: gzip
2024-07-17 23:30:21.000018 INFO: 
2024-07-17 23:30:21.000032 INFO: request:HTTP/1.1 200 OK

2024-07-17 23:30:21.000042 INFO: request:HTTP/1.1 200 OK
Content-Length:542

2024-07-17 23:30:21.000047 INFO: request:HTTP/1.1 200 OK
Content-Length:542
Connection:close

2024-07-17 23:30:21.000051 INFO: request:HTTP/1.1 200 OK
Content-Length:542
Connection:close


2024-07-17 23:30:21.000059 INFO: Thread 140246106080832 is running task

2024-07-17 23:30:20.999911 INFO: eventNum: 1
2024-07-17 23:30:21.000074 INFO: fd: 13, events: 1

2024-07-17 23:30:21.000079 INFO: HandleListenEvent 13
2024-07-17 23:30:20.999991 INFO: GET / HTTP/1.1
2024-07-17 23:30:21.000096 INFO: HttpConn 47 init success
2024-07-17 23:30:21.000105 INFO: Host: 39.98.202.182:9006
2024-07-17 23:30:21.000130 INFO: User-Agent: Go-http-client/1.1
2024-07-17 23:30:21.000143 INFO: oop!unknow header: User-Agent: Go-http-client/1.1
2024-07-17 23:30:21.000116 INFO: addTimer id:47 expireTime:1721230720
2024-07-17 23:30:21.000164 INFO: Client[47] in!
2024-07-17 23:30:21.000149 INFO: X-Vegeta-Seq: 2137
2024-07-17 23:30:21.000191 INFO: oop!unknow header: X-Vegeta-Seq: 2137
2024-07-17 23:30:21.000199 INFO: Accept-Encoding: gzip
2024-07-17 23:30:21.000177 INFO: HandleListenEvent 13
2024-07-17 23:30:21.000212 INFO: oop!unknow header: Accept-Encoding: gzip
2024-07-17 23:30:21.000235 ERROR: Accept failure -1
2024-07-17 23:30:21.000236 INFO: 
2024-07-17 23:30:21.000248 INFO: eventNum: 3
2024-07-17 23:30:21.000271 INFO: fd: 28, events: 4

2024-07-17 23:30:21.000275 INFO: request:HTTP/1.1 200 OK

2024-07-17 23:30:21.000283 INFO: request:HTTP/1.1 200 OK
Content-Length:542

2024-07-17 23:30:21.000288 INFO: request:HTTP/1.1 200 OK
Content-Length:542
Connection:close

2024-07-17 23:30:21.000293 INFO: request:HTTP/1.1 200 OK
Content-Length:542
Connection:close


2024-07-17 23:30:21.000308 INFO: fd: 44, events: 1

2024-07-17 23:30:21.000306 INFO: Thread 140246139651648 is running task

2024-07-17 23:30:21.000306 INFO: Thread 140246097688128 is running task

2024-07-17 23:30:21.000336 INFO: HttpConn 44 read success
2024-07-17 23:30:21.000358 INFO: GET / HTTP/1.1
2024-07-17 23:30:21.000365 INFO: Host: 39.98.202.182:9006
2024-07-17 23:30:21.000369 INFO: User-Agent: Go-http-client/1.1
2024-07-17 23:30:21.000374 INFO: oop!unknow header: User-Agent: Go-http-client/1.1
2024-07-17 23:30:21.000379 INFO: X-Vegeta-Seq: 2142
2024-07-17 23:30:21.000383 INFO: oop!unknow header: X-Vegeta-Seq: 2142
2024-07-17 23:30:21.000388 INFO: Accept-Encoding: gzip
2024-07-17 23:30:21.000392 INFO: oop!unknow header: Accept-Encoding: gzip
2024-07-17 23:30:21.000397 INFO: 
2024-07-17 23:30:21.000410 INFO: request:HTTP/1.1 200 OK

2024-07-17 23:30:21.000415 INFO: request:HTTP/1.1 200 OK
Content-Length:542

2024-07-17 23:30:21.000420 INFO: request:HTTP/1.1 200 OK
Content-Length:542
Connection:close

2024-07-17 23:30:21.000428 INFO: request:HTTP/1.1 200 OK
Content-Length:542
Connection:close


2024-07-17 23:30:21.000435 INFO: Thread 140246122866240 is running task

2024-07-17 23:30:21.000465 INFO: fd: 47, events: 1

2024-07-17 23:30:21.000523 INFO: HttpConn 47 read success
2024-07-17 23:30:21.000534 INFO: GET / HTTP/1.1
2024-07-17 23:30:21.000540 INFO: Host: 39.98.202.182:9006
2024-07-17 23:30:21.000545 INFO: User-Agent: Go-http-client/1.1
2024-07-17 23:30:21.000550 INFO: oop!unknow header: User-Agent: Go-http-client/1.1
2024-07-17 23:30:21.000555 INFO: X-Vegeta-Seq: 2145
2024-07-17 23:30:21.000560 INFO: oop!unknow header: X-Vegeta-Seq: 2145
2024-07-17 23:30:21.000565 INFO: Accept-Encoding: gzip
2024-07-17 23:30:21.000572 INFO: oop!unknow header: Accept-Encoding: gzip
2024-07-17 23:30:21.000577 INFO: 
2024-07-17 23:30:21.000590 INFO: request:HTTP/1.1 200 OK

2024-07-17 23:30:21.000596 INFO: request:HTTP/1.1 200 OK
Content-Length:542

2024-07-17 23:30:21.000600 INFO: request:HTTP/1.1 200 OK
Content-Length:542
Connection:close

2024-07-17 23:30:21.000605 INFO: request:HTTP/1.1 200 OK
Content-Length:542
Connection:close


2024-07-17 23:30:21.000613 INFO: Thread 140246148044352 is running task

2024-07-17 23:30:21.000622 INFO: eventNum: 4
2024-07-17 23:30:21.000635 INFO: fd: 41, events: 4

2024-07-17 23:30:21.000666 INFO: Thread 140246131258944 is running task

2024-07-17 23:30:21.000682 INFO: fd: 44, events: 4

2024-07-17 23:30:21.000705 INFO: Thread 140246156437056 is running task

2024-07-17 23:30:21.000717 INFO: fd: 45, events: 1

2024-07-17 23:30:21.000729 INFO: fd: 47, events: 4

2024-07-17 23:30:21.000737 INFO: HttpConn 45 read success
2024-07-17 23:30:21.000756 INFO: GET / HTTP/1.1
2024-07-17 23:30:21.000758 INFO: Thread 140246106080832 is running task

2024-07-17 23:30:21.000764 INFO: Host: 39.98.202.182:9006
2024-07-17 23:30:21.000776 INFO: eventNum: 1
2024-07-17 23:30:21.000786 INFO: fd: 43, events: 1

2024-07-17 23:30:21.000778 INFO: User-Agent: Go-http-client/1.1
2024-07-17 23:30:21.000800 INFO: HttpConn 43 read success
2024-07-17 23:30:21.000810 INFO: oop!unknow header: User-Agent: Go-http-client/1.1
2024-07-17 23:30:21.000841 INFO: X-Vegeta-Seq: 2138
2024-07-17 23:30:21.000824 INFO: GET / HTTP/1.1
2024-07-17 23:30:21.000847 INFO: oop!unknow header: X-Vegeta-Seq: 2138
2024-07-17 23:30:21.000871 INFO: Accept-Encoding: gzip
2024-07-17 23:30:21.000885 INFO: oop!unknow header: Accept-Encoding: gzip
2024-07-17 23:30:21.000897 INFO: 
2024-07-17 23:30:21.000859 INFO: Host: 39.98.202.182:9006
2024-07-17 23:30:21.000909 INFO: User-Agent: Go-http-client/1.1
2024-07-17 23:30:21.000916 INFO: oop!unknow header: User-Agent: Go-http-client/1.1
2024-07-17 23:30:21.000916 INFO: request:HTTP/1.1 200 OK

2024-07-17 23:30:21.000925 INFO: X-Vegeta-Seq: 2135
2024-07-17 23:30:21.000943 INFO: oop!unknow header: X-Vegeta-Seq: 2135
2024-07-17 23:30:21.000935 INFO: request:HTTP/1.1 200 OK
Content-Length:542

2024-07-17 23:30:21.000963 INFO: request:HTTP/1.1 200 OK
Content-Length:542
Connection:close

2024-07-17 23:30:21.000972 INFO: request:HTTP/1.1 200 OK
Content-Length:542
Connection:close


2024-07-17 23:30:21.000952 INFO: Accept-Encoding: gzip
2024-07-17 23:30:21.000989 INFO: Thread 140246114473536 is running task

2024-07-17 23:30:21.001004 INFO: eventNum: 1
2024-07-17 23:30:21.000998 INFO: oop!unknow header: Accept-Encoding: gzip
2024-07-17 23:30:21.001020 INFO: 
2024-07-17 23:30:21.001035 INFO: request:HTTP/1.1 200 OK

2024-07-17 23:30:21.001040 INFO: request:HTTP/1.1 200 OK
Content-Length:542

2024-07-17 23:30:21.001045 INFO: request:HTTP/1.1 200 OK
Content-Length:542
Connection:close

2024-07-17 23:30:21.001050 INFO: request:HTTP/1.1 200 OK
Content-Length:542
Connection:close


2024-07-17 23:30:21.001058 INFO: Thread 140246097688128 is running task

2024-07-17 23:30:21.001066 INFO: fd: 45, events: 4

2024-07-17 23:30:21.001077 INFO: eventNum: 1
2024-07-17 23:30:21.001083 INFO: fd: 43, events: 4

2024-07-17 23:30:21.001111 INFO: Thread 140246139651648 is running task

2024-07-17 23:30:21.001116 INFO: Thread 140246122866240 is running task

2024-07-17 23:30:21.001547 INFO: eventNum: 1
2024-07-17 23:30:21.001570 INFO: fd: 46, events: 1

2024-07-17 23:30:21.001593 INFO: HttpConn 46 read success
2024-07-17 23:30:21.001629 INFO: GET / HTTP/1.1
2024-07-17 23:30:21.001641 INFO: Host: 39.98.202.182:9006
2024-07-17 23:30:21.001649 INFO: User-Agent: Go-http-client/1.1
2024-07-17 23:30:21.001657 INFO: oop!unknow header: User-Agent: Go-http-client/1.1
2024-07-17 23:30:21.001664 INFO: X-Vegeta-Seq: 2140
2024-07-17 23:30:21.001669 INFO: oop!unknow header: X-Vegeta-Seq: 2140
2024-07-17 23:30:21.001674 INFO: Accept-Encoding: gzip
2024-07-17 23:30:21.001678 INFO: oop!unknow header: Accept-Encoding: gzip
2024-07-17 23:30:21.001683 INFO: 
2024-07-17 23:30:21.001701 INFO: request:HTTP/1.1 200 OK

2024-07-17 23:30:21.001706 INFO: request:HTTP/1.1 200 OK
Content-Length:542

2024-07-17 23:30:21.001711 INFO: request:HTTP/1.1 200 OK
Content-Length:542
Connection:close

2024-07-17 23:30:21.001716 INFO: request:HTTP/1.1 200 OK
Content-Length:542
Connection:close


2024-07-17 23:30:21.001731 INFO: Thread 140246148044352 is running task

2024-07-17 23:30:21.001734 INFO: eventNum: 1
2024-07-17 23:30:21.001743 INFO: fd: 46, events: 4

2024-07-17 23:30:21.001773 INFO: Thread 140246131258944 is running task

2024-07-17 23:30:21.009556 INFO: eventNum: 1
2024-07-17 23:30:21.009608 INFO: fd: 17, events: 8193

2024-07-17 23:30:21.009647 INFO: HttpConn 17 close success
2024-07-17 23:30:21.009654 INFO: Client[17] quit!
2024-07-17 23:30:21.009835 INFO: eventNum: 1
2024-07-17 23:30:21.009846 INFO: fd: 32, events: 8193

2024-07-17 23:30:21.009862 INFO: HttpConn 32 close success
2024-07-17 23:30:21.009870 INFO: Client[32] quit!
2024-07-17 23:30:21.009949 INFO: eventNum: 1
2024-07-17 23:30:21.009956 INFO: fd: 18, events: 8193

2024-07-17 23:30:21.009978 INFO: HttpConn 18 close success
2024-07-17 23:30:21.009988 INFO: Client[18] quit!
2024-07-17 23:30:21.010080 INFO: eventNum: 1
2024-07-17 23:30:21.010091 INFO: fd: 31, events: 8193

2024-07-17 23:30:21.010107 INFO: HttpConn 31 close success
2024-07-17 23:30:21.010143 INFO: Client[31] quit!
2024-07-17 23:30:21.010520 INFO: eventNum: 1
2024-07-17 23:30:21.010532 INFO: fd: 30, events: 8193

2024-07-17 23:30:21.010547 INFO: HttpConn 30 close success
2024-07-17 23:30:21.010555 INFO: Client[30] quit!
2024-07-17 23:30:21.032912 INFO: eventNum: 1
2024-07-17 23:30:21.032963 INFO: fd: 13, events: 1

2024-07-17 23:30:21.032969 INFO: HandleListenEvent 13
2024-07-17 23:30:21.032995 INFO: HttpConn 17 init success
2024-07-17 23:30:21.033003 INFO: addTimer id:17 expireTime:1721230721
2024-07-17 23:30:21.033018 INFO: Client[17] in!
2024-07-17 23:30:21.033022 INFO: HandleListenEvent 13
2024-07-17 23:30:21.033034 ERROR: Accept failure -1
2024-07-17 23:30:21.033481 INFO: eventNum: 1
2024-07-17 23:30:21.033526 INFO: fd: 13, events: 1

2024-07-17 23:30:21.033534 INFO: HandleListenEvent 13
2024-07-17 23:30:21.033551 INFO: HttpConn 18 init success
2024-07-17 23:30:21.033559 INFO: addTimer id:18 expireTime:1721230721
2024-07-17 23:30:21.033570 INFO: Client[18] in!
2024-07-17 23:30:21.033575 INFO: HandleListenEvent 13
2024-07-17 23:30:21.033584 ERROR: Accept failure -1
2024-07-17 23:30:21.033765 INFO: eventNum: 1
2024-07-17 23:30:21.033776 INFO: fd: 13, events: 1

2024-07-17 23:30:21.033781 INFO: HandleListenEvent 13
2024-07-17 23:30:21.033792 INFO: HttpConn 30 init success
2024-07-17 23:30:21.033797 INFO: addTimer id:30 expireTime:1721230721
2024-07-17 23:30:21.033814 INFO: Client[30] in!
2024-07-17 23:30:21.033819 INFO: HandleListenEvent 13
2024-07-17 23:30:21.033826 ERROR: Accept failure -1
2024-07-17 23:30:21.033958 INFO: eventNum: 1
2024-07-17 23:30:21.033969 INFO: fd: 13, events: 1

2024-07-17 23:30:21.033973 INFO: HandleListenEvent 13
2024-07-17 23:30:21.033984 INFO: HttpConn 31 init success
2024-07-17 23:30:21.033989 INFO: addTimer id:31 expireTime:1721230721
2024-07-17 23:30:21.033998 INFO: Client[31] in!
2024-07-17 23:30:21.034002 INFO: HandleListenEvent 13
2024-07-17 23:30:21.034009 ERROR: Accept failure -1
2024-07-17 23:30:21.034155 INFO: eventNum: 1
2024-07-17 23:30:21.034167 INFO: fd: 13, events: 1

2024-07-17 23:30:21.034171 INFO: HandleListenEvent 13
2024-07-17 23:30:21.034179 INFO: HttpConn 32 init success
2024-07-17 23:30:21.034185 INFO: addTimer id:32 expireTime:1721230721
2024-07-17 23:30:21.034193 INFO: Client[32] in!
2024-07-17 23:30:21.034197 INFO: HandleListenEvent 13
2024-07-17 23:30:21.034205 ERROR: Accept failure -1
2024-07-17 23:30:21.034575 INFO: eventNum: 1
2024-07-17 23:30:21.034587 INFO: fd: 13, events: 1

2024-07-17 23:30:21.034592 INFO: HandleListenEvent 13
2024-07-17 23:30:21.034605 INFO: HttpConn 48 init success
2024-07-17 23:30:21.034610 INFO: addTimer id:48 expireTime:1721230721
2024-07-17 23:30:21.034619 INFO: Client[48] in!
2024-07-17 23:30:21.034623 INFO: HandleListenEvent 13
2024-07-17 23:30:21.034632 ERROR: Accept failure -1
2024-07-17 23:30:21.035134 INFO: eventNum: 1
2024-07-17 23:30:21.035144 INFO: fd: 13, events: 1

2024-07-17 23:30:21.035149 INFO: HandleListenEvent 13
2024-07-17 23:30:21.035159 INFO: HttpConn 49 init success
2024-07-17 23:30:21.035165 INFO: addTimer id:49 expireTime:1721230721
2024-07-17 23:30:21.035173 INFO: Client[49] in!
2024-07-17 23:30:21.035178 INFO: HandleListenEvent 13
2024-07-17 23:30:21.035187 INFO: HttpConn 50 init success
2024-07-17 23:30:21.035200 INFO: addTimer id:50 expireTime:1721230721
2024-07-17 23:30:21.035208 INFO: Client[50] in!
2024-07-17 23:30:21.035212 INFO: HandleListenEvent 13
2024-07-17 23:30:21.035219 ERROR: Accept failure -1
2024-07-17 23:30:21.035482 INFO: eventNum: 1
2024-07-17 23:30:21.035494 INFO: fd: 13, events: 1

2024-07-17 23:30:21.035517 INFO: HandleListenEvent 13
2024-07-17 23:30:21.035533 INFO: HttpConn 51 init success
2024-07-17 23:30:21.035541 INFO: addTimer id:51 expireTime:1721230721
2024-07-17 23:30:21.035556 INFO: Client[51] in!
2024-07-17 23:30:21.035566 INFO: HandleListenEvent 13
2024-07-17 23:30:21.035576 ERROR: Accept failure -1
2024-07-17 23:30:21.035631 INFO: eventNum: 1
2024-07-17 23:30:21.035648 INFO: fd: 13, events: 1

2024-07-17 23:30:21.035653 INFO: HandleListenEvent 13
2024-07-17 23:30:21.035664 INFO: HttpConn 52 init success
2024-07-17 23:30:21.035669 INFO: addTimer id:52 expireTime:1721230721
2024-07-17 23:30:21.035677 INFO: Client[52] in!
2024-07-17 23:30:21.035682 INFO: HandleListenEvent 13
2024-07-17 23:30:21.035689 ERROR: Accept failure -1
2024-07-17 23:30:21.043057 INFO: eventNum: 1
2024-07-17 23:30:21.043092 INFO: fd: 13, events: 1

2024-07-17 23:30:21.043098 INFO: HandleListenEvent 13
2024-07-17 23:30:21.043117 INFO: HttpConn 53 init success
2024-07-17 23:30:21.043124 INFO: addTimer id:53 expireTime:1721230721
2024-07-17 23:30:21.043134 INFO: Client[53] in!
2024-07-17 23:30:21.043139 INFO: HandleListenEvent 13
2024-07-17 23:30:21.043148 ERROR: Accept failure -1
2024-07-17 23:30:21.043516 INFO: eventNum: 1
2024-07-17 23:30:21.043536 INFO: fd: 13, events: 1

2024-07-17 23:30:21.043541 INFO: HandleListenEvent 13
2024-07-17 23:30:21.043557 INFO: HttpConn 54 init success
2024-07-17 23:30:21.043562 INFO: addTimer id:54 expireTime:1721230721
2024-07-17 23:30:21.043573 INFO: Client[54] in!
2024-07-17 23:30:21.043577 INFO: HandleListenEvent 13
2024-07-17 23:30:21.043587 ERROR: Accept failure -1
2024-07-17 23:30:21.044060 INFO: eventNum: 1
2024-07-17 23:30:21.044074 INFO: fd: 13, events: 1

2024-07-17 23:30:21.044079 INFO: HandleListenEvent 13
2024-07-17 23:30:21.044091 INFO: HttpConn 55 init success
2024-07-17 23:30:21.044097 INFO: addTimer id:55 expireTime:1721230721
2024-07-17 23:30:21.044105 INFO: Client[55] in!
2024-07-17 23:30:21.044110 INFO: HandleListenEvent 13
2024-07-17 23:30:21.044118 ERROR: Accept failure -1
2024-07-17 23:30:21.044592 INFO: eventNum: 1
2024-07-17 23:30:21.044604 INFO: fd: 13, events: 1

2024-07-17 23:30:21.044609 INFO: HandleListenEvent 13
2024-07-17 23:30:21.044617 INFO: HttpConn 56 init success
2024-07-17 23:30:21.044623 INFO: addTimer id:56 expireTime:1721230721
2024-07-17 23:30:21.044632 INFO: Client[56] in!
2024-07-17 23:30:21.044636 INFO: HandleListenEvent 13
2024-07-17 23:30:21.044643 ERROR: Accept failure -1
2024-07-17 23:30:21.044943 INFO: eventNum: 1
2024-07-17 23:30:21.044956 INFO: fd: 13, events: 1

2024-07-17 23:30:21.044962 INFO: HandleListenEvent 13
2024-07-17 23:30:21.044984 INFO: HttpConn 57 init success
2024-07-17 23:30:21.044994 INFO: addTimer id:57 expireTime:1721230721
2024-07-17 23:30:21.045010 INFO: Client[57] in!
2024-07-17 23:30:21.045015 INFO: HandleListenEvent 13
2024-07-17 23:30:21.045029 ERROR: Accept failure -1
2024-07-17 23:30:21.045329 INFO: eventNum: 1
2024-07-17 23:30:21.045342 INFO: fd: 13, events: 1

2024-07-17 23:30:21.045346 INFO: HandleListenEvent 13
2024-07-17 23:30:21.045365 INFO: HttpConn 58 init success
2024-07-17 23:30:21.045371 INFO: addTimer id:58 expireTime:1721230721
2024-07-17 23:30:21.045381 INFO: Client[58] in!
2024-07-17 23:30:21.045385 INFO: HandleListenEvent 13
2024-07-17 23:30:21.045393 ERROR: Accept failure -1
2024-07-17 23:30:21.045923 INFO: eventNum: 1
2024-07-17 23:30:21.045939 INFO: fd: 44, events: 8193

2024-07-17 23:30:21.045966 INFO: HttpConn 44 close success
2024-07-17 23:30:21.045977 INFO: Client[44] quit!
2024-07-17 23:30:21.046158 INFO: eventNum: 2
2024-07-17 23:30:21.046192 INFO: fd: 46, events: 8193

2024-07-17 23:30:21.046216 INFO: HttpConn 46 close success
2024-07-17 23:30:21.046222 INFO: Client[46] quit!
2024-07-17 23:30:21.046236 INFO: fd: 32, events: 1

2024-07-17 23:30:21.046258 INFO: HttpConn 32 read success
2024-07-17 23:30:21.046277 INFO: GET / HTTP/1.1
2024-07-17 23:30:21.046283 INFO: Host: 39.98.202.182:9006
2024-07-17 23:30:21.046289 INFO: User-Agent: Go-http-client/1.1
2024-07-17 23:30:21.046293 INFO: oop!unknow header: User-Agent: Go-http-client/1.1
2024-07-17 23:30:21.046298 INFO: X-Vegeta-Seq: 2153
2024-07-17 23:30:21.046302 INFO: oop!unknow header: X-Vegeta-Seq: 2153
2024-07-17 23:30:21.046307 INFO: Accept-Encoding: gzip
2024-07-17 23:30:21.046311 INFO: oop!unknow header: Accept-Encoding: gzip
2024-07-17 23:30:21.046316 INFO: 
2024-07-17 23:30:21.046341 INFO: request:HTTP/1.1 200 OK

2024-07-17 23:30:21.046346 INFO: request:HTTP/1.1 200 OK
Content-Length:542

2024-07-17 23:30:21.046350 INFO: request:HTTP/1.1 200 OK
Content-Length:542
Connection:close

2024-07-17 23:30:21.046355 INFO: request:HTTP/1.1 200 OK
Content-Length:542
Connection:close


2024-07-17 23:30:21.046371 INFO: Thread 140246156437056 is running task

2024-07-17 23:30:21.046429 INFO: eventNum: 3
2024-07-17 23:30:21.046446 INFO: fd: 45, events: 8193

2024-07-17 23:30:21.046467 INFO: HttpConn 45 close success
2024-07-17 23:30:21.046476 INFO: Client[45] quit!
2024-07-17 23:30:21.046481 INFO: fd: 32, events: 4

2024-07-17 23:30:21.046493 INFO: fd: 50, events: 1

2024-07-17 23:30:21.046533 INFO: HttpConn 50 read success
2024-07-17 23:30:21.046553 INFO: GET / HTTP/1.1
2024-07-17 23:30:21.046568 INFO: Host: 39.98.202.182:9006
2024-07-17 23:30:21.046576 INFO: User-Agent: Go-http-client/1.1
2024-07-17 23:30:21.046584 INFO: oop!unknow header: User-Agent: Go-http-client/1.1
2024-07-17 23:30:21.046591 INFO: X-Vegeta-Seq: 2156
2024-07-17 23:30:21.046596 INFO: oop!unknow header: X-Vegeta-Seq: 2156
2024-07-17 23:30:21.046601 INFO: Accept-Encoding: gzip
2024-07-17 23:30:21.046606 INFO: oop!unknow header: Accept-Encoding: gzip
2024-07-17 23:30:21.046610 INFO: 
2024-07-17 23:30:21.046637 INFO: request:HTTP/1.1 200 OK

2024-07-17 23:30:21.046645 INFO: request:HTTP/1.1 200 OK
Content-Length:542

2024-07-17 23:30:21.046652 INFO: request:HTTP/1.1 200 OK
Content-Length:542
Connection:close

2024-07-17 23:30:21.046659 INFO: request:HTTP/1.1 200 OK
Content-Length:542
Connection:close


2024-07-17 23:30:21.046673 INFO: Thread 140246114473536 is running task

2024-07-17 23:30:21.046554 INFO: Thread 140246106080832 is running task

2024-07-17 23:30:21.046694 INFO: eventNum: 1
2024-07-17 23:30:21.046699 INFO: fd: 50, events: 4

2024-07-17 23:30:21.046733 INFO: Thread 140246097688128 is running task

2024-07-17 23:30:21.046774 INFO: eventNum: 1
2024-07-17 23:30:21.046782 INFO: fd: 43, events: 8193

2024-07-17 23:30:21.046798 INFO: HttpConn 43 close success
2024-07-17 23:30:21.046805 INFO: Client[43] quit!
2024-07-17 23:30:21.046956 INFO: eventNum: 1
2024-07-17 23:30:21.046967 INFO: fd: 42, events: 8193

2024-07-17 23:30:21.046979 INFO: HttpConn 42 close success
2024-07-17 23:30:21.046987 INFO: Client[42] quit!
2024-07-17 23:30:21.047835 INFO: eventNum: 1
2024-07-17 23:30:21.047858 INFO: fd: 28, events: 8193

2024-07-17 23:30:21.047878 INFO: HttpConn 28 close success
2024-07-17 23:30:21.047887 INFO: Client[28] quit!
2024-07-17 23:30:21.048449 INFO: eventNum: 1
2024-07-17 23:30:21.048462 INFO: fd: 29, events: 8193

2024-07-17 23:30:21.048477 INFO: HttpConn 29 close success
2024-07-17 23:30:21.048485 INFO: Client[29] quit!
2024-07-17 23:30:21.048608 INFO: eventNum: 2
2024-07-17 23:30:21.048621 INFO: fd: 41, events: 8193

2024-07-17 23:30:21.048635 INFO: HttpConn 41 close success
2024-07-17 23:30:21.048642 INFO: Client[41] quit!
2024-07-17 23:30:21.048646 INFO: fd: 49, events: 1

2024-07-17 23:30:21.048667 INFO: HttpConn 49 read success
2024-07-17 23:30:21.048691 INFO: GET / HTTP/1.1
2024-07-17 23:30:21.048698 INFO: Host: 39.98.202.182:9006
2024-07-17 23:30:21.048704 INFO: User-Agent: Go-http-client/1.1
2024-07-17 23:30:21.048711 INFO: oop!unknow header: User-Agent: Go-http-client/1.1
2024-07-17 23:30:21.048718 INFO: X-Vegeta-Seq: 2154
2024-07-17 23:30:21.048733 INFO: oop!unknow header: X-Vegeta-Seq: 2154
2024-07-17 23:30:21.048741 INFO: Accept-Encoding: gzip
2024-07-17 23:30:21.048746 INFO: oop!unknow header: Accept-Encoding: gzip
2024-07-17 23:30:21.048750 INFO: 
2024-07-17 23:30:21.048769 INFO: request:HTTP/1.1 200 OK

2024-07-17 23:30:21.048774 INFO: request:HTTP/1.1 200 OK
Content-Length:542

2024-07-17 23:30:21.048779 INFO: request:HTTP/1.1 200 OK
Content-Length:542
Connection:close

2024-07-17 23:30:21.048783 INFO: request:HTTP/1.1 200 OK
Content-Length:542
Connection:close


2024-07-17 23:30:21.048801 INFO: eventNum: 1
2024-07-17 23:30:21.048802 INFO: Thread 140246139651648 is running task

2024-07-17 23:30:21.048814 INFO: fd: 49, events: 4

2024-07-17 23:30:21.048871 INFO: Thread 140246122866240 is running task

2024-07-17 23:30:21.049398 INFO: eventNum: 1
2024-07-17 23:30:21.049411 INFO: fd: 47, events: 8193

2024-07-17 23:30:21.049427 INFO: HttpConn 47 close success
2024-07-17 23:30:21.049434 INFO: Client[47] quit!
2024-07-17 23:30:21.049473 INFO: eventNum: 1
2024-07-17 23:30:21.049480 INFO: fd: 35, events: 8193

2024-07-17 23:30:21.049492 INFO: HttpConn 35 close success
2024-07-17 23:30:21.049522 INFO: Client[35] quit!
2024-07-17 23:30:21.049568 INFO: eventNum: 1
2024-07-17 23:30:21.049574 INFO: fd: 36, events: 8193

2024-07-17 23:30:21.049595 INFO: HttpConn 36 close success
2024-07-17 23:30:21.049603 INFO: Client[36] quit!
2024-07-17 23:30:21.050066 INFO: eventNum: 1
2024-07-17 23:30:21.050077 INFO: fd: 39, events: 8193

2024-07-17 23:30:21.050091 INFO: HttpConn 39 close success
2024-07-17 23:30:21.050098 INFO: Client[39] quit!
2024-07-17 23:30:21.050568 INFO: eventNum: 1
2024-07-17 23:30:21.050585 INFO: fd: 40, events: 8193

2024-07-17 23:30:21.050599 INFO: HttpConn 40 close success
2024-07-17 23:30:21.050604 INFO: Client[40] quit!
2024-07-17 23:30:21.050826 INFO: eventNum: 1
2024-07-17 23:30:21.050837 INFO: fd: 33, events: 8193

2024-07-17 23:30:21.050851 INFO: HttpConn 33 close success
2024-07-17 23:30:21.050858 INFO: Client[33] quit!
2024-07-17 23:30:21.052594 INFO: eventNum: 1
2024-07-17 23:30:21.052611 INFO: fd: 48, events: 1

2024-07-17 23:30:21.052633 INFO: HttpConn 48 read success
2024-07-17 23:30:21.052658 INFO: GET / HTTP/1.1
2024-07-17 23:30:21.052664 INFO: Host: 39.98.202.182:9006
2024-07-17 23:30:21.052669 INFO: User-Agent: Go-http-client/1.1
2024-07-17 23:30:21.052674 INFO: oop!unknow header: User-Agent: Go-http-client/1.1
2024-07-17 23:30:21.052678 INFO: X-Vegeta-Seq: 2160
2024-07-17 23:30:21.052683 INFO: oop!unknow header: X-Vegeta-Seq: 2160
2024-07-17 23:30:21.052687 INFO: Accept-Encoding: gzip
2024-07-17 23:30:21.052691 INFO: oop!unknow header: Accept-Encoding: gzip
2024-07-17 23:30:21.052695 INFO: 
2024-07-17 23:30:21.052713 INFO: request:HTTP/1.1 200 OK

2024-07-17 23:30:21.052718 INFO: request:HTTP/1.1 200 OK
Content-Length:542

2024-07-17 23:30:21.052723 INFO: request:HTTP/1.1 200 OK
Content-Length:542
Connection:close

2024-07-17 23:30:21.052727 INFO: request:HTTP/1.1 200 OK
Content-Length:542
Connection:close


